185 886
0 27
0 42
0 76
0 118
0 147
0 156
0 165
0 182
1 8
1 42
1 46
1 51
1 69
1 101
1 126
1 128
1 140
1 172
2 46
2 50
2 60
2 61
2 69
2 124
2 126
2 148
2 153
2 158
2 168
2 176
3 17
3 41
3 47
3 83
3 87
3 106
3 112
3 126
3 184
4 17
4 19
4 32
4 40
4 58
4 59
4 94
4 176
4 179
5 26
5 31
5 43
5 45
5 53
5 55
5 57
5 63
5 70
5 138
5 143
5 178
6 60
6 79
6 145
6 155
6 172
6 174
7 13
7 42
7 45
7 50
7 66
7 79
7 98
7 99
7 133
7 135
8 48
8 51
8 55
8 76
8 100
8 104
8 116
8 130
8 141
8 151
9 35
9 36
9 43
9 58
9 81
9 88
9 132
9 152
9 167
10 15
10 31
10 32
10 43
10 96
10 160
11 20
11 50
11 75
11 105
11 127
11 133
11 157
11 163
11 175
11 178
12 63
12 74
12 99
12 109
12 126
12 156
12 163
12 168
12 169
12 182
13 21
13 31
13 34
13 38
13 39
13 64
13 86
13 90
13 99
13 119
13 140
13 163
13 170
14 23
14 25
14 35
14 49
14 84
14 127
14 139
15 23
15 35
15 49
15 67
15 108
15 129
15 136
16 39
16 137
16 162
16 181
17 28
17 57
17 65
17 89
17 131
17 150
17 154
17 158
18 29
18 30
18 44
18 57
18 60
18 80
18 81
18 136
19 27
19 55
19 63
19 85
19 114
20 30
20 35
20 58
20 64
20 110
20 175
20 183
21 25
21 56
21 59
21 84
21 99
21 104
21 120
21 124
21 132
21 142
21 146
21 155
22 23
22 25
22 35
22 59
22 67
22 95
22 110
22 112
22 118
22 155
22 163
23 37
23 38
23 79
23 90
23 120
23 135
23 147
23 165
23 170
24 57
24 58
24 71
24 79
24 108
24 148
24 180
25 39
25 46
25 54
25 59
25 81
25 85
25 89
25 104
25 129
25 176
26 71
26 109
26 110
26 156
26 174
26 177
26 178
27 31
27 61
27 70
27 112
27 142
27 167
28 72
28 75
28 97
28 114
28 118
28 174
28 182
29 39
29 50
29 60
29 83
29 93
29 94
29 152
29 154
29 163
29 164
29 179
30 46
30 101
30 112
30 119
30 158
30 161
30 164
30 175
31 39
31 58
31 81
31 89
31 90
31 92
31 94
31 131
31 171
32 101
32 104
32 106
32 112
32 122
32 124
32 141
32 143
32 160
32 164
32 177
32 179
33 41
33 61
33 73
33 80
33 84
33 86
33 100
33 112
33 121
33 137
33 148
33 178
34 49
34 50
34 60
34 63
34 71
34 100
34 133
34 144
34 165
34 169
34 178
35 71
35 147
35 150
35 153
35 160
35 164
35 172
35 174
36 84
36 119
36 130
36 166
36 169
36 170
36 177
37 41
37 60
37 62
37 66
37 115
38 41
38 42
38 67
38 73
38 84
38 94
38 115
38 138
38 146
38 178
38 179
39 43
39 67
39 73
39 80
39 123
39 154
39 155
39 156
40 65
40 80
40 125
40 130
40 139
40 146
40 155
40 170
40 182
41 71
41 75
41 85
41 98
41 131
41 136
42 48
42 51
42 60
42 75
42 92
42 95
42 118
42 124
42 137
42 145
43 91
43 108
43 129
43 149
43 167
44 57
44 66
44 70
44 113
44 164
44 165
45 157
45 168
46 49
46 57
46 60
46 79
46 93
46 96
46 115
46 138
46 157
47 57
47 77
47 169
47 183
48 75
48 109
48 110
48 122
49 57
49 62
49 73
49 85
49 124
49 132
49 146
49 173
50 64
50 71
50 133
50 151
50 154
50 171
50 173
51 60
51 71
51 79
51 90
52 90
52 102
52 103
52 164
52 165
53 83
53 111
53 130
53 163
54 62
54 72
54 75
54 100
54 103
54 129
54 151
54 157
54 168
54 170
55 80
55 88
55 104
55 113
55 114
55 124
55 134
55 154
55 170
56 167
57 58
57 61
57 87
57 107
57 109
57 112
57 116
57 131
57 170
57 173
58 64
58 80
58 93
58 111
58 125
58 129
58 133
58 136
58 146
58 154
58 177
59 88
59 93
59 121
59 124
59 151
59 167
59 178
60 101
60 114
60 122
60 132
60 136
60 139
60 167
60 174
60 182
61 68
61 76
61 109
61 110
61 116
61 120
61 125
61 129
61 134
61 135
61 153
61 154
61 174
62 66
62 75
62 100
62 101
62 104
62 115
62 123
62 158
63 82
63 88
63 104
63 110
63 122
63 135
63 148
63 161
63 176
64 98
64 101
64 106
64 134
64 145
64 148
65 84
65 134
65 135
65 150
65 180
66 83
66 114
66 115
66 126
67 81
67 86
67 95
67 96
67 100
67 109
67 126
67 145
67 147
67 150
67 181
68 106
68 134
68 157
69 72
69 74
69 113
69 126
69 129
69 140
70 100
70 116
70 158
70 166
71 78
71 111
71 169
71 184
72 85
72 124
72 125
72 129
72 148
72 173
72 175
72 183
73 83
73 91
73 105
73 127
73 142
73 155
73 171
74 86
74 97
74 114
74 174
75 83
75 101
75 128
75 129
75 137
75 156
75 172
76 81
76 146
76 158
76 170
77 87
77 98
77 174
78 88
78 99
78 109
79 121
79 134
79 161
79 181
80 97
80 117
80 128
80 135
80 143
80 160
80 168
80 175
81 117
81 138
81 141
81 158
81 163
81 175
81 176
81 184
82 86
82 106
82 117
82 123
82 132
82 149
82 176
83 102
83 107
83 160
83 164
84 105
84 117
84 176
85 114
85 127
85 141
85 159
85 163
85 171
86 93
86 111
86 140
86 164
86 174
87 110
87 124
87 134
87 148
87 155
87 180
88 96
88 132
88 134
88 148
89 119
89 127
89 131
89 176
90 93
90 98
90 126
90 134
90 150
90 161
90 180
91 97
91 102
91 116
91 148
91 161
92 105
92 119
92 143
92 159
92 172
92 176
93 103
93 104
93 124
93 150
93 156
93 161
94 100
94 112
94 137
94 161
95 103
95 132
95 151
95 156
96 99
96 123
96 152
96 165
97 146
98 101
98 129
98 139
99 100
99 113
99 141
99 154
99 173
99 175
100 147
100 168
100 184
101 118
101 122
101 171
101 172
101 173
102 109
102 113
102 120
102 131
102 156
102 174
103 119
103 122
103 135
103 145
104 159
104 161
104 182
105 107
105 119
105 139
105 155
105 161
105 171
106 139
107 132
107 155
107 167
107 177
108 168
108 180
109 110
109 111
109 116
109 118
109 133
109 135
109 136
109 162
109 180
110 121
110 126
110 155
111 116
111 175
112 137
112 145
112 161
112 165
113 142
113 145
113 183
114 132
114 149
114 156
114 183
115 117
115 161
116 178
116 180
117 139
117 150
117 151
117 171
118 142
118 169
119 125
119 127
119 158
119 159
120 150
120 159
120 160
120 162
121 164
121 183
123 124
123 150
124 127
124 174
125 149
126 131
126 145
126 168
127 147
127 152
127 172
128 134
128 148
128 160
128 161
128 169
129 134
129 136
129 144
129 146
129 153
129 154
129 171
129 176
130 155
130 172
131 140
131 152
131 160
131 168
131 171
132 142
132 153
132 183
133 140
135 155
135 159
136 142
136 144
136 151
136 170
137 138
137 141
137 151
137 183
138 146
138 151
138 153
139 143
140 146
140 158
140 177
140 180
142 166
143 151
143 176
143 183
144 174
145 146
145 160
145 179
146 154
146 161
146 173
146 176
147 150
147 176
148 162
148 184
149 160
149 178
150 170
151 171
152 161
152 177
153 179
154 156
154 157
154 160
154 163
154 178
154 183
155 178
157 162
158 159
159 166
159 180
161 165
161 172
162 177
162 180
164 183
165 175
166 175
166 182
166 184
170 174
170 184
171 174
173 175
176 180
178 179
