130 860
0 5
0 6
0 10
0 16
0 25
0 39
0 81
0 83
0 88
0 111
0 114
1 11
1 30
1 31
1 46
1 48
1 51
1 79
1 82
1 101
1 102
1 110
1 112
1 113
2 21
2 32
2 39
2 45
2 55
2 65
2 85
2 91
2 100
2 103
2 116
2 126
2 128
3 18
3 25
3 37
3 49
3 50
3 56
3 57
3 59
3 96
3 103
3 121
4 22
4 25
4 32
4 38
4 52
4 62
4 67
4 70
4 82
4 90
4 91
4 102
4 110
4 122
4 127
5 9
5 35
5 43
5 49
5 53
5 54
5 72
5 87
5 95
5 110
5 112
5 124
6 11
6 16
6 25
6 43
6 52
6 65
6 76
6 85
6 105
6 110
6 118
6 126
6 127
7 8
7 10
7 13
7 21
7 35
7 42
7 57
7 81
7 84
7 86
7 93
7 97
7 100
7 118
7 125
8 12
8 14
8 33
8 50
8 54
8 59
8 66
8 82
8 84
8 86
8 98
8 111
8 113
8 118
8 125
9 13
9 21
9 34
9 43
9 55
9 56
9 58
9 67
9 79
9 107
9 121
10 26
10 38
10 43
10 49
10 50
10 51
10 54
10 56
10 76
10 82
10 90
10 91
10 97
10 98
10 100
10 111
11 14
11 28
11 40
11 63
11 77
11 78
11 95
11 102
11 110
11 116
11 120
11 126
12 14
12 25
12 27
12 32
12 50
12 53
12 68
12 77
12 79
12 80
12 83
12 85
12 90
12 91
12 97
12 100
12 105
12 111
12 118
12 119
13 29
13 41
13 47
13 54
13 56
13 67
13 81
13 97
13 102
13 118
14 36
14 46
14 51
14 76
14 78
14 94
14 117
14 120
14 128
14 129
15 16
15 21
15 51
15 54
15 57
15 65
15 73
15 78
15 81
15 85
15 106
15 112
15 116
16 26
16 28
16 64
16 66
16 88
16 102
16 105
16 109
16 111
16 121
16 128
17 25
17 40
17 42
17 56
17 66
17 71
17 77
17 83
17 97
17 98
17 105
17 107
17 108
17 120
17 129
18 70
18 82
18 84
18 87
18 92
18 98
18 107
18 114
18 115
18 117
18 124
18 125
18 126
19 21
19 23
19 27
19 29
19 44
19 51
19 53
19 54
19 55
19 74
19 95
19 111
19 114
20 27
20 30
20 52
20 68
20 74
20 75
20 95
20 98
20 105
20 115
20 128
21 34
21 68
21 89
21 90
21 96
22 32
22 46
22 60
22 67
22 91
22 105
22 110
22 120
22 124
22 129
23 30
23 46
23 52
23 79
24 32
24 37
24 42
24 45
24 53
24 57
24 66
24 97
24 117
24 118
24 123
24 128
25 29
25 34
25 43
25 46
25 48
25 58
25 62
25 81
25 92
25 105
25 115
25 121
25 123
26 29
26 54
26 55
26 63
26 77
26 78
26 101
27 32
27 39
27 48
27 54
27 58
27 65
27 76
27 80
27 84
27 92
27 98
27 101
27 107
27 108
27 115
27 118
27 122
27 126
28 35
28 43
28 46
28 49
28 73
28 76
28 87
28 88
28 90
28 94
28 99
28 101
28 120
29 35
29 66
29 70
29 84
29 88
29 120
30 38
30 40
30 43
30 51
30 54
30 61
30 76
30 81
30 86
30 97
30 114
30 115
31 60
31 67
31 79
31 111
31 114
31 119
32 37
32 48
32 54
32 75
32 76
32 81
32 86
32 88
32 90
32 107
33 36
33 49
33 56
33 61
33 65
33 71
33 81
33 93
33 95
33 97
33 100
33 102
33 120
33 128
34 45
34 50
34 52
34 56
34 105
34 107
34 108
34 118
34 123
35 37
35 40
35 67
35 106
35 111
35 113
35 126
36 39
36 54
36 62
36 68
36 77
36 81
36 108
36 117
36 118
36 120
37 41
37 42
37 56
37 58
37 67
37 74
37 78
37 83
37 89
37 91
37 99
37 116
37 118
37 126
38 43
38 67
38 68
38 105
38 119
39 46
39 55
39 59
39 79
39 83
39 99
39 100
39 106
39 110
40 43
40 46
40 55
40 71
40 73
40 78
40 79
40 109
41 46
41 47
41 48
41 57
41 60
41 64
41 66
41 69
41 70
41 81
41 92
41 103
41 113
42 48
42 57
42 77
42 81
42 87
42 89
42 96
42 101
42 102
43 60
43 65
43 66
43 100
43 110
43 111
43 118
44 50
44 52
44 76
44 81
44 91
44 123
45 46
45 70
45 74
45 77
45 82
45 86
45 108
45 111
45 126
46 60
46 67
46 75
46 76
46 82
46 88
46 98
46 114
46 127
47 53
47 63
47 83
47 89
47 90
47 91
47 99
47 111
47 122
48 56
48 61
48 65
48 84
48 101
48 129
49 62
49 70
49 71
49 76
49 82
49 95
49 123
50 62
50 90
50 92
50 100
50 102
50 109
50 111
51 54
51 66
51 69
51 90
51 95
51 98
51 103
51 105
51 108
51 114
51 120
51 126
52 69
52 91
52 106
52 122
53 55
53 57
53 59
53 61
53 79
53 97
53 100
53 105
53 109
53 116
54 66
54 67
54 70
54 75
54 81
54 90
54 103
54 105
54 109
55 62
55 91
55 109
55 110
56 67
56 68
56 70
56 81
56 105
56 120
56 121
56 129
57 62
57 63
57 76
57 77
57 86
57 105
57 111
57 114
57 117
57 129
58 65
58 66
58 79
58 83
58 86
58 94
58 105
58 110
58 111
58 123
58 124
58 127
59 71
59 85
59 88
59 91
59 111
60 64
60 83
60 120
61 77
61 87
61 90
61 105
61 110
61 119
62 65
62 69
62 71
62 82
62 92
62 103
62 126
62 127
62 128
63 65
63 66
63 67
63 76
63 78
63 79
63 82
63 85
63 92
64 81
64 85
64 91
64 106
64 113
64 115
64 126
64 128
64 129
65 67
65 71
65 124
66 71
66 87
66 89
66 99
66 120
66 126
67 72
67 77
67 81
67 89
67 93
67 94
67 126
67 127
68 72
68 96
69 82
69 116
69 128
70 71
70 101
70 104
70 110
70 113
70 114
70 122
70 123
70 128
71 79
71 81
71 89
71 104
71 117
72 76
72 77
72 80
72 83
72 105
72 107
72 108
72 111
73 76
73 80
73 83
73 85
73 87
73 90
73 100
73 107
73 111
74 99
74 107
75 84
75 92
75 113
75 125
76 77
76 92
76 93
76 98
76 99
76 103
77 84
77 90
77 95
77 100
77 102
78 82
78 100
78 101
78 110
78 120
78 122
78 125
79 93
79 109
79 114
80 87
80 89
80 112
80 113
80 127
80 128
81 94
81 95
81 114
81 124
82 83
82 85
82 128
83 127
84 98
84 121
84 125
85 90
85 91
85 94
85 97
85 112
85 113
85 122
86 116
86 120
87 88
87 93
87 97
87 98
87 99
87 103
87 110
88 102
88 123
89 96
89 97
89 100
89 102
89 109
89 112
89 116
89 117
89 125
89 127
89 129
90 95
91 98
91 111
91 122
91 124
92 94
92 110
92 118
92 129
93 95
93 99
93 114
93 121
93 123
94 106
94 121
95 98
95 107
95 110
95 119
95 129
96 99
96 102
96 114
96 120
97 110
97 115
97 122
98 125
99 101
99 103
99 106
99 107
99 111
99 119
100 112
100 125
100 128
101 111
101 119
101 122
102 108
102 113
102 114
102 116
103 105
103 106
103 127
104 118
104 126
105 118
106 120
106 122
107 113
107 115
108 114
108 117
109 112
109 121
110 122
111 119
111 123
112 113
114 121
115 122
115 124
115 127
116 125
116 129
118 126
118 129
120 122
120 124
121 123
121 125
122 126
125 126
