170 2201
0 15
0 24
0 27
0 39
0 48
0 54
0 57
0 62
0 63
0 64
0 69
0 71
0 79
0 85
0 87
0 89
0 93
0 95
0 98
0 105
0 108
0 114
0 121
0 124
0 126
0 134
0 135
0 136
0 137
0 141
0 143
0 147
0 151
0 152
0 156
0 160
0 163
0 165
0 169
1 20
1 21
1 26
1 27
1 65
1 84
1 85
1 98
1 101
1 107
1 125
1 129
1 132
1 138
1 145
1 148
1 151
1 153
1 157
1 159
1 167
1 169
2 7
2 17
2 19
2 23
2 31
2 45
2 59
2 69
2 86
2 94
2 106
2 110
2 119
2 120
2 127
2 130
2 132
2 140
2 141
2 161
2 164
3 4
3 24
3 26
3 32
3 34
3 36
3 44
3 54
3 59
3 72
3 76
3 85
3 87
3 98
3 108
3 116
3 128
3 130
3 143
3 161
3 168
4 5
4 9
4 10
4 18
4 20
4 21
4 22
4 30
4 31
4 47
4 54
4 55
4 72
4 79
4 89
4 91
4 98
4 106
4 107
4 118
4 128
4 137
4 139
4 156
4 160
4 167
5 8
5 16
5 21
5 25
5 29
5 48
5 52
5 55
5 57
5 60
5 64
5 70
5 80
5 87
5 88
5 115
5 121
5 132
5 135
5 148
5 150
5 157
6 24
6 26
6 31
6 32
6 42
6 49
6 53
6 56
6 62
6 66
6 72
6 91
6 96
6 104
6 105
6 111
6 134
6 136
6 146
6 151
6 154
6 162
6 164
6 166
6 169
7 10
7 31
7 34
7 53
7 60
7 67
7 73
7 74
7 82
7 83
7 85
7 98
7 104
7 107
7 120
7 143
7 149
7 150
7 152
7 157
7 162
7 169
8 9
8 14
8 16
8 18
8 23
8 32
8 37
8 44
8 67
8 73
8 80
8 83
8 85
8 88
8 92
8 99
8 125
8 136
8 142
8 144
8 146
8 166
9 14
9 20
9 21
9 35
9 39
9 40
9 47
9 55
9 57
9 68
9 72
9 79
9 84
9 88
9 89
9 95
9 99
9 110
9 127
9 135
9 143
9 150
9 158
9 168
9 169
10 19
10 28
10 31
10 38
10 42
10 44
10 56
10 66
10 70
10 73
10 85
10 87
10 91
10 96
10 97
10 109
10 112
10 115
10 123
10 127
10 136
10 138
10 139
10 145
10 149
10 159
11 20
11 29
11 32
11 34
11 35
11 41
11 46
11 47
11 48
11 50
11 64
11 82
11 88
11 90
11 95
11 98
11 99
11 108
11 109
11 113
11 152
11 158
12 14
12 48
12 52
12 77
12 84
12 91
12 92
12 93
12 94
12 111
12 112
12 122
12 123
12 126
12 129
12 135
12 140
12 142
12 143
12 145
12 147
12 153
12 159
12 168
13 17
13 31
13 42
13 44
13 45
13 48
13 54
13 56
13 66
13 87
13 91
13 94
13 96
13 109
13 114
13 120
13 123
13 130
13 150
13 155
14 27
14 41
14 48
14 52
14 59
14 70
14 71
14 74
14 76
14 77
14 79
14 84
14 85
14 97
14 102
14 117
14 123
14 129
14 130
14 131
14 135
14 142
14 144
14 147
14 169
15 19
15 40
15 44
15 73
15 82
15 86
15 92
15 107
15 113
15 118
15 122
15 123
15 126
15 136
15 142
15 144
15 150
15 155
15 158
15 162
15 165
16 19
16 33
16 35
16 40
16 43
16 51
16 58
16 75
16 77
16 87
16 91
16 101
16 106
16 111
16 127
16 145
16 151
16 167
16 168
17 20
17 21
17 25
17 36
17 46
17 51
17 57
17 81
17 83
17 87
17 90
17 93
17 95
17 114
17 125
17 127
17 132
17 135
17 141
17 145
17 146
17 148
17 153
17 157
17 168
18 34
18 37
18 41
18 53
18 54
18 64
18 71
18 79
18 84
18 88
18 89
18 96
18 98
18 99
18 100
18 101
18 125
18 131
18 134
18 137
18 140
18 143
18 146
18 147
18 153
18 157
18 159
18 162
18 164
19 27
19 30
19 40
19 45
19 51
19 53
19 62
19 63
19 70
19 71
19 81
19 83
19 84
19 85
19 86
19 98
19 102
19 112
19 122
19 128
19 135
19 143
19 145
20 26
20 30
20 32
20 35
20 39
20 41
20 66
20 82
20 94
20 99
20 101
20 110
20 114
20 121
20 124
20 130
20 133
20 155
20 162
20 169
21 22
21 29
21 44
21 45
21 59
21 73
21 84
21 91
21 100
21 112
21 116
21 121
21 125
21 128
21 147
21 162
21 169
22 33
22 34
22 37
22 39
22 44
22 47
22 49
22 69
22 77
22 78
22 79
22 91
22 93
22 97
22 108
22 125
22 130
22 131
22 133
22 134
22 136
22 142
22 147
22 154
22 166
22 167
23 29
23 33
23 59
23 62
23 79
23 86
23 96
23 97
23 104
23 110
23 120
23 122
23 123
23 135
23 142
23 147
23 160
23 161
23 165
24 26
24 29
24 30
24 33
24 35
24 37
24 39
24 40
24 41
24 42
24 50
24 57
24 60
24 61
24 62
24 63
24 69
24 70
24 71
24 92
24 97
24 114
24 125
24 134
24 138
24 139
24 140
24 145
24 149
24 153
24 157
24 161
25 32
25 35
25 46
25 54
25 64
25 70
25 78
25 92
25 93
25 96
25 106
25 119
25 120
25 122
25 123
25 126
25 130
25 133
25 134
25 141
25 148
25 151
25 154
25 155
25 162
25 165
25 168
26 31
26 32
26 34
26 35
26 39
26 40
26 43
26 45
26 51
26 55
26 79
26 80
26 82
26 83
26 86
26 89
26 90
26 101
26 106
26 109
26 114
26 116
26 122
26 131
26 139
26 146
26 150
26 151
26 155
26 168
26 169
27 39
27 41
27 50
27 54
27 58
27 61
27 65
27 67
27 75
27 86
27 95
27 107
27 111
27 112
27 113
27 125
27 131
27 136
27 137
27 138
27 142
27 149
27 152
27 153
27 154
27 158
27 159
27 160
27 162
27 165
28 30
28 35
28 45
28 58
28 69
28 71
28 73
28 78
28 84
28 85
28 88
28 93
28 103
28 110
28 115
28 119
28 131
28 132
28 136
28 150
28 163
28 166
28 167
29 34
29 42
29 46
29 53
29 55
29 61
29 65
29 77
29 83
29 85
29 89
29 94
29 95
29 98
29 100
29 109
29 116
29 117
29 120
29 125
29 126
29 131
29 149
29 150
29 154
29 158
29 160
29 161
30 31
30 37
30 40
30 42
30 43
30 45
30 72
30 87
30 94
30 98
30 107
30 109
30 112
30 114
30 124
30 136
30 140
30 148
31 39
31 43
31 44
31 57
31 59
31 68
31 73
31 76
31 80
31 83
31 93
31 97
31 99
31 106
31 110
31 112
31 113
31 120
31 128
31 133
31 134
31 137
31 140
31 155
31 161
31 163
32 44
32 50
32 56
32 59
32 79
32 82
32 88
32 110
32 111
32 112
32 119
32 123
32 138
32 139
32 145
32 146
33 36
33 44
33 45
33 51
33 62
33 66
33 69
33 75
33 81
33 88
33 90
33 101
33 104
33 116
33 118
33 130
33 132
33 144
33 152
33 165
34 38
34 43
34 46
34 53
34 55
34 60
34 79
34 82
34 89
34 91
34 93
34 94
34 99
34 107
34 109
34 126
34 129
34 138
34 142
34 146
34 158
35 54
35 56
35 57
35 67
35 76
35 77
35 85
35 87
35 91
35 99
35 100
35 103
35 105
35 108
35 121
35 124
35 129
35 133
35 144
35 165
35 168
35 169
36 37
36 38
36 42
36 52
36 53
36 55
36 56
36 63
36 83
36 84
36 87
36 88
36 89
36 99
36 106
36 110
37 43
37 54
37 57
37 60
37 64
37 67
37 85
37 87
37 88
37 90
37 101
37 105
37 117
37 119
37 120
37 121
37 150
37 161
38 40
38 53
38 62
38 71
38 77
38 82
38 84
38 104
38 110
38 112
38 113
38 127
38 131
38 136
38 137
38 138
38 143
38 146
38 156
38 165
39 42
39 45
39 50
39 52
39 63
39 67
39 90
39 99
39 110
39 121
39 122
39 135
39 145
39 153
39 154
39 162
40 44
40 45
40 54
40 58
40 69
40 82
40 84
40 87
40 99
40 100
40 102
40 112
40 116
40 123
40 128
40 133
40 139
40 140
40 141
40 144
40 150
40 152
40 163
41 58
41 62
41 74
41 81
41 82
41 86
41 118
41 120
41 122
41 124
41 126
41 136
41 140
41 149
41 153
41 158
41 159
41 168
42 50
42 53
42 57
42 67
42 83
42 94
42 95
42 97
42 104
42 107
42 108
42 112
42 117
42 122
42 125
42 126
42 132
42 134
42 137
42 141
42 150
42 158
43 44
43 45
43 54
43 55
43 56
43 62
43 64
43 73
43 82
43 89
43 94
43 96
43 99
43 104
43 123
43 126
43 132
43 134
43 137
43 139
43 155
43 157
43 159
43 160
44 57
44 82
44 88
44 93
44 100
44 103
44 109
44 114
44 124
44 135
44 136
44 140
44 149
44 160
45 51
45 53
45 59
45 69
45 71
45 72
45 79
45 84
45 85
45 93
45 96
45 97
45 100
45 110
45 135
45 142
45 143
45 146
45 154
45 166
45 167
45 168
46 55
46 60
46 63
46 82
46 93
46 96
46 99
46 106
46 110
46 116
46 124
46 126
46 133
46 136
46 152
46 156
46 164
47 63
47 66
47 74
47 78
47 82
47 89
47 92
47 95
47 98
47 99
47 105
47 106
47 112
47 114
47 121
47 127
47 139
47 166
47 167
48 51
48 53
48 58
48 72
48 74
48 75
48 88
48 95
48 96
48 99
48 103
48 104
48 106
48 108
48 109
48 115
48 116
48 137
48 149
48 155
49 50
49 54
49 60
49 63
49 75
49 84
49 96
49 105
49 121
49 123
49 130
49 136
49 140
49 145
49 150
49 153
49 161
50 70
50 80
50 81
50 82
50 100
50 104
50 115
50 129
50 131
50 141
50 146
50 148
50 154
50 163
50 164
50 165
50 167
50 168
51 61
51 62
51 65
51 67
51 71
51 76
51 80
51 87
51 91
51 92
51 96
51 107
51 108
51 117
51 119
51 138
51 140
51 148
51 153
51 161
52 65
52 69
52 73
52 76
52 80
52 81
52 102
52 114
52 119
52 124
52 133
52 134
52 135
52 143
52 144
52 146
53 60
53 69
53 72
53 75
53 81
53 84
53 94
53 108
53 113
53 116
53 122
53 131
53 137
53 138
53 143
53 144
53 154
53 158
53 159
53 163
54 55
54 62
54 78
54 100
54 103
54 106
54 110
54 117
54 125
54 135
54 139
54 140
54 141
54 145
54 150
55 56
55 57
55 59
55 71
55 81
55 97
55 126
55 127
55 142
55 156
55 161
56 58
56 64
56 66
56 69
56 70
56 79
56 93
56 95
56 102
56 112
56 122
56 126
56 128
56 129
56 138
56 155
56 156
56 157
57 62
57 65
57 66
57 69
57 72
57 74
57 80
57 82
57 84
57 96
57 98
57 99
57 100
57 106
57 116
57 127
57 133
57 134
57 143
57 149
57 151
57 154
57 166
58 68
58 70
58 82
58 89
58 98
58 100
58 104
58 107
58 114
58 119
58 120
58 122
58 124
58 126
58 130
58 137
58 138
58 141
58 153
58 160
58 163
58 169
59 68
59 69
59 70
59 71
59 81
59 82
59 85
59 90
59 99
59 100
59 108
59 112
59 116
59 118
59 133
59 138
59 160
59 168
59 169
60 77
60 89
60 90
60 93
60 94
60 96
60 103
60 110
60 112
60 123
60 127
60 160
60 162
60 169
61 63
61 66
61 75
61 83
61 105
61 114
61 128
61 132
61 135
61 137
61 141
61 147
61 154
61 159
62 76
62 77
62 85
62 90
62 92
62 94
62 102
62 104
62 116
62 117
62 120
62 121
62 131
62 137
62 147
62 153
62 161
63 66
63 67
63 80
63 85
63 93
63 94
63 127
63 134
63 158
63 167
63 168
64 66
64 70
64 71
64 73
64 82
64 87
64 95
64 104
64 105
64 110
64 111
64 115
64 121
64 127
64 136
64 141
64 142
64 162
64 165
65 66
65 71
65 80
65 86
65 95
65 97
65 102
65 104
65 116
65 119
65 127
65 131
65 143
66 69
66 73
66 76
66 79
66 84
66 85
66 98
66 107
66 118
66 123
66 133
66 157
66 160
66 161
66 165
66 166
67 75
67 77
67 82
67 83
67 90
67 95
67 103
67 122
67 137
67 138
67 154
67 161
68 86
68 91
68 92
68 112
68 133
68 138
68 140
68 144
68 145
68 147
68 150
68 155
68 160
68 161
68 163
68 165
69 70
69 79
69 87
69 93
69 94
69 97
69 101
69 117
69 147
69 158
69 159
69 163
70 72
70 90
70 113
70 114
70 116
70 119
70 122
70 128
70 129
70 137
70 141
70 157
70 158
70 159
70 163
70 164
71 76
71 79
71 82
71 83
71 84
71 87
71 94
71 104
71 111
71 114
71 115
71 117
71 121
71 141
71 143
71 144
71 150
71 155
71 157
71 158
71 159
71 161
71 167
71 168
72 77
72 89
72 91
72 93
72 97
72 106
72 108
72 110
72 116
72 118
72 122
72 125
72 137
72 142
72 146
72 157
72 158
72 159
72 164
72 168
73 75
73 77
73 81
73 82
73 83
73 89
73 102
73 105
73 106
73 108
73 124
73 125
73 129
73 130
73 136
73 138
73 142
73 146
73 156
74 90
74 113
74 115
74 128
74 130
74 136
74 159
74 162
75 88
75 94
75 96
75 100
75 101
75 103
75 104
75 109
75 119
75 125
75 137
75 139
75 143
75 146
75 152
76 78
76 84
76 86
76 88
76 90
76 94
76 98
76 99
76 105
76 106
76 107
76 111
76 115
76 123
76 133
76 164
76 167
77 80
77 81
77 86
77 89
77 104
77 122
77 124
77 125
77 126
77 130
77 131
77 134
77 136
77 142
77 149
77 161
77 164
78 81
78 83
78 95
78 99
78 107
78 110
78 113
78 123
78 131
78 148
78 153
78 155
78 158
78 166
79 83
79 86
79 87
79 88
79 89
79 93
79 102
79 106
79 114
79 126
79 133
79 136
79 139
79 141
79 148
79 154
79 155
79 166
80 90
80 98
80 100
80 102
80 106
80 122
80 128
80 134
80 136
80 137
80 138
80 149
80 153
80 163
80 167
80 169
81 82
81 86
81 93
81 101
81 102
81 115
81 132
81 157
81 159
82 85
82 88
82 98
82 104
82 107
82 117
82 123
82 124
82 133
82 137
82 146
82 166
83 87
83 94
83 96
83 114
83 119
83 122
83 146
83 148
83 149
83 153
83 156
83 158
83 159
83 162
83 167
84 91
84 92
84 98
84 99
84 100
84 103
84 104
84 121
84 122
84 125
84 128
84 129
84 145
84 149
84 167
85 102
85 108
85 109
85 114
85 137
85 157
85 158
85 159
85 160
86 97
86 98
86 99
86 102
86 103
86 112
86 119
86 133
86 135
86 136
86 142
86 143
86 151
86 153
86 154
86 162
87 94
87 100
87 103
87 108
87 110
87 113
87 122
87 123
87 131
87 141
87 144
87 145
87 146
87 149
87 150
87 163
88 90
88 91
88 96
88 107
88 110
88 121
88 127
88 131
88 157
88 159
88 164
88 169
89 92
89 97
89 98
89 109
89 118
89 121
89 130
89 131
89 133
89 142
89 146
89 163
90 93
90 101
90 111
90 114
90 115
90 125
90 127
90 143
90 151
90 163
91 99
91 101
91 102
91 110
91 111
91 134
91 136
91 139
91 144
91 145
91 149
91 154
91 160
92 94
92 98
92 101
92 104
92 111
92 123
92 126
92 128
92 135
92 140
92 150
92 151
92 154
92 157
92 167
92 169
93 100
93 101
93 103
93 109
93 113
93 159
94 100
94 103
94 110
94 112
94 113
94 119
94 120
94 123
94 125
94 126
94 136
94 142
94 144
94 152
95 100
95 116
95 127
95 129
95 131
95 146
95 152
95 154
95 158
95 163
95 166
95 169
96 99
96 103
96 113
96 119
96 123
96 152
96 160
97 100
97 103
97 105
97 108
97 116
97 118
97 125
97 132
97 147
97 163
97 166
97 168
97 169
98 115
98 119
98 127
98 131
98 134
98 150
98 156
98 158
98 162
99 100
99 107
99 113
99 115
99 116
99 131
99 143
100 101
100 102
100 108
100 111
100 116
100 120
100 125
100 131
100 144
100 151
100 162
101 104
101 106
101 110
101 115
101 118
101 123
101 124
101 141
101 149
101 165
101 167
101 168
102 113
102 119
102 123
102 125
102 169
103 110
103 113
103 115
103 116
103 126
103 127
103 132
103 144
103 145
103 146
103 155
104 135
104 139
104 146
104 149
104 154
104 156
104 160
104 161
104 165
105 108
105 113
105 119
105 124
105 140
105 143
105 146
105 160
105 166
105 167
105 169
106 117
106 125
106 134
106 146
106 154
106 155
106 167
107 109
107 110
107 113
107 118
107 120
107 123
107 130
107 139
107 143
107 146
107 149
107 150
107 155
107 156
107 165
108 110
108 111
108 128
108 129
108 132
108 147
108 156
108 158
108 162
109 117
109 131
109 138
109 146
109 147
109 150
109 153
109 158
109 161
109 162
109 163
109 165
110 114
110 124
110 126
110 140
110 145
110 148
110 149
110 151
110 153
110 162
111 113
111 116
111 118
111 123
111 125
111 137
111 141
111 142
111 150
111 164
112 113
112 124
112 127
112 130
112 148
112 151
112 165
113 119
113 128
113 134
113 158
113 165
113 166
114 119
114 139
114 143
114 159
114 168
115 116
115 121
115 143
115 147
115 159
115 165
115 166
116 122
116 125
116 134
116 135
116 137
116 141
116 151
116 156
116 159
116 164
116 165
116 166
116 167
117 129
117 134
117 138
117 150
118 126
118 127
118 128
118 131
118 134
118 140
118 144
118 157
118 159
118 166
119 123
119 128
119 130
119 137
119 141
119 156
119 161
119 164
119 165
119 167
120 132
120 138
120 150
120 154
120 156
120 161
120 168
121 124
121 126
121 133
121 134
121 135
121 139
121 153
121 160
121 166
122 123
122 132
122 133
122 142
122 145
122 153
122 165
123 130
123 131
123 144
123 151
123 156
124 131
124 152
124 154
124 155
125 128
125 130
125 138
125 144
125 160
125 164
126 133
126 148
126 164
127 131
127 132
127 144
127 145
127 149
127 153
127 158
127 163
127 165
128 137
128 154
128 164
128 168
129 130
129 131
129 139
129 150
129 160
129 164
130 134
130 136
130 138
130 140
130 143
130 148
130 159
131 140
131 150
131 163
132 144
132 146
132 152
132 153
132 158
132 168
133 146
133 151
134 140
134 151
134 154
134 159
135 139
135 142
135 150
135 152
135 165
136 139
136 141
136 143
136 145
136 148
136 149
136 158
137 139
137 143
137 146
137 149
137 151
137 155
137 162
138 147
138 149
138 152
138 161
139 141
139 146
139 149
139 156
140 143
140 146
140 149
140 158
140 163
141 148
141 150
142 157
143 144
143 145
143 157
143 158
143 165
144 145
144 149
144 165
145 152
145 159
145 166
146 160
146 163
146 165
147 149
147 157
148 158
148 160
148 165
148 168
149 160
149 161
149 165
149 166
149 167
150 166
151 153
151 161
152 157
152 160
152 163
153 156
153 158
154 157
155 159
155 162
156 162
157 158
157 168
157 169
158 163
159 168
161 166
162 165
167 168
167 169
