130 4227
0 3
0 4
0 9
0 11
0 16
0 17
0 18
0 21
0 22
0 23
0 24
0 26
0 27
0 29
0 31
0 35
0 36
0 39
0 41
0 44
0 46
0 47
0 48
0 49
0 50
0 53
0 55
0 56
0 58
0 59
0 61
0 62
0 70
0 72
0 73
0 77
0 78
0 80
0 81
0 83
0 87
0 90
0 92
0 94
0 95
0 96
0 97
0 100
0 103
0 105
0 106
0 107
0 108
0 109
0 114
0 118
0 119
0 120
0 126
0 127
0 128
0 129
1 2
1 4
1 8
1 14
1 16
1 17
1 22
1 23
1 24
1 25
1 26
1 27
1 29
1 30
1 34
1 37
1 38
1 40
1 44
1 45
1 47
1 48
1 49
1 52
1 53
1 55
1 58
1 59
1 62
1 63
1 65
1 66
1 68
1 75
1 79
1 82
1 83
1 87
1 89
1 90
1 91
1 92
1 93
1 96
1 101
1 104
1 107
1 111
1 113
1 114
1 117
1 119
1 122
1 124
1 125
1 126
1 128
2 4
2 8
2 10
2 11
2 12
2 14
2 17
2 21
2 23
2 24
2 26
2 28
2 30
2 32
2 34
2 35
2 36
2 37
2 38
2 39
2 41
2 42
2 43
2 44
2 45
2 47
2 48
2 51
2 52
2 54
2 56
2 57
2 58
2 61
2 65
2 68
2 69
2 70
2 71
2 73
2 74
2 76
2 77
2 78
2 79
2 81
2 84
2 85
2 86
2 89
2 90
2 91
2 92
2 93
2 94
2 96
2 102
2 103
2 104
2 106
2 107
2 108
2 110
2 112
2 115
2 116
2 117
2 119
2 120
2 122
2 123
2 128
2 129
3 5
3 8
3 9
3 10
3 12
3 13
3 15
3 17
3 23
3 24
3 25
3 26
3 27
3 30
3 31
3 33
3 34
3 35
3 36
3 37
3 38
3 39
3 40
3 44
3 45
3 46
3 49
3 50
3 51
3 52
3 53
3 55
3 56
3 57
3 58
3 60
3 61
3 62
3 63
3 64
3 65
3 66
3 68
3 69
3 70
3 72
3 73
3 78
3 81
3 82
3 83
3 85
3 86
3 89
3 94
3 97
3 98
3 99
3 101
3 103
3 108
3 112
3 117
3 118
3 120
3 121
3 124
3 125
3 129
4 6
4 8
4 10
4 13
4 14
4 17
4 21
4 22
4 23
4 27
4 28
4 29
4 30
4 31
4 32
4 34
4 35
4 36
4 37
4 38
4 39
4 40
4 43
4 46
4 47
4 49
4 51
4 52
4 55
4 56
4 59
4 61
4 62
4 67
4 69
4 74
4 76
4 86
4 91
4 92
4 93
4 97
4 98
4 99
4 101
4 102
4 103
4 106
4 109
4 111
4 114
4 116
4 119
4 120
4 122
4 124
4 128
5 6
5 8
5 9
5 10
5 11
5 16
5 19
5 21
5 22
5 25
5 29
5 31
5 32
5 33
5 37
5 39
5 41
5 43
5 44
5 50
5 51
5 53
5 54
5 55
5 56
5 57
5 62
5 64
5 66
5 67
5 71
5 73
5 74
5 75
5 76
5 77
5 79
5 80
5 81
5 83
5 86
5 89
5 90
5 91
5 92
5 93
5 94
5 95
5 96
5 97
5 99
5 101
5 102
5 103
5 104
5 105
5 109
5 112
5 114
5 116
5 118
5 119
5 120
5 124
5 125
5 126
5 128
6 7
6 8
6 12
6 13
6 14
6 17
6 19
6 22
6 23
6 28
6 32
6 37
6 38
6 40
6 42
6 45
6 48
6 49
6 50
6 55
6 57
6 59
6 62
6 63
6 65
6 66
6 67
6 68
6 70
6 74
6 75
6 79
6 83
6 88
6 90
6 91
6 94
6 95
6 96
6 99
6 100
6 101
6 104
6 106
6 107
6 108
6 110
6 111
6 112
6 113
6 115
6 118
6 119
6 121
6 122
6 124
6 125
6 126
6 127
6 128
7 12
7 13
7 15
7 17
7 19
7 20
7 21
7 22
7 23
7 26
7 27
7 29
7 30
7 31
7 35
7 36
7 37
7 39
7 40
7 47
7 48
7 50
7 51
7 52
7 57
7 59
7 60
7 61
7 64
7 65
7 66
7 68
7 71
7 72
7 74
7 75
7 76
7 82
7 86
7 87
7 89
7 90
7 94
7 95
7 96
7 97
7 98
7 99
7 100
7 102
7 104
7 106
7 109
7 111
7 115
7 116
7 120
7 121
7 122
7 124
7 126
7 127
8 12
8 13
8 16
8 17
8 18
8 19
8 23
8 25
8 28
8 31
8 34
8 35
8 36
8 44
8 46
8 48
8 51
8 52
8 54
8 55
8 58
8 60
8 61
8 63
8 64
8 66
8 68
8 69
8 70
8 71
8 72
8 73
8 74
8 76
8 77
8 78
8 79
8 80
8 84
8 88
8 89
8 97
8 99
8 100
8 106
8 107
8 110
8 111
8 112
8 114
8 115
8 122
8 124
8 125
8 129
9 12
9 13
9 14
9 15
9 17
9 19
9 20
9 21
9 22
9 23
9 24
9 29
9 30
9 31
9 34
9 36
9 37
9 38
9 39
9 40
9 44
9 45
9 48
9 50
9 51
9 52
9 54
9 56
9 58
9 64
9 66
9 70
9 71
9 80
9 81
9 82
9 83
9 87
9 88
9 89
9 90
9 96
9 97
9 102
9 104
9 105
9 107
9 109
9 110
9 112
9 115
9 117
9 118
9 120
9 121
9 122
9 123
9 124
9 126
9 127
9 128
10 11
10 12
10 13
10 14
10 15
10 16
10 17
10 19
10 21
10 24
10 25
10 27
10 29
10 30
10 32
10 36
10 39
10 40
10 42
10 43
10 44
10 45
10 47
10 50
10 56
10 57
10 60
10 61
10 62
10 63
10 65
10 67
10 68
10 69
10 70
10 71
10 78
10 80
10 83
10 84
10 85
10 90
10 91
10 93
10 97
10 99
10 101
10 102
10 103
10 106
10 107
10 109
10 114
10 116
10 117
10 119
10 120
10 121
10 125
10 127
10 128
10 129
11 16
11 17
11 19
11 22
11 23
11 26
11 27
11 30
11 32
11 33
11 34
11 35
11 36
11 37
11 38
11 44
11 48
11 52
11 56
11 59
11 61
11 62
11 65
11 66
11 70
11 72
11 73
11 75
11 79
11 80
11 83
11 84
11 85
11 87
11 90
11 95
11 96
11 97
11 98
11 101
11 102
11 104
11 106
11 107
11 109
11 110
11 112
11 116
11 117
11 119
11 120
11 122
11 123
11 124
11 125
12 13
12 15
12 16
12 17
12 19
12 20
12 21
12 26
12 27
12 32
12 35
12 36
12 37
12 40
12 41
12 42
12 43
12 44
12 45
12 47
12 50
12 51
12 53
12 54
12 57
12 59
12 64
12 67
12 68
12 75
12 76
12 77
12 79
12 81
12 86
12 87
12 88
12 91
12 94
12 95
12 97
12 98
12 99
12 100
12 103
12 107
12 111
12 115
12 116
12 117
12 120
12 121
12 122
12 124
12 126
12 127
13 14
13 15
13 17
13 18
13 21
13 22
13 23
13 24
13 25
13 27
13 29
13 31
13 35
13 36
13 37
13 38
13 39
13 41
13 44
13 48
13 49
13 50
13 51
13 55
13 56
13 59
13 60
13 61
13 62
13 63
13 64
13 66
13 68
13 69
13 71
13 72
13 74
13 76
13 77
13 78
13 80
13 81
13 84
13 85
13 91
13 92
13 98
13 99
13 100
13 103
13 104
13 107
13 108
13 109
13 110
13 111
13 115
13 116
13 118
13 119
13 120
13 121
13 123
13 124
13 125
13 126
13 127
13 128
14 15
14 16
14 17
14 18
14 20
14 21
14 22
14 24
14 26
14 27
14 28
14 30
14 31
14 33
14 35
14 36
14 38
14 39
14 40
14 41
14 42
14 44
14 47
14 48
14 49
14 50
14 51
14 55
14 58
14 61
14 62
14 64
14 66
14 67
14 68
14 70
14 71
14 76
14 77
14 79
14 81
14 82
14 83
14 84
14 86
14 87
14 89
14 91
14 92
14 93
14 94
14 95
14 97
14 98
14 100
14 104
14 105
14 106
14 107
14 109
14 110
14 112
14 113
14 116
14 118
14 122
14 123
14 124
14 126
14 127
15 16
15 17
15 18
15 19
15 20
15 24
15 25
15 26
15 27
15 28
15 31
15 33
15 35
15 36
15 39
15 41
15 42
15 44
15 47
15 51
15 53
15 56
15 58
15 62
15 66
15 67
15 68
15 69
15 71
15 72
15 73
15 75
15 76
15 77
15 83
15 84
15 85
15 90
15 94
15 97
15 98
15 99
15 100
15 101
15 102
15 105
15 110
15 112
15 113
15 114
15 115
15 116
15 117
15 118
15 119
15 122
15 123
15 124
15 127
16 17
16 20
16 21
16 23
16 24
16 26
16 30
16 31
16 33
16 36
16 38
16 40
16 41
16 44
16 45
16 46
16 49
16 50
16 51
16 52
16 55
16 56
16 57
16 58
16 60
16 62
16 65
16 66
16 67
16 68
16 69
16 71
16 74
16 75
16 78
16 82
16 85
16 89
16 91
16 94
16 98
16 99
16 100
16 102
16 104
16 107
16 108
16 109
16 110
16 114
16 115
16 116
16 117
16 118
16 121
16 128
17 20
17 21
17 22
17 28
17 29
17 30
17 32
17 33
17 34
17 35
17 37
17 39
17 40
17 43
17 45
17 46
17 48
17 49
17 51
17 52
17 53
17 55
17 57
17 59
17 62
17 63
17 65
17 66
17 68
17 69
17 70
17 73
17 75
17 77
17 79
17 81
17 82
17 83
17 85
17 88
17 90
17 91
17 93
17 94
17 96
17 97
17 98
17 99
17 100
17 101
17 102
17 107
17 109
17 110
17 113
17 117
17 118
17 119
17 121
17 124
17 125
17 126
17 129
18 19
18 20
18 21
18 23
18 25
18 26
18 27
18 28
18 31
18 32
18 35
18 37
18 39
18 40
18 41
18 44
18 45
18 48
18 51
18 53
18 55
18 57
18 59
18 60
18 61
18 65
18 66
18 68
18 69
18 70
18 72
18 76
18 79
18 80
18 81
18 82
18 83
18 84
18 85
18 86
18 87
18 90
18 91
18 92
18 93
18 94
18 96
18 101
18 103
18 108
18 110
18 112
18 113
18 114
18 115
18 119
18 120
18 122
18 123
18 124
18 125
18 126
18 127
18 129
19 20
19 21
19 23
19 24
19 28
19 30
19 31
19 33
19 34
19 36
19 37
19 38
19 40
19 44
19 45
19 46
19 47
19 50
19 51
19 55
19 58
19 60
19 61
19 62
19 64
19 69
19 70
19 71
19 72
19 77
19 78
19 80
19 82
19 88
19 89
19 90
19 92
19 93
19 94
19 98
19 99
19 101
19 102
19 108
19 109
19 111
19 112
19 114
19 121
19 122
19 123
19 124
19 125
19 129
20 21
20 22
20 25
20 26
20 27
20 29
20 30
20 32
20 34
20 42
20 43
20 46
20 47
20 48
20 52
20 53
20 55
20 56
20 57
20 58
20 61
20 63
20 64
20 66
20 68
20 69
20 70
20 71
20 73
20 75
20 77
20 78
20 85
20 87
20 91
20 92
20 96
20 98
20 100
20 101
20 103
20 105
20 106
20 107
20 109
20 110
20 111
20 112
20 113
20 114
20 116
20 118
20 121
20 124
20 126
20 128
20 129
21 22
21 25
21 28
21 30
21 31
21 32
21 33
21 36
21 37
21 39
21 40
21 41
21 46
21 47
21 48
21 50
21 54
21 55
21 60
21 61
21 62
21 64
21 66
21 68
21 70
21 71
21 72
21 73
21 75
21 76
21 80
21 83
21 84
21 85
21 86
21 87
21 88
21 94
21 96
21 98
21 101
21 104
21 106
21 109
21 110
21 114
21 116
21 118
21 120
21 122
21 123
21 126
21 127
21 129
22 26
22 27
22 30
22 32
22 34
22 35
22 38
22 39
22 40
22 41
22 46
22 47
22 58
22 59
22 61
22 63
22 70
22 74
22 79
22 80
22 81
22 82
22 83
22 84
22 85
22 88
22 93
22 97
22 103
22 105
22 106
22 108
22 110
22 115
22 117
22 121
22 123
22 127
23 26
23 28
23 31
23 35
23 36
23 38
23 40
23 42
23 45
23 47
23 48
23 49
23 50
23 51
23 52
23 54
23 58
23 59
23 60
23 62
23 63
23 64
23 65
23 66
23 68
23 69
23 70
23 71
23 73
23 74
23 75
23 76
23 77
23 79
23 81
23 82
23 84
23 89
23 90
23 91
23 92
23 97
23 98
23 100
23 103
23 106
23 111
23 112
23 115
23 116
23 120
23 123
23 127
24 25
24 26
24 27
24 28
24 32
24 34
24 35
24 36
24 37
24 38
24 39
24 41
24 42
24 43
24 44
24 45
24 47
24 49
24 50
24 51
24 52
24 54
24 55
24 59
24 60
24 61
24 66
24 67
24 69
24 70
24 71
24 72
24 73
24 74
24 77
24 78
24 82
24 83
24 84
24 90
24 92
24 94
24 97
24 98
24 99
24 103
24 105
24 106
24 107
24 108
24 110
24 113
24 115
24 123
24 125
24 129
25 29
25 30
25 32
25 33
25 34
25 36
25 39
25 40
25 41
25 42
25 45
25 47
25 48
25 50
25 51
25 52
25 54
25 56
25 57
25 61
25 65
25 67
25 69
25 73
25 78
25 79
25 80
25 81
25 86
25 87
25 89
25 90
25 92
25 93
25 96
25 101
25 103
25 104
25 105
25 106
25 108
25 114
25 115
25 117
25 120
25 121
25 124
25 125
25 126
25 129
26 28
26 32
26 33
26 36
26 37
26 38
26 39
26 40
26 43
26 46
26 48
26 49
26 53
26 60
26 62
26 63
26 67
26 68
26 72
26 74
26 77
26 78
26 81
26 84
26 86
26 87
26 88
26 89
26 92
26 93
26 94
26 95
26 96
26 97
26 98
26 99
26 100
26 101
26 102
26 104
26 111
26 112
26 113
26 114
26 115
26 116
26 117
26 118
26 122
26 125
26 129
27 28
27 34
27 35
27 36
27 38
27 41
27 44
27 45
27 48
27 53
27 55
27 56
27 57
27 59
27 60
27 62
27 64
27 65
27 67
27 68
27 71
27 75
27 86
27 87
27 89
27 91
27 92
27 95
27 96
27 97
27 100
27 104
27 107
27 108
27 110
27 111
27 113
27 114
27 116
27 118
27 119
27 120
27 121
27 122
27 123
27 124
27 127
27 128
28 29
28 32
28 36
28 37
28 38
28 40
28 42
28 44
28 47
28 49
28 50
28 55
28 57
28 60
28 61
28 62
28 66
28 72
28 73
28 75
28 76
28 80
28 81
28 82
28 84
28 85
28 86
28 87
28 88
28 91
28 92
28 96
28 97
28 101
28 106
28 109
28 113
28 114
28 118
28 119
28 122
28 124
28 125
28 127
28 128
29 30
29 33
29 38
29 42
29 43
29 44
29 45
29 49
29 50
29 52
29 55
29 56
29 57
29 59
29 60
29 61
29 63
29 64
29 65
29 67
29 68
29 70
29 71
29 72
29 76
29 77
29 78
29 79
29 80
29 83
29 84
29 85
29 87
29 91
29 93
29 94
29 95
29 102
29 103
29 104
29 105
29 107
29 108
29 112
29 113
29 114
29 117
29 119
29 125
29 128
30 31
30 33
30 37
30 38
30 40
30 41
30 45
30 47
30 48
30 52
30 54
30 57
30 58
30 61
30 63
30 68
30 72
30 74
30 78
30 79
30 80
30 81
30 82
30 83
30 84
30 92
30 94
30 98
30 99
30 101
30 105
30 106
30 109
30 113
30 114
30 115
30 116
30 117
30 119
30 120
30 121
30 122
30 124
30 126
30 127
30 129
31 32
31 35
31 36
31 37
31 40
31 41
31 42
31 43
31 44
31 49
31 53
31 56
31 57
31 60
31 62
31 65
31 69
31 74
31 76
31 77
31 79
31 80
31 81
31 83
31 84
31 85
31 88
31 92
31 93
31 96
31 100
31 105
31 107
31 109
31 111
31 113
31 116
31 117
31 118
31 119
31 122
31 123
31 124
31 125
31 128
32 33
32 34
32 40
32 42
32 43
32 44
32 46
32 47
32 48
32 51
32 54
32 55
32 57
32 58
32 60
32 66
32 68
32 70
32 74
32 82
32 86
32 87
32 88
32 94
32 95
32 99
32 100
32 101
32 102
32 107
32 108
32 110
32 115
32 118
32 120
32 123
32 125
32 126
32 127
32 129
33 35
33 36
33 37
33 39
33 40
33 41
33 45
33 50
33 53
33 54
33 55
33 56
33 59
33 60
33 61
33 62
33 64
33 65
33 68
33 69
33 71
33 72
33 74
33 75
33 77
33 78
33 79
33 80
33 82
33 83
33 84
33 85
33 88
33 92
33 95
33 100
33 101
33 103
33 107
33 109
33 111
33 112
33 113
33 114
33 116
33 119
33 120
33 123
33 125
33 129
34 35
34 36
34 38
34 39
34 41
34 43
34 44
34 46
34 48
34 49
34 52
34 58
34 60
34 61
34 66
34 67
34 70
34 71
34 73
34 76
34 77
34 81
34 82
34 83
34 87
34 90
34 91
34 93
34 96
34 97
34 98
34 99
34 100
34 101
34 103
34 105
34 107
34 110
34 111
34 112
34 117
34 120
34 122
34 125
34 127
35 38
35 41
35 42
35 44
35 49
35 50
35 52
35 53
35 54
35 56
35 57
35 58
35 62
35 63
35 65
35 67
35 68
35 69
35 71
35 73
35 75
35 76
35 78
35 79
35 80
35 82
35 83
35 84
35 87
35 90
35 94
35 95
35 97
35 102
35 107
35 109
35 112
35 114
35 115
35 117
35 119
35 126
35 127
36 37
36 43
36 44
36 45
36 48
36 50
36 52
36 59
36 61
36 63
36 64
36 67
36 68
36 69
36 73
36 74
36 75
36 77
36 81
36 82
36 85
36 86
36 88
36 90
36 91
36 92
36 94
36 97
36 100
36 101
36 102
36 103
36 104
36 106
36 108
36 109
36 115
36 117
36 122
36 123
36 124
36 125
36 129
37 39
37 41
37 44
37 47
37 49
37 50
37 55
37 57
37 60
37 61
37 62
37 66
37 69
37 73
37 76
37 78
37 79
37 80
37 81
37 83
37 85
37 86
37 91
37 92
37 93
37 97
37 98
37 101
37 102
37 104
37 105
37 106
37 110
37 111
37 114
37 118
37 119
37 121
37 122
37 123
37 124
37 125
37 127
37 128
37 129
38 39
38 40
38 41
38 42
38 43
38 44
38 48
38 49
38 50
38 52
38 59
38 61
38 62
38 68
38 70
38 71
38 73
38 74
38 76
38 78
38 79
38 80
38 81
38 82
38 86
38 87
38 88
38 92
38 93
38 94
38 98
38 100
38 102
38 104
38 106
38 109
38 112
38 115
38 120
38 125
38 127
38 128
39 41
39 42
39 44
39 46
39 48
39 49
39 50
39 51
39 52
39 53
39 57
39 58
39 61
39 62
39 63
39 64
39 65
39 66
39 67
39 68
39 69
39 72
39 74
39 78
39 79
39 80
39 82
39 83
39 87
39 88
39 90
39 91
39 96
39 100
39 101
39 104
39 105
39 106
39 109
39 111
39 112
39 113
39 115
39 117
39 118
39 119
39 123
39 125
39 127
40 41
40 42
40 43
40 45
40 46
40 50
40 54
40 55
40 63
40 64
40 67
40 68
40 69
40 70
40 71
40 72
40 73
40 75
40 76
40 83
40 84
40 85
40 86
40 88
40 89
40 93
40 94
40 96
40 97
40 98
40 100
40 103
40 104
40 105
40 108
40 110
40 111
40 112
40 114
40 116
40 117
40 121
40 122
40 123
40 124
40 125
41 45
41 47
41 48
41 53
41 55
41 57
41 58
41 59
41 60
41 63
41 65
41 66
41 68
41 69
41 70
41 72
41 74
41 77
41 78
41 81
41 84
41 85
41 86
41 88
41 89
41 91
41 92
41 93
41 97
41 99
41 104
41 106
41 107
41 109
41 110
41 111
41 115
41 116
41 119
41 120
41 121
41 122
41 124
41 125
41 127
42 43
42 44
42 45
42 48
42 52
42 54
42 56
42 58
42 59
42 60
42 61
42 63
42 65
42 66
42 67
42 68
42 72
42 73
42 78
42 82
42 85
42 86
42 87
42 88
42 91
42 92
42 93
42 95
42 96
42 97
42 100
42 101
42 110
42 111
42 115
42 116
42 117
42 118
42 121
42 125
42 126
42 129
43 44
43 45
43 46
43 48
43 50
43 51
43 52
43 53
43 56
43 57
43 58
43 59
43 60
43 61
43 62
43 63
43 64
43 66
43 68
43 72
43 74
43 78
43 79
43 85
43 86
43 93
43 95
43 97
43 99
43 100
43 101
43 103
43 105
43 106
43 107
43 111
43 114
43 115
43 117
43 120
43 123
43 124
43 125
43 127
43 129
44 45
44 48
44 51
44 56
44 58
44 59
44 64
44 65
44 66
44 72
44 73
44 74
44 75
44 80
44 82
44 83
44 86
44 88
44 91
44 92
44 94
44 95
44 96
44 99
44 100
44 102
44 106
44 110
44 112
44 117
44 118
44 120
44 122
44 123
44 125
44 127
44 128
44 129
45 47
45 48
45 51
45 52
45 54
45 55
45 61
45 62
45 63
45 64
45 70
45 71
45 72
45 75
45 76
45 79
45 81
45 84
45 85
45 86
45 87
45 91
45 94
45 95
45 102
45 103
45 104
45 105
45 109
45 111
45 112
45 113
45 115
45 118
45 120
45 122
45 123
45 127
46 47
46 48
46 50
46 52
46 53
46 55
46 59
46 60
46 63
46 65
46 66
46 70
46 78
46 79
46 80
46 81
46 92
46 98
46 99
46 101
46 102
46 103
46 105
46 110
46 114
46 115
46 116
46 118
46 120
46 121
46 122
46 124
46 125
47 48
47 50
47 53
47 54
47 55
47 57
47 58
47 60
47 61
47 62
47 67
47 70
47 73
47 74
47 76
47 82
47 83
47 84
47 87
47 89
47 91
47 92
47 93
47 96
47 99
47 103
47 104
47 107
47 110
47 113
47 114
47 115
47 116
47 117
47 118
47 119
47 120
47 121
47 123
47 128
47 129
48 49
48 50
48 51
48 53
48 56
48 57
48 59
48 62
48 63
48 65
48 66
48 67
48 69
48 78
48 81
48 82
48 83
48 84
48 85
48 88
48 89
48 90
48 92
48 94
48 97
48 98
48 102
48 103
48 104
48 105
48 107
48 108
48 109
48 112
48 115
48 116
48 117
48 122
48 123
48 124
48 125
48 129
49 51
49 57
49 59
49 61
49 62
49 63
49 64
49 65
49 66
49 68
49 70
49 71
49 73
49 75
49 76
49 79
49 82
49 83
49 84
49 87
49 89
49 90
49 92
49 93
49 96
49 97
49 98
49 100
49 101
49 102
49 103
49 105
49 106
49 107
49 110
49 112
49 114
49 116
49 118
49 120
49 124
49 127
49 128
49 129
50 52
50 57
50 58
50 60
50 61
50 64
50 71
50 72
50 73
50 75
50 76
50 77
50 78
50 79
50 81
50 85
50 86
50 87
50 88
50 89
50 91
50 92
50 95
50 100
50 101
50 104
50 105
50 106
50 108
50 110
50 111
50 117
50 118
50 119
50 123
50 124
50 126
50 128
51 53
51 55
51 56
51 58
51 61
51 62
51 64
51 65
51 68
51 69
51 70
51 72
51 74
51 75
51 77
51 80
51 82
51 84
51 85
51 88
51 89
51 90
51 93
51 97
51 99
51 110
51 113
51 115
51 116
51 117
51 118
51 120
51 122
51 126
51 128
52 54
52 55
52 58
52 59
52 63
52 66
52 69
52 71
52 72
52 73
52 76
52 77
52 79
52 81
52 82
52 89
52 90
52 91
52 92
52 93
52 96
52 101
52 103
52 105
52 106
52 107
52 110
52 111
52 112
52 113
52 116
52 119
52 121
52 122
52 123
52 124
52 127
52 129
53 54
53 57
53 58
53 60
53 61
53 65
53 66
53 68
53 69
53 70
53 73
53 76
53 81
53 82
53 83
53 84
53 89
53 93
53 95
53 97
53 98
53 101
53 102
53 105
53 106
53 112
53 114
53 117
53 118
53 120
53 121
53 122
53 125
53 126
53 127
53 129
54 55
54 56
54 58
54 60
54 64
54 69
54 73
54 74
54 76
54 77
54 79
54 82
54 83
54 85
54 88
54 89
54 93
54 96
54 97
54 99
54 100
54 102
54 103
54 104
54 107
54 108
54 112
54 113
54 114
54 117
54 119
54 123
54 124
54 125
54 129
55 58
55 59
55 60
55 61
55 66
55 70
55 72
55 73
55 75
55 76
55 77
55 79
55 84
55 88
55 89
55 90
55 92
55 93
55 94
55 96
55 97
55 98
55 100
55 102
55 103
55 105
55 107
55 108
55 109
55 110
55 115
55 120
55 121
55 122
55 124
55 125
55 127
55 128
55 129
56 59
56 60
56 61
56 65
56 66
56 69
56 70
56 71
56 72
56 73
56 74
56 77
56 78
56 79
56 82
56 85
56 86
56 90
56 92
56 94
56 95
56 96
56 98
56 99
56 104
56 106
56 107
56 113
56 118
56 119
56 120
56 122
56 123
56 124
56 125
56 126
56 127
56 129
57 58
57 61
57 64
57 65
57 66
57 67
57 68
57 71
57 72
57 74
57 78
57 79
57 80
57 82
57 83
57 84
57 86
57 87
57 90
57 91
57 97
57 98
57 99
57 102
57 104
57 106
57 108
57 109
57 110
57 111
57 114
57 115
57 116
57 117
57 125
57 128
58 59
58 60
58 61
58 62
58 66
58 67
58 68
58 70
58 73
58 75
58 76
58 77
58 78
58 79
58 80
58 82
58 83
58 86
58 88
58 90
58 91
58 94
58 96
58 97
58 99
58 100
58 101
58 104
58 107
58 108
58 109
58 110
58 112
58 113
58 115
58 116
58 117
58 118
58 120
58 122
58 123
58 125
58 126
58 127
58 128
59 61
59 64
59 65
59 67
59 68
59 69
59 70
59 71
59 74
59 75
59 78
59 82
59 83
59 85
59 87
59 89
59 90
59 91
59 92
59 93
59 95
59 98
59 99
59 101
59 102
59 103
59 104
59 105
59 108
59 109
59 110
59 112
59 113
59 116
59 120
59 121
59 125
59 126
59 127
59 129
60 61
60 62
60 64
60 65
60 71
60 74
60 75
60 76
60 77
60 78
60 80
60 84
60 85
60 87
60 89
60 91
60 93
60 95
60 97
60 102
60 103
60 106
60 107
60 109
60 111
60 113
60 114
60 115
60 120
60 123
60 124
60 125
60 127
60 128
60 129
61 65
61 66
61 68
61 69
61 70
61 71
61 72
61 75
61 76
61 79
61 81
61 83
61 84
61 87
61 89
61 90
61 91
61 92
61 93
61 94
61 95
61 96
61 98
61 99
61 100
61 103
61 106
61 107
61 108
61 109
61 111
61 112
61 113
61 115
61 116
61 117
61 118
61 123
61 125
61 126
62 65
62 68
62 70
62 72
62 73
62 75
62 81
62 86
62 87
62 95
62 96
62 102
62 104
62 107
62 108
62 109
62 110
62 112
62 113
62 114
62 119
62 120
62 124
62 126
62 128
63 70
63 71
63 72
63 73
63 74
63 76
63 77
63 78
63 80
63 81
63 84
63 85
63 88
63 89
63 90
63 91
63 92
63 94
63 95
63 97
63 98
63 99
63 100
63 101
63 102
63 104
63 105
63 107
63 109
63 110
63 124
63 125
63 126
63 127
63 128
64 65
64 66
64 70
64 73
64 74
64 75
64 76
64 77
64 83
64 84
64 85
64 86
64 90
64 92
64 93
64 95
64 97
64 98
64 99
64 104
64 109
64 112
64 114
64 115
64 116
64 120
64 121
64 122
64 125
64 128
64 129
65 67
65 68
65 69
65 70
65 71
65 73
65 74
65 75
65 77
65 78
65 79
65 82
65 83
65 84
65 85
65 87
65 91
65 92
65 100
65 103
65 107
65 108
65 111
65 112
65 115
65 117
65 118
65 119
65 122
65 125
65 126
65 127
65 129
66 67
66 68
66 69
66 72
66 73
66 74
66 75
66 79
66 80
66 81
66 85
66 87
66 90
66 91
66 92
66 93
66 98
66 103
66 105
66 106
66 107
66 109
66 110
66 111
66 112
66 115
66 116
66 117
66 119
66 126
67 69
67 71
67 72
67 74
67 78
67 79
67 81
67 82
67 83
67 84
67 85
67 86
67 87
67 88
67 91
67 93
67 94
67 96
67 99
67 100
67 101
67 102
67 104
67 105
67 108
67 109
67 110
67 111
67 112
67 113
67 114
67 116
67 120
67 121
67 124
67 129
68 69
68 70
68 76
68 78
68 80
68 81
68 85
68 86
68 88
68 89
68 91
68 93
68 94
68 95
68 98
68 102
68 104
68 105
68 107
68 110
68 112
68 113
68 115
68 117
68 118
68 119
68 123
68 124
68 126
69 72
69 74
69 75
69 77
69 80
69 81
69 83
69 85
69 86
69 93
69 94
69 96
69 97
69 99
69 100
69 102
69 104
69 107
69 108
69 109
69 116
69 117
69 118
69 119
69 123
69 125
69 128
69 129
70 71
70 73
70 74
70 78
70 80
70 82
70 83
70 85
70 86
70 87
70 89
70 91
70 92
70 95
70 96
70 101
70 102
70 103
70 104
70 106
70 108
70 109
70 112
70 116
70 118
70 119
70 122
70 124
70 126
70 127
70 129
71 73
71 76
71 80
71 82
71 85
71 90
71 92
71 94
71 95
71 97
71 100
71 101
71 102
71 103
71 105
71 107
71 108
71 110
71 114
71 119
71 122
71 124
71 126
71 127
71 129
72 73
72 74
72 77
72 78
72 81
72 82
72 83
72 86
72 88
72 89
72 91
72 92
72 93
72 94
72 97
72 100
72 101
72 102
72 103
72 104
72 108
72 111
72 112
72 113
72 116
72 117
72 119
72 121
72 126
72 127
72 128
72 129
73 74
73 75
73 77
73 78
73 79
73 81
73 85
73 86
73 87
73 89
73 91
73 92
73 93
73 94
73 95
73 96
73 99
73 100
73 101
73 104
73 105
73 107
73 109
73 110
73 111
73 112
73 114
73 118
73 120
73 121
73 123
73 124
73 125
73 126
73 127
73 128
74 80
74 85
74 88
74 90
74 91
74 93
74 94
74 96
74 99
74 105
74 107
74 108
74 112
74 113
74 114
74 115
74 116
74 118
74 119
74 120
74 122
74 123
74 125
74 127
74 128
75 76
75 80
75 81
75 83
75 86
75 93
75 95
75 96
75 97
75 99
75 101
75 103
75 106
75 109
75 110
75 111
75 113
75 116
75 117
75 119
75 120
75 122
75 123
75 124
75 126
75 127
75 128
76 78
76 79
76 80
76 82
76 85
76 88
76 89
76 93
76 95
76 96
76 99
76 100
76 101
76 106
76 107
76 108
76 109
76 111
76 113
76 116
76 117
76 118
76 120
76 121
76 123
76 124
76 125
76 126
76 127
76 129
77 78
77 79
77 80
77 81
77 83
77 85
77 86
77 93
77 94
77 96
77 97
77 100
77 102
77 103
77 104
77 106
77 109
77 110
77 111
77 112
77 118
77 119
77 122
77 123
77 124
77 125
77 126
77 127
77 129
78 79
78 80
78 85
78 88
78 90
78 93
78 94
78 95
78 104
78 106
78 107
78 109
78 110
78 112
78 113
78 114
78 118
78 119
78 121
78 122
78 123
78 124
78 126
78 127
78 128
79 83
79 84
79 85
79 88
79 89
79 94
79 95
79 98
79 101
79 102
79 106
79 107
79 109
79 111
79 112
79 115
79 116
79 117
79 120
79 126
79 127
79 129
80 82
80 83
80 85
80 87
80 89
80 91
80 92
80 93
80 94
80 95
80 99
80 100
80 102
80 103
80 105
80 106
80 107
80 108
80 109
80 110
80 111
80 112
80 113
80 116
80 117
80 118
80 121
80 122
80 123
80 125
80 126
80 127
80 128
80 129
81 82
81 84
81 85
81 86
81 87
81 91
81 92
81 94
81 96
81 97
81 101
81 104
81 105
81 106
81 107
81 108
81 110
81 111
81 113
81 114
81 117
81 119
81 120
81 121
81 123
81 124
81 127
81 129
82 83
82 87
82 89
82 90
82 95
82 101
82 102
82 103
82 109
82 111
82 114
82 116
82 117
82 121
82 122
82 123
82 124
82 126
82 127
82 128
82 129
83 86
83 87
83 88
83 91
83 92
83 94
83 95
83 96
83 97
83 98
83 99
83 101
83 102
83 103
83 105
83 106
83 107
83 108
83 109
83 113
83 114
83 115
83 120
83 122
83 124
83 125
83 126
83 127
83 129
84 89
84 90
84 91
84 92
84 97
84 98
84 102
84 103
84 104
84 105
84 107
84 108
84 111
84 112
84 116
84 118
84 120
84 121
84 122
84 125
84 126
84 127
84 129
85 86
85 87
85 89
85 95
85 97
85 98
85 99
85 100
85 101
85 102
85 103
85 105
85 106
85 107
85 108
85 109
85 112
85 116
85 119
85 120
85 121
85 125
85 126
85 129
86 89
86 90
86 91
86 92
86 93
86 97
86 99
86 100
86 102
86 103
86 105
86 107
86 108
86 109
86 110
86 111
86 112
86 113
86 116
86 120
86 124
86 128
86 129
87 88
87 89
87 93
87 94
87 95
87 96
87 97
87 99
87 100
87 101
87 103
87 107
87 108
87 109
87 112
87 113
87 115
87 116
87 118
87 122
87 123
87 124
87 125
87 129
88 89
88 91
88 92
88 93
88 95
88 97
88 98
88 99
88 101
88 107
88 110
88 114
88 118
88 119
88 120
88 121
88 122
88 123
88 125
88 126
88 127
88 129
89 91
89 95
89 96
89 100
89 102
89 103
89 105
89 107
89 111
89 112
89 113
89 114
89 115
89 117
89 118
89 119
89 121
89 124
89 127
90 91
90 92
90 93
90 94
90 97
90 98
90 99
90 101
90 102
90 108
90 109
90 112
90 116
90 117
90 123
90 124
90 126
90 127
90 129
91 96
91 97
91 98
91 99
91 100
91 101
91 103
91 105
91 111
91 116
91 118
91 119
91 123
91 127
91 128
91 129
92 94
92 96
92 98
92 100
92 101
92 102
92 105
92 106
92 107
92 110
92 111
92 113
92 115
92 116
92 117
92 118
92 119
92 121
92 122
92 123
92 124
92 129
93 94
93 95
93 96
93 99
93 101
93 102
93 103
93 104
93 107
93 108
93 110
93 111
93 112
93 114
93 115
93 116
93 119
93 121
93 122
93 123
93 124
93 125
93 127
94 95
94 96
94 97
94 99
94 103
94 104
94 105
94 106
94 108
94 113
94 115
94 116
94 117
94 118
94 120
94 121
94 125
94 127
94 128
95 96
95 98
95 99
95 101
95 103
95 105
95 106
95 108
95 112
95 114
95 118
95 121
95 123
95 124
95 126
96 97
96 101
96 102
96 103
96 104
96 105
96 107
96 109
96 112
96 114
96 119
96 120
96 129
97 98
97 99
97 100
97 103
97 105
97 107
97 116
97 117
97 120
97 122
97 123
97 128
97 129
98 100
98 101
98 103
98 107
98 108
98 111
98 112
98 114
98 115
98 116
98 118
98 120
98 121
98 122
98 124
98 125
98 127
98 128
99 102
99 104
99 106
99 107
99 109
99 112
99 113
99 114
99 116
99 121
99 124
99 126
99 127
100 103
100 104
100 106
100 113
100 114
100 116
100 117
100 119
100 122
100 123
100 126
100 127
101 102
101 103
101 105
101 107
101 108
101 110
101 111
101 114
101 115
101 116
101 117
101 118
101 119
101 120
101 123
101 127
102 105
102 108
102 110
102 111
102 112
102 113
102 114
102 115
102 118
102 119
102 120
102 121
102 122
102 123
102 127
102 129
103 105
103 108
103 109
103 110
103 111
103 112
103 114
103 117
103 119
103 122
103 123
103 125
103 126
103 128
103 129
104 105
104 107
104 111
104 112
104 113
104 114
104 115
104 117
104 118
104 121
104 126
104 128
105 107
105 109
105 111
105 113
105 114
105 118
105 119
105 120
105 123
105 125
105 126
105 127
105 128
105 129
106 108
106 109
106 110
106 111
106 113
106 117
106 122
106 124
106 125
106 126
107 108
107 110
107 112
107 113
107 114
107 117
107 120
107 122
107 124
107 128
107 129
108 109
108 112
108 114
108 116
108 119
108 121
108 122
108 124
108 125
108 126
108 127
109 110
109 111
109 112
109 113
109 115
109 116
109 117
109 118
109 124
109 125
109 127
109 128
109 129
110 113
110 114
110 115
110 117
110 119
110 120
110 121
110 123
110 129
111 116
111 118
111 120
111 122
111 128
111 129
112 114
112 115
112 116
112 117
112 118
112 120
112 122
112 124
112 125
112 126
112 129
113 117
113 119
113 120
113 121
113 122
113 124
113 125
113 126
113 128
113 129
114 116
114 118
114 119
114 120
114 122
114 124
114 126
114 128
114 129
115 117
115 119
115 120
115 121
115 122
115 125
115 126
115 128
115 129
116 117
116 118
116 120
116 121
116 126
116 128
116 129
117 120
117 121
117 122
117 123
117 127
118 119
118 120
118 122
118 124
118 125
118 127
118 128
118 129
119 120
119 124
119 125
119 126
119 127
120 121
120 124
120 125
120 126
120 127
121 124
121 125
121 127
122 123
122 124
122 125
122 126
122 127
122 128
122 129
123 126
123 129
124 128
124 129
125 128
125 129
126 128
