155 4122
0 1
0 3
0 4
0 8
0 10
0 13
0 15
0 21
0 22
0 25
0 29
0 31
0 32
0 33
0 41
0 43
0 44
0 46
0 50
0 51
0 53
0 59
0 66
0 71
0 75
0 79
0 83
0 84
0 85
0 92
0 93
0 94
0 95
0 105
0 106
0 107
0 109
0 111
0 113
0 116
0 117
0 122
0 126
0 129
0 134
0 136
0 137
0 139
0 141
0 143
0 151
1 3
1 4
1 7
1 8
1 9
1 15
1 19
1 26
1 29
1 30
1 32
1 33
1 36
1 37
1 48
1 49
1 50
1 52
1 55
1 56
1 60
1 61
1 63
1 70
1 71
1 72
1 76
1 77
1 79
1 81
1 87
1 88
1 89
1 90
1 91
1 92
1 93
1 95
1 101
1 104
1 106
1 109
1 112
1 113
1 114
1 117
1 118
1 121
1 124
1 128
1 129
1 130
1 139
1 144
1 147
1 148
1 153
1 154
2 5
2 6
2 8
2 12
2 14
2 15
2 20
2 22
2 23
2 24
2 27
2 28
2 30
2 34
2 39
2 40
2 45
2 47
2 48
2 51
2 55
2 57
2 58
2 59
2 60
2 61
2 62
2 68
2 80
2 81
2 83
2 88
2 92
2 93
2 94
2 95
2 96
2 102
2 104
2 105
2 106
2 108
2 111
2 115
2 117
2 122
2 124
2 126
2 128
2 131
2 133
2 134
2 140
2 141
2 142
2 143
2 145
2 148
2 150
2 154
3 7
3 9
3 10
3 19
3 20
3 27
3 45
3 46
3 47
3 49
3 55
3 56
3 58
3 59
3 61
3 62
3 67
3 70
3 73
3 74
3 76
3 80
3 82
3 86
3 88
3 92
3 98
3 102
3 104
3 106
3 107
3 108
3 113
3 115
3 118
3 121
3 122
3 127
3 130
3 132
3 133
3 141
3 143
3 145
3 150
4 12
4 16
4 19
4 20
4 22
4 23
4 31
4 35
4 38
4 43
4 56
4 62
4 65
4 68
4 70
4 71
4 72
4 73
4 76
4 79
4 83
4 86
4 87
4 92
4 94
4 95
4 96
4 100
4 103
4 105
4 109
4 110
4 112
4 120
4 124
4 126
4 130
4 133
4 134
4 138
4 140
4 142
4 147
4 148
4 149
4 150
5 12
5 14
5 15
5 16
5 19
5 24
5 28
5 31
5 36
5 38
5 39
5 40
5 49
5 58
5 62
5 66
5 67
5 72
5 81
5 82
5 83
5 91
5 95
5 101
5 102
5 103
5 105
5 109
5 110
5 116
5 130
5 131
5 136
5 137
5 139
5 146
5 147
5 148
5 150
5 153
6 7
6 11
6 13
6 15
6 16
6 17
6 18
6 20
6 23
6 25
6 30
6 33
6 35
6 36
6 39
6 40
6 44
6 51
6 52
6 53
6 54
6 56
6 58
6 59
6 60
6 62
6 64
6 66
6 74
6 75
6 76
6 78
6 79
6 81
6 84
6 85
6 87
6 88
6 92
6 94
6 97
6 99
6 100
6 101
6 104
6 106
6 108
6 111
6 113
6 115
6 118
6 120
6 123
6 126
6 128
6 130
6 131
6 134
6 136
6 144
6 146
6 153
7 10
7 12
7 16
7 18
7 19
7 20
7 21
7 22
7 24
7 29
7 33
7 34
7 35
7 37
7 39
7 46
7 49
7 53
7 54
7 55
7 58
7 59
7 60
7 63
7 64
7 66
7 68
7 70
7 71
7 72
7 74
7 75
7 80
7 86
7 89
7 93
7 99
7 101
7 105
7 106
7 109
7 110
7 116
7 117
7 122
7 125
7 126
7 127
7 128
7 129
7 130
7 134
7 136
7 139
7 141
7 142
7 146
7 147
7 148
7 149
7 150
8 10
8 11
8 12
8 13
8 15
8 19
8 26
8 27
8 35
8 38
8 39
8 40
8 41
8 48
8 50
8 56
8 58
8 65
8 67
8 69
8 70
8 73
8 74
8 78
8 79
8 80
8 87
8 88
8 90
8 92
8 94
8 96
8 97
8 100
8 102
8 106
8 107
8 109
8 114
8 117
8 123
8 132
8 146
8 149
8 152
8 153
9 10
9 11
9 16
9 18
9 21
9 24
9 25
9 27
9 32
9 34
9 36
9 39
9 40
9 41
9 44
9 50
9 53
9 55
9 59
9 68
9 71
9 72
9 74
9 75
9 78
9 83
9 86
9 87
9 88
9 92
9 93
9 99
9 100
9 102
9 103
9 104
9 115
9 118
9 121
9 123
9 126
9 128
9 134
9 141
9 144
9 150
10 13
10 24
10 30
10 32
10 33
10 34
10 40
10 45
10 47
10 48
10 50
10 53
10 57
10 59
10 60
10 63
10 64
10 65
10 67
10 68
10 69
10 71
10 76
10 81
10 84
10 86
10 87
10 100
10 101
10 103
10 105
10 106
10 112
10 116
10 120
10 122
10 124
10 125
10 127
10 130
10 131
10 133
10 134
10 135
10 138
10 139
10 144
10 145
10 147
10 153
11 14
11 19
11 21
11 22
11 23
11 27
11 30
11 31
11 37
11 38
11 43
11 45
11 47
11 53
11 55
11 56
11 58
11 60
11 61
11 66
11 73
11 75
11 81
11 83
11 87
11 90
11 91
11 92
11 93
11 94
11 96
11 97
11 98
11 99
11 105
11 110
11 113
11 116
11 118
11 119
11 121
11 122
11 123
11 124
11 127
11 129
11 131
11 136
11 141
11 147
11 148
11 149
11 152
12 13
12 15
12 16
12 23
12 29
12 31
12 32
12 33
12 36
12 37
12 38
12 39
12 40
12 42
12 43
12 45
12 52
12 55
12 61
12 67
12 68
12 69
12 70
12 72
12 80
12 81
12 82
12 83
12 86
12 93
12 96
12 98
12 100
12 101
12 104
12 105
12 109
12 112
12 115
12 116
12 117
12 124
12 128
12 131
12 132
12 137
12 138
12 142
12 148
12 151
13 15
13 20
13 23
13 24
13 26
13 27
13 29
13 31
13 37
13 38
13 39
13 41
13 43
13 48
13 53
13 57
13 58
13 63
13 68
13 69
13 72
13 75
13 79
13 81
13 82
13 83
13 84
13 93
13 97
13 99
13 105
13 109
13 116
13 119
13 120
13 122
13 124
13 128
13 131
13 132
13 133
13 134
13 135
13 138
13 139
13 141
13 143
13 144
13 146
13 151
13 152
13 154
14 18
14 20
14 23
14 24
14 26
14 27
14 28
14 29
14 30
14 31
14 34
14 36
14 37
14 42
14 44
14 51
14 53
14 64
14 74
14 81
14 90
14 95
14 98
14 99
14 102
14 103
14 105
14 107
14 108
14 110
14 111
14 114
14 116
14 118
14 120
14 127
14 128
14 129
14 138
14 140
14 146
14 150
14 152
14 154
15 17
15 19
15 23
15 24
15 26
15 27
15 28
15 33
15 40
15 54
15 59
15 60
15 61
15 62
15 65
15 66
15 68
15 80
15 81
15 84
15 86
15 87
15 88
15 89
15 91
15 93
15 94
15 95
15 105
15 108
15 111
15 116
15 117
15 125
15 128
15 132
15 133
15 134
15 137
15 140
15 141
15 142
15 151
15 153
16 19
16 23
16 24
16 25
16 33
16 35
16 39
16 41
16 42
16 47
16 48
16 50
16 51
16 52
16 58
16 60
16 63
16 65
16 74
16 75
16 76
16 77
16 79
16 80
16 82
16 85
16 87
16 90
16 94
16 96
16 98
16 100
16 101
16 105
16 107
16 108
16 111
16 118
16 119
16 120
16 124
16 125
16 130
16 132
16 134
16 138
16 139
16 141
16 143
16 145
16 149
16 154
17 22
17 27
17 33
17 34
17 35
17 38
17 41
17 50
17 51
17 53
17 55
17 59
17 60
17 62
17 67
17 68
17 70
17 72
17 74
17 76
17 81
17 82
17 86
17 91
17 94
17 95
17 98
17 103
17 107
17 108
17 111
17 113
17 114
17 116
17 120
17 122
17 124
17 125
17 127
17 133
17 136
17 139
17 140
17 142
17 148
17 149
17 154
18 19
18 21
18 23
18 24
18 26
18 27
18 28
18 33
18 36
18 40
18 41
18 47
18 51
18 53
18 63
18 64
18 70
18 71
18 76
18 78
18 80
18 82
18 85
18 89
18 90
18 91
18 92
18 93
18 94
18 95
18 97
18 99
18 110
18 116
18 117
18 120
18 122
18 124
18 125
18 126
18 127
18 128
18 131
18 133
18 135
18 139
18 143
18 149
19 21
19 22
19 23
19 25
19 26
19 29
19 30
19 31
19 36
19 38
19 43
19 44
19 45
19 50
19 54
19 57
19 58
19 59
19 61
19 62
19 63
19 65
19 66
19 67
19 69
19 73
19 75
19 76
19 80
19 82
19 87
19 88
19 89
19 92
19 95
19 98
19 101
19 104
19 112
19 119
19 122
19 123
19 126
19 130
19 133
19 140
19 143
19 149
19 153
20 21
20 26
20 28
20 30
20 33
20 36
20 37
20 39
20 40
20 42
20 46
20 47
20 48
20 51
20 53
20 55
20 56
20 57
20 58
20 62
20 63
20 64
20 67
20 69
20 73
20 76
20 86
20 94
20 96
20 101
20 102
20 104
20 106
20 108
20 109
20 110
20 114
20 115
20 116
20 119
20 121
20 124
20 129
20 130
20 131
20 132
20 133
20 144
20 149
20 154
21 22
21 24
21 25
21 30
21 33
21 36
21 37
21 39
21 40
21 42
21 45
21 49
21 52
21 54
21 57
21 60
21 61
21 62
21 65
21 67
21 76
21 77
21 78
21 82
21 85
21 88
21 91
21 94
21 96
21 99
21 100
21 102
21 104
21 108
21 109
21 110
21 111
21 114
21 116
21 124
21 125
21 126
21 130
21 131
21 132
21 134
21 143
21 149
22 25
22 26
22 28
22 29
22 34
22 38
22 40
22 41
22 45
22 46
22 47
22 50
22 51
22 52
22 53
22 56
22 59
22 63
22 66
22 69
22 75
22 79
22 81
22 90
22 96
22 118
22 120
22 121
22 129
22 131
22 133
22 135
22 138
22 146
22 147
22 150
22 151
22 153
23 24
23 28
23 30
23 32
23 38
23 39
23 42
23 47
23 49
23 54
23 56
23 58
23 59
23 62
23 65
23 67
23 77
23 79
23 80
23 83
23 88
23 90
23 91
23 99
23 103
23 107
23 108
23 109
23 117
23 121
23 122
23 123
23 126
23 128
23 130
23 132
23 135
23 141
23 143
23 147
23 152
24 28
24 29
24 33
24 36
24 37
24 38
24 40
24 44
24 46
24 49
24 52
24 53
24 55
24 58
24 65
24 68
24 74
24 77
24 78
24 84
24 85
24 96
24 98
24 103
24 108
24 109
24 110
24 114
24 116
24 121
24 122
24 125
24 130
24 131
24 132
24 133
24 134
24 140
24 141
24 151
24 153
25 28
25 36
25 39
25 43
25 44
25 45
25 48
25 51
25 55
25 58
25 60
25 67
25 69
25 72
25 78
25 82
25 83
25 88
25 91
25 94
25 96
25 97
25 100
25 103
25 104
25 106
25 108
25 113
25 115
25 120
25 122
25 123
25 127
25 128
25 132
25 133
25 136
25 137
25 140
25 141
25 143
25 147
25 152
25 154
26 30
26 32
26 35
26 36
26 37
26 38
26 39
26 40
26 42
26 44
26 47
26 52
26 54
26 58
26 60
26 61
26 62
26 64
26 66
26 68
26 70
26 71
26 77
26 81
26 82
26 86
26 87
26 89
26 92
26 99
26 105
26 109
26 115
26 122
26 125
26 130
26 131
26 133
26 135
26 136
26 138
26 145
26 146
26 147
26 148
26 152
26 153
26 154
27 29
27 33
27 41
27 58
27 60
27 66
27 67
27 68
27 69
27 70
27 73
27 74
27 76
27 77
27 89
27 92
27 95
27 96
27 98
27 99
27 100
27 104
27 113
27 114
27 115
27 119
27 120
27 129
27 131
27 132
27 134
27 135
27 138
27 142
27 151
27 152
27 153
27 154
28 36
28 42
28 43
28 44
28 49
28 53
28 56
28 60
28 64
28 70
28 72
28 78
28 87
28 89
28 91
28 92
28 94
28 96
28 99
28 100
28 103
28 104
28 105
28 106
28 107
28 108
28 112
28 117
28 122
28 123
28 128
28 130
28 134
28 135
28 138
28 146
28 147
28 148
28 149
28 151
28 152
28 153
28 154
29 33
29 36
29 39
29 40
29 41
29 42
29 44
29 45
29 46
29 51
29 53
29 54
29 59
29 60
29 61
29 62
29 63
29 64
29 66
29 69
29 70
29 72
29 73
29 79
29 81
29 83
29 84
29 88
29 90
29 91
29 92
29 96
29 99
29 102
29 110
29 116
29 118
29 120
29 125
29 127
29 129
29 132
29 135
29 138
29 140
29 143
29 145
29 148
29 150
29 152
29 153
29 154
30 31
30 37
30 38
30 40
30 47
30 48
30 52
30 57
30 59
30 62
30 63
30 71
30 74
30 75
30 86
30 88
30 89
30 90
30 91
30 93
30 94
30 97
30 98
30 100
30 101
30 102
30 104
30 106
30 107
30 117
30 120
30 123
30 131
30 132
30 133
30 135
30 139
30 140
30 142
30 143
30 145
30 149
30 150
31 32
31 35
31 36
31 40
31 42
31 43
31 47
31 50
31 52
31 55
31 56
31 57
31 58
31 66
31 70
31 72
31 75
31 77
31 87
31 90
31 95
31 98
31 103
31 104
31 105
31 107
31 112
31 113
31 114
31 116
31 117
31 118
31 121
31 122
31 126
31 127
31 137
31 139
31 141
31 142
31 146
31 152
31 153
32 34
32 36
32 43
32 45
32 47
32 50
32 52
32 60
32 65
32 67
32 70
32 71
32 72
32 75
32 82
32 85
32 88
32 90
32 96
32 100
32 103
32 115
32 117
32 122
32 123
32 128
32 133
32 142
32 143
32 144
32 151
32 154
33 36
33 40
33 41
33 44
33 45
33 46
33 47
33 50
33 55
33 56
33 58
33 59
33 63
33 65
33 75
33 78
33 79
33 81
33 84
33 85
33 92
33 94
33 95
33 99
33 100
33 101
33 104
33 107
33 108
33 109
33 110
33 111
33 114
33 115
33 116
33 121
33 124
33 126
33 127
33 132
33 136
33 137
33 138
33 140
33 144
33 146
33 154
34 35
34 36
34 37
34 40
34 44
34 47
34 56
34 57
34 69
34 71
34 72
34 76
34 78
34 79
34 80
34 83
34 86
34 91
34 96
34 98
34 100
34 101
34 102
34 104
34 105
34 108
34 110
34 112
34 119
34 120
34 124
34 125
34 126
34 129
34 130
34 131
34 132
34 133
34 135
34 136
34 138
34 139
34 141
34 144
34 145
34 148
34 151
35 40
35 45
35 50
35 51
35 62
35 63
35 64
35 65
35 66
35 71
35 72
35 73
35 79
35 82
35 85
35 90
35 92
35 93
35 104
35 107
35 111
35 113
35 120
35 124
35 125
35 126
35 133
35 138
35 139
35 141
35 142
35 145
35 153
36 42
36 44
36 47
36 53
36 54
36 69
36 71
36 72
36 73
36 76
36 78
36 79
36 80
36 83
36 86
36 89
36 90
36 93
36 100
36 102
36 104
36 109
36 112
36 116
36 120
36 121
36 129
36 130
36 132
36 134
36 135
36 140
36 143
36 144
36 147
36 148
37 38
37 39
37 43
37 44
37 47
37 48
37 51
37 54
37 55
37 57
37 59
37 62
37 64
37 66
37 73
37 74
37 76
37 77
37 85
37 87
37 88
37 91
37 95
37 99
37 102
37 108
37 109
37 113
37 114
37 119
37 123
37 124
37 125
37 126
37 127
37 129
37 130
37 137
37 138
37 145
37 147
37 149
37 151
37 152
37 154
38 40
38 41
38 46
38 47
38 51
38 57
38 59
38 63
38 65
38 67
38 74
38 77
38 83
38 86
38 93
38 94
38 96
38 97
38 101
38 103
38 106
38 107
38 108
38 109
38 111
38 114
38 116
38 120
38 122
38 123
38 124
38 125
38 128
38 129
38 131
38 132
38 133
38 136
38 138
38 139
38 144
38 147
38 151
39 40
39 45
39 48
39 52
39 55
39 56
39 57
39 58
39 63
39 65
39 66
39 68
39 71
39 72
39 74
39 75
39 79
39 81
39 83
39 86
39 90
39 91
39 95
39 101
39 104
39 105
39 114
39 121
39 131
39 135
39 136
39 138
39 140
39 141
39 142
39 144
39 147
39 152
39 154
40 50
40 53
40 55
40 56
40 59
40 61
40 63
40 66
40 67
40 68
40 71
40 72
40 77
40 79
40 80
40 84
40 85
40 88
40 89
40 90
40 94
40 97
40 100
40 102
40 103
40 106
40 107
40 111
40 116
40 117
40 119
40 120
40 123
40 129
40 130
40 132
40 133
40 136
40 141
40 144
40 151
40 152
41 42
41 45
41 47
41 48
41 49
41 50
41 52
41 53
41 55
41 57
41 60
41 61
41 66
41 67
41 69
41 71
41 72
41 74
41 75
41 78
41 79
41 80
41 82
41 83
41 84
41 85
41 86
41 88
41 89
41 90
41 95
41 96
41 100
41 101
41 104
41 105
41 108
41 113
41 115
41 117
41 121
41 124
41 127
41 132
41 133
41 135
41 141
41 144
41 146
41 147
41 149
41 150
41 152
42 44
42 47
42 49
42 58
42 59
42 60
42 66
42 77
42 78
42 79
42 82
42 84
42 89
42 90
42 93
42 94
42 95
42 97
42 99
42 101
42 104
42 105
42 107
42 108
42 115
42 122
42 124
42 125
42 129
42 130
42 131
42 132
42 133
42 134
42 142
42 144
42 149
43 44
43 45
43 46
43 47
43 48
43 49
43 53
43 57
43 60
43 62
43 63
43 66
43 67
43 68
43 72
43 74
43 75
43 79
43 89
43 94
43 97
43 104
43 105
43 108
43 110
43 113
43 114
43 118
43 120
43 126
43 127
43 128
43 129
43 134
43 140
43 142
43 145
43 150
43 154
44 47
44 48
44 50
44 53
44 54
44 59
44 60
44 61
44 62
44 65
44 68
44 70
44 73
44 79
44 82
44 86
44 87
44 88
44 90
44 92
44 100
44 103
44 105
44 110
44 116
44 126
44 127
44 129
44 133
44 138
44 151
44 152
44 154
45 52
45 53
45 54
45 57
45 61
45 63
45 66
45 67
45 71
45 75
45 76
45 79
45 82
45 83
45 84
45 89
45 90
45 95
45 97
45 98
45 99
45 101
45 107
45 109
45 115
45 117
45 118
45 119
45 121
45 126
45 128
45 131
45 139
45 140
45 141
45 152
46 47
46 48
46 50
46 52
46 54
46 61
46 65
46 68
46 72
46 73
46 74
46 75
46 80
46 84
46 85
46 94
46 100
46 102
46 106
46 113
46 114
46 118
46 130
46 131
46 133
46 134
46 139
46 142
46 144
46 145
46 148
46 149
46 153
47 51
47 54
47 58
47 65
47 66
47 68
47 69
47 75
47 77
47 79
47 80
47 86
47 90
47 93
47 94
47 97
47 98
47 101
47 107
47 112
47 117
47 121
47 122
47 124
47 126
47 128
47 130
47 133
47 134
47 135
47 137
47 138
47 140
47 146
47 150
47 151
47 154
48 50
48 52
48 61
48 62
48 63
48 66
48 67
48 69
48 73
48 78
48 79
48 85
48 89
48 90
48 97
48 99
48 103
48 104
48 106
48 107
48 108
48 110
48 112
48 118
48 120
48 121
48 122
48 125
48 126
48 127
48 128
48 129
48 132
48 137
48 138
48 139
48 140
48 150
48 153
48 154
49 51
49 57
49 60
49 68
49 69
49 70
49 75
49 78
49 79
49 80
49 83
49 87
49 88
49 91
49 92
49 103
49 106
49 108
49 109
49 110
49 112
49 115
49 118
49 120
49 127
49 129
49 133
49 137
49 139
49 140
49 143
49 147
49 148
49 151
49 154
50 51
50 52
50 53
50 54
50 55
50 56
50 57
50 58
50 59
50 65
50 66
50 73
50 74
50 76
50 78
50 79
50 89
50 99
50 112
50 114
50 115
50 118
50 120
50 122
50 123
50 124
50 126
50 130
50 131
50 132
50 133
50 140
50 141
50 144
50 145
50 146
50 148
50 149
50 150
50 152
50 153
50 154
51 55
51 59
51 61
51 64
51 65
51 69
51 70
51 72
51 73
51 75
51 77
51 80
51 83
51 87
51 88
51 89
51 96
51 99
51 101
51 103
51 104
51 107
51 109
51 111
51 124
51 127
51 129
51 130
51 133
51 135
51 138
51 139
51 140
51 145
51 149
51 152
52 55
52 63
52 65
52 72
52 77
52 78
52 80
52 86
52 87
52 88
52 90
52 91
52 95
52 97
52 103
52 109
52 115
52 117
52 118
52 119
52 122
52 124
52 126
52 138
52 140
52 141
52 143
52 148
52 150
52 152
53 74
53 75
53 82
53 83
53 86
53 90
53 93
53 94
53 96
53 97
53 98
53 99
53 100
53 104
53 107
53 109
53 110
53 111
53 116
53 118
53 125
53 129
53 132
53 133
53 134
53 135
53 136
53 137
53 139
53 142
53 144
53 148
53 151
53 154
54 55
54 56
54 57
54 58
54 59
54 61
54 62
54 64
54 66
54 70
54 76
54 77
54 79
54 83
54 86
54 89
54 92
54 93
54 94
54 95
54 96
54 97
54 99
54 101
54 102
54 107
54 108
54 109
54 110
54 112
54 116
54 118
54 121
54 122
54 124
54 129
54 130
54 131
54 132
54 135
54 138
54 143
54 145
54 146
54 147
54 148
54 149
54 150
54 152
55 58
55 59
55 65
55 66
55 68
55 69
55 74
55 75
55 76
55 80
55 83
55 85
55 87
55 89
55 93
55 97
55 103
55 105
55 108
55 112
55 113
55 114
55 115
55 116
55 117
55 118
55 119
55 121
55 125
55 126
55 127
55 129
55 134
55 138
55 143
55 144
55 146
55 150
55 152
55 153
56 60
56 62
56 71
56 72
56 77
56 78
56 80
56 83
56 90
56 92
56 98
56 100
56 103
56 109
56 111
56 118
56 121
56 122
56 125
56 126
56 128
56 133
56 136
56 137
56 138
56 142
56 143
56 148
56 149
56 150
57 58
57 59
57 60
57 69
57 73
57 74
57 75
57 78
57 81
57 83
57 85
57 86
57 96
57 97
57 101
57 103
57 109
57 116
57 118
57 119
57 121
57 123
57 126
57 127
57 131
57 132
57 133
57 136
57 141
57 142
57 146
57 147
57 149
57 151
58 61
58 65
58 66
58 67
58 69
58 70
58 71
58 80
58 81
58 82
58 84
58 85
58 86
58 90
58 93
58 94
58 96
58 97
58 99
58 101
58 105
58 106
58 108
58 109
58 115
58 118
58 119
58 123
58 126
58 129
58 133
58 138
58 146
58 151
59 60
59 64
59 67
59 74
59 75
59 76
59 79
59 81
59 82
59 89
59 90
59 93
59 94
59 95
59 100
59 105
59 106
59 109
59 110
59 117
59 118
59 120
59 131
59 133
59 138
59 144
59 147
59 148
59 149
60 66
60 67
60 72
60 73
60 74
60 76
60 79
60 81
60 83
60 89
60 91
60 98
60 100
60 102
60 107
60 113
60 114
60 118
60 121
60 122
60 124
60 126
60 130
60 131
60 132
60 138
60 144
60 148
60 149
60 150
60 152
60 153
61 62
61 63
61 65
61 68
61 71
61 73
61 74
61 75
61 77
61 78
61 83
61 86
61 90
61 91
61 93
61 94
61 99
61 100
61 103
61 104
61 105
61 109
61 110
61 113
61 116
61 119
61 120
61 122
61 123
61 128
61 129
61 132
61 135
61 136
61 137
61 139
61 144
61 147
61 150
61 152
61 153
61 154
62 65
62 71
62 74
62 75
62 76
62 83
62 84
62 86
62 87
62 88
62 92
62 99
62 100
62 101
62 103
62 106
62 107
62 108
62 111
62 115
62 119
62 120
62 123
62 125
62 136
62 140
62 143
62 144
62 145
62 149
62 152
62 154
63 64
63 65
63 66
63 70
63 73
63 74
63 78
63 84
63 85
63 87
63 90
63 94
63 95
63 96
63 103
63 106
63 109
63 111
63 113
63 115
63 118
63 119
63 124
63 125
63 130
63 133
63 135
63 137
63 148
63 149
63 151
64 65
64 71
64 76
64 79
64 86
64 93
64 95
64 103
64 106
64 107
64 108
64 109
64 110
64 111
64 116
64 118
64 121
64 124
64 128
64 129
64 136
64 140
64 141
64 144
64 149
64 153
65 67
65 71
65 72
65 76
65 77
65 78
65 80
65 81
65 82
65 85
65 89
65 90
65 91
65 97
65 99
65 100
65 101
65 102
65 103
65 107
65 108
65 109
65 110
65 111
65 114
65 117
65 118
65 120
65 121
65 122
65 127
65 133
65 134
65 135
65 137
65 145
66 68
66 69
66 71
66 72
66 83
66 84
66 85
66 87
66 92
66 95
66 96
66 98
66 100
66 101
66 107
66 110
66 118
66 119
66 121
66 127
66 128
66 129
66 135
66 136
66 138
66 143
66 145
66 148
66 149
66 150
66 152
67 68
67 72
67 73
67 76
67 84
67 86
67 87
67 92
67 93
67 97
67 98
67 100
67 105
67 106
67 107
67 108
67 109
67 111
67 114
67 118
67 123
67 127
67 130
67 132
67 133
67 136
67 144
67 145
67 147
67 148
67 153
67 154
68 71
68 74
68 81
68 83
68 90
68 92
68 94
68 95
68 96
68 100
68 103
68 104
68 107
68 108
68 112
68 116
68 118
68 120
68 124
68 125
68 126
68 127
68 128
68 129
68 133
68 137
68 138
68 141
68 142
68 147
68 153
69 75
69 80
69 83
69 84
69 88
69 89
69 90
69 95
69 103
69 113
69 114
69 115
69 116
69 117
69 120
69 125
69 127
69 128
69 131
69 135
69 137
69 138
69 140
69 148
69 149
69 150
69 151
69 152
70 74
70 76
70 81
70 83
70 85
70 86
70 90
70 91
70 93
70 95
70 97
70 98
70 101
70 102
70 109
70 111
70 112
70 113
70 117
70 118
70 120
70 123
70 129
70 132
70 134
70 138
70 139
70 142
70 145
70 147
71 72
71 74
71 76
71 78
71 80
71 82
71 84
71 85
71 86
71 91
71 92
71 94
71 97
71 99
71 100
71 102
71 107
71 110
71 111
71 112
71 114
71 117
71 122
71 124
71 126
71 130
71 132
71 133
71 134
71 135
71 144
71 151
71 152
72 73
72 75
72 76
72 78
72 81
72 86
72 89
72 91
72 93
72 94
72 95
72 101
72 102
72 107
72 113
72 115
72 116
72 117
72 122
72 123
72 125
72 130
72 136
72 137
72 143
72 144
72 147
72 150
72 151
72 152
72 153
73 81
73 85
73 86
73 93
73 95
73 113
73 115
73 116
73 123
73 125
73 127
73 141
73 144
73 145
73 149
73 150
73 153
74 77
74 85
74 86
74 87
74 89
74 92
74 93
74 96
74 98
74 99
74 100
74 102
74 104
74 111
74 115
74 116
74 121
74 122
74 123
74 128
74 132
74 134
74 135
74 136
74 143
74 149
74 150
74 152
74 153
74 154
75 76
75 77
75 79
75 82
75 84
75 87
75 90
75 94
75 97
75 102
75 105
75 109
75 111
75 115
75 124
75 127
75 129
75 139
75 146
75 147
76 81
76 82
76 85
76 86
76 91
76 94
76 96
76 97
76 98
76 99
76 104
76 105
76 108
76 111
76 112
76 114
76 115
76 117
76 120
76 121
76 122
76 127
76 130
76 138
76 142
76 145
76 149
76 153
77 78
77 84
77 87
77 95
77 98
77 100
77 101
77 104
77 105
77 110
77 112
77 115
77 118
77 119
77 120
77 121
77 128
77 132
77 136
77 137
77 141
78 86
78 89
78 90
78 91
78 92
78 93
78 94
78 95
78 96
78 97
78 103
78 107
78 109
78 113
78 115
78 118
78 120
78 124
78 125
78 126
78 129
78 130
78 136
78 141
78 142
78 144
78 146
79 80
79 85
79 93
79 94
79 96
79 102
79 107
79 109
79 112
79 114
79 116
79 117
79 134
79 136
79 138
79 141
79 142
79 143
79 145
79 146
79 147
79 148
79 150
80 83
80 88
80 96
80 98
80 102
80 103
80 104
80 105
80 108
80 109
80 110
80 112
80 116
80 118
80 126
80 127
80 128
80 131
80 132
80 134
80 136
80 137
80 142
80 143
80 151
80 153
81 88
81 89
81 91
81 95
81 99
81 100
81 107
81 111
81 116
81 118
81 124
81 127
81 132
81 134
81 135
81 136
81 144
81 146
81 153
82 86
82 94
82 96
82 103
82 105
82 108
82 110
82 112
82 116
82 122
82 125
82 131
82 134
82 139
82 140
82 143
82 146
82 147
82 150
83 88
83 89
83 90
83 92
83 93
83 97
83 98
83 100
83 101
83 104
83 106
83 107
83 110
83 113
83 114
83 115
83 117
83 120
83 121
83 122
83 124
83 127
83 128
83 129
83 130
83 131
83 132
83 133
83 139
83 143
83 150
83 151
83 154
84 88
84 90
84 92
84 97
84 102
84 103
84 109
84 110
84 112
84 117
84 118
84 121
84 122
84 123
84 125
84 126
84 129
84 133
84 135
84 136
84 140
84 144
84 145
84 151
84 154
85 86
85 93
85 97
85 98
85 99
85 101
85 106
85 107
85 110
85 113
85 119
85 125
85 130
85 131
85 132
85 133
85 135
85 136
85 141
85 144
85 145
85 146
85 147
85 148
85 149
85 152
85 154
86 89
86 90
86 92
86 93
86 100
86 103
86 106
86 109
86 119
86 120
86 122
86 127
86 128
86 129
86 135
86 140
86 142
86 144
86 147
86 148
87 88
87 89
87 96
87 103
87 108
87 111
87 113
87 114
87 116
87 117
87 122
87 123
87 124
87 129
87 139
87 143
87 144
87 145
87 146
87 151
88 94
88 103
88 105
88 106
88 107
88 111
88 112
88 113
88 115
88 116
88 120
88 121
88 124
88 126
88 127
88 131
88 136
88 139
88 141
88 142
88 143
88 145
88 148
88 149
89 96
89 97
89 102
89 103
89 104
89 105
89 116
89 118
89 119
89 125
89 128
89 130
89 131
89 134
89 136
89 142
89 147
89 151
89 153
90 91
90 97
90 98
90 103
90 106
90 112
90 113
90 117
90 122
90 123
90 124
90 125
90 126
90 128
90 129
90 130
90 131
90 135
90 136
90 138
90 140
90 144
90 148
90 152
91 92
91 102
91 103
91 107
91 109
91 112
91 113
91 116
91 118
91 119
91 124
91 127
91 128
91 131
91 132
91 134
91 142
91 149
91 150
91 154
92 95
92 98
92 99
92 101
92 102
92 112
92 113
92 118
92 120
92 124
92 127
92 134
92 137
92 142
92 144
92 147
92 148
92 151
92 152
93 96
93 103
93 104
93 105
93 106
93 110
93 112
93 113
93 117
93 118
93 120
93 121
93 122
93 125
93 126
93 128
93 131
93 132
93 134
93 135
93 136
93 137
93 145
93 146
93 148
93 150
93 151
93 153
94 95
94 105
94 111
94 115
94 117
94 118
94 120
94 121
94 124
94 125
94 126
94 132
94 134
94 136
94 138
94 142
94 148
94 151
94 152
94 154
95 98
95 100
95 101
95 102
95 103
95 104
95 105
95 113
95 118
95 119
95 120
95 122
95 124
95 126
95 130
95 131
95 132
95 134
95 139
95 147
95 148
95 151
95 152
95 153
95 154
96 98
96 100
96 102
96 104
96 109
96 118
96 124
96 126
96 127
96 128
96 129
96 130
96 132
96 134
96 135
96 138
96 143
97 99
97 102
97 105
97 108
97 109
97 110
97 117
97 118
97 120
97 126
97 129
97 131
97 136
97 137
97 138
97 139
97 142
97 143
97 146
97 148
97 151
97 152
97 154
98 99
98 101
98 105
98 108
98 109
98 110
98 111
98 113
98 119
98 124
98 129
98 130
98 132
98 133
98 134
98 135
98 137
98 138
98 143
98 145
98 152
98 153
99 100
99 105
99 109
99 115
99 117
99 118
99 119
99 123
99 126
99 127
99 128
99 132
99 138
99 147
100 104
100 112
100 114
100 119
100 122
100 129
100 130
100 132
100 134
100 137
100 138
100 143
100 144
100 147
100 151
101 105
101 108
101 110
101 111
101 113
101 114
101 115
101 117
101 123
101 128
101 133
101 135
101 138
101 140
101 141
101 142
101 143
101 147
101 150
101 153
101 154
102 104
102 105
102 109
102 118
102 122
102 123
102 124
102 125
102 133
102 134
102 135
102 139
102 144
102 145
102 146
102 149
102 150
103 105
103 109
103 111
103 113
103 122
103 124
103 130
103 131
103 133
103 134
104 109
104 111
104 112
104 114
104 115
104 120
104 122
104 129
104 130
104 131
104 132
104 133
104 141
104 145
104 146
104 147
104 152
105 112
105 115
105 116
105 118
105 124
105 126
105 127
105 130
105 134
105 135
105 136
105 140
105 141
105 143
105 145
105 147
105 149
105 151
106 107
106 108
106 112
106 114
106 117
106 120
106 121
106 123
106 127
106 128
106 131
106 132
106 133
106 141
106 142
106 143
106 144
106 146
106 148
106 150
107 109
107 111
107 116
107 117
107 119
107 127
107 132
107 133
107 134
107 135
107 142
107 146
107 148
108 109
108 112
108 120
108 121
108 123
108 124
108 125
108 126
108 130
108 131
108 134
108 139
108 147
108 154
109 111
109 123
109 128
109 129
109 131
109 138
109 140
109 145
109 146
109 151
109 152
110 117
110 118
110 121
110 123
110 124
110 125
110 133
110 138
110 139
110 142
110 144
110 147
110 149
110 150
111 112
111 114
111 115
111 116
111 117
111 118
111 119
111 121
111 127
111 131
111 137
111 138
111 143
111 152
111 153
112 114
112 116
112 119
112 125
112 127
112 131
112 133
112 134
112 138
112 140
112 141
112 143
112 148
112 149
113 115
113 117
113 119
113 123
113 125
113 126
113 135
113 137
113 138
113 139
113 141
113 147
113 148
114 118
114 121
114 124
114 136
114 139
114 141
114 146
114 151
114 152
115 121
115 125
115 126
115 132
115 135
115 140
115 145
115 148
115 149
115 152
115 153
116 117
116 124
116 126
116 127
116 128
116 132
116 133
116 136
116 139
116 143
116 145
116 147
116 153
116 154
117 120
117 123
117 129
117 131
117 132
117 135
117 138
117 146
117 148
118 121
118 123
118 125
118 126
118 128
118 130
118 131
118 133
118 134
118 135
118 136
118 141
118 143
118 146
119 127
119 129
119 131
119 132
119 136
119 138
119 144
119 146
119 147
119 152
119 153
120 122
120 124
120 126
120 128
120 130
120 134
120 138
120 141
120 142
120 143
120 147
120 151
120 153
121 122
121 129
121 136
121 138
121 141
121 142
121 143
121 144
121 146
121 147
121 149
121 150
121 151
121 153
122 123
122 124
122 126
122 132
122 135
122 136
122 138
122 142
122 145
122 147
122 148
122 153
123 125
123 126
123 127
123 128
123 130
123 132
123 134
123 139
123 140
123 145
123 149
123 152
124 128
124 131
124 134
124 137
124 139
124 140
124 142
124 145
124 147
124 148
124 151
124 153
124 154
125 133
125 135
125 138
125 139
125 141
125 144
125 145
125 147
126 127
126 128
126 129
126 130
126 135
126 136
126 139
126 140
126 145
126 152
127 129
127 130
127 131
127 135
127 136
127 138
127 139
127 140
127 143
127 148
127 150
127 153
128 130
128 131
128 136
128 138
128 140
128 145
128 147
128 151
128 152
129 131
129 132
129 133
129 134
129 135
129 139
129 140
129 152
129 154
130 133
130 134
130 141
130 144
130 152
130 153
131 133
131 134
131 136
131 137
131 138
131 139
131 140
131 143
131 145
131 148
131 149
131 152
131 153
131 154
132 136
132 137
132 141
132 142
132 144
132 151
132 154
133 135
133 136
133 140
133 145
133 146
133 148
133 149
133 150
133 151
133 152
134 135
134 137
134 138
134 140
134 141
134 142
134 143
134 146
134 147
134 151
134 153
134 154
135 138
135 143
135 150
135 153
136 138
136 141
136 143
136 147
136 150
136 153
137 138
137 142
137 143
137 149
137 151
137 153
138 143
138 147
138 148
138 152
138 153
139 140
139 141
139 143
139 144
139 152
140 146
140 147
140 148
141 142
141 143
141 144
141 147
141 152
142 144
142 146
142 147
142 153
143 144
143 148
143 150
144 149
145 147
145 149
145 150
145 151
145 152
145 154
146 150
146 152
147 153
148 151
149 151
149 152
150 151
151 152
151 153
153 154
