185 7575
0 7
0 8
0 9
0 10
0 11
0 13
0 14
0 15
0 22
0 27
0 29
0 31
0 33
0 35
0 37
0 38
0 41
0 43
0 45
0 46
0 48
0 53
0 54
0 55
0 56
0 57
0 60
0 65
0 68
0 70
0 80
0 85
0 86
0 92
0 93
0 96
0 99
0 101
0 102
0 103
0 108
0 110
0 111
0 113
0 116
0 121
0 122
0 123
0 124
0 127
0 128
0 131
0 133
0 135
0 137
0 142
0 147
0 149
0 150
0 156
0 160
0 165
0 166
0 167
0 172
0 174
0 180
0 181
0 184
1 3
1 6
1 7
1 12
1 18
1 19
1 20
1 21
1 24
1 26
1 29
1 30
1 32
1 34
1 35
1 36
1 37
1 41
1 44
1 45
1 47
1 51
1 52
1 54
1 58
1 59
1 60
1 62
1 63
1 67
1 70
1 71
1 73
1 75
1 79
1 80
1 81
1 84
1 85
1 88
1 89
1 90
1 91
1 92
1 93
1 95
1 97
1 98
1 99
1 100
1 101
1 102
1 103
1 104
1 105
1 109
1 111
1 116
1 117
1 118
1 119
1 120
1 125
1 126
1 127
1 129
1 130
1 133
1 134
1 135
1 142
1 143
1 144
1 146
1 147
1 150
1 153
1 157
1 160
1 163
1 166
1 171
1 173
1 178
1 180
1 183
2 4
2 7
2 9
2 12
2 14
2 16
2 17
2 27
2 28
2 30
2 31
2 36
2 37
2 38
2 39
2 40
2 41
2 42
2 44
2 52
2 54
2 55
2 56
2 58
2 61
2 63
2 64
2 65
2 67
2 70
2 73
2 75
2 77
2 78
2 79
2 82
2 85
2 88
2 89
2 95
2 96
2 99
2 100
2 101
2 102
2 105
2 106
2 107
2 108
2 112
2 113
2 114
2 116
2 117
2 119
2 121
2 122
2 124
2 125
2 126
2 127
2 128
2 129
2 131
2 132
2 133
2 136
2 137
2 139
2 141
2 147
2 149
2 150
2 153
2 154
2 157
2 158
2 159
2 163
2 164
2 166
2 170
2 171
2 172
2 173
2 176
2 181
2 183
3 5
3 8
3 10
3 13
3 17
3 18
3 21
3 30
3 31
3 35
3 37
3 39
3 43
3 46
3 47
3 49
3 53
3 55
3 59
3 63
3 67
3 69
3 72
3 74
3 75
3 76
3 82
3 84
3 86
3 87
3 90
3 92
3 95
3 96
3 98
3 99
3 100
3 101
3 107
3 109
3 110
3 114
3 120
3 121
3 122
3 123
3 125
3 126
3 127
3 128
3 129
3 142
3 145
3 150
3 152
3 154
3 156
3 157
3 160
3 161
3 165
3 166
3 167
3 169
3 173
3 174
3 175
3 179
3 180
3 181
3 182
3 183
4 6
4 7
4 11
4 17
4 24
4 28
4 30
4 32
4 33
4 36
4 41
4 42
4 43
4 44
4 45
4 46
4 47
4 48
4 51
4 55
4 60
4 63
4 64
4 65
4 67
4 70
4 71
4 73
4 74
4 78
4 79
4 80
4 81
4 82
4 85
4 86
4 88
4 90
4 92
4 93
4 96
4 97
4 98
4 99
4 109
4 110
4 120
4 122
4 127
4 128
4 130
4 131
4 134
4 136
4 138
4 146
4 147
4 154
4 157
4 159
4 162
4 166
4 168
4 171
4 176
4 177
4 178
4 183
5 6
5 9
5 11
5 15
5 22
5 24
5 25
5 26
5 29
5 30
5 37
5 40
5 45
5 46
5 47
5 49
5 50
5 51
5 52
5 54
5 58
5 62
5 63
5 64
5 68
5 69
5 71
5 72
5 74
5 77
5 80
5 81
5 82
5 83
5 84
5 87
5 88
5 91
5 92
5 95
5 99
5 102
5 108
5 109
5 110
5 114
5 117
5 119
5 122
5 125
5 127
5 128
5 131
5 134
5 135
5 140
5 145
5 146
5 147
5 148
5 149
5 151
5 153
5 158
5 159
5 160
5 162
5 163
5 164
5 168
5 170
5 172
5 174
5 176
5 177
5 178
5 180
6 11
6 12
6 13
6 14
6 16
6 21
6 23
6 24
6 26
6 27
6 29
6 31
6 32
6 35
6 38
6 39
6 41
6 49
6 51
6 56
6 58
6 62
6 65
6 67
6 68
6 76
6 77
6 79
6 80
6 83
6 85
6 87
6 91
6 92
6 93
6 95
6 96
6 97
6 98
6 100
6 101
6 105
6 107
6 108
6 110
6 113
6 114
6 115
6 119
6 123
6 124
6 128
6 129
6 130
6 133
6 134
6 136
6 137
6 138
6 140
6 141
6 142
6 144
6 145
6 146
6 148
6 150
6 151
6 154
6 160
6 164
6 165
6 166
6 167
6 169
6 171
6 173
6 174
6 175
6 178
6 179
6 181
7 8
7 10
7 11
7 12
7 15
7 18
7 21
7 24
7 25
7 28
7 31
7 43
7 46
7 51
7 53
7 54
7 55
7 56
7 57
7 58
7 59
7 60
7 62
7 70
7 71
7 72
7 73
7 74
7 75
7 76
7 77
7 78
7 79
7 80
7 82
7 83
7 84
7 85
7 86
7 95
7 96
7 99
7 102
7 103
7 104
7 105
7 107
7 108
7 110
7 112
7 113
7 114
7 115
7 117
7 122
7 124
7 126
7 127
7 128
7 129
7 136
7 137
7 138
7 139
7 140
7 145
7 148
7 149
7 150
7 152
7 154
7 155
7 158
7 163
7 168
7 169
7 172
7 173
7 178
7 179
7 181
7 182
8 10
8 12
8 18
8 19
8 20
8 22
8 24
8 25
8 26
8 29
8 32
8 37
8 39
8 40
8 41
8 42
8 44
8 45
8 46
8 47
8 49
8 63
8 65
8 67
8 71
8 78
8 82
8 83
8 85
8 86
8 88
8 97
8 99
8 102
8 103
8 105
8 107
8 111
8 113
8 116
8 122
8 124
8 131
8 132
8 136
8 137
8 138
8 141
8 147
8 149
8 151
8 152
8 154
8 155
8 158
8 159
8 161
8 162
8 164
8 165
8 169
8 170
8 171
8 172
8 182
9 11
9 12
9 13
9 14
9 16
9 17
9 18
9 21
9 22
9 24
9 25
9 32
9 34
9 35
9 38
9 45
9 46
9 48
9 54
9 56
9 58
9 59
9 64
9 66
9 70
9 71
9 72
9 76
9 86
9 91
9 101
9 103
9 105
9 107
9 109
9 110
9 111
9 112
9 113
9 115
9 116
9 119
9 123
9 125
9 126
9 132
9 134
9 137
9 139
9 142
9 146
9 148
9 150
9 156
9 157
9 158
9 161
9 162
9 163
9 165
9 167
9 174
9 175
9 178
9 179
9 181
9 182
9 183
10 14
10 15
10 17
10 18
10 19
10 21
10 22
10 24
10 26
10 27
10 28
10 29
10 32
10 34
10 39
10 43
10 44
10 46
10 53
10 55
10 56
10 58
10 59
10 61
10 63
10 64
10 65
10 68
10 69
10 70
10 71
10 74
10 75
10 77
10 78
10 81
10 83
10 84
10 86
10 87
10 88
10 89
10 90
10 95
10 97
10 98
10 99
10 104
10 106
10 110
10 111
10 115
10 116
10 117
10 119
10 121
10 122
10 123
10 126
10 129
10 132
10 133
10 135
10 137
10 138
10 139
10 143
10 144
10 145
10 149
10 150
10 151
10 152
10 155
10 157
10 158
10 160
10 161
10 162
10 163
10 165
10 168
10 170
10 171
10 173
10 175
10 177
10 179
10 181
10 182
11 12
11 13
11 14
11 19
11 20
11 21
11 22
11 24
11 25
11 26
11 32
11 33
11 37
11 41
11 42
11 43
11 47
11 50
11 51
11 52
11 56
11 58
11 60
11 63
11 67
11 70
11 71
11 74
11 78
11 79
11 80
11 83
11 87
11 89
11 90
11 92
11 93
11 95
11 98
11 103
11 107
11 108
11 115
11 116
11 117
11 120
11 121
11 122
11 123
11 126
11 127
11 128
11 130
11 135
11 138
11 139
11 144
11 145
11 148
11 149
11 150
11 153
11 156
11 159
11 160
11 161
11 163
11 164
11 166
11 174
11 178
11 181
11 183
12 13
12 14
12 18
12 23
12 24
12 25
12 30
12 31
12 40
12 41
12 43
12 45
12 46
12 50
12 52
12 53
12 60
12 64
12 65
12 67
12 68
12 72
12 76
12 78
12 79
12 81
12 83
12 88
12 95
12 96
12 97
12 100
12 101
12 107
12 108
12 109
12 110
12 111
12 112
12 113
12 114
12 116
12 118
12 119
12 123
12 126
12 127
12 129
12 131
12 132
12 133
12 134
12 136
12 140
12 143
12 145
12 146
12 148
12 150
12 151
12 153
12 157
12 160
12 161
12 163
12 164
12 165
12 169
12 171
12 172
12 175
12 176
12 177
12 179
12 180
12 181
12 182
12 184
13 14
13 16
13 17
13 18
13 20
13 23
13 24
13 29
13 31
13 32
13 34
13 35
13 36
13 40
13 42
13 44
13 47
13 48
13 51
13 54
13 58
13 59
13 63
13 64
13 66
13 67
13 69
13 70
13 74
13 75
13 76
13 77
13 82
13 85
13 86
13 87
13 88
13 89
13 91
13 94
13 95
13 96
13 97
13 100
13 102
13 106
13 112
13 117
13 118
13 119
13 120
13 122
13 124
13 126
13 128
13 130
13 131
13 133
13 134
13 136
13 138
13 142
13 144
13 145
13 146
13 152
13 155
13 161
13 164
13 165
13 167
13 168
13 169
13 173
13 178
13 179
13 180
13 184
14 18
14 20
14 25
14 26
14 29
14 30
14 32
14 33
14 34
14 35
14 37
14 43
14 44
14 45
14 46
14 47
14 48
14 50
14 51
14 52
14 53
14 55
14 57
14 59
14 60
14 61
14 62
14 67
14 68
14 69
14 76
14 78
14 79
14 80
14 81
14 82
14 83
14 84
14 85
14 86
14 87
14 88
14 89
14 92
14 94
14 95
14 98
14 99
14 100
14 103
14 104
14 105
14 107
14 109
14 111
14 114
14 115
14 117
14 119
14 120
14 122
14 124
14 125
14 126
14 133
14 136
14 137
14 141
14 144
14 148
14 151
14 152
14 156
14 157
14 161
14 164
14 165
14 170
14 171
14 174
14 176
14 177
14 178
14 179
14 180
14 181
14 183
15 16
15 21
15 25
15 27
15 28
15 30
15 34
15 35
15 37
15 38
15 40
15 43
15 44
15 48
15 49
15 50
15 53
15 54
15 55
15 57
15 59
15 67
15 68
15 71
15 72
15 76
15 79
15 81
15 86
15 87
15 91
15 92
15 93
15 94
15 96
15 97
15 98
15 99
15 100
15 101
15 105
15 109
15 113
15 114
15 116
15 117
15 119
15 120
15 121
15 123
15 125
15 127
15 128
15 129
15 132
15 135
15 137
15 145
15 146
15 148
15 151
15 153
15 156
15 157
15 158
15 159
15 161
15 164
15 165
15 166
15 169
15 172
15 174
15 180
15 181
15 182
15 183
15 184
16 17
16 19
16 20
16 24
16 25
16 26
16 27
16 28
16 33
16 35
16 37
16 38
16 40
16 41
16 46
16 49
16 52
16 55
16 61
16 68
16 72
16 73
16 76
16 79
16 80
16 81
16 82
16 86
16 91
16 93
16 94
16 95
16 99
16 101
16 102
16 104
16 105
16 106
16 107
16 109
16 111
16 113
16 119
16 120
16 124
16 125
16 126
16 128
16 129
16 133
16 139
16 140
16 141
16 144
16 145
16 147
16 148
16 149
16 150
16 151
16 158
16 162
16 164
16 166
16 168
16 169
16 173
16 174
16 177
16 178
16 181
17 18
17 19
17 22
17 24
17 25
17 26
17 27
17 28
17 29
17 32
17 33
17 34
17 35
17 41
17 43
17 46
17 47
17 51
17 59
17 62
17 63
17 65
17 69
17 77
17 81
17 82
17 84
17 90
17 92
17 93
17 94
17 97
17 100
17 102
17 103
17 106
17 110
17 114
17 116
17 118
17 120
17 121
17 122
17 124
17 127
17 131
17 133
17 135
17 137
17 138
17 140
17 141
17 144
17 148
17 149
17 150
17 153
17 156
17 159
17 164
17 165
17 166
17 168
17 175
17 178
17 179
17 180
17 183
17 184
18 20
18 21
18 26
18 30
18 31
18 34
18 35
18 37
18 39
18 42
18 43
18 44
18 45
18 47
18 48
18 51
18 54
18 55
18 56
18 58
18 60
18 63
18 64
18 67
18 68
18 73
18 74
18 79
18 81
18 82
18 89
18 94
18 96
18 98
18 99
18 103
18 106
18 107
18 115
18 117
18 118
18 119
18 120
18 122
18 123
18 125
18 126
18 127
18 128
18 129
18 131
18 133
18 134
18 136
18 138
18 141
18 142
18 145
18 148
18 149
18 151
18 152
18 153
18 157
18 158
18 160
18 162
18 164
18 166
18 167
18 168
18 171
18 172
18 176
18 177
18 182
18 184
19 21
19 30
19 31
19 32
19 33
19 34
19 35
19 37
19 40
19 41
19 43
19 44
19 46
19 47
19 48
19 49
19 50
19 53
19 57
19 58
19 60
19 62
19 65
19 69
19 72
19 73
19 75
19 78
19 82
19 84
19 87
19 88
19 94
19 96
19 103
19 104
19 107
19 110
19 111
19 112
19 113
19 115
19 119
19 120
19 121
19 123
19 125
19 128
19 133
19 135
19 137
19 141
19 143
19 144
19 146
19 149
19 151
19 154
19 155
19 156
19 157
19 159
19 160
19 162
19 168
19 170
19 171
19 173
19 174
19 177
19 178
19 179
19 181
19 184
20 23
20 29
20 30
20 31
20 36
20 37
20 42
20 50
20 52
20 54
20 57
20 59
20 61
20 62
20 63
20 65
20 67
20 68
20 69
20 71
20 72
20 75
20 77
20 78
20 79
20 80
20 81
20 84
20 86
20 90
20 91
20 93
20 97
20 100
20 101
20 102
20 103
20 106
20 108
20 111
20 113
20 114
20 116
20 117
20 118
20 119
20 120
20 123
20 124
20 128
20 130
20 131
20 134
20 137
20 138
20 140
20 141
20 142
20 145
20 147
20 150
20 151
20 152
20 153
20 155
20 156
20 158
20 159
20 161
20 164
20 167
20 168
20 169
20 170
20 172
20 173
20 174
20 179
20 180
21 25
21 27
21 28
21 29
21 30
21 32
21 33
21 35
21 36
21 38
21 39
21 42
21 44
21 47
21 48
21 49
21 53
21 54
21 58
21 62
21 63
21 65
21 67
21 68
21 70
21 71
21 73
21 76
21 77
21 79
21 81
21 82
21 85
21 86
21 87
21 88
21 90
21 91
21 93
21 94
21 95
21 101
21 102
21 107
21 108
21 109
21 112
21 116
21 119
21 121
21 125
21 129
21 131
21 133
21 138
21 139
21 140
21 143
21 147
21 153
21 162
21 168
21 171
21 173
21 177
21 178
21 180
22 24
22 25
22 26
22 28
22 32
22 33
22 38
22 39
22 40
22 50
22 54
22 55
22 56
22 58
22 59
22 62
22 63
22 68
22 74
22 75
22 77
22 78
22 79
22 83
22 84
22 85
22 87
22 89
22 92
22 93
22 94
22 95
22 96
22 105
22 106
22 109
22 111
22 112
22 119
22 121
22 123
22 128
22 129
22 130
22 134
22 137
22 138
22 139
22 140
22 142
22 147
22 148
22 150
22 155
22 163
22 164
22 169
22 170
22 171
22 173
22 175
22 183
22 184
23 26
23 30
23 31
23 32
23 37
23 41
23 42
23 46
23 50
23 53
23 54
23 56
23 57
23 65
23 70
23 74
23 75
23 76
23 77
23 79
23 80
23 84
23 88
23 90
23 91
23 92
23 95
23 96
23 99
23 103
23 105
23 107
23 108
23 109
23 110
23 111
23 113
23 115
23 116
23 117
23 120
23 123
23 127
23 128
23 129
23 130
23 131
23 132
23 135
23 136
23 137
23 138
23 142
23 143
23 145
23 152
23 155
23 157
23 158
23 162
23 163
23 164
23 165
23 175
23 181
23 182
23 183
24 25
24 28
24 30
24 31
24 35
24 37
24 39
24 43
24 46
24 49
24 51
24 52
24 55
24 61
24 62
24 67
24 69
24 70
24 71
24 74
24 78
24 86
24 87
24 89
24 90
24 91
24 92
24 98
24 102
24 103
24 107
24 111
24 113
24 117
24 118
24 119
24 121
24 123
24 124
24 127
24 129
24 131
24 134
24 135
24 136
24 137
24 141
24 142
24 144
24 147
24 154
24 155
24 156
24 157
24 162
24 163
24 166
24 168
24 169
24 172
24 174
24 175
24 176
24 177
24 178
24 179
24 180
24 182
24 183
24 184
25 27
25 29
25 30
25 32
25 33
25 34
25 37
25 38
25 41
25 42
25 44
25 45
25 46
25 48
25 49
25 51
25 52
25 53
25 54
25 55
25 59
25 61
25 63
25 66
25 68
25 70
25 75
25 77
25 78
25 79
25 85
25 87
25 88
25 90
25 93
25 96
25 99
25 101
25 108
25 109
25 111
25 113
25 116
25 118
25 119
25 120
25 124
25 125
25 126
25 127
25 128
25 129
25 131
25 133
25 134
25 136
25 139
25 140
25 143
25 145
25 150
25 151
25 152
25 153
25 156
25 157
25 159
25 163
25 167
25 168
25 171
25 175
25 183
26 35
26 36
26 38
26 42
26 45
26 48
26 49
26 50
26 59
26 60
26 61
26 65
26 68
26 73
26 75
26 76
26 80
26 82
26 84
26 85
26 86
26 87
26 90
26 93
26 97
26 98
26 102
26 107
26 110
26 111
26 112
26 115
26 119
26 120
26 121
26 125
26 126
26 130
26 131
26 137
26 139
26 140
26 145
26 146
26 148
26 149
26 151
26 154
26 159
26 160
26 162
26 164
26 165
26 166
26 168
26 171
26 174
26 177
26 178
26 183
27 29
27 30
27 31
27 33
27 36
27 37
27 38
27 39
27 44
27 47
27 50
27 52
27 55
27 56
27 57
27 58
27 59
27 62
27 64
27 65
27 70
27 72
27 73
27 76
27 77
27 78
27 79
27 80
27 81
27 84
27 92
27 93
27 94
27 100
27 103
27 105
27 106
27 108
27 115
27 118
27 120
27 121
27 124
27 125
27 126
27 128
27 129
27 130
27 131
27 133
27 134
27 135
27 138
27 139
27 141
27 142
27 143
27 144
27 145
27 146
27 150
27 152
27 154
27 155
27 158
27 159
27 163
27 164
27 165
27 173
27 174
27 175
27 176
27 177
27 179
27 180
28 29
28 30
28 31
28 32
28 34
28 38
28 39
28 40
28 44
28 45
28 46
28 51
28 52
28 55
28 57
28 59
28 63
28 65
28 66
28 68
28 70
28 73
28 74
28 75
28 83
28 84
28 87
28 88
28 89
28 91
28 93
28 95
28 98
28 99
28 104
28 108
28 109
28 112
28 113
28 114
28 120
28 121
28 123
28 124
28 126
28 127
28 132
28 136
28 138
28 139
28 140
28 141
28 147
28 149
28 152
28 154
28 158
28 159
28 162
28 168
28 169
28 172
28 175
28 177
28 180
28 181
28 182
28 183
29 30
29 34
29 35
29 36
29 40
29 41
29 42
29 46
29 47
29 48
29 49
29 50
29 51
29 52
29 54
29 56
29 57
29 59
29 66
29 67
29 68
29 71
29 77
29 78
29 79
29 81
29 82
29 83
29 84
29 88
29 89
29 90
29 91
29 94
29 95
29 96
29 97
29 98
29 101
29 102
29 105
29 106
29 107
29 108
29 109
29 110
29 111
29 113
29 114
29 117
29 118
29 129
29 130
29 131
29 134
29 135
29 136
29 139
29 144
29 146
29 147
29 152
29 154
29 156
29 160
29 162
29 163
29 166
29 168
29 174
29 175
29 179
29 180
29 181
29 183
29 184
30 34
30 35
30 36
30 38
30 39
30 43
30 44
30 45
30 46
30 47
30 48
30 49
30 50
30 54
30 55
30 58
30 59
30 65
30 68
30 69
30 73
30 76
30 78
30 81
30 82
30 83
30 85
30 86
30 89
30 90
30 91
30 97
30 98
30 99
30 100
30 103
30 106
30 109
30 110
30 111
30 114
30 115
30 120
30 122
30 123
30 126
30 127
30 128
30 129
30 130
30 134
30 135
30 142
30 143
30 144
30 147
30 149
30 150
30 151
30 153
30 158
30 159
30 162
30 164
30 167
30 168
30 172
30 173
30 174
30 176
30 180
30 181
30 182
30 183
30 184
31 35
31 36
31 40
31 41
31 46
31 51
31 53
31 55
31 57
31 58
31 60
31 61
31 64
31 66
31 67
31 71
31 72
31 74
31 75
31 77
31 80
31 82
31 84
31 85
31 88
31 89
31 90
31 91
31 92
31 94
31 96
31 101
31 102
31 103
31 105
31 106
31 107
31 109
31 110
31 113
31 116
31 118
31 119
31 122
31 130
31 131
31 136
31 140
31 142
31 143
31 145
31 146
31 147
31 152
31 157
31 159
31 160
31 162
31 171
31 173
31 176
31 177
31 179
31 184
32 35
32 38
32 39
32 45
32 47
32 50
32 52
32 53
32 57
32 59
32 61
32 62
32 63
32 65
32 69
32 71
32 78
32 81
32 83
32 84
32 85
32 88
32 89
32 90
32 91
32 97
32 98
32 99
32 101
32 103
32 107
32 108
32 110
32 111
32 113
32 115
32 116
32 125
32 126
32 130
32 131
32 133
32 134
32 136
32 138
32 141
32 142
32 144
32 145
32 146
32 148
32 149
32 153
32 154
32 155
32 159
32 161
32 164
32 170
32 173
32 175
32 179
32 182
32 183
32 184
33 35
33 36
33 37
33 38
33 47
33 50
33 51
33 53
33 54
33 55
33 56
33 57
33 58
33 60
33 65
33 67
33 70
33 71
33 73
33 74
33 75
33 78
33 83
33 86
33 88
33 89
33 90
33 94
33 98
33 101
33 104
33 109
33 111
33 112
33 116
33 117
33 120
33 121
33 122
33 125
33 127
33 129
33 131
33 135
33 137
33 140
33 142
33 146
33 149
33 150
33 151
33 153
33 154
33 155
33 156
33 157
33 158
33 159
33 161
33 163
33 164
33 165
33 168
33 170
33 171
33 172
33 174
33 175
33 176
33 184
34 35
34 38
34 41
34 42
34 44
34 45
34 49
34 51
34 53
34 57
34 68
34 73
34 74
34 77
34 78
34 79
34 85
34 90
34 93
34 94
34 96
34 97
34 102
34 104
34 105
34 107
34 110
34 112
34 117
34 120
34 121
34 123
34 124
34 126
34 127
34 130
34 131
34 132
34 133
34 134
34 135
34 137
34 142
34 143
34 145
34 146
34 147
34 148
34 149
34 151
34 156
34 157
34 159
34 160
34 161
34 162
34 163
34 164
34 166
34 167
34 168
34 169
34 170
34 171
34 172
34 176
34 177
34 179
35 38
35 41
35 42
35 44
35 46
35 47
35 48
35 51
35 52
35 53
35 56
35 60
35 62
35 63
35 64
35 72
35 73
35 77
35 78
35 79
35 80
35 82
35 86
35 90
35 92
35 98
35 99
35 100
35 101
35 102
35 103
35 104
35 108
35 109
35 111
35 112
35 115
35 118
35 122
35 123
35 125
35 128
35 129
35 132
35 134
35 138
35 139
35 140
35 141
35 147
35 149
35 150
35 153
35 154
35 155
35 160
35 161
35 162
35 166
35 167
35 169
35 170
35 172
35 173
35 174
35 175
35 176
35 177
35 179
35 181
35 182
36 38
36 41
36 42
36 43
36 49
36 50
36 51
36 54
36 58
36 59
36 61
36 62
36 64
36 66
36 67
36 72
36 74
36 77
36 78
36 79
36 81
36 82
36 84
36 85
36 86
36 88
36 92
36 93
36 95
36 96
36 98
36 100
36 101
36 108
36 109
36 113
36 115
36 116
36 117
36 119
36 123
36 124
36 128
36 133
36 134
36 135
36 137
36 139
36 142
36 145
36 146
36 147
36 148
36 150
36 153
36 154
36 157
36 160
36 161
36 163
36 164
36 168
36 170
36 171
36 172
36 173
36 174
36 175
36 176
36 179
36 181
36 182
36 183
36 184
37 42
37 43
37 44
37 45
37 46
37 48
37 49
37 53
37 55
37 56
37 57
37 60
37 61
37 62
37 65
37 66
37 67
37 69
37 70
37 71
37 76
37 79
37 80
37 83
37 84
37 85
37 88
37 90
37 92
37 95
37 97
37 100
37 101
37 102
37 110
37 111
37 114
37 115
37 117
37 121
37 124
37 126
37 127
37 129
37 131
37 132
37 133
37 134
37 136
37 137
37 140
37 145
37 149
37 150
37 151
37 152
37 153
37 154
37 155
37 158
37 160
37 162
37 165
37 166
37 169
37 170
37 172
37 174
37 176
37 180
37 181
37 182
37 183
38 39
38 40
38 45
38 49
38 50
38 52
38 55
38 61
38 63
38 68
38 70
38 75
38 76
38 77
38 78
38 83
38 89
38 90
38 91
38 92
38 93
38 95
38 96
38 97
38 103
38 104
38 105
38 108
38 111
38 113
38 117
38 119
38 120
38 122
38 123
38 124
38 126
38 127
38 131
38 137
38 142
38 147
38 148
38 152
38 158
38 159
38 160
38 161
38 164
38 165
38 167
38 170
38 172
38 173
38 174
38 175
38 178
38 182
38 183
38 184
39 41
39 43
39 46
39 54
39 55
39 57
39 58
39 60
39 61
39 62
39 64
39 66
39 67
39 69
39 72
39 74
39 76
39 77
39 78
39 79
39 82
39 84
39 94
39 96
39 101
39 102
39 105
39 106
39 109
39 110
39 112
39 114
39 115
39 116
39 117
39 119
39 120
39 122
39 123
39 126
39 127
39 128
39 129
39 132
39 133
39 134
39 135
39 137
39 138
39 139
39 141
39 144
39 145
39 146
39 149
39 153
39 154
39 157
39 159
39 160
39 161
39 162
39 163
39 166
39 168
39 169
39 170
39 171
39 173
39 176
39 177
39 178
40 41
40 42
40 50
40 53
40 54
40 61
40 63
40 66
40 70
40 71
40 72
40 73
40 75
40 76
40 79
40 80
40 86
40 94
40 95
40 96
40 97
40 98
40 104
40 106
40 108
40 112
40 113
40 116
40 118
40 119
40 123
40 124
40 126
40 129
40 130
40 131
40 133
40 136
40 137
40 138
40 139
40 140
40 141
40 144
40 146
40 147
40 149
40 151
40 152
40 155
40 158
40 160
40 161
40 162
40 163
40 164
40 165
40 167
40 168
40 169
40 171
40 172
40 175
40 176
40 180
40 181
40 183
41 45
41 46
41 49
41 50
41 52
41 55
41 56
41 57
41 58
41 59
41 61
41 62
41 63
41 65
41 66
41 67
41 71
41 73
41 76
41 78
41 79
41 88
41 92
41 93
41 96
41 97
41 98
41 100
41 103
41 105
41 107
41 108
41 112
41 116
41 117
41 118
41 123
41 124
41 132
41 134
41 137
41 138
41 142
41 148
41 149
41 152
41 154
41 155
41 158
41 163
41 165
41 167
41 171
41 175
41 178
41 179
41 182
41 183
42 45
42 46
42 47
42 51
42 53
42 54
42 55
42 56
42 57
42 60
42 62
42 63
42 68
42 71
42 72
42 73
42 74
42 77
42 78
42 82
42 85
42 87
42 91
42 94
42 95
42 98
42 100
42 101
42 106
42 107
42 108
42 110
42 112
42 113
42 115
42 118
42 119
42 120
42 121
42 122
42 123
42 124
42 125
42 127
42 128
42 129
42 134
42 136
42 138
42 142
42 143
42 144
42 145
42 147
42 148
42 149
42 151
42 155
42 159
42 162
42 164
42 166
42 167
42 171
42 172
42 174
42 175
42 176
42 179
42 180
42 181
42 183
43 44
43 45
43 46
43 48
43 54
43 55
43 56
43 57
43 58
43 59
43 60
43 61
43 62
43 65
43 68
43 70
43 74
43 78
43 80
43 83
43 84
43 86
43 88
43 89
43 92
43 93
43 94
43 99
43 103
43 105
43 108
43 113
43 114
43 116
43 117
43 118
43 120
43 121
43 122
43 125
43 127
43 129
43 130
43 131
43 136
43 140
43 142
43 151
43 152
43 153
43 157
43 159
43 165
43 169
43 176
43 178
43 179
43 181
43 184
44 45
44 48
44 50
44 53
44 54
44 55
44 56
44 57
44 61
44 64
44 66
44 68
44 71
44 74
44 76
44 79
44 80
44 83
44 86
44 88
44 91
44 92
44 94
44 96
44 98
44 100
44 101
44 103
44 104
44 108
44 110
44 114
44 117
44 120
44 121
44 122
44 123
44 124
44 127
44 132
44 139
44 140
44 143
44 147
44 149
44 155
44 160
44 161
44 162
44 167
44 168
44 170
44 172
44 181
44 183
45 46
45 48
45 50
45 52
45 53
45 54
45 61
45 64
45 65
45 66
45 67
45 69
45 70
45 72
45 73
45 77
45 79
45 81
45 83
45 85
45 86
45 88
45 89
45 91
45 94
45 96
45 97
45 100
45 101
45 103
45 106
45 107
45 110
45 113
45 116
45 119
45 124
45 126
45 134
45 135
45 136
45 137
45 138
45 140
45 142
45 143
45 144
45 145
45 147
45 150
45 156
45 157
45 159
45 161
45 162
45 163
45 173
45 174
45 178
45 180
45 183
45 184
46 47
46 52
46 53
46 54
46 55
46 56
46 58
46 59
46 60
46 61
46 62
46 65
46 66
46 67
46 72
46 74
46 76
46 77
46 78
46 79
46 81
46 82
46 83
46 84
46 85
46 86
46 87
46 90
46 92
46 93
46 94
46 96
46 100
46 101
46 103
46 104
46 106
46 107
46 109
46 111
46 112
46 114
46 115
46 120
46 121
46 123
46 126
46 131
46 137
46 138
46 140
46 141
46 143
46 144
46 148
46 152
46 153
46 154
46 155
46 156
46 157
46 159
46 161
46 163
46 164
46 166
46 167
46 168
46 169
46 171
46 174
46 176
46 177
46 180
46 181
47 49
47 51
47 52
47 56
47 57
47 60
47 61
47 62
47 63
47 64
47 71
47 73
47 74
47 75
47 77
47 80
47 82
47 95
47 96
47 97
47 99
47 100
47 101
47 103
47 106
47 108
47 109
47 112
47 113
47 115
47 116
47 118
47 119
47 120
47 121
47 125
47 127
47 128
47 129
47 131
47 133
47 135
47 138
47 142
47 148
47 151
47 153
47 166
47 168
47 169
47 170
47 173
47 174
47 175
47 176
47 181
47 182
47 183
47 184
48 50
48 51
48 54
48 57
48 59
48 60
48 61
48 62
48 64
48 67
48 68
48 69
48 70
48 74
48 80
48 81
48 83
48 84
48 86
48 88
48 91
48 94
48 103
48 104
48 105
48 107
48 111
48 112
48 114
48 115
48 116
48 118
48 123
48 127
48 131
48 132
48 133
48 137
48 138
48 139
48 143
48 144
48 146
48 149
48 150
48 152
48 154
48 155
48 156
48 158
48 159
48 165
48 168
48 169
48 171
48 173
48 174
48 175
48 176
48 178
48 182
49 50
49 54
49 55
49 58
49 60
49 61
49 62
49 63
49 64
49 67
49 73
49 75
49 80
49 82
49 83
49 84
49 86
49 89
49 91
49 93
49 96
49 97
49 100
49 103
49 105
49 108
49 110
49 111
49 112
49 114
49 117
49 118
49 120
49 122
49 128
49 129
49 131
49 132
49 133
49 134
49 136
49 143
49 144
49 150
49 155
49 157
49 158
49 160
49 161
49 164
49 165
49 166
49 167
49 172
49 175
49 178
49 180
49 181
50 51
50 54
50 55
50 56
50 57
50 58
50 59
50 61
50 63
50 64
50 65
50 69
50 70
50 77
50 83
50 84
50 85
50 86
50 87
50 91
50 92
50 94
50 97
50 100
50 105
50 107
50 108
50 109
50 114
50 116
50 117
50 118
50 122
50 125
50 130
50 132
50 134
50 135
50 138
50 139
50 141
50 143
50 144
50 147
50 150
50 151
50 153
50 154
50 157
50 158
50 160
50 161
50 163
50 169
50 171
50 172
50 175
50 180
50 182
50 184
51 52
51 54
51 55
51 59
51 60
51 64
51 65
51 69
51 73
51 76
51 77
51 78
51 79
51 85
51 88
51 89
51 91
51 92
51 96
51 97
51 99
51 100
51 101
51 102
51 105
51 106
51 107
51 108
51 111
51 112
51 113
51 114
51 116
51 118
51 120
51 126
51 127
51 129
51 131
51 135
51 141
51 142
51 143
51 144
51 145
51 148
51 150
51 151
51 156
51 160
51 161
51 162
51 163
51 164
51 165
51 167
51 169
51 171
51 172
51 180
51 182
51 184
52 53
52 54
52 63
52 65
52 67
52 70
52 71
52 73
52 77
52 78
52 79
52 80
52 81
52 82
52 83
52 85
52 87
52 88
52 91
52 94
52 95
52 96
52 97
52 98
52 103
52 106
52 107
52 110
52 111
52 116
52 117
52 118
52 120
52 121
52 122
52 126
52 127
52 128
52 135
52 136
52 139
52 143
52 145
52 147
52 148
52 149
52 151
52 152
52 153
52 155
52 156
52 161
52 162
52 163
52 164
52 166
52 169
52 170
52 173
52 176
52 177
52 178
52 180
53 54
53 56
53 58
53 59
53 62
53 65
53 66
53 68
53 70
53 72
53 74
53 76
53 79
53 80
53 81
53 82
53 83
53 85
53 88
53 92
53 93
53 94
53 96
53 98
53 100
53 106
53 108
53 109
53 110
53 111
53 114
53 115
53 116
53 121
53 122
53 123
53 130
53 134
53 136
53 140
53 141
53 142
53 144
53 145
53 147
53 149
53 150
53 155
53 160
53 165
53 166
53 167
53 169
53 173
53 175
53 176
53 181
53 183
54 57
54 61
54 65
54 67
54 69
54 72
54 74
54 75
54 81
54 82
54 83
54 85
54 86
54 90
54 94
54 98
54 99
54 100
54 108
54 109
54 110
54 111
54 115
54 117
54 119
54 121
54 122
54 123
54 126
54 127
54 128
54 131
54 132
54 136
54 141
54 144
54 146
54 149
54 151
54 152
54 154
54 155
54 157
54 158
54 163
54 166
54 167
54 175
54 177
54 181
54 182
54 183
54 184
55 56
55 59
55 61
55 65
55 68
55 71
55 74
55 76
55 78
55 79
55 80
55 81
55 83
55 86
55 87
55 92
55 94
55 99
55 106
55 109
55 113
55 118
55 122
55 123
55 125
55 127
55 133
55 134
55 143
55 145
55 147
55 149
55 150
55 154
55 155
55 156
55 158
55 159
55 160
55 163
55 165
55 166
55 170
55 171
55 175
55 176
55 179
55 181
55 182
56 57
56 60
56 61
56 62
56 66
56 68
56 69
56 70
56 72
56 76
56 77
56 78
56 81
56 84
56 90
56 95
56 98
56 99
56 100
56 102
56 103
56 104
56 105
56 107
56 110
56 111
56 112
56 114
56 115
56 116
56 120
56 125
56 127
56 131
56 132
56 138
56 139
56 140
56 141
56 142
56 143
56 147
56 151
56 152
56 153
56 154
56 155
56 158
56 159
56 161
56 162
56 164
56 168
56 173
56 174
56 178
56 180
56 184
57 59
57 60
57 61
57 62
57 63
57 66
57 70
57 71
57 73
57 74
57 75
57 76
57 79
57 80
57 82
57 84
57 87
57 90
57 91
57 94
57 99
57 100
57 104
57 106
57 108
57 114
57 117
57 118
57 121
57 123
57 124
57 128
57 140
57 142
57 143
57 144
57 146
57 153
57 158
57 159
57 160
57 162
57 163
57 166
57 167
57 168
57 170
57 172
57 175
57 177
57 179
57 180
57 181
57 183
57 184
58 60
58 66
58 67
58 72
58 74
58 76
58 79
58 83
58 86
58 88
58 90
58 91
58 96
58 101
58 104
58 106
58 110
58 112
58 113
58 114
58 115
58 118
58 119
58 120
58 121
58 123
58 125
58 127
58 129
58 131
58 136
58 141
58 142
58 144
58 149
58 150
58 151
58 153
58 156
58 157
58 158
58 159
58 160
58 172
58 174
58 179
58 183
59 61
59 62
59 63
59 66
59 67
59 68
59 69
59 71
59 72
59 73
59 74
59 79
59 82
59 84
59 87
59 92
59 94
59 96
59 97
59 101
59 103
59 105
59 107
59 109
59 111
59 112
59 116
59 117
59 119
59 125
59 126
59 127
59 130
59 131
59 132
59 133
59 136
59 137
59 138
59 139
59 140
59 142
59 145
59 147
59 149
59 150
59 152
59 154
59 155
59 158
59 160
59 170
59 174
59 175
59 176
59 177
59 181
59 182
59 183
59 184
60 62
60 65
60 68
60 71
60 73
60 75
60 78
60 80
60 84
60 85
60 87
60 91
60 93
60 94
60 104
60 107
60 108
60 109
60 111
60 113
60 131
60 132
60 135
60 138
60 143
60 147
60 152
60 154
60 155
60 156
60 157
60 161
60 163
60 164
60 167
60 168
60 169
60 170
60 171
60 174
60 178
60 180
60 182
60 184
61 64
61 66
61 67
61 69
61 71
61 77
61 79
61 80
61 83
61 87
61 88
61 89
61 90
61 92
61 95
61 96
61 101
61 103
61 104
61 105
61 106
61 108
61 112
61 113
61 114
61 115
61 116
61 118
61 120
61 121
61 126
61 129
61 130
61 132
61 133
61 135
61 136
61 137
61 138
61 139
61 143
61 144
61 146
61 149
61 150
61 151
61 153
61 159
61 161
61 162
61 163
61 164
61 169
61 170
61 171
61 172
61 173
61 176
61 177
61 179
61 181
61 184
62 66
62 68
62 70
62 71
62 73
62 78
62 79
62 80
62 82
62 85
62 90
62 91
62 93
62 96
62 97
62 99
62 101
62 102
62 103
62 108
62 109
62 111
62 113
62 115
62 116
62 117
62 118
62 122
62 128
62 129
62 131
62 132
62 133
62 136
62 139
62 143
62 146
62 148
62 154
62 155
62 156
62 157
62 161
62 162
62 167
62 170
62 171
62 172
62 174
62 175
62 176
62 178
62 180
62 181
62 182
62 184
63 64
63 66
63 68
63 69
63 71
63 72
63 74
63 76
63 77
63 81
63 87
63 88
63 90
63 91
63 93
63 94
63 95
63 96
63 98
63 104
63 106
63 108
63 109
63 110
63 111
63 113
63 116
63 119
63 120
63 121
63 124
63 130
63 131
63 133
63 135
63 136
63 138
63 141
63 142
63 143
63 144
63 148
63 150
63 152
63 153
63 154
63 156
63 158
63 159
63 160
63 161
63 162
63 163
63 164
63 166
63 170
63 171
63 174
63 178
63 181
63 183
63 184
64 67
64 69
64 71
64 73
64 74
64 76
64 78
64 79
64 80
64 81
64 84
64 87
64 92
64 97
64 98
64 99
64 103
64 105
64 107
64 108
64 109
64 113
64 115
64 116
64 117
64 119
64 123
64 124
64 125
64 127
64 132
64 136
64 137
64 140
64 141
64 149
64 155
64 157
64 160
64 162
64 163
64 164
64 169
64 172
64 175
64 176
64 177
64 178
64 180
64 181
64 182
64 183
65 67
65 70
65 75
65 77
65 86
65 88
65 89
65 92
65 94
65 98
65 101
65 105
65 106
65 111
65 114
65 115
65 117
65 118
65 119
65 120
65 122
65 123
65 125
65 126
65 127
65 128
65 129
65 134
65 135
65 137
65 138
65 139
65 141
65 144
65 146
65 147
65 148
65 149
65 150
65 155
65 156
65 157
65 158
65 161
65 164
65 165
65 167
65 168
65 169
65 173
65 174
65 177
65 180
65 182
65 183
66 69
66 71
66 72
66 73
66 76
66 77
66 78
66 83
66 88
66 90
66 92
66 94
66 95
66 103
66 105
66 107
66 108
66 110
66 111
66 112
66 115
66 117
66 120
66 122
66 125
66 126
66 128
66 129
66 136
66 137
66 144
66 148
66 149
66 152
66 154
66 155
66 157
66 158
66 159
66 164
66 167
66 170
66 172
66 173
66 176
66 178
66 180
66 181
66 182
67 70
67 71
67 74
67 75
67 77
67 78
67 80
67 84
67 89
67 90
67 92
67 97
67 98
67 99
67 100
67 102
67 103
67 104
67 106
67 115
67 116
67 118
67 119
67 120
67 121
67 122
67 123
67 125
67 127
67 132
67 133
67 134
67 136
67 139
67 140
67 141
67 143
67 145
67 147
67 148
67 149
67 150
67 152
67 154
67 155
67 157
67 158
67 161
67 162
67 163
67 167
67 168
67 170
67 171
67 173
67 174
67 177
67 178
67 184
68 70
68 71
68 72
68 73
68 75
68 77
68 78
68 79
68 81
68 82
68 83
68 84
68 85
68 90
68 92
68 93
68 97
68 98
68 100
68 105
68 106
68 107
68 108
68 109
68 111
68 117
68 120
68 121
68 122
68 125
68 129
68 130
68 131
68 132
68 135
68 138
68 139
68 141
68 144
68 154
68 156
68 157
68 159
68 163
68 164
68 167
68 170
68 173
68 174
68 175
68 181
69 70
69 73
69 76
69 77
69 81
69 82
69 89
69 90
69 91
69 92
69 102
69 108
69 109
69 110
69 112
69 114
69 119
69 121
69 122
69 125
69 135
69 136
69 137
69 141
69 145
69 149
69 150
69 153
69 159
69 160
69 161
69 162
69 165
69 166
69 167
69 169
69 170
69 173
69 177
69 179
69 181
69 182
69 183
70 72
70 75
70 76
70 77
70 78
70 79
70 81
70 83
70 84
70 87
70 89
70 90
70 91
70 92
70 93
70 95
70 100
70 101
70 102
70 103
70 109
70 112
70 113
70 114
70 115
70 116
70 117
70 118
70 120
70 124
70 126
70 130
70 132
70 137
70 138
70 142
70 143
70 148
70 150
70 152
70 157
70 160
70 163
70 164
70 165
70 166
70 168
70 172
70 173
70 174
70 175
70 177
70 180
71 73
71 75
71 80
71 82
71 86
71 91
71 93
71 95
71 99
71 104
71 106
71 107
71 108
71 110
71 111
71 114
71 116
71 119
71 120
71 124
71 127
71 131
71 132
71 142
71 146
71 150
71 158
71 161
71 164
71 166
71 167
71 172
71 173
71 174
71 176
71 177
71 178
71 179
71 181
71 183
71 184
72 73
72 74
72 75
72 76
72 78
72 80
72 82
72 83
72 84
72 87
72 89
72 92
72 95
72 96
72 97
72 98
72 101
72 103
72 104
72 105
72 107
72 108
72 113
72 115
72 116
72 122
72 123
72 127
72 129
72 133
72 138
72 143
72 144
72 146
72 150
72 153
72 158
72 159
72 164
72 166
72 168
72 169
72 173
72 179
72 180
72 183
72 184
73 74
73 75
73 78
73 79
73 80
73 81
73 82
73 83
73 85
73 86
73 89
73 91
73 93
73 94
73 97
73 100
73 103
73 108
73 111
73 112
73 113
73 119
73 121
73 123
73 124
73 125
73 126
73 129
73 136
73 137
73 140
73 141
73 142
73 143
73 147
73 148
73 153
73 158
73 159
73 164
73 165
73 166
73 169
73 171
73 172
73 176
73 177
73 178
73 179
74 76
74 77
74 80
74 82
74 83
74 84
74 86
74 87
74 91
74 93
74 96
74 97
74 98
74 101
74 103
74 105
74 108
74 109
74 110
74 111
74 113
74 114
74 118
74 120
74 123
74 127
74 129
74 131
74 136
74 139
74 140
74 141
74 143
74 145
74 146
74 148
74 152
74 154
74 157
74 159
74 164
74 167
74 175
74 176
74 177
74 183
74 184
75 76
75 77
75 78
75 80
75 81
75 87
75 89
75 91
75 93
75 94
75 95
75 96
75 97
75 100
75 110
75 111
75 113
75 114
75 117
75 120
75 122
75 123
75 126
75 130
75 131
75 132
75 133
75 134
75 142
75 144
75 145
75 146
75 152
75 154
75 155
75 157
75 158
75 159
75 161
75 162
75 165
75 166
75 167
75 171
75 172
75 176
75 179
75 181
76 77
76 79
76 81
76 82
76 83
76 84
76 85
76 88
76 93
76 94
76 96
76 97
76 99
76 104
76 105
76 109
76 112
76 117
76 119
76 121
76 123
76 124
76 125
76 128
76 136
76 140
76 143
76 145
76 146
76 149
76 151
76 152
76 157
76 158
76 159
76 160
76 161
76 167
76 168
76 169
76 171
76 172
76 173
76 176
76 178
76 179
76 180
76 183
77 79
77 80
77 81
77 82
77 86
77 88
77 89
77 90
77 93
77 94
77 95
77 98
77 101
77 103
77 105
77 106
77 107
77 116
77 117
77 119
77 121
77 127
77 128
77 132
77 137
77 139
77 141
77 143
77 145
77 148
77 150
77 153
77 154
77 155
77 156
77 157
77 161
77 162
77 163
77 165
77 166
77 167
77 173
77 174
77 176
77 178
77 180
77 183
78 79
78 82
78 85
78 86
78 88
78 90
78 93
78 94
78 95
78 99
78 100
78 104
78 108
78 110
78 116
78 123
78 124
78 126
78 127
78 129
78 130
78 131
78 132
78 134
78 135
78 136
78 138
78 139
78 144
78 146
78 149
78 152
78 153
78 155
78 156
78 162
78 163
78 164
78 165
78 166
78 167
78 171
78 174
78 175
78 179
78 180
78 182
78 184
79 81
79 82
79 83
79 89
79 90
79 91
79 92
79 94
79 95
79 96
79 99
79 106
79 107
79 110
79 113
79 115
79 118
79 119
79 120
79 127
79 128
79 129
79 134
79 135
79 137
79 139
79 142
79 143
79 144
79 145
79 146
79 148
79 149
79 150
79 151
79 153
79 154
79 155
79 158
79 161
79 163
79 168
79 170
79 174
79 178
79 181
79 184
80 81
80 82
80 83
80 86
80 87
80 88
80 90
80 93
80 94
80 95
80 98
80 99
80 102
80 104
80 105
80 106
80 107
80 109
80 110
80 114
80 118
80 120
80 124
80 125
80 126
80 127
80 130
80 132
80 134
80 135
80 137
80 138
80 141
80 142
80 145
80 147
80 150
80 161
80 164
80 165
80 168
80 173
80 175
80 178
80 179
80 180
80 182
80 183
81 83
81 86
81 87
81 90
81 91
81 92
81 93
81 97
81 98
81 101
81 103
81 106
81 107
81 108
81 110
81 111
81 113
81 115
81 118
81 119
81 121
81 123
81 124
81 125
81 126
81 127
81 129
81 130
81 131
81 135
81 137
81 138
81 142
81 146
81 147
81 150
81 151
81 152
81 153
81 155
81 156
81 159
81 160
81 163
81 165
81 166
81 168
81 171
81 172
81 173
81 175
81 176
81 178
81 179
81 180
82 84
82 86
82 87
82 93
82 94
82 95
82 100
82 103
82 104
82 106
82 107
82 112
82 114
82 116
82 118
82 121
82 122
82 126
82 128
82 130
82 136
82 141
82 146
82 147
82 150
82 153
82 154
82 155
82 156
82 161
82 162
82 164
82 170
82 171
82 175
82 176
82 178
82 179
82 181
82 182
82 183
83 85
83 86
83 91
83 92
83 95
83 97
83 98
83 99
83 100
83 102
83 104
83 105
83 106
83 108
83 109
83 111
83 112
83 115
83 116
83 118
83 119
83 120
83 121
83 124
83 126
83 127
83 128
83 130
83 132
83 136
83 142
83 144
83 145
83 147
83 149
83 151
83 154
83 157
83 160
83 163
83 164
83 166
83 167
83 168
83 169
83 170
83 171
83 175
83 176
83 179
83 180
83 181
83 184
84 86
84 88
84 90
84 93
84 94
84 95
84 98
84 101
84 102
84 104
84 108
84 110
84 111
84 113
84 114
84 115
84 118
84 120
84 121
84 123
84 125
84 129
84 132
84 136
84 140
84 142
84 143
84 146
84 147
84 153
84 154
84 155
84 156
84 160
84 161
84 166
84 168
84 171
84 173
84 176
84 180
84 184
85 87
85 89
85 90
85 91
85 94
85 96
85 98
85 99
85 101
85 102
85 104
85 106
85 107
85 108
85 109
85 111
85 113
85 115
85 116
85 119
85 124
85 128
85 132
85 136
85 139
85 142
85 143
85 145
85 146
85 147
85 150
85 152
85 156
85 157
85 158
85 160
85 161
85 162
85 168
85 169
85 170
85 173
85 175
85 179
85 184
86 87
86 90
86 95
86 106
86 107
86 110
86 111
86 112
86 114
86 116
86 118
86 119
86 122
86 123
86 125
86 128
86 131
86 134
86 135
86 137
86 138
86 139
86 140
86 141
86 143
86 144
86 145
86 147
86 152
86 154
86 156
86 160
86 162
86 163
86 166
86 168
86 171
86 173
86 175
86 177
86 178
86 179
86 180
86 181
86 183
86 184
87 89
87 90
87 93
87 94
87 95
87 96
87 98
87 100
87 103
87 104
87 107
87 108
87 109
87 110
87 111
87 117
87 120
87 126
87 132
87 134
87 141
87 145
87 150
87 151
87 155
87 157
87 159
87 160
87 161
87 162
87 165
87 168
87 169
87 172
87 173
87 174
87 178
87 181
87 182
87 183
88 89
88 93
88 101
88 103
88 106
88 110
88 111
88 112
88 113
88 116
88 119
88 120
88 122
88 126
88 127
88 129
88 132
88 136
88 137
88 139
88 140
88 143
88 145
88 147
88 153
88 158
88 159
88 164
88 167
88 168
88 170
88 173
88 176
88 179
88 180
88 182
88 183
89 90
89 92
89 93
89 96
89 102
89 103
89 110
89 115
89 116
89 117
89 120
89 124
89 125
89 126
89 130
89 132
89 134
89 135
89 136
89 138
89 139
89 140
89 141
89 142
89 147
89 148
89 150
89 151
89 153
89 156
89 158
89 160
89 163
89 166
89 168
89 170
89 173
89 174
89 177
89 178
89 180
89 181
89 183
89 184
90 91
90 93
90 94
90 96
90 97
90 99
90 101
90 105
90 106
90 107
90 108
90 114
90 119
90 120
90 122
90 125
90 126
90 127
90 128
90 131
90 132
90 136
90 137
90 139
90 140
90 146
90 147
90 153
90 155
90 156
90 157
90 160
90 161
90 163
90 165
90 168
90 169
90 172
90 173
90 178
90 181
90 184
91 99
91 104
91 107
91 109
91 111
91 112
91 115
91 117
91 119
91 120
91 125
91 129
91 131
91 132
91 133
91 134
91 137
91 139
91 141
91 147
91 149
91 150
91 151
91 152
91 155
91 157
91 161
91 163
91 164
91 166
91 169
91 171
91 172
91 176
91 177
91 179
91 180
91 181
91 184
92 93
92 97
92 99
92 101
92 103
92 106
92 107
92 109
92 110
92 114
92 115
92 118
92 120
92 121
92 125
92 126
92 127
92 130
92 132
92 133
92 135
92 136
92 138
92 139
92 140
92 141
92 146
92 157
92 162
92 165
92 167
92 170
92 171
92 172
92 176
92 178
92 179
92 180
92 182
92 184
93 99
93 100
93 102
93 105
93 106
93 108
93 110
93 112
93 113
93 116
93 118
93 119
93 126
93 127
93 129
93 130
93 132
93 133
93 135
93 136
93 142
93 143
93 145
93 146
93 147
93 148
93 152
93 153
93 156
93 159
93 160
93 161
93 162
93 165
93 170
93 171
93 173
93 177
93 179
93 182
93 183
94 95
94 96
94 97
94 102
94 104
94 105
94 106
94 107
94 109
94 111
94 113
94 117
94 118
94 125
94 126
94 128
94 129
94 132
94 133
94 137
94 140
94 144
94 147
94 149
94 153
94 154
94 155
94 158
94 159
94 163
94 164
94 165
94 168
94 170
94 171
94 176
94 182
94 184
95 96
95 97
95 99
95 101
95 105
95 109
95 110
95 111
95 113
95 114
95 115
95 116
95 117
95 121
95 122
95 124
95 126
95 127
95 133
95 134
95 135
95 138
95 141
95 142
95 145
95 147
95 150
95 152
95 153
95 156
95 157
95 159
95 162
95 165
95 166
95 167
95 168
95 169
95 171
95 172
95 174
95 178
95 180
95 181
95 183
96 97
96 99
96 103
96 105
96 106
96 109
96 110
96 113
96 114
96 120
96 121
96 129
96 135
96 137
96 138
96 139
96 141
96 144
96 145
96 146
96 148
96 149
96 152
96 155
96 156
96 157
96 162
96 163
96 167
96 169
96 171
96 172
96 173
96 174
96 176
96 179
97 102
97 107
97 109
97 110
97 113
97 117
97 118
97 120
97 122
97 123
97 126
97 128
97 130
97 132
97 133
97 134
97 139
97 143
97 144
97 146
97 147
97 151
97 152
97 154
97 155
97 157
97 158
97 161
97 163
97 165
97 166
97 169
97 170
97 173
97 178
98 99
98 100
98 101
98 102
98 104
98 105
98 108
98 112
98 114
98 117
98 121
98 122
98 123
98 125
98 126
98 127
98 139
98 141
98 142
98 144
98 146
98 147
98 149
98 152
98 153
98 154
98 156
98 158
98 161
98 162
98 164
98 167
98 168
98 169
98 170
98 171
98 182
98 183
99 102
99 103
99 107
99 108
99 109
99 111
99 113
99 120
99 123
99 126
99 127
99 128
99 130
99 132
99 133
99 134
99 136
99 137
99 139
99 142
99 143
99 145
99 149
99 150
99 152
99 155
99 157
99 160
99 161
99 162
99 164
99 165
99 170
99 174
99 175
99 177
99 178
99 181
99 182
99 183
100 101
100 102
100 103
100 104
100 105
100 106
100 107
100 108
100 109
100 113
100 114
100 119
100 123
100 124
100 125
100 126
100 129
100 130
100 131
100 132
100 134
100 135
100 137
100 143
100 145
100 148
100 150
100 151
100 152
100 153
100 156
100 157
100 159
100 160
100 161
100 164
100 165
100 167
100 169
100 170
100 171
100 172
100 173
100 174
100 175
100 177
100 178
100 183
101 104
101 107
101 110
101 112
101 114
101 116
101 117
101 118
101 119
101 121
101 124
101 125
101 127
101 129
101 131
101 133
101 136
101 137
101 139
101 140
101 141
101 144
101 146
101 154
101 155
101 158
101 165
101 169
101 170
101 171
101 173
101 175
101 179
101 182
101 183
102 104
102 106
102 109
102 110
102 111
102 112
102 114
102 115
102 118
102 121
102 123
102 126
102 127
102 128
102 132
102 140
102 142
102 144
102 145
102 147
102 148
102 149
102 153
102 157
102 160
102 161
102 163
102 164
102 165
102 167
102 168
102 172
102 175
102 176
102 178
102 179
102 181
103 106
103 110
103 112
103 114
103 115
103 118
103 121
103 122
103 123
103 124
103 126
103 127
103 129
103 131
103 133
103 134
103 139
103 140
103 144
103 146
103 147
103 150
103 151
103 154
103 159
103 161
103 162
103 164
103 169
103 170
103 171
103 172
103 178
103 181
103 182
104 107
104 115
104 116
104 122
104 124
104 126
104 129
104 130
104 131
104 132
104 136
104 138
104 139
104 143
104 144
104 151
104 152
104 153
104 155
104 156
104 157
104 160
104 162
104 163
104 164
104 166
104 167
104 171
104 172
104 173
104 175
104 176
104 177
104 178
104 180
104 182
104 184
105 106
105 107
105 108
105 110
105 113
105 115
105 119
105 122
105 124
105 131
105 133
105 138
105 142
105 146
105 152
105 153
105 154
105 155
105 157
105 158
105 164
105 167
105 168
105 170
105 173
105 174
105 175
105 176
105 178
105 179
105 182
105 183
105 184
106 108
106 109
106 110
106 114
106 115
106 117
106 120
106 124
106 126
106 132
106 133
106 134
106 136
106 137
106 140
106 143
106 144
106 145
106 146
106 151
106 153
106 154
106 155
106 156
106 159
106 161
106 165
106 167
106 169
106 170
106 171
106 172
106 176
106 178
106 179
106 181
106 183
107 108
107 109
107 113
107 114
107 115
107 119
107 120
107 122
107 123
107 125
107 127
107 128
107 129
107 131
107 132
107 134
107 138
107 140
107 141
107 142
107 143
107 145
107 146
107 147
107 148
107 149
107 153
107 154
107 160
107 161
107 162
107 163
107 170
107 171
107 173
107 174
107 175
107 176
107 178
107 179
107 180
107 181
107 183
107 184
108 109
108 111
108 112
108 115
108 117
108 118
108 119
108 122
108 128
108 132
108 136
108 140
108 142
108 143
108 144
108 148
108 152
108 160
108 163
108 165
108 168
108 169
108 171
108 176
108 177
108 179
108 180
108 181
109 110
109 111
109 112
109 115
109 119
109 120
109 121
109 123
109 125
109 127
109 129
109 130
109 133
109 137
109 143
109 144
109 147
109 148
109 150
109 153
109 154
109 157
109 158
109 160
109 165
109 168
109 170
109 172
109 173
109 178
109 179
109 181
109 184
110 115
110 116
110 117
110 118
110 124
110 126
110 129
110 131
110 135
110 140
110 142
110 143
110 144
110 145
110 146
110 147
110 149
110 150
110 153
110 155
110 158
110 160
110 162
110 164
110 166
110 169
110 172
110 173
110 181
110 184
111 116
111 118
111 120
111 123
111 124
111 127
111 133
111 135
111 136
111 142
111 145
111 148
111 152
111 153
111 157
111 160
111 161
111 162
111 165
111 166
111 167
111 168
111 170
111 171
111 176
111 179
111 181
112 117
112 118
112 119
112 120
112 121
112 122
112 123
112 124
112 125
112 128
112 130
112 133
112 134
112 136
112 137
112 139
112 140
112 141
112 143
112 144
112 146
112 148
112 150
112 157
112 158
112 160
112 161
112 167
112 169
112 171
112 175
112 177
112 179
112 183
112 184
113 115
113 117
113 118
113 120
113 121
113 123
113 125
113 126
113 127
113 128
113 129
113 131
113 133
113 135
113 136
113 138
113 141
113 143
113 146
113 147
113 149
113 151
113 154
113 155
113 157
113 158
113 161
113 162
113 167
113 168
113 169
113 170
113 172
113 173
113 174
113 175
113 176
113 177
113 178
113 179
113 180
113 181
113 183
113 184
114 115
114 116
114 118
114 119
114 120
114 121
114 122
114 127
114 132
114 133
114 138
114 140
114 141
114 145
114 146
114 147
114 148
114 152
114 153
114 154
114 157
114 158
114 159
114 163
114 164
114 165
114 170
114 171
114 172
114 173
114 175
114 176
114 177
114 179
114 180
114 183
115 118
115 120
115 121
115 122
115 123
115 124
115 125
115 129
115 137
115 138
115 139
115 148
115 149
115 152
115 153
115 154
115 155
115 159
115 163
115 164
115 166
115 168
115 170
115 174
115 175
115 176
115 177
115 179
115 180
115 181
115 182
116 117
116 124
116 131
116 132
116 133
116 134
116 137
116 138
116 140
116 143
116 151
116 154
116 155
116 158
116 159
116 161
116 162
116 163
116 165
116 167
116 168
116 172
116 173
116 177
116 179
116 183
116 184
117 120
117 122
117 124
117 125
117 127
117 128
117 133
117 134
117 135
117 136
117 139
117 141
117 149
117 152
117 153
117 154
117 155
117 156
117 158
117 159
117 166
117 169
117 170
117 172
117 177
117 178
117 179
117 181
117 183
118 119
118 121
118 123
118 124
118 125
118 127
118 129
118 130
118 135
118 144
118 145
118 148
118 152
118 153
118 157
118 161
118 163
118 164
118 170
118 172
118 176
118 177
118 179
118 180
118 183
118 184
119 120
119 121
119 123
119 125
119 126
119 128
119 135
119 144
119 148
119 149
119 150
119 156
119 163
119 165
119 167
119 169
119 172
119 174
119 176
119 178
119 179
119 180
119 181
119 183
120 124
120 126
120 127
120 131
120 135
120 139
120 140
120 143
120 144
120 150
120 151
120 152
120 154
120 156
120 157
120 163
120 167
120 169
120 171
120 172
120 173
120 175
120 176
120 180
120 181
120 184
121 122
121 123
121 125
121 128
121 129
121 133
121 139
121 140
121 142
121 143
121 144
121 145
121 148
121 149
121 151
121 152
121 156
121 158
121 162
121 163
121 166
121 167
121 171
121 172
121 173
121 175
121 176
121 177
121 178
121 181
121 182
122 123
122 124
122 126
122 129
122 132
122 133
122 136
122 137
122 139
122 140
122 141
122 147
122 148
122 153
122 154
122 158
122 161
122 162
122 163
122 165
122 166
122 169
122 170
122 173
122 174
122 176
122 177
122 178
122 179
122 180
122 184
123 124
123 127
123 128
123 129
123 130
123 131
123 132
123 135
123 136
123 137
123 139
123 142
123 145
123 146
123 150
123 156
123 157
123 158
123 160
123 162
123 166
123 167
123 168
123 172
123 173
123 174
123 175
123 178
123 183
123 184
124 127
124 129
124 131
124 132
124 135
124 137
124 138
124 139
124 141
124 142
124 143
124 144
124 146
124 148
124 149
124 150
124 151
124 153
124 154
124 156
124 157
124 160
124 161
124 162
124 163
124 164
124 166
124 169
124 171
124 172
124 173
124 176
124 177
125 127
125 129
125 134
125 138
125 140
125 142
125 143
125 144
125 145
125 146
125 150
125 152
125 153
125 157
125 158
125 159
125 160
125 161
125 162
125 171
125 172
125 175
125 176
125 177
125 179
125 182
125 184
126 129
126 133
126 134
126 137
126 142
126 143
126 144
126 145
126 146
126 148
126 151
126 152
126 153
126 157
126 159
126 160
126 161
126 162
126 164
126 165
126 167
126 171
126 174
126 175
126 177
126 179
126 180
126 182
126 183
126 184
127 131
127 132
127 137
127 140
127 141
127 142
127 144
127 146
127 147
127 152
127 153
127 154
127 160
127 162
127 166
127 167
127 168
127 174
127 176
127 178
127 180
127 183
128 131
128 132
128 134
128 136
128 141
128 144
128 145
128 149
128 152
128 153
128 155
128 156
128 161
128 163
128 164
128 165
128 169
128 170
128 171
128 173
128 174
128 178
128 181
128 183
129 136
129 137
129 139
129 140
129 142
129 144
129 145
129 146
129 147
129 148
129 149
129 150
129 151
129 152
129 153
129 159
129 160
129 161
129 162
129 163
129 164
129 167
129 170
129 173
129 174
129 176
129 177
129 180
129 183
130 131
130 133
130 134
130 135
130 139
130 141
130 144
130 145
130 148
130 149
130 152
130 153
130 155
130 160
130 161
130 162
130 163
130 169
130 170
130 172
130 173
130 175
130 176
130 177
130 179
131 133
131 137
131 138
131 140
131 143
131 146
131 151
131 152
131 154
131 155
131 157
131 159
131 160
131 162
131 164
131 166
131 169
131 170
131 171
131 172
131 173
131 174
131 175
131 178
131 179
131 181
131 182
131 183
132 133
132 135
132 136
132 137
132 138
132 142
132 143
132 146
132 147
132 149
132 150
132 156
132 158
132 159
132 168
132 170
132 174
132 176
132 177
132 179
132 181
132 183
132 184
133 139
133 141
133 142
133 145
133 149
133 150
133 151
133 153
133 154
133 155
133 157
133 158
133 159
133 166
133 167
133 169
133 173
133 174
133 175
133 177
133 180
133 181
133 182
133 183
134 137
134 143
134 146
134 148
134 149
134 155
134 156
134 159
134 162
134 164
134 165
134 166
134 167
134 168
134 170
134 171
134 172
134 173
134 175
134 176
134 178
134 180
135 136
135 137
135 139
135 141
135 142
135 145
135 147
135 156
135 157
135 158
135 162
135 167
135 168
135 169
135 171
135 172
135 173
135 175
135 177
135 181
135 182
135 184
136 138
136 140
136 141
136 147
136 148
136 152
136 155
136 156
136 157
136 158
136 161
136 162
136 163
136 164
136 167
136 169
136 170
136 171
136 172
136 175
136 176
136 182
136 183
136 184
137 143
137 144
137 145
137 146
137 147
137 149
137 150
137 151
137 153
137 155
137 160
137 163
137 165
137 166
137 173
137 175
137 179
138 140
138 141
138 144
138 145
138 149
138 150
138 151
138 152
138 153
138 154
138 158
138 161
138 164
138 171
138 173
138 177
139 142
139 143
139 146
139 147
139 149
139 150
139 153
139 157
139 158
139 160
139 161
139 163
139 165
139 166
139 167
139 168
139 169
139 170
139 171
139 173
139 174
139 175
139 176
139 178
140 141
140 142
140 144
140 146
140 150
140 151
140 152
140 155
140 156
140 157
140 160
140 162
140 164
140 166
140 167
140 168
140 173
140 175
140 176
140 177
140 178
140 181
140 182
140 183
141 144
141 145
141 148
141 152
141 155
141 156
141 158
141 159
141 160
141 161
141 162
141 165
141 167
141 168
141 169
141 170
141 172
141 173
141 174
141 179
141 180
141 181
141 183
142 143
142 144
142 146
142 147
142 151
142 152
142 153
142 155
142 157
142 163
142 165
142 166
142 168
142 169
142 171
142 172
142 173
142 175
142 177
142 182
143 144
143 147
143 150
143 157
143 162
143 163
143 165
143 171
143 172
143 173
143 178
143 180
143 183
143 184
144 145
144 146
144 147
144 149
144 151
144 153
144 155
144 158
144 159
144 165
144 167
144 169
144 170
144 172
144 177
144 178
144 179
144 180
144 181
144 182
144 183
144 184
145 146
145 147
145 150
145 151
145 153
145 157
145 158
145 164
145 168
145 169
145 170
145 171
145 172
145 176
145 177
145 181
145 184
146 147
146 151
146 152
146 153
146 154
146 160
146 162
146 163
146 164
146 168
146 169
146 170
146 172
146 176
146 178
146 179
146 184
147 149
147 152
147 155
147 156
147 157
147 162
147 165
147 169
147 170
147 176
147 179
147 180
148 149
148 151
148 155
148 158
148 159
148 162
148 163
148 164
148 165
148 166
148 169
148 170
148 177
148 180
148 182
149 150
149 153
149 154
149 157
149 162
149 163
149 165
149 166
149 169
149 172
149 175
149 178
149 183
150 155
150 156
150 162
150 164
150 165
150 170
150 172
150 174
150 177
150 179
150 180
150 181
151 153
151 154
151 155
151 158
151 162
151 164
151 166
151 168
151 169
151 171
151 173
151 174
151 181
151 182
151 184
152 155
152 156
152 158
152 160
152 163
152 164
152 167
152 172
152 176
152 180
153 154
153 155
153 156
153 157
153 159
153 161
153 163
153 165
153 166
153 168
153 169
153 171
153 173
153 174
153 178
153 180
153 181
153 184
154 155
154 156
154 157
154 158
154 159
154 160
154 161
154 163
154 164
154 165
154 166
154 168
154 171
154 172
154 175
154 176
154 177
154 180
154 182
154 183
154 184
155 156
155 158
155 162
155 175
155 176
155 177
155 180
156 157
156 162
156 163
156 165
156 168
156 170
156 173
156 174
156 175
156 176
156 177
156 178
156 180
156 182
156 183
156 184
157 158
157 159
157 164
157 166
157 167
157 168
157 169
157 170
157 171
157 173
157 174
157 176
157 178
157 179
157 182
158 159
158 160
158 161
158 162
158 166
158 169
158 170
158 173
158 174
158 175
158 178
158 180
158 181
159 162
159 165
159 168
159 173
159 175
159 176
159 177
159 179
159 180
159 181
160 161
160 163
160 166
160 171
160 173
160 174
160 175
160 177
160 182
160 184
161 164
161 166
161 173
161 174
161 176
161 177
161 178
162 166
162 168
162 170
162 173
162 184
163 164
163 165
163 171
163 173
163 177
163 178
163 181
163 182
163 184
164 177
164 181
165 166
165 169
165 171
165 177
165 178
165 180
165 183
166 167
166 173
166 174
166 175
166 176
166 179
166 182
166 183
166 184
167 170
167 171
167 172
167 174
167 175
167 176
167 177
167 178
167 181
167 182
167 184
168 169
168 173
168 176
168 180
168 182
168 184
169 170
169 172
169 174
169 176
169 180
170 172
170 174
170 179
170 181
170 182
170 183
170 184
171 172
171 175
171 176
171 183
172 173
172 176
172 177
172 178
172 179
172 182
173 175
173 177
173 181
174 177
174 184
175 176
175 179
175 180
175 182
176 179
176 181
176 182
176 183
176 184
177 183
178 180
178 181
178 184
179 180
179 182
182 183
