145 4713
0 1
0 8
0 10
0 12
0 15
0 16
0 17
0 22
0 25
0 27
0 28
0 30
0 31
0 33
0 36
0 37
0 39
0 40
0 41
0 47
0 48
0 49
0 59
0 62
0 64
0 67
0 71
0 72
0 73
0 74
0 75
0 77
0 78
0 79
0 86
0 87
0 92
0 93
0 94
0 95
0 96
0 99
0 100
0 101
0 102
0 104
0 105
0 106
0 107
0 108
0 109
0 110
0 111
0 112
0 115
0 118
0 119
0 123
0 126
0 129
0 130
0 135
0 136
0 142
1 4
1 6
1 7
1 12
1 13
1 14
1 17
1 18
1 19
1 24
1 26
1 27
1 30
1 31
1 33
1 40
1 45
1 47
1 48
1 52
1 54
1 56
1 62
1 63
1 64
1 65
1 66
1 68
1 70
1 71
1 73
1 75
1 76
1 78
1 79
1 80
1 82
1 84
1 90
1 91
1 93
1 94
1 97
1 99
1 104
1 107
1 109
1 110
1 111
1 112
1 113
1 114
1 117
1 121
1 123
1 125
1 126
1 133
1 135
1 137
1 138
1 141
1 142
1 143
1 144
2 4
2 6
2 7
2 8
2 9
2 17
2 20
2 21
2 22
2 24
2 25
2 28
2 30
2 31
2 32
2 34
2 44
2 46
2 47
2 48
2 52
2 54
2 55
2 56
2 62
2 65
2 67
2 76
2 77
2 78
2 82
2 86
2 88
2 91
2 94
2 96
2 97
2 98
2 101
2 102
2 104
2 107
2 108
2 110
2 112
2 114
2 116
2 120
2 121
2 125
2 126
2 128
2 129
2 130
2 133
2 135
2 136
2 143
3 4
3 6
3 8
3 9
3 10
3 13
3 18
3 23
3 27
3 29
3 30
3 31
3 35
3 37
3 38
3 40
3 44
3 45
3 46
3 48
3 49
3 52
3 53
3 54
3 55
3 56
3 57
3 59
3 60
3 64
3 65
3 67
3 70
3 74
3 77
3 78
3 80
3 81
3 82
3 88
3 90
3 93
3 95
3 98
3 100
3 103
3 104
3 105
3 107
3 108
3 110
3 112
3 114
3 116
3 117
3 118
3 122
3 123
3 125
3 127
3 128
3 131
3 132
3 133
3 134
3 136
3 138
3 139
3 140
3 141
3 144
4 10
4 17
4 19
4 24
4 26
4 27
4 28
4 31
4 33
4 35
4 36
4 40
4 41
4 44
4 46
4 48
4 50
4 51
4 56
4 61
4 62
4 64
4 65
4 66
4 67
4 70
4 74
4 77
4 79
4 82
4 83
4 89
4 90
4 91
4 94
4 95
4 98
4 99
4 100
4 102
4 103
4 104
4 111
4 112
4 114
4 115
4 117
4 118
4 119
4 120
4 121
4 125
4 127
4 129
4 131
4 134
4 141
4 142
4 143
5 6
5 9
5 10
5 11
5 12
5 14
5 15
5 17
5 20
5 21
5 25
5 26
5 28
5 29
5 31
5 33
5 36
5 37
5 40
5 45
5 47
5 48
5 49
5 50
5 51
5 52
5 54
5 56
5 61
5 67
5 68
5 80
5 82
5 83
5 86
5 87
5 92
5 93
5 94
5 95
5 96
5 97
5 99
5 101
5 103
5 104
5 105
5 107
5 109
5 111
5 114
5 115
5 116
5 118
5 125
5 128
5 129
5 130
5 135
5 136
5 137
5 139
5 140
6 7
6 9
6 11
6 13
6 15
6 17
6 19
6 23
6 28
6 30
6 36
6 39
6 43
6 50
6 51
6 52
6 54
6 56
6 61
6 62
6 64
6 65
6 66
6 67
6 68
6 69
6 71
6 72
6 73
6 76
6 77
6 79
6 81
6 82
6 84
6 86
6 87
6 89
6 92
6 95
6 97
6 101
6 103
6 105
6 106
6 107
6 108
6 109
6 110
6 111
6 112
6 115
6 122
6 127
6 130
6 131
6 133
6 134
6 135
6 136
6 142
7 8
7 10
7 12
7 13
7 15
7 21
7 24
7 26
7 27
7 34
7 35
7 36
7 37
7 38
7 39
7 42
7 43
7 45
7 49
7 50
7 52
7 53
7 55
7 61
7 65
7 66
7 67
7 72
7 76
7 80
7 81
7 82
7 86
7 87
7 88
7 89
7 90
7 92
7 93
7 94
7 96
7 97
7 98
7 99
7 100
7 103
7 105
7 108
7 113
7 115
7 117
7 120
7 122
7 124
7 125
7 126
7 127
7 128
7 129
7 133
7 134
7 137
7 139
7 141
7 142
7 144
8 11
8 14
8 15
8 16
8 18
8 19
8 20
8 23
8 25
8 26
8 27
8 29
8 31
8 33
8 34
8 37
8 38
8 39
8 40
8 41
8 42
8 43
8 44
8 46
8 47
8 50
8 52
8 58
8 60
8 61
8 63
8 64
8 65
8 71
8 72
8 75
8 76
8 78
8 80
8 85
8 86
8 87
8 89
8 90
8 95
8 96
8 98
8 99
8 100
8 107
8 111
8 112
8 116
8 117
8 121
8 124
8 126
8 127
8 130
8 131
8 136
8 139
8 141
8 142
8 144
9 11
9 12
9 14
9 15
9 17
9 18
9 19
9 22
9 24
9 26
9 27
9 33
9 34
9 36
9 42
9 43
9 44
9 45
9 46
9 49
9 50
9 53
9 54
9 57
9 64
9 66
9 70
9 80
9 81
9 82
9 88
9 93
9 95
9 97
9 100
9 101
9 102
9 104
9 106
9 107
9 108
9 109
9 112
9 113
9 118
9 119
9 121
9 127
9 130
9 135
9 138
9 139
9 140
9 143
9 144
10 13
10 14
10 15
10 16
10 18
10 22
10 26
10 28
10 29
10 31
10 32
10 44
10 46
10 48
10 51
10 52
10 54
10 57
10 60
10 61
10 62
10 64
10 66
10 69
10 74
10 75
10 76
10 78
10 80
10 82
10 83
10 84
10 85
10 88
10 96
10 97
10 98
10 99
10 101
10 102
10 103
10 104
10 105
10 106
10 109
10 110
10 111
10 112
10 113
10 118
10 119
10 120
10 121
10 122
10 124
10 126
10 129
10 130
10 132
10 139
10 141
10 144
11 12
11 19
11 21
11 26
11 28
11 30
11 32
11 34
11 35
11 36
11 37
11 41
11 45
11 46
11 47
11 54
11 57
11 59
11 61
11 62
11 63
11 64
11 67
11 68
11 69
11 75
11 76
11 77
11 78
11 80
11 85
11 91
11 92
11 93
11 95
11 98
11 100
11 101
11 102
11 105
11 106
11 107
11 109
11 111
11 114
11 118
11 121
11 123
11 128
11 129
11 130
11 131
11 133
11 135
11 137
11 138
11 141
11 144
12 14
12 17
12 19
12 21
12 22
12 23
12 26
12 30
12 31
12 32
12 33
12 40
12 41
12 42
12 43
12 46
12 47
12 55
12 57
12 58
12 61
12 63
12 68
12 70
12 71
12 73
12 75
12 76
12 78
12 82
12 86
12 87
12 88
12 89
12 91
12 95
12 98
12 99
12 101
12 104
12 108
12 110
12 114
12 115
12 117
12 119
12 120
12 121
12 125
12 127
12 129
12 131
12 138
12 141
12 142
12 144
13 15
13 17
13 18
13 19
13 20
13 21
13 23
13 24
13 25
13 27
13 28
13 29
13 34
13 35
13 37
13 41
13 46
13 47
13 50
13 51
13 54
13 57
13 59
13 63
13 64
13 65
13 69
13 71
13 79
13 81
13 82
13 84
13 87
13 89
13 90
13 92
13 93
13 97
13 98
13 100
13 107
13 108
13 111
13 112
13 113
13 114
13 118
13 119
13 120
13 121
13 124
13 129
13 131
13 133
13 134
13 135
13 137
14 19
14 23
14 26
14 27
14 29
14 31
14 32
14 34
14 35
14 36
14 37
14 41
14 42
14 45
14 47
14 51
14 52
14 53
14 59
14 63
14 69
14 70
14 82
14 85
14 87
14 90
14 91
14 93
14 94
14 97
14 98
14 100
14 106
14 108
14 109
14 110
14 111
14 112
14 114
14 115
14 116
14 117
14 120
14 123
14 124
14 126
14 127
14 128
14 131
14 132
14 138
14 144
15 16
15 17
15 19
15 20
15 22
15 23
15 26
15 27
15 28
15 31
15 46
15 48
15 49
15 54
15 55
15 61
15 62
15 67
15 70
15 75
15 78
15 79
15 82
15 85
15 86
15 89
15 92
15 96
15 98
15 99
15 105
15 106
15 108
15 109
15 110
15 112
15 113
15 115
15 116
15 118
15 121
15 122
15 125
15 127
15 128
15 129
15 130
15 131
15 132
15 135
15 137
15 141
16 17
16 19
16 23
16 25
16 27
16 28
16 29
16 31
16 38
16 40
16 41
16 42
16 44
16 45
16 47
16 48
16 49
16 50
16 53
16 54
16 56
16 58
16 59
16 60
16 62
16 63
16 64
16 65
16 70
16 72
16 77
16 79
16 80
16 83
16 87
16 91
16 95
16 97
16 98
16 104
16 106
16 111
16 112
16 113
16 114
16 115
16 117
16 119
16 120
16 122
16 123
16 124
16 126
16 127
16 129
16 130
16 134
16 135
16 137
16 141
17 21
17 27
17 28
17 30
17 33
17 34
17 36
17 37
17 40
17 41
17 44
17 46
17 49
17 54
17 57
17 58
17 60
17 66
17 67
17 71
17 72
17 73
17 74
17 75
17 79
17 81
17 83
17 84
17 85
17 88
17 90
17 91
17 98
17 101
17 104
17 105
17 106
17 107
17 109
17 112
17 114
17 116
17 117
17 118
17 122
17 123
17 125
17 127
17 129
17 132
17 134
17 135
17 136
17 137
17 138
17 139
17 140
17 141
17 142
18 19
18 22
18 24
18 25
18 26
18 28
18 32
18 33
18 35
18 38
18 39
18 40
18 41
18 46
18 47
18 48
18 49
18 50
18 58
18 62
18 63
18 64
18 65
18 66
18 67
18 70
18 74
18 75
18 76
18 79
18 80
18 81
18 82
18 83
18 85
18 88
18 91
18 95
18 96
18 98
18 99
18 100
18 104
18 107
18 108
18 111
18 112
18 113
18 117
18 120
18 124
18 126
18 128
18 130
18 132
18 133
18 134
18 135
18 137
18 138
18 139
18 144
19 22
19 25
19 30
19 31
19 33
19 35
19 36
19 38
19 41
19 50
19 54
19 58
19 59
19 60
19 61
19 62
19 65
19 69
19 71
19 72
19 76
19 78
19 79
19 80
19 81
19 87
19 88
19 89
19 90
19 91
19 92
19 94
19 102
19 103
19 104
19 106
19 107
19 111
19 112
19 113
19 114
19 115
19 116
19 117
19 118
19 122
19 123
19 124
19 127
19 129
19 132
19 134
19 138
20 21
20 25
20 30
20 34
20 38
20 42
20 44
20 45
20 47
20 48
20 50
20 52
20 55
20 56
20 60
20 62
20 64
20 65
20 68
20 69
20 74
20 77
20 78
20 81
20 83
20 85
20 86
20 88
20 91
20 92
20 93
20 94
20 96
20 101
20 103
20 106
20 108
20 109
20 111
20 112
20 114
20 118
20 119
20 123
20 125
20 133
20 134
20 136
20 138
20 140
20 141
20 142
21 23
21 25
21 29
21 32
21 35
21 36
21 39
21 47
21 52
21 53
21 55
21 56
21 57
21 58
21 63
21 65
21 66
21 67
21 68
21 71
21 74
21 76
21 80
21 81
21 82
21 85
21 87
21 89
21 90
21 92
21 94
21 97
21 101
21 105
21 106
21 110
21 117
21 119
21 120
21 123
21 124
21 125
21 126
21 127
21 128
21 129
21 134
21 135
21 139
21 142
21 143
22 23
22 26
22 27
22 31
22 32
22 33
22 35
22 44
22 48
22 52
22 55
22 56
22 58
22 62
22 63
22 67
22 68
22 70
22 73
22 74
22 75
22 77
22 79
22 81
22 86
22 90
22 93
22 94
22 95
22 97
22 98
22 99
22 100
22 105
22 106
22 108
22 117
22 118
22 119
22 121
22 126
22 127
22 130
22 131
22 135
22 142
22 143
22 144
23 26
23 27
23 28
23 33
23 36
23 38
23 39
23 41
23 42
23 43
23 45
23 51
23 53
23 54
23 56
23 59
23 62
23 63
23 64
23 65
23 66
23 67
23 70
23 75
23 79
23 80
23 81
23 84
23 85
23 86
23 89
23 90
23 91
23 94
23 99
23 100
23 101
23 103
23 106
23 107
23 110
23 111
23 112
23 115
23 117
23 121
23 124
23 128
23 133
23 134
23 135
23 136
23 140
23 142
23 143
24 25
24 27
24 28
24 33
24 34
24 37
24 40
24 44
24 46
24 47
24 50
24 52
24 53
24 54
24 55
24 59
24 60
24 63
24 65
24 66
24 67
24 71
24 72
24 74
24 78
24 79
24 80
24 82
24 83
24 84
24 89
24 91
24 92
24 94
24 99
24 100
24 101
24 103
24 104
24 105
24 106
24 107
24 109
24 111
24 112
24 119
24 120
24 121
24 122
24 124
24 127
24 128
24 131
24 135
24 137
25 26
25 27
25 28
25 31
25 36
25 39
25 41
25 44
25 45
25 46
25 49
25 53
25 54
25 58
25 61
25 63
25 67
25 69
25 70
25 71
25 73
25 74
25 75
25 76
25 80
25 82
25 85
25 88
25 91
25 92
25 93
25 94
25 100
25 103
25 105
25 106
25 107
25 108
25 109
25 110
25 112
25 114
25 117
25 118
25 119
25 120
25 122
25 125
25 129
25 130
25 131
25 138
25 140
25 141
25 144
26 27
26 31
26 33
26 34
26 38
26 39
26 41
26 43
26 45
26 48
26 50
26 53
26 56
26 57
26 61
26 62
26 63
26 68
26 71
26 73
26 74
26 75
26 76
26 81
26 82
26 86
26 94
26 96
26 102
26 104
26 105
26 106
26 109
26 111
26 112
26 113
26 116
26 117
26 119
26 124
26 126
26 128
26 131
26 134
26 135
26 136
26 137
26 139
26 140
26 143
27 29
27 32
27 37
27 39
27 40
27 41
27 44
27 46
27 48
27 50
27 51
27 53
27 55
27 56
27 59
27 60
27 67
27 69
27 71
27 72
27 76
27 77
27 78
27 80
27 82
27 83
27 84
27 85
27 86
27 90
27 92
27 93
27 98
27 99
27 100
27 104
27 112
27 113
27 117
27 118
27 119
27 123
27 125
27 126
27 128
27 130
27 134
27 136
27 140
27 142
27 143
27 144
28 29
28 30
28 34
28 36
28 37
28 42
28 44
28 45
28 47
28 52
28 56
28 58
28 60
28 62
28 65
28 66
28 69
28 74
28 76
28 78
28 80
28 81
28 84
28 86
28 95
28 96
28 97
28 102
28 103
28 105
28 106
28 107
28 113
28 117
28 118
28 120
28 122
28 124
28 125
28 126
28 129
28 134
28 137
28 138
28 141
28 142
29 31
29 34
29 37
29 45
29 49
29 50
29 58
29 59
29 62
29 64
29 67
29 68
29 69
29 70
29 73
29 74
29 75
29 77
29 78
29 80
29 82
29 83
29 85
29 86
29 87
29 90
29 91
29 92
29 93
29 96
29 99
29 102
29 110
29 113
29 118
29 119
29 121
29 122
29 123
29 125
29 127
29 128
29 129
29 130
29 131
29 133
29 138
29 139
29 140
29 144
30 33
30 34
30 37
30 38
30 39
30 40
30 41
30 42
30 43
30 45
30 48
30 49
30 50
30 52
30 54
30 55
30 56
30 59
30 65
30 66
30 68
30 70
30 72
30 73
30 77
30 78
30 79
30 81
30 85
30 88
30 91
30 96
30 98
30 105
30 109
30 112
30 116
30 127
30 128
30 136
30 138
30 142
31 33
31 38
31 40
31 42
31 46
31 50
31 53
31 55
31 57
31 61
31 63
31 65
31 67
31 69
31 71
31 73
31 75
31 78
31 79
31 81
31 83
31 85
31 86
31 92
31 93
31 94
31 96
31 107
31 109
31 117
31 119
31 120
31 121
31 123
31 124
31 126
31 129
31 135
31 138
31 143
32 34
32 35
32 38
32 40
32 41
32 43
32 45
32 46
32 47
32 55
32 57
32 62
32 63
32 68
32 71
32 78
32 79
32 81
32 83
32 85
32 86
32 88
32 89
32 90
32 91
32 92
32 93
32 94
32 95
32 98
32 99
32 100
32 102
32 107
32 108
32 109
32 110
32 111
32 117
32 119
32 122
32 129
32 130
32 132
32 133
32 134
32 135
32 138
32 140
32 142
32 144
33 34
33 35
33 36
33 41
33 42
33 45
33 46
33 47
33 49
33 51
33 52
33 54
33 55
33 56
33 58
33 63
33 64
33 68
33 69
33 74
33 78
33 82
33 84
33 86
33 87
33 88
33 90
33 92
33 94
33 96
33 99
33 100
33 101
33 109
33 110
33 111
33 112
33 113
33 114
33 115
33 117
33 119
33 120
33 123
33 124
33 128
33 129
33 131
33 133
33 136
33 138
33 142
33 143
33 144
34 38
34 39
34 40
34 41
34 43
34 46
34 47
34 48
34 49
34 50
34 53
34 55
34 58
34 60
34 61
34 62
34 64
34 67
34 69
34 70
34 73
34 75
34 79
34 80
34 83
34 84
34 86
34 89
34 93
34 94
34 95
34 99
34 100
34 104
34 106
34 107
34 108
34 109
34 111
34 113
34 114
34 121
34 123
34 126
34 128
34 131
34 134
34 136
34 138
34 140
34 142
34 143
34 144
35 37
35 40
35 42
35 43
35 44
35 48
35 49
35 50
35 51
35 52
35 54
35 57
35 58
35 61
35 62
35 63
35 65
35 66
35 67
35 71
35 73
35 74
35 75
35 76
35 83
35 84
35 86
35 87
35 88
35 90
35 91
35 92
35 100
35 103
35 105
35 107
35 108
35 113
35 115
35 118
35 119
35 122
35 123
35 124
35 126
35 127
35 129
35 132
35 135
35 141
36 38
36 39
36 41
36 42
36 43
36 44
36 49
36 50
36 51
36 52
36 54
36 57
36 58
36 62
36 63
36 68
36 69
36 71
36 72
36 73
36 74
36 76
36 78
36 79
36 80
36 83
36 84
36 85
36 88
36 89
36 90
36 91
36 92
36 93
36 94
36 98
36 99
36 102
36 106
36 107
36 111
36 113
36 114
36 117
36 119
36 120
36 121
36 124
36 125
36 127
36 131
36 132
36 138
36 141
36 142
36 143
37 38
37 41
37 43
37 45
37 50
37 52
37 54
37 58
37 64
37 65
37 69
37 71
37 73
37 74
37 77
37 78
37 80
37 81
37 83
37 84
37 85
37 87
37 88
37 93
37 96
37 97
37 98
37 100
37 101
37 102
37 103
37 104
37 105
37 108
37 110
37 112
37 115
37 118
37 119
37 122
37 123
37 127
37 132
37 135
37 138
37 140
37 143
38 39
38 40
38 42
38 43
38 45
38 46
38 48
38 51
38 64
38 65
38 67
38 68
38 69
38 70
38 71
38 72
38 73
38 76
38 77
38 82
38 83
38 87
38 90
38 91
38 92
38 93
38 94
38 95
38 96
38 99
38 103
38 105
38 106
38 107
38 110
38 112
38 113
38 117
38 118
38 119
38 120
38 121
38 124
38 127
38 130
38 131
38 138
38 141
38 142
38 144
39 40
39 42
39 45
39 47
39 53
39 56
39 57
39 58
39 59
39 62
39 66
39 67
39 69
39 71
39 73
39 74
39 77
39 80
39 83
39 85
39 86
39 87
39 91
39 92
39 93
39 94
39 95
39 96
39 97
39 98
39 99
39 100
39 101
39 102
39 104
39 108
39 109
39 111
39 114
39 115
39 117
39 118
39 121
39 124
39 126
39 128
39 129
39 130
39 131
39 132
39 134
39 137
39 140
39 143
40 42
40 44
40 45
40 46
40 48
40 51
40 52
40 54
40 55
40 58
40 60
40 63
40 64
40 65
40 67
40 68
40 70
40 72
40 74
40 75
40 85
40 88
40 89
40 91
40 92
40 95
40 96
40 97
40 98
40 101
40 107
40 110
40 111
40 112
40 115
40 117
40 118
40 121
40 123
40 129
40 130
40 131
40 132
40 133
40 134
40 137
40 138
40 142
40 144
41 42
41 43
41 45
41 49
41 52
41 53
41 56
41 58
41 59
41 61
41 63
41 64
41 66
41 68
41 71
41 72
41 74
41 77
41 79
41 81
41 82
41 83
41 85
41 86
41 87
41 91
41 93
41 96
41 97
41 101
41 102
41 106
41 112
41 115
41 117
41 118
41 121
41 122
41 123
41 126
41 131
41 133
41 135
42 43
42 44
42 48
42 49
42 50
42 52
42 55
42 59
42 61
42 64
42 65
42 66
42 68
42 69
42 76
42 77
42 82
42 84
42 87
42 91
42 94
42 95
42 98
42 99
42 101
42 106
42 107
42 111
42 113
42 117
42 118
42 119
42 120
42 122
42 126
42 128
42 130
42 132
42 133
42 140
42 142
42 143
43 46
43 48
43 50
43 54
43 61
43 69
43 70
43 72
43 74
43 75
43 77
43 79
43 81
43 83
43 85
43 86
43 87
43 88
43 89
43 90
43 92
43 95
43 100
43 104
43 111
43 112
43 114
43 115
43 117
43 118
43 120
43 123
43 124
43 133
43 135
43 137
43 138
43 143
44 46
44 47
44 51
44 52
44 53
44 56
44 57
44 58
44 60
44 61
44 63
44 65
44 72
44 74
44 77
44 78
44 80
44 81
44 83
44 85
44 91
44 97
44 99
44 100
44 103
44 104
44 107
44 109
44 112
44 117
44 119
44 120
44 121
44 122
44 127
44 132
44 134
44 136
44 139
44 142
44 144
45 46
45 47
45 48
45 50
45 56
45 58
45 63
45 64
45 65
45 69
45 70
45 71
45 72
45 73
45 74
45 80
45 82
45 84
45 85
45 86
45 88
45 90
45 91
45 95
45 96
45 100
45 101
45 102
45 106
45 108
45 111
45 112
45 113
45 117
45 118
45 123
45 125
45 126
45 127
45 128
45 129
45 132
45 133
45 136
45 137
45 142
45 144
46 48
46 49
46 50
46 52
46 55
46 56
46 62
46 63
46 64
46 65
46 71
46 76
46 78
46 80
46 82
46 85
46 90
46 96
46 97
46 98
46 99
46 105
46 107
46 115
46 117
46 118
46 123
46 124
46 125
46 126
46 127
46 128
46 130
46 137
46 138
46 140
46 141
46 142
47 48
47 49
47 51
47 53
47 54
47 57
47 60
47 63
47 66
47 68
47 69
47 71
47 72
47 73
47 74
47 75
47 76
47 81
47 83
47 84
47 85
47 86
47 90
47 91
47 92
47 93
47 95
47 96
47 97
47 100
47 102
47 105
47 110
47 112
47 114
47 115
47 117
47 118
47 120
47 121
47 122
47 123
47 127
47 131
47 132
47 133
47 134
47 136
47 139
47 140
47 141
48 49
48 50
48 51
48 53
48 54
48 55
48 58
48 59
48 61
48 65
48 66
48 67
48 70
48 71
48 76
48 79
48 83
48 85
48 86
48 87
48 89
48 91
48 92
48 93
48 95
48 98
48 101
48 102
48 103
48 105
48 110
48 112
48 113
48 115
48 117
48 118
48 121
48 122
48 123
48 124
48 127
48 128
48 130
48 133
48 134
48 135
49 50
49 53
49 55
49 56
49 57
49 60
49 62
49 65
49 67
49 68
49 69
49 70
49 72
49 76
49 77
49 79
49 82
49 83
49 84
49 86
49 88
49 93
49 97
49 98
49 102
49 103
49 104
49 107
49 108
49 109
49 110
49 115
49 117
49 118
49 120
49 122
49 126
49 127
49 128
49 130
49 131
49 132
49 134
49 136
49 139
49 141
49 143
50 51
50 52
50 56
50 58
50 60
50 63
50 65
50 66
50 67
50 69
50 74
50 75
50 76
50 79
50 80
50 81
50 89
50 90
50 91
50 95
50 98
50 99
50 100
50 101
50 103
50 104
50 111
50 115
50 118
50 119
50 121
50 123
50 127
50 128
50 129
50 131
50 132
50 136
50 140
50 141
50 142
51 52
51 57
51 58
51 61
51 62
51 64
51 65
51 66
51 69
51 70
51 71
51 73
51 74
51 75
51 78
51 80
51 81
51 85
51 88
51 89
51 92
51 93
51 95
51 96
51 104
51 105
51 113
51 114
51 120
51 123
51 125
51 128
51 134
51 139
51 141
51 142
51 143
52 55
52 57
52 59
52 62
52 64
52 67
52 71
52 72
52 73
52 75
52 78
52 80
52 81
52 82
52 83
52 84
52 85
52 90
52 93
52 95
52 96
52 97
52 101
52 107
52 108
52 109
52 111
52 113
52 114
52 115
52 116
52 118
52 122
52 126
52 127
52 128
52 129
52 132
52 135
52 137
52 138
52 142
52 143
52 144
53 56
53 60
53 62
53 63
53 64
53 69
53 73
53 74
53 75
53 82
53 83
53 84
53 85
53 87
53 90
53 93
53 100
53 101
53 103
53 105
53 109
53 111
53 115
53 116
53 117
53 119
53 121
53 122
53 123
53 125
53 126
53 128
53 129
53 130
53 131
53 132
53 139
53 140
53 141
53 144
54 55
54 56
54 57
54 64
54 65
54 67
54 71
54 74
54 76
54 77
54 78
54 80
54 85
54 87
54 88
54 89
54 90
54 93
54 95
54 97
54 99
54 102
54 103
54 104
54 105
54 113
54 115
54 117
54 118
54 121
54 122
54 123
54 124
54 125
54 127
54 128
54 130
54 131
54 132
54 135
54 140
54 143
54 144
55 56
55 59
55 60
55 61
55 62
55 65
55 73
55 75
55 76
55 77
55 78
55 83
55 86
55 87
55 90
55 92
55 93
55 96
55 99
55 103
55 105
55 106
55 107
55 108
55 111
55 113
55 117
55 118
55 120
55 127
55 129
55 130
55 131
55 134
55 140
55 142
56 57
56 58
56 59
56 61
56 62
56 63
56 64
56 67
56 68
56 70
56 71
56 74
56 77
56 78
56 82
56 86
56 87
56 88
56 89
56 90
56 91
56 94
56 98
56 99
56 100
56 102
56 107
56 108
56 114
56 117
56 121
56 122
56 124
56 125
56 129
56 131
56 132
56 134
56 135
56 139
56 142
56 143
57 59
57 62
57 67
57 69
57 70
57 73
57 76
57 77
57 78
57 79
57 81
57 85
57 87
57 88
57 90
57 93
57 94
57 95
57 96
57 98
57 99
57 100
57 108
57 109
57 110
57 112
57 113
57 116
57 117
57 119
57 121
57 122
57 126
57 127
57 128
57 129
57 130
57 134
57 137
57 139
57 140
57 141
57 144
58 59
58 60
58 62
58 64
58 65
58 66
58 70
58 73
58 74
58 79
58 81
58 83
58 85
58 87
58 88
58 89
58 94
58 95
58 97
58 99
58 100
58 103
58 106
58 108
58 109
58 110
58 111
58 113
58 115
58 117
58 121
58 124
58 125
58 127
58 134
58 135
58 136
58 138
58 139
58 140
58 141
58 144
59 60
59 61
59 63
59 67
59 68
59 69
59 71
59 73
59 75
59 76
59 77
59 79
59 82
59 87
59 88
59 97
59 101
59 104
59 107
59 108
59 109
59 116
59 117
59 120
59 122
59 124
59 125
59 126
59 128
59 130
59 133
59 136
59 142
59 143
60 63
60 65
60 68
60 70
60 72
60 74
60 75
60 77
60 80
60 82
60 84
60 86
60 88
60 93
60 94
60 100
60 102
60 104
60 105
60 106
60 107
60 109
60 110
60 114
60 116
60 121
60 122
60 125
60 129
60 130
60 132
60 133
60 135
60 143
60 144
61 63
61 66
61 67
61 68
61 69
61 71
61 73
61 76
61 77
61 80
61 82
61 88
61 90
61 91
61 93
61 94
61 98
61 99
61 100
61 101
61 102
61 105
61 106
61 107
61 108
61 111
61 112
61 113
61 116
61 120
61 121
61 122
61 124
61 125
61 126
61 128
61 129
61 130
61 131
61 140
61 141
61 142
62 66
62 68
62 69
62 71
62 73
62 75
62 77
62 78
62 79
62 82
62 87
62 88
62 90
62 91
62 92
62 93
62 94
62 95
62 96
62 98
62 99
62 103
62 104
62 107
62 108
62 109
62 113
62 114
62 117
62 118
62 119
62 121
62 123
62 124
62 126
62 129
62 130
62 131
62 133
62 135
62 136
62 143
63 64
63 65
63 67
63 68
63 73
63 76
63 81
63 82
63 83
63 84
63 89
63 90
63 91
63 97
63 99
63 102
63 104
63 105
63 106
63 108
63 111
63 113
63 116
63 117
63 123
63 124
63 128
63 130
63 131
63 133
63 134
63 137
63 142
63 143
63 144
64 66
64 67
64 70
64 71
64 73
64 74
64 75
64 78
64 80
64 83
64 88
64 89
64 90
64 91
64 92
64 93
64 94
64 95
64 98
64 101
64 102
64 104
64 105
64 106
64 108
64 111
64 114
64 117
64 118
64 120
64 122
64 124
64 126
64 128
64 129
64 132
64 137
64 141
64 144
65 66
65 68
65 69
65 73
65 76
65 77
65 80
65 81
65 83
65 85
65 86
65 89
65 91
65 93
65 97
65 98
65 101
65 103
65 105
65 106
65 107
65 109
65 110
65 114
65 115
65 117
65 118
65 119
65 124
65 125
65 130
65 131
65 134
65 138
65 140
65 143
65 144
66 67
66 69
66 72
66 73
66 76
66 79
66 80
66 82
66 86
66 88
66 91
66 92
66 93
66 98
66 103
66 104
66 105
66 107
66 108
66 110
66 115
66 116
66 122
66 123
66 124
66 125
66 126
66 127
66 129
66 131
66 133
66 134
66 135
66 136
66 137
66 138
66 139
66 141
66 143
67 70
67 71
67 73
67 74
67 76
67 79
67 81
67 83
67 85
67 91
67 94
67 96
67 98
67 100
67 104
67 106
67 108
67 109
67 110
67 112
67 116
67 118
67 119
67 120
67 121
67 123
67 124
67 126
67 131
67 132
67 133
67 135
67 136
67 141
68 69
68 72
68 76
68 77
68 78
68 79
68 80
68 84
68 85
68 89
68 90
68 91
68 92
68 93
68 95
68 97
68 103
68 106
68 110
68 113
68 114
68 115
68 118
68 119
68 125
68 126
68 128
68 129
68 130
68 132
68 133
68 134
68 135
68 136
68 138
68 140
68 143
69 70
69 72
69 73
69 74
69 76
69 78
69 80
69 81
69 82
69 83
69 84
69 87
69 89
69 91
69 92
69 93
69 94
69 95
69 97
69 98
69 99
69 103
69 105
69 107
69 108
69 111
69 112
69 113
69 114
69 116
69 117
69 118
69 119
69 120
69 121
69 124
69 125
69 126
69 129
69 132
69 133
69 138
69 140
69 142
69 143
69 144
70 73
70 75
70 76
70 78
70 80
70 81
70 83
70 84
70 85
70 87
70 88
70 89
70 90
70 93
70 94
70 97
70 98
70 99
70 100
70 101
70 102
70 104
70 108
70 109
70 110
70 112
70 114
70 116
70 118
70 121
70 125
70 126
70 127
70 128
70 129
70 132
70 134
70 135
70 138
70 142
70 144
71 73
71 75
71 78
71 79
71 87
71 89
71 95
71 96
71 97
71 98
71 100
71 101
71 104
71 105
71 109
71 112
71 118
71 123
71 125
71 126
71 129
71 135
71 137
71 139
71 140
71 141
72 74
72 76
72 78
72 79
72 84
72 85
72 87
72 96
72 98
72 99
72 102
72 103
72 108
72 110
72 111
72 113
72 115
72 119
72 123
72 124
72 126
72 128
72 131
72 132
72 134
72 136
72 137
72 138
72 140
72 141
72 142
72 143
72 144
73 74
73 77
73 78
73 79
73 80
73 82
73 83
73 87
73 92
73 93
73 94
73 95
73 99
73 100
73 102
73 110
73 111
73 114
73 117
73 119
73 121
73 124
73 126
73 127
73 131
73 136
73 138
73 139
73 140
73 142
73 143
74 81
74 83
74 84
74 86
74 87
74 88
74 89
74 93
74 94
74 95
74 98
74 99
74 101
74 103
74 104
74 106
74 108
74 113
74 115
74 117
74 118
74 121
74 124
74 126
74 129
74 131
74 133
74 135
74 136
74 138
74 139
74 142
74 143
74 144
75 76
75 77
75 79
75 80
75 84
75 85
75 87
75 89
75 92
75 93
75 94
75 95
75 99
75 101
75 103
75 104
75 107
75 109
75 110
75 113
75 115
75 116
75 118
75 120
75 121
75 123
75 125
75 126
75 128
75 131
75 133
75 136
75 138
75 139
75 140
75 142
76 78
76 79
76 80
76 82
76 85
76 87
76 88
76 89
76 93
76 96
76 99
76 102
76 104
76 105
76 106
76 108
76 109
76 110
76 111
76 112
76 114
76 116
76 117
76 119
76 121
76 123
76 124
76 126
76 130
76 131
76 134
76 135
76 136
76 140
76 141
76 142
76 144
77 79
77 80
77 81
77 82
77 84
77 85
77 87
77 90
77 92
77 93
77 94
77 95
77 96
77 97
77 99
77 100
77 102
77 104
77 106
77 107
77 108
77 109
77 110
77 111
77 114
77 115
77 117
77 120
77 121
77 125
77 130
77 134
77 135
77 136
77 138
77 139
77 142
78 79
78 80
78 82
78 83
78 85
78 86
78 90
78 92
78 93
78 95
78 98
78 101
78 102
78 106
78 111
78 113
78 116
78 117
78 120
78 122
78 123
78 129
78 131
78 133
78 137
78 140
78 143
78 144
79 80
79 81
79 83
79 84
79 90
79 91
79 92
79 93
79 100
79 101
79 103
79 106
79 110
79 112
79 113
79 116
79 117
79 119
79 120
79 126
79 131
79 134
79 135
79 136
79 137
79 138
79 140
79 141
79 142
79 143
79 144
80 82
80 84
80 85
80 86
80 89
80 90
80 91
80 92
80 96
80 97
80 102
80 105
80 108
80 109
80 111
80 115
80 118
80 123
80 126
80 134
80 135
80 136
80 138
81 82
81 89
81 91
81 98
81 99
81 100
81 102
81 104
81 105
81 106
81 109
81 110
81 113
81 117
81 122
81 123
81 124
81 127
81 128
81 132
81 133
81 136
81 137
81 140
81 141
81 142
81 144
82 85
82 89
82 92
82 93
82 96
82 97
82 98
82 102
82 103
82 104
82 107
82 108
82 111
82 113
82 114
82 116
82 118
82 119
82 120
82 121
82 124
82 125
82 126
82 128
82 129
82 132
82 133
82 134
82 135
82 142
83 88
83 89
83 91
83 92
83 99
83 100
83 101
83 102
83 103
83 105
83 106
83 108
83 109
83 110
83 111
83 117
83 118
83 121
83 122
83 124
83 125
83 130
83 131
83 132
83 133
83 136
83 142
84 86
84 87
84 89
84 91
84 93
84 97
84 102
84 104
84 107
84 108
84 110
84 112
84 114
84 115
84 116
84 117
84 118
84 119
84 121
84 123
84 124
84 127
84 130
84 131
84 132
84 135
84 136
84 137
84 139
84 141
85 86
85 88
85 89
85 90
85 91
85 93
85 97
85 99
85 100
85 101
85 103
85 106
85 109
85 111
85 113
85 116
85 121
85 122
85 127
85 131
85 134
85 135
85 136
85 138
85 139
85 142
85 143
85 144
86 92
86 94
86 99
86 103
86 105
86 106
86 110
86 111
86 113
86 115
86 116
86 118
86 121
86 124
86 125
86 126
86 127
86 129
86 131
86 134
86 135
86 139
86 140
86 143
87 88
87 93
87 94
87 97
87 99
87 100
87 102
87 103
87 104
87 113
87 115
87 121
87 124
87 131
87 134
87 138
87 139
87 140
87 141
87 143
87 144
88 92
88 100
88 101
88 103
88 104
88 105
88 106
88 109
88 110
88 111
88 113
88 115
88 116
88 118
88 119
88 121
88 124
88 125
88 126
88 127
88 128
88 130
88 137
88 139
88 140
88 141
88 144
89 91
89 96
89 99
89 104
89 105
89 107
89 108
89 112
89 113
89 114
89 116
89 117
89 119
89 121
89 122
89 127
89 129
89 132
89 134
89 137
89 138
89 139
89 140
89 141
89 144
90 91
90 93
90 95
90 100
90 101
90 102
90 103
90 104
90 105
90 106
90 107
90 109
90 110
90 112
90 114
90 116
90 117
90 123
90 125
90 129
90 130
90 131
90 135
90 138
90 139
90 143
91 93
91 94
91 95
91 97
91 98
91 99
91 100
91 104
91 105
91 107
91 109
91 111
91 114
91 117
91 118
91 119
91 122
91 123
91 124
91 134
91 135
91 136
91 137
91 139
91 141
91 143
92 93
92 94
92 95
92 97
92 98
92 101
92 102
92 107
92 109
92 110
92 112
92 113
92 114
92 115
92 117
92 119
92 122
92 123
92 124
92 126
92 127
92 132
92 133
92 138
92 142
93 94
93 98
93 99
93 102
93 103
93 105
93 107
93 108
93 111
93 115
93 117
93 118
93 119
93 120
93 122
93 129
93 130
93 132
93 134
93 136
93 138
93 139
93 140
93 142
93 144
94 96
94 97
94 102
94 103
94 104
94 105
94 106
94 107
94 108
94 110
94 111
94 112
94 114
94 122
94 125
94 126
94 127
94 128
94 134
94 136
94 137
94 138
94 141
95 96
95 98
95 100
95 102
95 103
95 108
95 109
95 114
95 118
95 121
95 125
95 126
95 127
95 138
95 139
95 140
95 141
95 142
95 143
96 100
96 106
96 108
96 112
96 113
96 115
96 117
96 119
96 120
96 124
96 127
96 128
96 130
96 132
96 136
96 137
96 139
96 142
97 98
97 100
97 103
97 106
97 107
97 110
97 111
97 113
97 117
97 118
97 122
97 123
97 127
97 129
97 130
97 131
97 132
97 133
97 134
97 141
97 142
97 144
98 99
98 102
98 104
98 105
98 106
98 110
98 111
98 112
98 114
98 119
98 120
98 121
98 123
98 124
98 125
98 134
98 136
98 138
98 139
98 140
98 141
98 143
99 102
99 103
99 108
99 112
99 117
99 118
99 119
99 120
99 123
99 124
99 125
99 127
99 131
99 136
99 139
99 141
99 144
100 101
100 103
100 104
100 106
100 107
100 109
100 110
100 111
100 112
100 114
100 115
100 116
100 128
100 129
100 132
100 136
100 139
100 140
100 142
101 103
101 104
101 107
101 108
101 109
101 110
101 116
101 117
101 119
101 120
101 121
101 122
101 123
101 125
101 126
101 128
101 130
101 132
101 137
101 138
101 139
101 143
102 106
102 107
102 108
102 109
102 110
102 111
102 112
102 115
102 117
102 119
102 125
102 126
102 127
102 132
102 139
102 140
102 144
103 104
103 106
103 112
103 113
103 116
103 118
103 126
103 127
103 128
103 129
103 132
103 138
103 139
103 140
103 142
104 113
104 115
104 119
104 120
104 125
104 128
104 129
104 134
104 136
104 140
104 143
104 144
105 106
105 108
105 109
105 112
105 113
105 114
105 117
105 119
105 124
105 129
105 134
105 137
105 139
105 142
105 143
105 144
106 108
106 109
106 112
106 113
106 118
106 119
106 120
106 122
106 125
106 126
106 129
106 131
106 132
106 133
106 137
106 138
106 140
106 142
106 143
106 144
107 110
107 111
107 112
107 113
107 114
107 120
107 122
107 123
107 125
107 128
107 129
107 130
107 132
107 138
107 142
107 143
108 112
108 115
108 120
108 122
108 124
108 128
108 130
108 131
108 132
108 139
108 140
108 141
108 143
108 144
109 111
109 113
109 114
109 115
109 116
109 118
109 125
109 126
109 127
109 129
109 130
109 131
109 133
109 136
109 141
110 111
110 112
110 113
110 115
110 117
110 118
110 122
110 130
110 132
110 137
110 139
110 142
110 143
110 144
111 113
111 115
111 118
111 119
111 120
111 122
111 124
111 125
111 128
111 130
111 131
111 133
111 135
111 136
111 137
111 139
111 142
111 144
112 116
112 117
112 118
112 119
112 121
112 123
112 124
112 125
112 127
112 129
112 130
112 131
112 132
112 133
112 135
112 136
112 137
112 138
112 140
112 141
112 144
113 116
113 119
113 122
113 124
113 126
113 127
113 128
113 129
113 131
113 132
113 135
113 136
113 137
113 138
113 141
113 144
114 120
114 122
114 123
114 125
114 131
114 132
114 134
114 135
114 136
114 137
114 140
114 141
114 144
115 117
115 118
115 123
115 125
115 126
115 127
115 128
115 131
115 132
115 134
115 139
115 140
115 141
115 143
115 144
116 118
116 120
116 121
116 122
116 127
116 128
116 130
116 135
116 136
116 137
116 138
116 141
116 142
116 144
117 118
117 119
117 123
117 124
117 125
117 132
117 133
117 135
117 136
117 137
117 138
117 140
117 141
117 142
117 144
118 119
118 121
118 125
118 128
118 130
118 134
118 135
118 138
118 140
118 141
118 143
119 122
119 124
119 125
119 130
119 134
119 135
119 136
119 137
119 144
120 121
120 124
120 126
120 127
120 128
120 129
120 133
120 134
120 141
120 142
120 144
121 122
121 123
121 124
121 125
121 127
121 129
121 130
121 136
121 137
121 139
121 141
122 123
122 124
122 125
122 127
122 131
122 134
122 137
122 139
122 141
122 142
122 144
123 126
123 127
123 129
123 130
123 131
123 132
123 135
124 125
124 129
124 133
124 137
124 138
124 139
124 141
125 127
125 130
125 131
125 132
125 133
125 136
125 137
125 138
125 139
125 140
125 141
125 142
125 143
126 127
126 128
126 131
126 135
126 141
126 142
126 143
127 133
127 134
127 136
127 137
127 139
127 141
127 142
127 143
128 131
128 132
128 133
128 136
128 137
128 138
128 141
129 131
129 133
129 135
129 136
129 139
129 140
129 142
130 131
130 132
130 133
130 136
130 137
130 141
130 142
130 143
131 132
131 133
131 139
131 141
132 135
132 137
132 143
133 134
133 135
133 137
133 138
133 142
133 143
134 135
134 136
134 137
134 138
134 139
134 140
134 141
134 142
135 136
135 137
135 138
135 139
135 140
135 143
135 144
136 138
136 139
137 138
137 139
137 141
137 142
137 144
138 143
138 144
139 140
139 141
139 142
139 143
139 144
140 142
141 142
141 144
142 144
