150 5048
0 3
0 5
0 9
0 11
0 14
0 19
0 20
0 24
0 25
0 26
0 28
0 30
0 31
0 34
0 35
0 41
0 43
0 45
0 46
0 47
0 48
0 51
0 53
0 54
0 55
0 59
0 61
0 64
0 66
0 69
0 70
0 73
0 76
0 78
0 80
0 86
0 87
0 89
0 92
0 99
0 100
0 102
0 103
0 107
0 109
0 110
0 111
0 113
0 114
0 120
0 121
0 123
0 124
0 127
0 129
0 134
0 136
0 138
0 139
0 140
0 142
0 146
0 149
1 4
1 12
1 16
1 20
1 21
1 24
1 26
1 27
1 28
1 29
1 31
1 33
1 35
1 38
1 40
1 41
1 42
1 46
1 48
1 50
1 54
1 56
1 58
1 60
1 61
1 62
1 63
1 64
1 65
1 66
1 69
1 72
1 73
1 79
1 82
1 84
1 85
1 89
1 92
1 93
1 95
1 98
1 99
1 100
1 105
1 108
1 112
1 116
1 118
1 121
1 122
1 123
1 126
1 128
1 129
1 130
1 132
1 133
1 135
1 136
1 137
1 139
1 140
1 141
1 142
1 149
2 3
2 4
2 7
2 9
2 10
2 11
2 12
2 16
2 19
2 20
2 21
2 23
2 25
2 26
2 27
2 30
2 32
2 33
2 34
2 35
2 37
2 40
2 42
2 44
2 45
2 46
2 47
2 49
2 50
2 56
2 59
2 61
2 63
2 66
2 70
2 77
2 79
2 83
2 85
2 86
2 91
2 92
2 95
2 97
2 98
2 99
2 101
2 102
2 103
2 105
2 107
2 108
2 109
2 111
2 114
2 120
2 122
2 123
2 125
2 126
2 127
2 130
2 131
2 132
2 134
2 136
2 140
2 142
2 145
2 147
2 148
3 4
3 7
3 8
3 11
3 13
3 20
3 23
3 24
3 27
3 28
3 31
3 33
3 34
3 39
3 43
3 44
3 47
3 48
3 50
3 52
3 57
3 58
3 67
3 68
3 69
3 71
3 75
3 76
3 78
3 80
3 81
3 82
3 83
3 84
3 86
3 90
3 92
3 93
3 94
3 95
3 96
3 98
3 103
3 104
3 108
3 109
3 116
3 117
3 119
3 122
3 124
3 125
3 128
3 129
3 130
3 134
3 140
3 143
3 146
3 147
4 5
4 7
4 10
4 11
4 12
4 13
4 14
4 15
4 16
4 18
4 19
4 21
4 24
4 25
4 26
4 28
4 30
4 32
4 35
4 36
4 39
4 41
4 43
4 45
4 46
4 48
4 54
4 57
4 59
4 60
4 65
4 68
4 69
4 71
4 72
4 74
4 77
4 78
4 80
4 83
4 84
4 85
4 86
4 89
4 90
4 91
4 93
4 94
4 97
4 104
4 107
4 108
4 109
4 112
4 113
4 114
4 116
4 118
4 121
4 123
4 129
4 131
4 133
4 143
4 144
4 145
4 146
4 147
4 149
5 8
5 12
5 14
5 15
5 19
5 24
5 26
5 27
5 30
5 31
5 32
5 33
5 35
5 37
5 38
5 40
5 41
5 42
5 43
5 46
5 47
5 48
5 53
5 57
5 61
5 63
5 65
5 66
5 79
5 80
5 83
5 84
5 85
5 88
5 89
5 90
5 91
5 92
5 93
5 97
5 106
5 115
5 116
5 121
5 122
5 125
5 135
5 136
5 139
5 145
6 8
6 10
6 12
6 13
6 15
6 16
6 20
6 23
6 24
6 26
6 30
6 34
6 35
6 37
6 42
6 43
6 44
6 45
6 47
6 50
6 51
6 53
6 56
6 57
6 60
6 61
6 63
6 64
6 66
6 67
6 70
6 71
6 76
6 77
6 79
6 82
6 85
6 87
6 91
6 93
6 95
6 96
6 97
6 98
6 99
6 101
6 104
6 105
6 109
6 110
6 112
6 114
6 116
6 117
6 118
6 119
6 122
6 123
6 125
6 126
6 134
6 136
6 137
6 142
6 143
6 145
6 146
6 147
7 9
7 14
7 17
7 19
7 22
7 23
7 26
7 35
7 40
7 41
7 43
7 45
7 46
7 51
7 53
7 54
7 56
7 57
7 62
7 63
7 66
7 68
7 69
7 70
7 73
7 76
7 77
7 79
7 80
7 81
7 84
7 85
7 89
7 96
7 100
7 103
7 104
7 106
7 107
7 109
7 113
7 115
7 116
7 123
7 124
7 127
7 128
7 129
7 135
7 137
7 138
7 139
7 140
7 142
7 145
7 148
8 11
8 13
8 15
8 16
8 17
8 18
8 22
8 23
8 26
8 27
8 28
8 32
8 34
8 35
8 41
8 46
8 48
8 59
8 61
8 62
8 63
8 64
8 66
8 68
8 72
8 74
8 75
8 76
8 81
8 82
8 87
8 88
8 90
8 91
8 92
8 94
8 97
8 98
8 99
8 100
8 104
8 108
8 112
8 113
8 118
8 119
8 123
8 125
8 126
8 132
8 134
8 135
8 137
8 139
8 144
8 145
8 147
8 149
9 10
9 11
9 14
9 16
9 20
9 24
9 26
9 31
9 33
9 35
9 36
9 37
9 38
9 40
9 42
9 43
9 47
9 48
9 50
9 53
9 55
9 56
9 58
9 59
9 60
9 61
9 65
9 69
9 72
9 73
9 75
9 76
9 77
9 78
9 79
9 82
9 85
9 86
9 88
9 89
9 93
9 94
9 95
9 96
9 97
9 102
9 103
9 115
9 116
9 118
9 121
9 123
9 125
9 126
9 128
9 129
9 130
9 134
9 135
9 136
9 141
9 142
9 144
9 145
9 146
9 147
9 148
10 13
10 15
10 16
10 17
10 18
10 19
10 25
10 29
10 31
10 33
10 35
10 36
10 41
10 42
10 46
10 47
10 50
10 52
10 53
10 55
10 56
10 58
10 59
10 60
10 62
10 66
10 69
10 70
10 71
10 72
10 74
10 75
10 79
10 80
10 81
10 82
10 83
10 85
10 87
10 88
10 89
10 97
10 104
10 107
10 109
10 110
10 112
10 114
10 116
10 121
10 123
10 125
10 126
10 127
10 130
10 131
10 132
10 133
10 134
10 135
10 140
10 141
10 142
10 145
10 146
10 148
11 12
11 14
11 16
11 17
11 22
11 25
11 26
11 27
11 30
11 32
11 33
11 34
11 36
11 39
11 40
11 41
11 43
11 44
11 48
11 52
11 53
11 58
11 59
11 60
11 62
11 64
11 65
11 66
11 67
11 68
11 70
11 72
11 73
11 74
11 76
11 77
11 78
11 82
11 87
11 89
11 90
11 94
11 95
11 96
11 97
11 98
11 100
11 101
11 102
11 103
11 107
11 109
11 110
11 113
11 116
11 117
11 119
11 123
11 125
11 129
11 132
11 133
11 136
11 138
11 140
11 141
11 144
11 145
11 147
11 148
12 13
12 14
12 17
12 19
12 20
12 21
12 23
12 24
12 26
12 27
12 29
12 30
12 32
12 34
12 36
12 37
12 38
12 39
12 41
12 43
12 45
12 50
12 51
12 52
12 53
12 54
12 55
12 56
12 58
12 59
12 61
12 67
12 69
12 71
12 72
12 74
12 76
12 78
12 79
12 80
12 81
12 83
12 85
12 89
12 93
12 94
12 95
12 96
12 97
12 99
12 101
12 103
12 104
12 106
12 110
12 114
12 116
12 119
12 120
12 121
12 123
12 128
12 129
12 131
12 135
12 138
12 140
12 141
12 143
12 147
13 14
13 15
13 18
13 19
13 21
13 22
13 23
13 24
13 27
13 32
13 36
13 38
13 41
13 42
13 43
13 44
13 48
13 50
13 53
13 56
13 57
13 60
13 63
13 64
13 65
13 66
13 69
13 74
13 75
13 77
13 79
13 81
13 83
13 84
13 87
13 88
13 90
13 91
13 92
13 100
13 101
13 103
13 104
13 108
13 110
13 111
13 114
13 118
13 119
13 128
13 130
13 131
13 132
13 134
13 135
13 136
13 137
13 138
13 139
13 142
13 144
13 145
13 147
14 16
14 17
14 18
14 20
14 27
14 30
14 33
14 34
14 37
14 38
14 43
14 47
14 49
14 50
14 51
14 53
14 54
14 58
14 61
14 62
14 65
14 66
14 70
14 71
14 73
14 74
14 76
14 82
14 83
14 85
14 87
14 88
14 90
14 92
14 94
14 96
14 98
14 102
14 103
14 107
14 109
14 110
14 111
14 112
14 114
14 116
14 117
14 119
14 122
14 123
14 124
14 125
14 127
14 130
14 134
14 136
14 137
14 138
14 139
14 141
14 144
14 145
15 16
15 17
15 19
15 21
15 22
15 23
15 25
15 26
15 27
15 29
15 32
15 33
15 34
15 37
15 38
15 39
15 40
15 41
15 42
15 45
15 47
15 48
15 49
15 50
15 51
15 57
15 58
15 59
15 65
15 69
15 74
15 75
15 77
15 81
15 82
15 85
15 89
15 90
15 92
15 95
15 98
15 103
15 105
15 110
15 111
15 113
15 114
15 116
15 117
15 119
15 124
15 125
15 127
15 128
15 130
15 135
15 139
15 143
15 147
16 21
16 25
16 30
16 34
16 35
16 36
16 41
16 43
16 44
16 45
16 47
16 50
16 51
16 53
16 55
16 56
16 64
16 69
16 73
16 77
16 80
16 81
16 83
16 87
16 91
16 95
16 97
16 98
16 99
16 104
16 106
16 107
16 109
16 110
16 112
16 117
16 120
16 121
16 123
16 126
16 128
16 129
16 130
16 135
16 136
16 140
16 142
16 145
16 148
16 149
17 18
17 19
17 22
17 24
17 25
17 28
17 30
17 31
17 33
17 35
17 37
17 39
17 41
17 45
17 47
17 48
17 49
17 54
17 55
17 63
17 66
17 70
17 71
17 72
17 74
17 75
17 76
17 77
17 80
17 82
17 85
17 86
17 88
17 92
17 93
17 94
17 96
17 98
17 100
17 104
17 105
17 107
17 108
17 112
17 113
17 119
17 121
17 126
17 128
17 133
17 136
17 138
17 140
17 141
17 144
17 145
17 147
18 19
18 20
18 21
18 23
18 24
18 25
18 27
18 29
18 30
18 31
18 35
18 36
18 37
18 39
18 43
18 44
18 45
18 47
18 50
18 52
18 55
18 56
18 57
18 58
18 59
18 60
18 61
18 63
18 68
18 71
18 72
18 73
18 75
18 77
18 79
18 81
18 84
18 86
18 88
18 89
18 93
18 94
18 96
18 98
18 99
18 101
18 105
18 107
18 109
18 110
18 114
18 116
18 118
18 119
18 123
18 125
18 126
18 128
18 134
18 136
18 137
18 138
18 140
18 141
18 149
19 21
19 23
19 29
19 31
19 33
19 35
19 37
19 40
19 41
19 45
19 46
19 49
19 50
19 52
19 54
19 55
19 58
19 59
19 61
19 64
19 66
19 67
19 68
19 69
19 74
19 75
19 77
19 78
19 83
19 84
19 86
19 89
19 94
19 95
19 96
19 97
19 102
19 107
19 108
19 114
19 115
19 116
19 117
19 119
19 121
19 125
19 126
19 129
19 130
19 131
19 132
19 134
19 135
19 138
19 140
19 142
19 145
19 149
20 21
20 22
20 24
20 26
20 27
20 29
20 35
20 37
20 38
20 39
20 40
20 43
20 44
20 49
20 53
20 54
20 56
20 57
20 59
20 60
20 61
20 63
20 70
20 73
20 74
20 78
20 79
20 80
20 83
20 85
20 86
20 88
20 91
20 93
20 101
20 102
20 104
20 105
20 110
20 111
20 113
20 114
20 115
20 116
20 117
20 119
20 120
20 121
20 123
20 124
20 127
20 128
20 129
20 132
20 136
20 138
20 141
20 142
20 143
20 144
20 145
21 22
21 23
21 24
21 25
21 27
21 28
21 30
21 32
21 34
21 36
21 39
21 40
21 43
21 48
21 52
21 55
21 56
21 59
21 60
21 61
21 63
21 65
21 69
21 70
21 71
21 72
21 73
21 74
21 77
21 78
21 82
21 85
21 86
21 89
21 96
21 98
21 101
21 102
21 105
21 111
21 112
21 114
21 115
21 120
21 122
21 125
21 126
21 131
21 132
21 138
21 139
21 142
21 143
21 144
21 147
22 24
22 28
22 29
22 30
22 33
22 36
22 37
22 40
22 42
22 47
22 49
22 50
22 57
22 58
22 59
22 63
22 65
22 68
22 72
22 73
22 74
22 75
22 77
22 79
22 80
22 84
22 86
22 88
22 90
22 93
22 94
22 97
22 105
22 106
22 108
22 115
22 116
22 117
22 120
22 123
22 127
22 129
22 130
22 133
22 135
22 139
22 141
22 142
22 144
22 147
23 24
23 30
23 31
23 32
23 33
23 34
23 38
23 47
23 48
23 49
23 50
23 54
23 55
23 58
23 59
23 60
23 61
23 62
23 66
23 67
23 70
23 72
23 78
23 79
23 80
23 81
23 82
23 83
23 84
23 85
23 86
23 87
23 89
23 90
23 93
23 94
23 95
23 97
23 98
23 99
23 100
23 102
23 103
23 108
23 110
23 114
23 115
23 116
23 117
23 118
23 119
23 120
23 121
23 125
23 134
23 135
23 136
23 140
23 141
23 144
23 145
23 147
23 148
24 25
24 26
24 28
24 31
24 32
24 33
24 34
24 35
24 37
24 39
24 40
24 42
24 44
24 46
24 48
24 49
24 51
24 52
24 54
24 55
24 58
24 63
24 64
24 67
24 72
24 75
24 76
24 79
24 80
24 81
24 82
24 83
24 84
24 87
24 89
24 93
24 95
24 96
24 97
24 98
24 99
24 103
24 104
24 107
24 110
24 115
24 116
24 118
24 120
24 122
24 123
24 124
24 125
24 126
24 127
24 128
24 129
24 131
24 133
24 134
24 138
24 141
24 142
24 144
24 146
24 147
24 148
25 29
25 30
25 33
25 37
25 42
25 44
25 46
25 53
25 55
25 58
25 60
25 61
25 70
25 71
25 74
25 82
25 83
25 84
25 86
25 90
25 106
25 108
25 110
25 113
25 115
25 118
25 119
25 128
25 133
25 134
25 136
25 141
25 145
25 149
26 27
26 30
26 32
26 33
26 34
26 35
26 37
26 38
26 40
26 41
26 42
26 43
26 46
26 48
26 50
26 51
26 52
26 54
26 56
26 60
26 62
26 63
26 66
26 69
26 70
26 82
26 83
26 85
26 86
26 87
26 89
26 91
26 92
26 95
26 97
26 99
26 100
26 101
26 102
26 103
26 104
26 105
26 106
26 107
26 108
26 109
26 110
26 111
26 114
26 115
26 119
26 120
26 127
26 128
26 132
26 133
26 135
26 139
26 141
26 143
26 147
27 37
27 38
27 39
27 41
27 43
27 44
27 45
27 47
27 50
27 51
27 54
27 55
27 63
27 64
27 65
27 74
27 77
27 81
27 84
27 86
27 87
27 92
27 95
27 99
27 100
27 102
27 105
27 106
27 107
27 114
27 116
27 117
27 120
27 121
27 122
27 125
27 129
27 131
27 134
27 135
27 136
27 137
27 140
27 141
27 145
27 149
28 29
28 30
28 31
28 32
28 33
28 35
28 36
28 38
28 40
28 42
28 44
28 46
28 49
28 54
28 55
28 61
28 63
28 66
28 69
28 72
28 73
28 75
28 78
28 82
28 83
28 86
28 91
28 94
28 95
28 97
28 99
28 101
28 103
28 105
28 108
28 111
28 112
28 113
28 114
28 117
28 118
28 119
28 121
28 125
28 129
28 130
28 135
28 140
28 143
28 146
28 148
28 149
29 30
29 31
29 32
29 33
29 34
29 35
29 38
29 39
29 41
29 42
29 44
29 45
29 46
29 48
29 50
29 51
29 52
29 55
29 57
29 62
29 63
29 64
29 65
29 67
29 69
29 71
29 72
29 73
29 75
29 78
29 79
29 83
29 86
29 87
29 90
29 92
29 93
29 97
29 98
29 99
29 102
29 103
29 104
29 109
29 115
29 119
29 121
29 123
29 124
29 127
29 129
29 130
29 131
29 133
29 135
29 140
29 141
29 142
29 144
29 145
29 146
30 32
30 38
30 39
30 42
30 43
30 44
30 48
30 49
30 50
30 52
30 56
30 60
30 65
30 66
30 67
30 70
30 75
30 76
30 78
30 79
30 81
30 82
30 83
30 85
30 86
30 92
30 93
30 94
30 96
30 97
30 100
30 101
30 102
30 103
30 104
30 105
30 107
30 110
30 111
30 112
30 114
30 116
30 119
30 120
30 123
30 124
30 127
30 128
30 130
30 133
30 134
30 135
30 137
30 139
30 140
30 142
30 143
30 144
30 146
30 149
31 39
31 42
31 44
31 47
31 49
31 52
31 53
31 54
31 58
31 59
31 61
31 62
31 65
31 66
31 68
31 69
31 70
31 73
31 76
31 80
31 87
31 88
31 90
31 92
31 93
31 95
31 97
31 99
31 101
31 103
31 104
31 106
31 107
31 109
31 110
31 111
31 114
31 117
31 118
31 119
31 122
31 123
31 124
31 125
31 127
31 129
31 134
31 135
31 136
31 139
31 145
31 146
31 148
32 33
32 35
32 37
32 38
32 41
32 44
32 45
32 48
32 53
32 54
32 58
32 62
32 64
32 66
32 67
32 68
32 70
32 71
32 74
32 75
32 76
32 77
32 80
32 85
32 86
32 88
32 90
32 96
32 103
32 105
32 107
32 108
32 110
32 112
32 116
32 120
32 121
32 122
32 123
32 124
32 128
32 129
32 130
32 131
32 133
32 135
32 137
32 139
32 140
32 141
32 142
32 146
32 148
33 34
33 35
33 36
33 38
33 39
33 41
33 42
33 44
33 45
33 50
33 52
33 58
33 61
33 63
33 70
33 71
33 73
33 74
33 79
33 80
33 81
33 84
33 86
33 92
33 99
33 100
33 101
33 103
33 104
33 105
33 106
33 107
33 108
33 109
33 110
33 111
33 112
33 113
33 115
33 117
33 118
33 120
33 121
33 123
33 126
33 129
33 131
33 132
33 136
33 138
33 139
33 140
33 141
33 144
34 35
34 36
34 38
34 39
34 45
34 47
34 48
34 50
34 51
34 52
34 53
34 56
34 59
34 60
34 63
34 65
34 68
34 72
34 73
34 74
34 75
34 77
34 81
34 86
34 87
34 89
34 94
34 95
34 96
34 97
34 99
34 103
34 105
34 106
34 109
34 110
34 111
34 116
34 117
34 120
34 121
34 125
34 129
34 132
34 135
34 136
34 138
34 139
34 141
34 142
34 143
34 144
34 146
34 147
35 37
35 39
35 42
35 43
35 45
35 46
35 49
35 50
35 51
35 53
35 55
35 58
35 62
35 65
35 68
35 70
35 81
35 86
35 91
35 93
35 95
35 101
35 103
35 104
35 107
35 110
35 111
35 114
35 118
35 119
35 122
35 123
35 124
35 125
35 129
35 130
35 131
35 133
35 134
35 136
35 139
35 141
35 146
35 147
35 149
36 37
36 41
36 43
36 49
36 52
36 54
36 58
36 59
36 60
36 62
36 65
36 70
36 73
36 74
36 75
36 76
36 83
36 88
36 89
36 90
36 92
36 93
36 95
36 96
36 99
36 100
36 101
36 102
36 106
36 107
36 109
36 111
36 116
36 126
36 127
36 128
36 130
36 132
36 133
36 139
36 140
36 145
36 146
37 38
37 39
37 40
37 42
37 44
37 46
37 48
37 52
37 53
37 54
37 55
37 59
37 60
37 61
37 64
37 68
37 70
37 72
37 73
37 74
37 75
37 76
37 78
37 80
37 81
37 82
37 85
37 91
37 92
37 101
37 102
37 107
37 109
37 112
37 113
37 114
37 115
37 116
37 118
37 120
37 121
37 122
37 127
37 130
37 132
37 133
37 134
37 135
37 136
37 139
37 140
37 141
37 143
37 144
37 145
37 146
37 149
38 39
38 40
38 41
38 42
38 43
38 46
38 48
38 49
38 52
38 55
38 57
38 59
38 60
38 63
38 64
38 67
38 70
38 71
38 72
38 73
38 74
38 75
38 76
38 77
38 78
38 82
38 83
38 86
38 87
38 88
38 90
38 93
38 94
38 98
38 101
38 103
38 105
38 108
38 109
38 113
38 119
38 124
38 125
38 127
38 128
38 131
38 132
38 136
38 137
38 140
38 141
38 149
39 40
39 42
39 45
39 46
39 47
39 48
39 49
39 50
39 53
39 55
39 56
39 60
39 61
39 65
39 66
39 71
39 73
39 74
39 76
39 77
39 78
39 82
39 83
39 86
39 87
39 90
39 91
39 96
39 97
39 98
39 100
39 102
39 103
39 104
39 105
39 108
39 109
39 111
39 114
39 117
39 118
39 119
39 122
39 124
39 126
39 127
39 130
39 131
39 132
39 136
39 139
39 141
39 142
39 144
39 145
39 147
39 149
40 45
40 46
40 48
40 51
40 54
40 56
40 57
40 58
40 61
40 63
40 66
40 67
40 68
40 71
40 72
40 73
40 74
40 75
40 77
40 79
40 81
40 83
40 84
40 85
40 87
40 88
40 90
40 92
40 95
40 96
40 99
40 100
40 101
40 102
40 110
40 111
40 115
40 116
40 119
40 121
40 123
40 124
40 125
40 126
40 128
40 129
40 133
40 134
40 135
40 136
40 137
40 138
40 140
40 143
40 145
40 147
40 148
41 43
41 46
41 48
41 49
41 51
41 52
41 55
41 56
41 57
41 58
41 59
41 68
41 70
41 72
41 74
41 77
41 78
41 79
41 80
41 81
41 82
41 83
41 88
41 89
41 92
41 97
41 100
41 102
41 103
41 106
41 108
41 110
41 115
41 116
41 119
41 122
41 125
41 126
41 128
41 129
41 130
41 131
41 132
41 135
41 138
41 140
41 141
41 142
41 143
41 145
41 146
41 147
41 148
42 45
42 46
42 51
42 58
42 61
42 62
42 66
42 67
42 70
42 73
42 77
42 79
42 82
42 85
42 89
42 90
42 91
42 93
42 99
42 101
42 103
42 104
42 108
42 109
42 110
42 111
42 112
42 115
42 116
42 119
42 120
42 121
42 122
42 126
42 127
42 129
42 131
42 139
42 140
42 141
42 142
42 143
42 145
42 146
43 49
43 50
43 57
43 59
43 60
43 61
43 62
43 65
43 66
43 68
43 69
43 70
43 72
43 76
43 80
43 81
43 84
43 85
43 87
43 89
43 91
43 95
43 96
43 97
43 100
43 101
43 103
43 104
43 105
43 106
43 108
43 112
43 115
43 120
43 122
43 125
43 128
43 133
43 135
43 138
43 142
43 144
43 146
43 149
44 45
44 48
44 50
44 53
44 57
44 58
44 60
44 63
44 66
44 67
44 68
44 69
44 71
44 72
44 73
44 79
44 80
44 85
44 88
44 89
44 95
44 96
44 105
44 108
44 117
44 118
44 121
44 122
44 124
44 126
44 128
44 130
44 131
44 132
44 134
44 140
44 143
45 48
45 55
45 57
45 62
45 63
45 64
45 65
45 67
45 68
45 71
45 72
45 80
45 85
45 88
45 89
45 91
45 92
45 93
45 96
45 99
45 101
45 102
45 103
45 105
45 106
45 108
45 111
45 113
45 116
45 117
45 118
45 120
45 121
45 122
45 124
45 128
45 129
45 131
45 133
45 135
45 136
45 140
45 143
45 146
45 149
46 49
46 50
46 56
46 57
46 60
46 61
46 63
46 64
46 71
46 73
46 75
46 81
46 83
46 84
46 85
46 88
46 91
46 92
46 95
46 97
46 99
46 101
46 105
46 107
46 109
46 111
46 112
46 113
46 116
46 118
46 122
46 130
46 134
46 137
46 138
46 139
46 141
46 143
46 145
46 146
46 147
46 149
47 48
47 49
47 50
47 53
47 55
47 57
47 59
47 62
47 67
47 68
47 69
47 70
47 71
47 75
47 77
47 80
47 81
47 82
47 85
47 89
47 94
47 97
47 98
47 102
47 103
47 104
47 105
47 106
47 107
47 109
47 110
47 114
47 115
47 116
47 117
47 119
47 121
47 122
47 125
47 126
47 128
47 131
47 133
47 136
47 138
47 139
47 141
47 142
47 144
47 148
47 149
48 50
48 52
48 53
48 54
48 55
48 57
48 60
48 65
48 66
48 68
48 69
48 70
48 71
48 73
48 76
48 78
48 79
48 80
48 82
48 87
48 89
48 91
48 98
48 99
48 100
48 105
48 106
48 112
48 116
48 118
48 119
48 123
48 124
48 128
48 135
48 139
48 141
48 143
48 144
48 146
48 147
48 148
49 50
49 52
49 55
49 56
49 59
49 60
49 62
49 67
49 70
49 71
49 72
49 88
49 89
49 91
49 92
49 96
49 99
49 100
49 102
49 103
49 104
49 110
49 111
49 113
49 114
49 119
49 120
49 121
49 124
49 126
49 127
49 129
49 130
49 134
49 136
49 140
49 141
49 143
49 144
49 145
49 146
49 147
49 148
50 51
50 53
50 54
50 56
50 59
50 60
50 63
50 64
50 67
50 68
50 69
50 70
50 72
50 73
50 76
50 77
50 79
50 80
50 81
50 83
50 84
50 86
50 87
50 88
50 90
50 91
50 92
50 93
50 94
50 96
50 97
50 99
50 100
50 102
50 105
50 106
50 109
50 111
50 112
50 113
50 114
50 116
50 118
50 123
50 125
50 128
50 129
50 130
50 131
50 137
50 138
50 140
50 142
50 143
50 146
51 52
51 55
51 56
51 59
51 60
51 65
51 66
51 70
51 73
51 74
51 79
51 81
51 83
51 88
51 89
51 91
51 92
51 93
51 95
51 97
51 99
51 101
51 102
51 103
51 106
51 107
51 110
51 112
51 113
51 114
51 115
51 116
51 118
51 120
51 121
51 122
51 123
51 124
51 127
51 133
51 134
51 135
51 140
51 146
51 147
51 148
52 56
52 57
52 59
52 62
52 63
52 64
52 65
52 68
52 69
52 70
52 71
52 73
52 76
52 77
52 78
52 82
52 83
52 85
52 86
52 87
52 89
52 90
52 91
52 92
52 94
52 96
52 101
52 104
52 105
52 107
52 108
52 110
52 114
52 116
52 117
52 118
52 120
52 121
52 124
52 127
52 128
52 129
52 131
52 133
52 140
52 142
52 144
52 145
52 148
52 149
53 54
53 55
53 71
53 75
53 77
53 79
53 81
53 82
53 85
53 86
53 87
53 88
53 91
53 97
53 99
53 100
53 101
53 103
53 106
53 108
53 111
53 114
53 115
53 117
53 120
53 123
53 126
53 127
53 128
53 131
53 132
53 133
53 134
53 135
53 136
53 138
53 142
53 144
53 146
53 147
53 148
54 55
54 56
54 57
54 66
54 67
54 68
54 75
54 77
54 80
54 82
54 83
54 84
54 85
54 89
54 94
54 95
54 96
54 99
54 102
54 104
54 105
54 110
54 111
54 112
54 114
54 115
54 116
54 118
54 120
54 121
54 123
54 126
54 127
54 131
54 135
54 137
54 138
54 139
54 140
54 145
54 146
54 147
54 148
54 149
55 56
55 61
55 65
55 67
55 68
55 73
55 77
55 78
55 83
55 86
55 88
55 89
55 90
55 94
55 95
55 96
55 97
55 98
55 99
55 102
55 105
55 106
55 107
55 108
55 109
55 111
55 117
55 118
55 119
55 123
55 125
55 127
55 130
55 131
55 132
55 134
55 136
55 137
55 138
55 145
55 146
55 148
55 149
56 58
56 61
56 62
56 66
56 69
56 71
56 72
56 75
56 81
56 86
56 87
56 90
56 92
56 95
56 99
56 100
56 101
56 102
56 103
56 105
56 106
56 108
56 109
56 114
56 115
56 117
56 118
56 120
56 121
56 122
56 124
56 125
56 126
56 129
56 133
56 136
56 139
56 143
57 58
57 60
57 62
57 63
57 66
57 68
57 70
57 71
57 72
57 73
57 75
57 76
57 81
57 83
57 84
57 85
57 89
57 90
57 91
57 93
57 101
57 103
57 104
57 105
57 106
57 107
57 108
57 110
57 113
57 117
57 119
57 121
57 125
57 127
57 128
57 130
57 131
57 132
57 133
57 141
57 142
57 144
57 146
58 62
58 68
58 69
58 72
58 75
58 77
58 79
58 84
58 86
58 92
58 95
58 97
58 98
58 99
58 104
58 108
58 111
58 114
58 115
58 116
58 126
58 127
58 128
58 130
58 134
58 136
58 137
58 138
58 141
58 142
58 143
58 144
58 145
58 146
58 148
58 149
59 62
59 63
59 65
59 68
59 69
59 72
59 73
59 74
59 75
59 77
59 83
59 86
59 87
59 88
59 90
59 94
59 96
59 97
59 98
59 102
59 104
59 105
59 106
59 109
59 113
59 115
59 121
59 122
59 123
59 126
59 128
59 129
59 130
59 133
59 134
59 137
59 140
59 145
59 146
59 147
59 148
60 61
60 62
60 65
60 66
60 67
60 69
60 76
60 77
60 79
60 80
60 84
60 88
60 89
60 92
60 96
60 97
60 98
60 99
60 101
60 102
60 103
60 104
60 108
60 109
60 111
60 113
60 114
60 115
60 116
60 122
60 123
60 124
60 125
60 127
60 132
60 135
60 136
60 138
60 140
60 141
60 143
60 147
60 149
61 62
61 63
61 64
61 65
61 66
61 67
61 69
61 70
61 71
61 73
61 75
61 76
61 78
61 80
61 82
61 89
61 90
61 91
61 97
61 100
61 101
61 102
61 104
61 105
61 109
61 110
61 113
61 114
61 117
61 118
61 120
61 123
61 125
61 126
61 128
61 130
61 132
61 135
61 136
61 141
61 148
62 64
62 66
62 70
62 73
62 74
62 75
62 79
62 80
62 82
62 84
62 86
62 89
62 90
62 94
62 95
62 97
62 98
62 99
62 100
62 103
62 106
62 109
62 110
62 111
62 113
62 116
62 121
62 122
62 123
62 126
62 127
62 130
62 132
62 133
62 134
62 135
62 136
62 138
62 139
62 142
62 143
62 148
62 149
63 65
63 66
63 68
63 71
63 74
63 78
63 81
63 83
63 84
63 85
63 86
63 87
63 89
63 90
63 92
63 95
63 97
63 104
63 105
63 106
63 110
63 113
63 114
63 115
63 118
63 119
63 120
63 122
63 125
63 128
63 129
63 130
63 134
63 136
63 137
63 139
63 141
63 142
63 144
63 145
63 149
64 66
64 70
64 71
64 72
64 74
64 78
64 84
64 85
64 89
64 92
64 95
64 97
64 98
64 99
64 100
64 104
64 105
64 112
64 113
64 115
64 116
64 118
64 120
64 124
64 131
64 132
64 133
64 135
64 136
64 138
64 140
64 141
64 142
64 143
64 146
64 149
65 69
65 73
65 76
65 77
65 79
65 80
65 82
65 87
65 89
65 90
65 93
65 98
65 99
65 100
65 102
65 103
65 104
65 107
65 108
65 109
65 110
65 111
65 112
65 114
65 115
65 116
65 117
65 118
65 119
65 122
65 123
65 124
65 127
65 131
65 133
65 139
65 140
65 144
65 147
65 148
66 68
66 70
66 81
66 83
66 85
66 86
66 87
66 88
66 89
66 91
66 92
66 96
66 97
66 101
66 102
66 104
66 110
66 114
66 116
66 119
66 120
66 121
66 123
66 124
66 127
66 129
66 131
66 132
66 135
66 138
66 144
66 146
66 148
67 68
67 71
67 73
67 74
67 77
67 80
67 83
67 84
67 86
67 94
67 95
67 96
67 97
67 98
67 99
67 105
67 106
67 108
67 109
67 111
67 113
67 114
67 116
67 117
67 119
67 122
67 124
67 125
67 127
67 129
67 131
67 132
67 133
67 135
67 137
67 140
67 142
67 144
67 145
67 146
67 147
68 69
68 73
68 74
68 76
68 77
68 81
68 82
68 85
68 87
68 89
68 93
68 94
68 95
68 100
68 101
68 105
68 106
68 108
68 111
68 113
68 119
68 120
68 121
68 123
68 124
68 126
68 132
68 133
68 134
68 140
68 141
68 144
68 145
68 148
68 149
69 72
69 73
69 74
69 75
69 76
69 77
69 81
69 83
69 86
69 87
69 91
69 93
69 98
69 99
69 102
69 103
69 104
69 106
69 110
69 111
69 113
69 115
69 116
69 117
69 120
69 122
69 123
69 127
69 131
69 133
69 134
69 136
69 139
69 140
69 142
69 144
69 148
69 149
70 71
70 73
70 74
70 75
70 80
70 81
70 83
70 86
70 89
70 91
70 92
70 93
70 94
70 95
70 97
70 99
70 104
70 111
70 113
70 115
70 120
70 126
70 129
70 130
70 133
70 136
70 137
70 138
70 146
70 149
71 72
71 76
71 78
71 79
71 80
71 82
71 83
71 85
71 87
71 88
71 91
71 94
71 96
71 98
71 99
71 103
71 105
71 108
71 109
71 110
71 111
71 113
71 116
71 119
71 120
71 121
71 122
71 124
71 128
71 130
71 132
71 133
71 135
71 140
71 141
71 142
71 143
71 148
71 149
72 84
72 86
72 87
72 88
72 90
72 93
72 95
72 96
72 97
72 98
72 99
72 100
72 105
72 106
72 110
72 111
72 115
72 117
72 120
72 122
72 123
72 124
72 125
72 131
72 132
72 134
72 137
72 138
72 145
72 146
72 149
73 74
73 77
73 83
73 85
73 86
73 87
73 89
73 90
73 100
73 102
73 103
73 105
73 108
73 111
73 113
73 114
73 115
73 121
73 124
73 127
73 130
73 131
73 135
73 136
73 138
73 140
73 142
73 143
73 144
73 145
73 147
73 149
74 75
74 76
74 82
74 84
74 85
74 87
74 91
74 93
74 95
74 96
74 97
74 99
74 101
74 105
74 106
74 109
74 111
74 119
74 121
74 122
74 124
74 125
74 126
74 130
74 133
74 136
74 137
74 140
74 144
75 76
75 80
75 85
75 87
75 88
75 89
75 92
75 94
75 98
75 100
75 102
75 103
75 107
75 108
75 109
75 117
75 119
75 120
75 123
75 124
75 129
75 131
75 133
75 135
75 136
75 137
75 139
75 141
75 145
75 146
75 147
75 149
76 78
76 79
76 84
76 86
76 87
76 88
76 89
76 91
76 96
76 98
76 99
76 103
76 105
76 108
76 109
76 115
76 117
76 121
76 126
76 127
76 129
76 130
76 136
76 137
76 142
76 147
76 148
76 149
77 78
77 80
77 81
77 82
77 83
77 85
77 86
77 87
77 89
77 90
77 93
77 95
77 98
77 101
77 102
77 103
77 107
77 110
77 112
77 114
77 115
77 117
77 122
77 123
77 126
77 128
77 136
77 137
77 138
77 143
77 146
78 79
78 80
78 81
78 82
78 84
78 89
78 92
78 96
78 97
78 98
78 99
78 101
78 103
78 104
78 106
78 108
78 109
78 113
78 116
78 117
78 118
78 124
78 126
78 130
78 132
78 134
78 136
78 138
78 139
78 141
78 143
78 145
78 148
79 80
79 81
79 82
79 83
79 86
79 88
79 90
79 94
79 96
79 98
79 101
79 102
79 103
79 106
79 107
79 108
79 112
79 115
79 116
79 117
79 118
79 119
79 120
79 124
79 129
79 132
79 134
79 136
79 137
79 138
79 143
80 82
80 85
80 87
80 88
80 93
80 94
80 96
80 97
80 99
80 101
80 102
80 106
80 108
80 109
80 110
80 113
80 115
80 117
80 119
80 120
80 121
80 122
80 123
80 124
80 125
80 127
80 128
80 131
80 132
80 135
80 136
80 137
80 141
80 142
80 144
80 146
80 149
81 82
81 84
81 91
81 93
81 97
81 99
81 101
81 106
81 111
81 114
81 115
81 116
81 120
81 124
81 126
81 128
81 131
81 134
81 140
81 141
81 143
81 145
81 148
81 149
82 83
82 84
82 86
82 87
82 89
82 90
82 94
82 99
82 100
82 105
82 107
82 109
82 113
82 114
82 120
82 122
82 123
82 124
82 128
82 129
82 130
82 132
82 133
82 134
82 136
82 137
82 142
82 145
82 146
82 148
82 149
83 84
83 85
83 87
83 92
83 93
83 94
83 96
83 97
83 102
83 103
83 105
83 109
83 110
83 111
83 113
83 114
83 117
83 118
83 119
83 122
83 123
83 124
83 125
83 129
83 130
83 131
83 133
83 136
83 137
83 140
83 141
83 142
83 143
83 145
83 146
83 147
83 148
83 149
84 86
84 91
84 92
84 93
84 95
84 101
84 103
84 105
84 106
84 108
84 112
84 114
84 116
84 117
84 121
84 124
84 125
84 130
84 131
84 135
84 136
84 140
84 143
84 147
85 88
85 89
85 91
85 93
85 96
85 97
85 98
85 99
85 103
85 106
85 108
85 114
85 115
85 116
85 118
85 120
85 121
85 126
85 128
85 129
85 132
85 138
85 139
85 140
85 141
85 142
85 144
85 145
86 88
86 91
86 95
86 100
86 102
86 103
86 105
86 109
86 113
86 114
86 117
86 120
86 125
86 128
86 129
86 131
86 132
86 133
86 137
86 139
86 142
86 143
86 146
86 147
87 88
87 92
87 93
87 96
87 99
87 101
87 102
87 104
87 106
87 115
87 116
87 117
87 118
87 121
87 122
87 124
87 126
87 129
87 131
87 132
87 135
87 136
87 138
87 140
87 141
87 142
87 148
87 149
88 89
88 90
88 91
88 92
88 93
88 102
88 103
88 104
88 105
88 106
88 107
88 111
88 117
88 118
88 120
88 122
88 123
88 125
88 128
88 133
88 135
88 144
88 146
88 147
88 148
88 149
89 90
89 92
89 97
89 100
89 103
89 104
89 105
89 107
89 108
89 109
89 110
89 112
89 115
89 118
89 119
89 120
89 124
89 126
89 128
89 130
89 131
89 134
89 137
89 138
89 139
89 141
89 143
89 147
89 148
89 149
90 92
90 94
90 96
90 98
90 99
90 100
90 101
90 102
90 103
90 105
90 106
90 110
90 111
90 112
90 113
90 116
90 127
90 128
90 129
90 132
90 136
90 137
90 138
90 139
90 144
90 146
90 147
90 148
90 149
91 92
91 93
91 94
91 97
91 99
91 100
91 101
91 102
91 106
91 107
91 109
91 110
91 113
91 114
91 116
91 117
91 121
91 122
91 124
91 125
91 127
91 129
91 133
91 135
91 140
91 141
91 148
91 149
92 93
92 94
92 96
92 98
92 99
92 105
92 107
92 115
92 117
92 126
92 128
92 129
92 130
92 134
92 135
92 136
92 137
92 140
92 141
92 144
93 95
93 96
93 97
93 98
93 101
93 104
93 106
93 108
93 110
93 116
93 117
93 124
93 126
93 127
93 129
93 130
93 132
93 134
93 137
93 141
93 147
93 148
94 95
94 96
94 101
94 103
94 105
94 107
94 109
94 112
94 113
94 115
94 116
94 119
94 120
94 122
94 127
94 128
94 129
94 133
94 136
94 137
94 144
94 147
95 97
95 98
95 99
95 100
95 108
95 109
95 110
95 111
95 112
95 114
95 116
95 117
95 118
95 120
95 122
95 123
95 125
95 126
95 127
95 129
95 135
95 138
95 139
95 141
95 142
95 143
95 144
95 147
95 149
96 98
96 102
96 104
96 105
96 106
96 107
96 108
96 109
96 112
96 114
96 115
96 117
96 118
96 119
96 124
96 126
96 129
96 132
96 135
96 137
96 138
96 139
96 142
96 143
96 144
96 148
97 100
97 105
97 109
97 111
97 112
97 115
97 116
97 119
97 120
97 130
97 132
97 133
97 134
97 135
97 136
97 137
97 138
97 140
97 141
97 143
97 144
97 148
97 149
98 99
98 100
98 102
98 106
98 107
98 108
98 111
98 113
98 114
98 115
98 119
98 124
98 125
98 126
98 137
98 139
98 141
98 142
98 146
98 148
98 149
99 100
99 101
99 108
99 109
99 110
99 111
99 112
99 113
99 116
99 117
99 118
99 119
99 121
99 122
99 123
99 124
99 126
99 130
99 133
99 134
99 135
99 145
99 146
99 148
100 103
100 104
100 108
100 110
100 111
100 112
100 115
100 116
100 118
100 119
100 122
100 124
100 130
100 131
100 132
100 135
100 137
100 138
100 139
100 141
100 144
100 146
100 147
100 148
101 102
101 103
101 106
101 110
101 111
101 112
101 115
101 123
101 132
101 134
101 135
101 136
101 138
101 139
101 141
101 144
101 145
101 146
101 147
102 103
102 105
102 106
102 108
102 109
102 110
102 112
102 113
102 114
102 116
102 118
102 119
102 120
102 121
102 123
102 126
102 130
102 136
102 138
102 139
102 140
102 143
102 145
102 148
103 104
103 105
103 107
103 108
103 109
103 111
103 112
103 113
103 116
103 120
103 121
103 123
103 125
103 130
103 133
103 134
103 138
103 139
103 140
103 142
103 146
103 147
103 149
104 106
104 107
104 108
104 114
104 115
104 116
104 120
104 122
104 124
104 125
104 127
104 129
104 130
104 133
104 134
104 135
104 137
104 139
104 140
104 144
104 145
104 149
105 108
105 111
105 114
105 117
105 122
105 124
105 125
105 126
105 127
105 130
105 131
105 134
105 138
105 139
105 140
105 141
105 142
105 143
105 144
105 147
105 148
105 149
106 109
106 111
106 113
106 116
106 121
106 122
106 124
106 126
106 128
106 132
106 133
106 134
106 140
106 142
106 144
106 146
106 147
106 148
107 110
107 114
107 115
107 119
107 121
107 124
107 125
107 129
107 130
107 131
107 134
107 135
107 137
107 139
107 140
107 143
107 144
107 145
107 146
107 147
108 111
108 112
108 117
108 118
108 120
108 122
108 123
108 124
108 125
108 126
108 127
108 128
108 130
108 131
108 134
108 135
108 140
108 147
108 148
108 149
109 110
109 111
109 112
109 113
109 114
109 115
109 116
109 118
109 120
109 122
109 124
109 135
109 137
109 138
109 139
109 140
109 141
109 142
109 145
109 146
109 149
110 111
110 113
110 118
110 119
110 120
110 121
110 124
110 125
110 126
110 127
110 128
110 129
110 131
110 134
110 135
110 136
110 139
110 140
110 141
110 145
110 148
110 149
111 112
111 113
111 115
111 118
111 119
111 121
111 122
111 123
111 124
111 125
111 126
111 127
111 129
111 130
111 131
111 132
111 133
111 135
111 138
111 139
111 141
111 145
111 148
111 149
112 113
112 116
112 117
112 120
112 122
112 123
112 126
112 127
112 129
112 130
112 132
112 134
112 141
112 145
112 147
112 149
113 116
113 119
113 123
113 124
113 125
113 126
113 128
113 130
113 134
113 135
113 136
113 137
113 138
113 140
113 143
113 145
113 148
113 149
114 116
114 117
114 118
114 121
114 122
114 125
114 126
114 128
114 130
114 134
114 135
114 136
114 139
114 141
114 144
114 146
114 148
114 149
115 117
115 122
115 124
115 125
115 128
115 129
115 134
115 135
115 138
115 142
115 143
115 144
115 146
115 148
115 149
116 117
116 118
116 119
116 121
116 122
116 124
116 125
116 128
116 131
116 134
116 135
116 136
116 138
116 139
116 140
116 144
116 145
116 149
117 118
117 120
117 123
117 124
117 125
117 126
117 127
117 129
117 130
117 136
117 141
117 143
117 145
118 120
118 122
118 123
118 124
118 125
118 129
118 130
118 133
118 135
118 137
118 138
118 140
118 141
118 144
118 148
119 122
119 125
119 128
119 132
119 133
119 136
119 138
119 139
119 140
119 141
119 142
119 143
119 144
119 146
119 147
119 148
119 149
120 122
120 123
120 124
120 125
120 126
120 128
120 131
120 132
120 133
120 136
120 139
120 141
120 143
120 148
120 149
121 122
121 123
121 124
121 125
121 127
121 131
121 132
121 133
121 136
121 137
121 141
121 142
121 144
121 147
121 148
121 149
122 123
122 125
122 129
122 133
122 139
122 140
122 144
122 145
122 146
122 147
123 124
123 126
123 130
123 131
123 132
123 134
123 136
123 141
123 142
123 143
123 144
123 147
123 148
123 149
124 125
124 127
124 128
124 129
124 131
124 132
124 133
124 138
124 139
124 140
124 143
124 145
124 146
124 148
124 149
125 126
125 128
125 129
125 132
125 134
125 135
125 137
125 138
125 139
125 140
126 127
126 128
126 129
126 130
126 131
126 132
126 133
126 137
126 143
126 149
127 128
127 130
127 136
127 137
127 138
127 147
128 130
128 133
128 135
128 136
128 143
128 144
128 148
129 135
129 136
129 138
129 142
129 143
130 135
130 137
130 143
130 145
131 132
131 133
131 137
131 139
131 140
131 141
131 142
131 145
131 147
131 148
132 133
132 136
132 142
132 143
132 144
132 147
132 148
133 134
133 136
133 138
133 141
133 143
133 144
133 145
133 148
134 135
134 136
134 138
134 139
134 140
134 142
134 148
135 138
135 139
135 143
135 144
135 145
135 146
136 137
136 138
136 140
136 143
136 147
137 138
137 140
137 141
137 142
137 144
137 145
137 148
138 139
138 141
138 144
138 146
138 147
138 148
138 149
139 140
139 142
139 143
139 145
139 147
140 141
140 142
140 143
140 144
140 149
141 142
141 143
141 145
141 147
142 144
142 146
142 147
142 149
143 144
143 147
143 149
144 145
144 149
145 147
145 149
146 148
147 148
147 149
