180 5684
0 1
0 4
0 5
0 9
0 11
0 12
0 17
0 22
0 25
0 28
0 31
0 35
0 36
0 46
0 48
0 49
0 50
0 51
0 54
0 56
0 58
0 59
0 65
0 66
0 67
0 70
0 72
0 77
0 79
0 82
0 83
0 84
0 88
0 90
0 92
0 93
0 94
0 98
0 100
0 101
0 102
0 103
0 105
0 107
0 119
0 120
0 121
0 124
0 127
0 128
0 130
0 133
0 134
0 135
0 139
0 142
0 149
0 153
0 154
0 155
0 156
0 157
0 160
0 162
0 169
0 170
0 171
0 172
0 173
0 174
0 177
0 179
1 2
1 3
1 6
1 7
1 8
1 11
1 12
1 16
1 19
1 27
1 28
1 37
1 41
1 44
1 46
1 48
1 54
1 55
1 58
1 60
1 61
1 62
1 65
1 68
1 71
1 78
1 79
1 81
1 85
1 86
1 92
1 95
1 98
1 117
1 120
1 122
1 128
1 130
1 139
1 140
1 145
1 147
1 149
1 153
1 154
1 160
1 161
1 163
1 170
1 172
1 177
2 5
2 8
2 12
2 16
2 19
2 20
2 21
2 29
2 30
2 31
2 35
2 41
2 46
2 49
2 53
2 58
2 61
2 63
2 65
2 71
2 72
2 79
2 87
2 90
2 91
2 92
2 96
2 99
2 103
2 106
2 107
2 110
2 115
2 116
2 119
2 122
2 124
2 127
2 130
2 132
2 135
2 138
2 143
2 150
2 151
2 153
2 156
2 158
2 159
2 161
2 163
2 165
2 167
2 168
2 171
2 174
2 175
3 12
3 15
3 17
3 19
3 20
3 21
3 24
3 26
3 29
3 31
3 34
3 37
3 48
3 50
3 51
3 54
3 60
3 61
3 70
3 76
3 78
3 79
3 84
3 85
3 89
3 92
3 100
3 104
3 105
3 106
3 107
3 108
3 110
3 114
3 117
3 118
3 124
3 132
3 133
3 135
3 138
3 150
3 153
3 156
3 163
3 169
3 177
4 8
4 12
4 16
4 17
4 19
4 26
4 27
4 30
4 35
4 37
4 38
4 47
4 50
4 52
4 53
4 54
4 69
4 71
4 74
4 75
4 78
4 79
4 80
4 83
4 86
4 87
4 88
4 89
4 91
4 94
4 95
4 96
4 97
4 105
4 106
4 109
4 110
4 113
4 119
4 120
4 122
4 123
4 124
4 127
4 130
4 132
4 133
4 136
4 143
4 145
4 146
4 147
4 148
4 149
4 150
4 152
4 153
4 157
4 159
4 163
4 164
4 167
4 177
4 178
5 7
5 12
5 14
5 19
5 29
5 30
5 31
5 34
5 39
5 41
5 50
5 52
5 54
5 59
5 62
5 66
5 67
5 68
5 70
5 72
5 76
5 77
5 80
5 83
5 98
5 102
5 106
5 107
5 111
5 115
5 119
5 122
5 124
5 125
5 127
5 131
5 133
5 134
5 140
5 141
5 142
5 145
5 149
5 152
5 158
5 162
5 163
5 165
5 167
5 171
5 173
5 176
5 179
6 9
6 12
6 20
6 24
6 28
6 29
6 31
6 33
6 37
6 38
6 39
6 47
6 49
6 52
6 54
6 55
6 62
6 67
6 71
6 77
6 78
6 83
6 84
6 87
6 92
6 95
6 102
6 104
6 107
6 109
6 111
6 112
6 113
6 118
6 122
6 126
6 129
6 130
6 131
6 133
6 134
6 136
6 140
6 141
6 146
6 147
6 150
6 151
6 154
6 156
6 159
6 168
6 170
6 172
6 174
6 175
6 177
6 178
7 10
7 11
7 12
7 13
7 21
7 23
7 27
7 28
7 29
7 36
7 39
7 41
7 43
7 44
7 45
7 46
7 51
7 54
7 58
7 61
7 76
7 80
7 81
7 83
7 85
7 86
7 88
7 91
7 92
7 99
7 103
7 104
7 105
7 108
7 114
7 116
7 117
7 118
7 121
7 125
7 131
7 132
7 134
7 139
7 142
7 149
7 161
7 166
7 170
7 174
7 175
8 10
8 11
8 14
8 16
8 18
8 21
8 22
8 23
8 25
8 32
8 37
8 39
8 44
8 48
8 53
8 55
8 60
8 62
8 64
8 67
8 68
8 69
8 79
8 81
8 83
8 84
8 85
8 90
8 103
8 114
8 117
8 118
8 120
8 121
8 132
8 133
8 136
8 137
8 138
8 140
8 143
8 146
8 147
8 152
8 153
8 161
8 163
8 167
8 173
8 175
8 178
8 179
9 14
9 15
9 16
9 19
9 20
9 21
9 26
9 28
9 33
9 39
9 40
9 41
9 43
9 50
9 53
9 58
9 61
9 63
9 65
9 66
9 72
9 76
9 77
9 80
9 81
9 82
9 87
9 88
9 90
9 91
9 92
9 93
9 97
9 101
9 103
9 104
9 105
9 111
9 113
9 115
9 116
9 117
9 126
9 127
9 129
9 133
9 138
9 142
9 148
9 150
9 152
9 161
9 162
9 164
9 165
9 168
9 171
9 173
9 174
9 178
9 179
10 14
10 15
10 16
10 18
10 20
10 21
10 23
10 26
10 28
10 29
10 32
10 38
10 42
10 46
10 47
10 48
10 51
10 54
10 56
10 57
10 58
10 59
10 60
10 63
10 64
10 65
10 67
10 73
10 75
10 81
10 84
10 87
10 89
10 90
10 93
10 96
10 98
10 107
10 108
10 109
10 115
10 116
10 120
10 124
10 125
10 126
10 128
10 132
10 134
10 139
10 142
10 143
10 144
10 145
10 150
10 153
10 154
10 156
10 158
10 159
10 161
10 162
10 163
10 165
10 168
10 170
10 177
10 179
11 12
11 13
11 20
11 21
11 22
11 23
11 26
11 28
11 31
11 32
11 34
11 35
11 36
11 37
11 39
11 44
11 46
11 47
11 48
11 49
11 50
11 52
11 55
11 57
11 64
11 65
11 68
11 70
11 74
11 77
11 82
11 83
11 84
11 87
11 90
11 91
11 95
11 100
11 102
11 105
11 108
11 109
11 110
11 113
11 114
11 116
11 117
11 119
11 122
11 123
11 125
11 131
11 134
11 135
11 137
11 147
11 150
11 152
11 156
11 157
11 158
11 161
11 166
11 168
11 170
11 175
11 176
11 177
11 178
11 179
12 15
12 25
12 26
12 29
12 30
12 31
12 32
12 33
12 34
12 35
12 36
12 38
12 39
12 43
12 44
12 47
12 48
12 51
12 54
12 56
12 57
12 58
12 61
12 65
12 66
12 68
12 69
12 70
12 74
12 75
12 78
12 83
12 85
12 87
12 89
12 90
12 91
12 92
12 93
12 96
12 100
12 101
12 104
12 125
12 126
12 127
12 128
12 132
12 133
12 136
12 137
12 140
12 142
12 145
12 148
12 149
12 152
12 154
12 156
12 158
12 162
12 163
12 168
12 169
12 171
12 172
12 173
12 174
12 175
12 177
13 15
13 23
13 26
13 30
13 38
13 40
13 46
13 47
13 48
13 51
13 62
13 66
13 70
13 76
13 77
13 83
13 85
13 88
13 96
13 97
13 98
13 99
13 102
13 125
13 128
13 129
13 131
13 134
13 140
13 144
13 152
13 154
13 158
13 165
13 167
13 170
13 174
13 175
13 177
14 15
14 18
14 20
14 24
14 27
14 29
14 30
14 33
14 34
14 37
14 40
14 45
14 47
14 50
14 51
14 56
14 60
14 61
14 65
14 66
14 67
14 68
14 70
14 75
14 77
14 79
14 85
14 87
14 89
14 90
14 91
14 92
14 100
14 106
14 108
14 109
14 112
14 114
14 117
14 119
14 120
14 122
14 124
14 125
14 128
14 132
14 133
14 135
14 136
14 137
14 140
14 141
14 142
14 144
14 149
14 152
14 154
14 156
14 157
14 163
14 167
14 168
14 170
14 173
14 176
15 17
15 18
15 19
15 23
15 27
15 37
15 43
15 45
15 47
15 52
15 54
15 56
15 57
15 59
15 60
15 61
15 65
15 66
15 68
15 70
15 74
15 75
15 80
15 82
15 88
15 94
15 95
15 102
15 106
15 107
15 108
15 111
15 112
15 113
15 116
15 118
15 124
15 130
15 131
15 142
15 150
15 152
15 153
15 154
15 159
15 161
15 167
15 172
15 176
15 177
16 22
16 29
16 31
16 32
16 34
16 37
16 40
16 45
16 48
16 54
16 55
16 62
16 63
16 65
16 70
16 75
16 77
16 78
16 79
16 84
16 90
16 94
16 97
16 98
16 110
16 113
16 116
16 119
16 124
16 128
16 129
16 131
16 133
16 137
16 141
16 144
16 146
16 147
16 150
16 154
16 155
16 158
16 160
16 161
16 168
16 169
16 172
16 176
16 179
17 19
17 20
17 21
17 30
17 37
17 41
17 47
17 51
17 52
17 55
17 60
17 62
17 64
17 70
17 72
17 76
17 79
17 80
17 82
17 85
17 86
17 89
17 91
17 92
17 94
17 95
17 96
17 97
17 98
17 103
17 105
17 106
17 108
17 111
17 114
17 116
17 117
17 118
17 123
17 124
17 126
17 127
17 128
17 135
17 142
17 143
17 144
17 148
17 150
17 157
17 159
17 165
17 168
17 170
17 172
17 176
17 177
17 178
18 20
18 21
18 22
18 23
18 25
18 27
18 28
18 30
18 31
18 33
18 36
18 37
18 38
18 39
18 41
18 42
18 50
18 57
18 59
18 62
18 65
18 67
18 68
18 69
18 70
18 71
18 72
18 74
18 75
18 76
18 79
18 81
18 88
18 89
18 93
18 94
18 95
18 96
18 100
18 102
18 103
18 105
18 106
18 107
18 108
18 109
18 112
18 113
18 116
18 117
18 126
18 129
18 131
18 132
18 133
18 134
18 135
18 137
18 140
18 146
18 150
18 151
18 156
18 158
18 159
18 165
18 166
18 167
18 171
18 172
18 173
18 175
18 178
19 20
19 23
19 24
19 25
19 26
19 30
19 31
19 32
19 37
19 39
19 40
19 41
19 42
19 43
19 47
19 49
19 52
19 53
19 55
19 60
19 62
19 63
19 66
19 68
19 70
19 74
19 77
19 78
19 80
19 83
19 85
19 89
19 91
19 92
19 99
19 100
19 105
19 106
19 107
19 108
19 109
19 113
19 117
19 122
19 124
19 125
19 127
19 128
19 129
19 133
19 136
19 138
19 143
19 144
19 148
19 150
19 151
19 155
19 159
19 164
19 165
19 168
19 170
19 171
19 173
19 174
20 23
20 24
20 27
20 30
20 32
20 34
20 36
20 37
20 38
20 42
20 45
20 47
20 51
20 53
20 57
20 59
20 60
20 61
20 63
20 68
20 70
20 71
20 79
20 82
20 83
20 85
20 86
20 88
20 90
20 95
20 96
20 97
20 98
20 102
20 103
20 104
20 108
20 113
20 114
20 117
20 118
20 119
20 122
20 128
20 131
20 133
20 134
20 138
20 143
20 145
20 147
20 151
20 154
20 156
20 157
20 160
20 161
20 167
20 172
20 174
20 177
20 179
21 23
21 24
21 25
21 27
21 29
21 30
21 31
21 33
21 35
21 39
21 40
21 42
21 44
21 48
21 49
21 50
21 55
21 57
21 58
21 59
21 64
21 66
21 69
21 72
21 73
21 74
21 76
21 77
21 87
21 89
21 90
21 91
21 95
21 96
21 97
21 98
21 103
21 104
21 107
21 109
21 120
21 121
21 126
21 128
21 130
21 133
21 136
21 145
21 146
21 147
21 149
21 150
21 152
21 154
21 156
21 163
21 164
21 166
21 168
21 171
21 173
21 174
21 177
22 26
22 28
22 29
22 30
22 34
22 36
22 37
22 39
22 40
22 41
22 43
22 47
22 48
22 58
22 59
22 60
22 62
22 63
22 71
22 73
22 75
22 78
22 83
22 84
22 89
22 90
22 91
22 93
22 94
22 95
22 96
22 97
22 104
22 105
22 106
22 113
22 115
22 116
22 119
22 120
22 121
22 126
22 131
22 132
22 133
22 135
22 138
22 144
22 146
22 150
22 151
22 156
22 161
22 163
22 165
22 168
22 170
22 175
22 177
22 178
23 25
23 26
23 30
23 33
23 36
23 37
23 38
23 40
23 41
23 42
23 43
23 44
23 45
23 47
23 48
23 49
23 50
23 51
23 55
23 61
23 69
23 71
23 85
23 89
23 95
23 96
23 97
23 99
23 100
23 104
23 112
23 113
23 116
23 119
23 122
23 123
23 124
23 127
23 132
23 137
23 139
23 144
23 147
23 149
23 150
23 151
23 153
23 154
23 157
23 158
23 159
23 163
23 164
23 167
23 169
23 172
23 173
23 174
23 176
23 177
24 33
24 35
24 36
24 39
24 41
24 45
24 46
24 47
24 56
24 57
24 58
24 63
24 65
24 68
24 70
24 74
24 75
24 77
24 78
24 82
24 85
24 87
24 91
24 94
24 96
24 104
24 107
24 108
24 112
24 117
24 120
24 121
24 124
24 127
24 131
24 135
24 136
24 138
24 140
24 143
24 144
24 152
24 153
24 155
24 157
24 159
24 166
24 167
24 172
24 173
24 179
25 26
25 31
25 34
25 36
25 38
25 40
25 43
25 48
25 51
25 57
25 58
25 60
25 66
25 68
25 74
25 77
25 78
25 79
25 82
25 85
25 90
25 93
25 95
25 98
25 99
25 103
25 108
25 110
25 113
25 114
25 118
25 121
25 123
25 126
25 127
25 128
25 134
25 137
25 139
25 141
25 142
25 145
25 151
25 156
25 157
25 159
25 163
25 166
25 170
25 171
25 173
25 174
25 176
26 28
26 29
26 31
26 32
26 39
26 41
26 46
26 52
26 57
26 63
26 65
26 68
26 72
26 73
26 74
26 76
26 79
26 80
26 81
26 82
26 83
26 84
26 85
26 89
26 96
26 102
26 104
26 105
26 106
26 109
26 116
26 128
26 130
26 132
26 134
26 137
26 138
26 141
26 143
26 144
26 146
26 149
26 150
26 155
26 157
26 161
26 165
26 168
26 171
26 172
26 178
27 32
27 40
27 42
27 43
27 45
27 48
27 49
27 57
27 61
27 63
27 66
27 68
27 71
27 76
27 83
27 87
27 89
27 90
27 94
27 95
27 97
27 102
27 103
27 108
27 111
27 112
27 116
27 117
27 121
27 124
27 125
27 134
27 136
27 142
27 148
27 152
27 155
27 156
27 157
27 160
27 162
27 165
27 169
27 172
27 175
27 176
27 177
28 29
28 32
28 33
28 41
28 42
28 52
28 53
28 58
28 60
28 62
28 63
28 70
28 72
28 74
28 81
28 86
28 91
28 98
28 99
28 101
28 102
28 106
28 114
28 115
28 121
28 122
28 131
28 142
28 144
28 148
28 149
28 151
28 156
28 158
28 163
28 164
28 169
28 170
28 171
28 172
28 175
29 34
29 36
29 37
29 38
29 39
29 40
29 41
29 43
29 44
29 46
29 50
29 53
29 54
29 58
29 62
29 63
29 64
29 71
29 77
29 81
29 82
29 90
29 93
29 94
29 96
29 97
29 99
29 100
29 103
29 108
29 111
29 112
29 116
29 120
29 121
29 124
29 128
29 138
29 141
29 144
29 149
29 153
29 156
29 157
29 159
29 160
29 167
29 174
29 175
29 179
30 33
30 34
30 38
30 39
30 40
30 42
30 44
30 47
30 49
30 50
30 52
30 53
30 56
30 60
30 64
30 68
30 69
30 71
30 72
30 75
30 76
30 77
30 79
30 80
30 88
30 94
30 95
30 98
30 105
30 108
30 109
30 115
30 119
30 121
30 123
30 124
30 125
30 130
30 133
30 136
30 140
30 144
30 146
30 148
30 150
30 152
30 163
30 165
30 166
30 176
30 177
31 37
31 41
31 46
31 51
31 53
31 57
31 59
31 60
31 66
31 71
31 72
31 74
31 79
31 80
31 81
31 83
31 87
31 91
31 92
31 98
31 99
31 101
31 102
31 104
31 105
31 106
31 107
31 109
31 111
31 117
31 123
31 124
31 126
31 127
31 128
31 129
31 130
31 133
31 134
31 135
31 136
31 139
31 143
31 148
31 153
31 155
31 156
31 158
31 163
31 169
31 172
31 175
31 178
32 36
32 39
32 40
32 44
32 46
32 52
32 58
32 60
32 62
32 66
32 69
32 76
32 79
32 83
32 87
32 90
32 91
32 93
32 94
32 95
32 96
32 101
32 102
32 103
32 105
32 109
32 118
32 121
32 123
32 124
32 126
32 127
32 129
32 133
32 135
32 136
32 137
32 139
32 140
32 142
32 147
32 150
32 151
32 153
32 158
32 163
32 165
32 166
32 168
32 177
32 178
33 38
33 40
33 43
33 44
33 47
33 49
33 54
33 55
33 63
33 64
33 65
33 66
33 68
33 70
33 79
33 81
33 85
33 91
33 92
33 93
33 94
33 112
33 114
33 115
33 116
33 118
33 121
33 122
33 123
33 126
33 127
33 129
33 132
33 133
33 136
33 139
33 141
33 142
33 146
33 149
33 151
33 152
33 158
33 164
33 166
33 167
33 169
33 175
33 179
34 36
34 40
34 41
34 42
34 43
34 45
34 47
34 48
34 50
34 52
34 53
34 54
34 55
34 56
34 58
34 66
34 72
34 73
34 74
34 76
34 77
34 78
34 84
34 87
34 97
34 99
34 101
34 104
34 105
34 109
34 111
34 114
34 118
34 119
34 122
34 129
34 130
34 136
34 139
34 143
34 147
34 153
34 163
34 164
34 167
34 168
34 169
34 171
34 172
34 175
35 41
35 43
35 48
35 54
35 55
35 56
35 63
35 64
35 66
35 69
35 70
35 78
35 86
35 88
35 90
35 93
35 95
35 102
35 103
35 104
35 105
35 107
35 109
35 110
35 112
35 113
35 121
35 123
35 125
35 126
35 128
35 131
35 132
35 135
35 136
35 142
35 143
35 147
35 148
35 154
35 155
35 156
35 157
35 163
35 164
35 165
35 169
35 170
35 172
35 173
35 177
36 37
36 42
36 44
36 46
36 53
36 60
36 61
36 63
36 64
36 66
36 69
36 74
36 75
36 76
36 79
36 81
36 83
36 85
36 88
36 89
36 92
36 96
36 100
36 101
36 102
36 105
36 112
36 117
36 118
36 119
36 120
36 124
36 125
36 128
36 130
36 131
36 132
36 141
36 149
36 151
36 153
36 155
36 156
36 157
36 159
36 161
36 162
36 166
36 174
36 175
37 39
37 41
37 43
37 44
37 47
37 50
37 53
37 55
37 57
37 58
37 60
37 62
37 69
37 71
37 73
37 77
37 82
37 90
37 93
37 94
37 97
37 99
37 107
37 109
37 112
37 113
37 115
37 121
37 123
37 129
37 131
37 136
37 139
37 142
37 145
37 146
37 148
37 152
37 153
37 156
37 157
37 160
37 166
37 168
37 172
37 173
37 174
37 175
37 177
38 39
38 45
38 46
38 47
38 48
38 50
38 53
38 55
38 56
38 58
38 59
38 61
38 63
38 70
38 72
38 74
38 76
38 78
38 79
38 84
38 87
38 90
38 91
38 93
38 96
38 99
38 111
38 114
38 115
38 117
38 122
38 127
38 129
38 130
38 133
38 134
38 137
38 138
38 140
38 147
38 152
38 156
38 157
38 159
38 170
38 175
38 176
38 177
38 179
39 41
39 46
39 49
39 50
39 51
39 56
39 57
39 60
39 61
39 62
39 69
39 70
39 72
39 73
39 75
39 77
39 80
39 83
39 84
39 88
39 96
39 100
39 102
39 104
39 106
39 110
39 111
39 113
39 114
39 117
39 118
39 120
39 130
39 138
39 139
39 141
39 142
39 146
39 147
39 148
39 150
39 151
39 152
39 155
39 156
39 158
39 163
39 169
39 174
39 177
40 41
40 42
40 48
40 49
40 50
40 52
40 54
40 56
40 58
40 61
40 64
40 65
40 66
40 67
40 68
40 70
40 71
40 73
40 75
40 78
40 82
40 84
40 85
40 90
40 91
40 92
40 94
40 95
40 98
40 101
40 102
40 104
40 105
40 107
40 108
40 110
40 113
40 120
40 122
40 127
40 130
40 135
40 136
40 139
40 141
40 146
40 150
40 157
40 158
40 163
40 165
40 166
40 168
40 171
40 172
40 174
40 175
40 179
41 42
41 43
41 46
41 49
41 50
41 54
41 55
41 62
41 67
41 68
41 69
41 83
41 85
41 90
41 91
41 93
41 94
41 99
41 101
41 103
41 107
41 110
41 111
41 112
41 115
41 116
41 117
41 123
41 126
41 127
41 129
41 134
41 136
41 137
41 138
41 139
41 141
41 144
41 145
41 148
41 149
41 151
41 152
41 153
41 161
41 162
41 163
41 164
41 165
41 166
41 169
41 172
41 173
41 175
41 176
41 177
41 179
42 55
42 57
42 61
42 66
42 68
42 69
42 72
42 74
42 83
42 84
42 85
42 89
42 91
42 92
42 94
42 96
42 98
42 102
42 106
42 108
42 118
42 124
42 126
42 132
42 133
42 134
42 135
42 136
42 139
42 141
42 145
42 146
42 147
42 149
42 155
42 157
42 160
42 162
42 175
42 178
43 44
43 48
43 49
43 50
43 52
43 54
43 55
43 57
43 58
43 61
43 62
43 66
43 67
43 70
43 77
43 79
43 84
43 85
43 87
43 88
43 92
43 96
43 97
43 101
43 106
43 108
43 114
43 119
43 120
43 121
43 122
43 125
43 126
43 127
43 130
43 131
43 132
43 134
43 136
43 138
43 139
43 140
43 141
43 143
43 144
43 145
43 148
43 154
43 156
43 157
43 160
43 163
43 166
43 167
43 170
43 171
43 172
44 47
44 53
44 54
44 55
44 56
44 58
44 59
44 63
44 64
44 66
44 68
44 69
44 73
44 76
44 77
44 79
44 80
44 82
44 91
44 92
44 96
44 99
44 101
44 102
44 110
44 111
44 113
44 120
44 121
44 125
44 128
44 129
44 136
44 138
44 139
44 145
44 153
44 154
44 155
44 156
44 157
44 164
44 165
44 166
44 167
44 169
44 170
44 172
44 178
44 179
45 46
45 52
45 54
45 57
45 59
45 62
45 64
45 66
45 70
45 79
45 80
45 83
45 85
45 87
45 89
45 90
45 91
45 96
45 98
45 101
45 102
45 106
45 108
45 112
45 116
45 120
45 121
45 122
45 125
45 126
45 128
45 131
45 136
45 137
45 140
45 148
45 149
45 152
45 154
45 156
45 157
45 158
45 160
45 164
45 166
45 168
45 173
45 175
45 176
46 49
46 56
46 57
46 61
46 63
46 66
46 67
46 68
46 73
46 78
46 81
46 82
46 83
46 85
46 87
46 94
46 100
46 101
46 103
46 104
46 105
46 106
46 107
46 113
46 114
46 115
46 116
46 118
46 123
46 124
46 127
46 129
46 130
46 131
46 132
46 133
46 135
46 141
46 142
46 143
46 145
46 148
46 149
46 151
46 153
46 155
46 157
46 160
46 163
46 164
46 166
46 175
46 178
47 50
47 52
47 54
47 57
47 58
47 62
47 64
47 67
47 70
47 80
47 82
47 90
47 93
47 94
47 96
47 98
47 99
47 100
47 103
47 104
47 107
47 113
47 118
47 119
47 122
47 123
47 125
47 129
47 130
47 132
47 133
47 135
47 139
47 143
47 144
47 146
47 148
47 149
47 152
47 155
47 157
47 158
47 160
47 161
47 165
47 167
47 170
47 171
47 172
47 173
47 178
48 50
48 57
48 61
48 65
48 68
48 75
48 77
48 82
48 84
48 85
48 94
48 104
48 108
48 109
48 112
48 115
48 117
48 118
48 124
48 127
48 129
48 130
48 131
48 132
48 134
48 136
48 137
48 138
48 139
48 142
48 144
48 149
48 162
48 164
48 168
48 171
48 173
48 176
48 177
48 179
49 52
49 54
49 56
49 57
49 60
49 63
49 64
49 66
49 68
49 70
49 74
49 75
49 76
49 77
49 79
49 84
49 85
49 89
49 91
49 92
49 93
49 96
49 99
49 100
49 104
49 107
49 113
49 114
49 122
49 123
49 125
49 126
49 128
49 129
49 130
49 134
49 137
49 140
49 143
49 145
49 146
49 150
49 151
49 152
49 153
49 154
49 157
49 158
49 161
49 167
49 170
49 171
49 174
50 52
50 62
50 67
50 69
50 70
50 78
50 79
50 80
50 82
50 83
50 84
50 86
50 87
50 92
50 94
50 95
50 98
50 99
50 100
50 102
50 103
50 106
50 107
50 108
50 111
50 113
50 115
50 122
50 123
50 130
50 132
50 133
50 135
50 137
50 139
50 143
50 150
50 151
50 155
50 156
50 161
50 165
50 169
50 178
50 179
51 54
51 55
51 62
51 72
51 75
51 77
51 83
51 84
51 86
51 90
51 91
51 97
51 99
51 106
51 111
51 117
51 122
51 124
51 127
51 131
51 132
51 133
51 140
51 142
51 145
51 146
51 147
51 148
51 149
51 152
51 153
51 154
51 155
51 156
51 159
51 161
51 164
51 165
51 166
51 168
51 169
51 170
51 171
51 173
51 179
52 57
52 59
52 60
52 61
52 63
52 70
52 73
52 74
52 76
52 78
52 80
52 82
52 84
52 85
52 90
52 92
52 94
52 98
52 105
52 106
52 109
52 111
52 112
52 116
52 119
52 121
52 123
52 128
52 131
52 132
52 135
52 137
52 140
52 143
52 148
52 149
52 150
52 152
52 153
52 159
52 168
52 169
52 171
52 175
52 177
52 178
53 59
53 61
53 67
53 68
53 70
53 72
53 75
53 79
53 81
53 87
53 93
53 97
53 99
53 101
53 103
53 104
53 107
53 110
53 111
53 113
53 116
53 122
53 124
53 128
53 132
53 136
53 143
53 151
53 152
53 153
53 156
53 161
53 162
53 165
53 166
53 171
53 173
53 175
53 176
53 177
54 58
54 68
54 70
54 71
54 73
54 81
54 83
54 85
54 86
54 87
54 88
54 89
54 90
54 94
54 102
54 103
54 105
54 107
54 109
54 110
54 111
54 113
54 114
54 119
54 121
54 127
54 130
54 131
54 133
54 136
54 139
54 140
54 141
54 142
54 143
54 147
54 149
54 150
54 152
54 159
54 163
54 173
54 175
54 178
55 57
55 59
55 61
55 65
55 67
55 68
55 69
55 72
55 75
55 78
55 84
55 88
55 90
55 92
55 95
55 97
55 98
55 102
55 103
55 107
55 108
55 111
55 113
55 114
55 119
55 121
55 126
55 128
55 129
55 135
55 138
55 139
55 142
55 145
55 146
55 147
55 149
55 157
55 164
55 165
55 166
55 167
55 169
55 170
55 171
55 174
55 176
56 63
56 64
56 65
56 67
56 70
56 73
56 74
56 75
56 78
56 83
56 84
56 85
56 89
56 90
56 96
56 97
56 99
56 106
56 107
56 109
56 112
56 116
56 117
56 118
56 119
56 121
56 125
56 127
56 130
56 136
56 140
56 142
56 146
56 149
56 154
56 156
56 160
56 166
56 169
56 172
56 173
56 175
57 59
57 61
57 63
57 73
57 79
57 82
57 85
57 87
57 89
57 91
57 92
57 94
57 96
57 98
57 101
57 103
57 104
57 106
57 108
57 111
57 116
57 117
57 119
57 121
57 122
57 123
57 124
57 127
57 130
57 133
57 135
57 136
57 138
57 139
57 140
57 145
57 148
57 149
57 161
57 166
57 174
57 179
58 59
58 60
58 62
58 64
58 66
58 71
58 74
58 79
58 80
58 82
58 83
58 84
58 85
58 86
58 88
58 90
58 92
58 93
58 95
58 97
58 99
58 101
58 102
58 104
58 106
58 108
58 111
58 114
58 117
58 121
58 126
58 129
58 130
58 134
58 138
58 139
58 140
58 141
58 142
58 150
58 151
58 154
58 156
58 167
58 168
58 177
59 64
59 65
59 67
59 68
59 69
59 70
59 74
59 76
59 80
59 83
59 91
59 94
59 98
59 99
59 100
59 106
59 107
59 110
59 111
59 113
59 115
59 119
59 120
59 121
59 126
59 131
59 132
59 137
59 138
59 139
59 142
59 147
59 150
59 153
59 155
59 157
59 166
59 174
59 175
59 179
60 62
60 64
60 66
60 68
60 73
60 76
60 81
60 90
60 93
60 94
60 97
60 98
60 99
60 100
60 103
60 106
60 107
60 110
60 113
60 114
60 115
60 116
60 121
60 124
60 125
60 128
60 129
60 136
60 137
60 138
60 141
60 146
60 147
60 148
60 149
60 150
60 155
60 158
60 159
60 160
60 162
60 165
60 170
60 172
60 175
60 176
60 177
61 69
61 76
61 81
61 88
61 93
61 94
61 98
61 99
61 106
61 108
61 116
61 117
61 119
61 120
61 122
61 129
61 133
61 134
61 135
61 136
61 141
61 143
61 144
61 146
61 147
61 152
61 153
61 154
61 155
61 159
61 161
61 166
61 169
61 172
61 173
61 175
61 177
61 179
62 63
62 67
62 76
62 79
62 80
62 81
62 82
62 87
62 89
62 93
62 95
62 97
62 102
62 106
62 107
62 108
62 115
62 122
62 130
62 132
62 140
62 142
62 143
62 145
62 151
62 153
62 154
62 155
62 156
62 158
62 160
62 161
62 165
62 168
62 174
62 176
62 178
62 179
63 64
63 67
63 76
63 78
63 86
63 88
63 90
63 91
63 96
63 97
63 103
63 104
63 107
63 109
63 111
63 114
63 116
63 118
63 119
63 121
63 122
63 123
63 127
63 130
63 131
63 132
63 134
63 137
63 139
63 140
63 141
63 143
63 144
63 145
63 149
63 154
63 157
63 158
63 161
63 163
63 168
63 170
63 171
63 172
63 173
63 175
64 65
64 67
64 71
64 73
64 74
64 79
64 80
64 83
64 92
64 96
64 101
64 103
64 104
64 106
64 117
64 118
64 119
64 123
64 129
64 132
64 133
64 138
64 139
64 140
64 146
64 151
64 156
64 157
64 159
64 162
64 165
64 169
64 170
64 171
64 174
64 175
65 67
65 68
65 73
65 75
65 77
65 78
65 79
65 87
65 89
65 90
65 91
65 99
65 101
65 102
65 104
65 105
65 106
65 108
65 109
65 112
65 114
65 117
65 118
65 119
65 122
65 123
65 124
65 127
65 129
65 130
65 132
65 133
65 134
65 135
65 137
65 138
65 140
65 155
65 156
65 158
65 160
65 165
65 166
65 171
65 175
66 69
66 72
66 73
66 74
66 75
66 77
66 78
66 79
66 81
66 82
66 84
66 85
66 87
66 92
66 93
66 95
66 99
66 102
66 103
66 106
66 107
66 108
66 111
66 112
66 114
66 116
66 124
66 126
66 127
66 137
66 140
66 141
66 144
66 157
66 162
66 163
66 164
66 165
66 166
66 167
66 168
66 169
66 171
66 173
66 174
66 178
67 71
67 82
67 84
67 85
67 88
67 89
67 92
67 93
67 94
67 98
67 99
67 100
67 103
67 105
67 106
67 107
67 108
67 111
67 112
67 113
67 120
67 124
67 129
67 130
67 131
67 136
67 137
67 140
67 141
67 142
67 145
67 147
67 152
67 153
67 154
67 157
67 162
67 163
67 164
67 165
67 166
67 167
67 169
67 171
67 172
67 173
67 175
67 177
67 179
68 72
68 73
68 75
68 78
68 85
68 88
68 90
68 98
68 99
68 102
68 106
68 109
68 112
68 113
68 114
68 115
68 119
68 121
68 122
68 126
68 131
68 132
68 133
68 136
68 138
68 139
68 141
68 144
68 145
68 150
68 153
68 157
68 160
68 161
68 163
68 168
68 171
68 173
68 174
69 75
69 76
69 79
69 83
69 87
69 88
69 89
69 91
69 94
69 95
69 97
69 98
69 99
69 100
69 111
69 113
69 115
69 117
69 121
69 126
69 128
69 135
69 143
69 147
69 149
69 162
69 169
69 170
69 174
69 175
69 176
70 75
70 77
70 78
70 82
70 87
70 88
70 89
70 95
70 96
70 97
70 100
70 104
70 105
70 106
70 108
70 111
70 115
70 116
70 118
70 121
70 122
70 128
70 129
70 130
70 131
70 140
70 142
70 147
70 148
70 151
70 152
70 159
70 160
70 163
70 168
70 169
70 172
70 174
70 177
71 75
71 76
71 77
71 89
71 90
71 91
71 93
71 94
71 98
71 99
71 108
71 113
71 114
71 117
71 124
71 125
71 127
71 131
71 132
71 135
71 142
71 144
71 146
71 147
71 148
71 149
71 151
71 153
71 154
71 159
71 162
71 173
71 174
72 75
72 76
72 80
72 81
72 83
72 88
72 89
72 92
72 93
72 94
72 103
72 104
72 105
72 107
72 113
72 119
72 122
72 130
72 133
72 136
72 138
72 142
72 144
72 146
72 147
72 148
72 150
72 154
72 156
72 159
72 163
72 166
72 172
72 175
72 176
73 74
73 77
73 80
73 82
73 88
73 94
73 99
73 101
73 102
73 103
73 105
73 114
73 115
73 117
73 121
73 122
73 123
73 124
73 126
73 127
73 130
73 131
73 132
73 141
73 143
73 144
73 145
73 151
73 152
73 156
73 158
73 161
73 166
73 167
73 169
73 172
73 173
74 75
74 76
74 78
74 79
74 80
74 81
74 82
74 85
74 89
74 91
74 92
74 96
74 101
74 105
74 106
74 109
74 110
74 117
74 121
74 122
74 124
74 128
74 131
74 132
74 135
74 137
74 141
74 142
74 143
74 144
74 149
74 150
74 153
74 154
74 156
74 167
74 168
74 177
75 76
75 78
75 82
75 83
75 87
75 90
75 92
75 95
75 96
75 97
75 98
75 100
75 106
75 107
75 111
75 118
75 119
75 121
75 122
75 123
75 127
75 128
75 135
75 136
75 138
75 139
75 143
75 145
75 146
75 149
75 150
75 152
75 153
75 158
75 159
75 163
75 164
75 175
75 179
76 78
76 79
76 84
76 86
76 87
76 88
76 92
76 93
76 96
76 99
76 101
76 105
76 107
76 109
76 115
76 117
76 120
76 122
76 123
76 127
76 128
76 130
76 132
76 134
76 136
76 137
76 142
76 144
76 145
76 147
76 148
76 149
76 150
76 152
76 153
76 154
76 167
76 168
76 172
76 173
77 79
77 84
77 86
77 87
77 91
77 94
77 97
77 98
77 99
77 100
77 107
77 110
77 111
77 112
77 115
77 116
77 127
77 132
77 134
77 135
77 137
77 141
77 142
77 145
77 146
77 148
77 150
77 152
77 154
77 156
77 157
77 162
77 165
77 166
77 169
77 171
77 173
77 174
77 175
77 176
78 79
78 80
78 82
78 89
78 90
78 91
78 96
78 100
78 103
78 104
78 105
78 107
78 109
78 110
78 111
78 116
78 118
78 121
78 122
78 123
78 125
78 126
78 127
78 130
78 131
78 140
78 145
78 147
78 148
78 151
78 152
78 154
78 155
78 156
78 159
78 160
78 161
78 162
78 165
78 166
78 168
78 170
78 172
78 174
78 175
79 82
79 83
79 86
79 88
79 90
79 92
79 95
79 100
79 101
79 105
79 107
79 108
79 110
79 114
79 115
79 117
79 118
79 124
79 126
79 127
79 131
79 132
79 135
79 137
79 139
79 144
79 145
79 150
79 156
79 158
79 160
79 163
79 167
79 168
79 171
79 172
79 174
79 178
80 81
80 82
80 87
80 89
80 96
80 98
80 99
80 105
80 113
80 114
80 115
80 122
80 123
80 126
80 128
80 129
80 131
80 134
80 140
80 142
80 143
80 149
80 150
80 151
80 162
80 167
80 168
80 169
80 171
80 174
80 175
81 85
81 86
81 88
81 91
81 95
81 97
81 98
81 101
81 102
81 107
81 108
81 110
81 111
81 114
81 116
81 119
81 121
81 124
81 127
81 131
81 132
81 133
81 140
81 142
81 144
81 146
81 151
81 155
81 160
81 161
81 163
81 172
81 175
82 83
82 87
82 94
82 105
82 106
82 114
82 115
82 119
82 120
82 121
82 123
82 124
82 125
82 126
82 127
82 128
82 130
82 131
82 133
82 135
82 139
82 150
82 152
82 153
82 154
82 155
82 156
82 159
82 161
82 165
82 169
82 171
82 174
82 177
82 178
83 88
83 93
83 95
83 99
83 100
83 101
83 102
83 104
83 112
83 113
83 114
83 119
83 121
83 126
83 127
83 128
83 131
83 132
83 133
83 137
83 138
83 139
83 145
83 148
83 149
83 152
83 153
83 155
83 156
83 160
83 168
83 169
83 171
83 174
83 175
83 179
84 86
84 93
84 94
84 95
84 96
84 100
84 101
84 106
84 107
84 108
84 111
84 113
84 114
84 119
84 126
84 127
84 130
84 132
84 136
84 139
84 140
84 144
84 146
84 147
84 148
84 149
84 152
84 155
84 159
84 164
84 165
84 166
84 167
84 170
84 172
84 174
84 176
84 177
84 179
85 87
85 89
85 94
85 99
85 101
85 106
85 107
85 109
85 110
85 111
85 117
85 118
85 121
85 123
85 126
85 131
85 132
85 133
85 134
85 138
85 139
85 140
85 142
85 143
85 149
85 151
85 152
85 153
85 156
85 158
85 161
85 162
85 164
85 165
85 172
85 173
85 176
85 178
85 179
86 88
86 90
86 91
86 95
86 102
86 104
86 107
86 110
86 114
86 121
86 122
86 125
86 130
86 131
86 136
86 137
86 143
86 152
86 158
86 160
86 163
86 164
86 170
86 171
86 174
86 176
86 179
87 94
87 106
87 107
87 109
87 112
87 115
87 116
87 119
87 122
87 124
87 126
87 127
87 131
87 135
87 137
87 140
87 143
87 149
87 156
87 158
87 162
87 165
87 167
87 172
87 173
87 174
87 175
87 177
88 92
88 95
88 97
88 102
88 114
88 116
88 118
88 120
88 123
88 124
88 130
88 131
88 133
88 134
88 135
88 139
88 140
88 148
88 149
88 153
88 156
88 157
88 159
88 161
88 166
88 167
88 169
88 170
88 171
88 172
88 176
88 179
89 93
89 94
89 101
89 102
89 103
89 110
89 117
89 118
89 119
89 122
89 127
89 129
89 135
89 139
89 144
89 145
89 148
89 151
89 156
89 157
89 160
89 161
89 169
89 171
89 172
89 174
90 91
90 92
90 95
90 96
90 101
90 105
90 106
90 107
90 110
90 113
90 115
90 122
90 124
90 126
90 128
90 129
90 132
90 135
90 136
90 137
90 138
90 139
90 147
90 150
90 157
90 158
90 159
90 163
90 170
90 171
90 172
90 173
90 176
90 178
91 93
91 96
91 99
91 100
91 101
91 107
91 108
91 109
91 116
91 118
91 120
91 124
91 127
91 132
91 133
91 134
91 136
91 138
91 139
91 143
91 144
91 145
91 147
91 149
91 159
91 163
91 165
91 167
91 172
91 175
92 93
92 94
92 99
92 101
92 104
92 107
92 108
92 109
92 113
92 114
92 116
92 118
92 123
92 124
92 129
92 130
92 131
92 136
92 138
92 148
92 149
92 150
92 152
92 153
92 158
92 161
92 163
92 167
92 170
92 171
92 172
92 173
92 177
93 96
93 99
93 101
93 103
93 104
93 106
93 111
93 112
93 113
93 115
93 117
93 119
93 120
93 124
93 132
93 133
93 135
93 138
93 144
93 146
93 148
93 150
93 152
93 153
93 154
93 155
93 157
93 161
93 162
93 163
93 164
93 169
93 172
93 175
93 178
94 95
94 96
94 99
94 105
94 107
94 110
94 112
94 117
94 124
94 125
94 126
94 129
94 131
94 133
94 134
94 135
94 142
94 144
94 145
94 147
94 150
94 155
94 158
94 163
94 170
94 173
94 178
95 101
95 106
95 107
95 110
95 113
95 115
95 116
95 118
95 120
95 124
95 125
95 126
95 129
95 130
95 133
95 135
95 137
95 138
95 139
95 141
95 143
95 144
95 147
95 155
95 156
95 163
95 165
95 172
95 174
95 175
95 177
96 97
96 98
96 100
96 101
96 102
96 107
96 111
96 112
96 113
96 114
96 123
96 124
96 131
96 133
96 134
96 136
96 137
96 138
96 142
96 150
96 157
96 158
96 166
96 167
96 168
96 169
96 171
96 176
96 178
97 98
97 100
97 101
97 106
97 108
97 115
97 116
97 120
97 126
97 127
97 129
97 132
97 142
97 143
97 150
97 151
97 152
97 153
97 158
97 162
97 166
97 167
97 168
97 173
97 174
97 178
97 179
98 109
98 110
98 112
98 114
98 117
98 121
98 128
98 131
98 133
98 135
98 141
98 147
98 149
98 152
98 153
98 156
98 165
98 169
98 175
98 176
99 101
99 104
99 105
99 109
99 116
99 117
99 118
99 127
99 129
99 130
99 131
99 137
99 138
99 139
99 141
99 143
99 145
99 147
99 148
99 149
99 151
99 154
99 160
99 170
99 171
99 174
99 176
99 177
99 178
99 179
100 101
100 106
100 108
100 114
100 118
100 120
100 123
100 125
100 129
100 131
100 135
100 137
100 139
100 146
100 154
100 158
100 159
100 163
100 165
100 167
100 169
100 170
101 102
101 103
101 107
101 109
101 112
101 113
101 116
101 119
101 121
101 125
101 127
101 129
101 131
101 133
101 136
101 140
101 143
101 144
101 147
101 149
101 158
101 161
101 168
101 170
101 171
101 175
101 177
101 178
102 108
102 111
102 113
102 116
102 119
102 126
102 128
102 132
102 134
102 135
102 139
102 143
102 144
102 148
102 150
102 151
102 152
102 153
102 154
102 155
102 156
102 160
102 161
102 166
102 170
102 172
102 175
102 176
102 179
103 108
103 109
103 111
103 119
103 120
103 124
103 125
103 126
103 127
103 128
103 130
103 134
103 135
103 139
103 144
103 145
103 149
103 150
103 156
103 158
103 161
103 162
103 163
103 164
103 167
103 169
103 174
103 175
103 176
103 177
104 109
104 112
104 113
104 114
104 115
104 116
104 119
104 121
104 125
104 128
104 134
104 141
104 142
104 143
104 146
104 153
104 155
104 157
104 158
104 159
104 160
104 161
104 162
104 163
104 165
104 166
104 168
104 169
104 174
104 175
104 177
105 112
105 113
105 117
105 118
105 120
105 123
105 124
105 133
105 134
105 135
105 136
105 141
105 144
105 145
105 147
105 148
105 152
105 156
105 158
105 162
105 164
105 165
105 167
105 169
105 172
105 173
105 176
106 117
106 118
106 119
106 125
106 132
106 134
106 135
106 137
106 138
106 141
106 145
106 147
106 148
106 150
106 154
106 161
106 162
106 178
106 179
107 109
107 111
107 112
107 114
107 119
107 124
107 129
107 136
107 139
107 140
107 142
107 143
107 144
107 146
107 148
107 156
107 158
107 159
107 164
107 166
107 168
107 170
107 177
108 111
108 113
108 116
108 117
108 120
108 126
108 129
108 135
108 137
108 145
108 149
108 150
108 154
108 155
108 158
108 162
108 163
108 164
108 170
108 171
108 173
108 175
108 176
108 178
109 111
109 118
109 119
109 120
109 121
109 122
109 123
109 127
109 128
109 130
109 137
109 139
109 145
109 146
109 147
109 148
109 150
109 154
109 155
109 158
109 161
109 166
109 167
109 169
109 174
109 177
109 178
110 116
110 119
110 120
110 121
110 122
110 126
110 131
110 133
110 134
110 143
110 145
110 146
110 147
110 150
110 151
110 159
110 160
110 167
110 169
110 172
110 176
111 113
111 114
111 115
111 118
111 123
111 125
111 128
111 129
111 132
111 135
111 137
111 138
111 142
111 147
111 148
111 149
111 152
111 156
111 159
111 161
111 164
111 165
111 167
111 168
111 169
111 172
111 177
112 113
112 114
112 119
112 121
112 122
112 123
112 126
112 128
112 132
112 139
112 140
112 141
112 144
112 147
112 150
112 155
112 156
112 159
112 160
112 161
112 166
112 167
112 171
112 173
112 174
112 178
113 115
113 116
113 120
113 121
113 129
113 130
113 135
113 138
113 140
113 143
113 147
113 149
113 155
113 157
113 159
113 163
113 166
113 168
113 169
113 171
113 172
113 175
113 176
113 177
113 178
114 115
114 128
114 134
114 136
114 140
114 141
114 142
114 143
114 155
114 156
114 157
114 161
114 162
114 169
114 171
114 175
114 177
114 178
115 118
115 119
115 121
115 122
115 126
115 128
115 129
115 134
115 135
115 137
115 138
115 141
115 144
115 152
115 155
115 158
115 162
115 163
115 166
115 169
115 174
115 178
116 118
116 119
116 123
116 125
116 128
116 130
116 134
116 138
116 139
116 143
116 145
116 155
116 157
116 158
116 167
116 168
116 169
116 170
116 173
116 174
116 177
117 119
117 120
117 128
117 130
117 131
117 134
117 137
117 138
117 141
117 145
117 146
117 148
117 149
117 151
117 152
117 157
117 158
117 159
117 160
117 163
117 173
117 175
118 121
118 122
118 129
118 130
118 131
118 132
118 134
118 137
118 138
118 139
118 140
118 141
118 145
118 146
118 149
118 150
118 153
118 158
118 160
118 162
118 166
118 167
118 168
118 171
118 172
118 176
118 178
119 121
119 122
119 123
119 124
119 127
119 131
119 133
119 134
119 136
119 138
119 141
119 145
119 146
119 149
119 150
119 152
119 157
119 158
119 159
119 163
119 169
119 170
119 178
119 179
120 122
120 123
120 124
120 126
120 127
120 129
120 131
120 132
120 134
120 135
120 136
120 137
120 141
120 142
120 143
120 147
120 148
120 149
120 151
120 154
120 157
120 158
120 164
120 170
120 175
120 176
120 177
120 179
121 122
121 124
121 125
121 129
121 138
121 139
121 144
121 151
121 152
121 156
121 157
121 159
121 160
121 161
121 163
121 164
121 167
121 170
121 171
121 174
121 177
121 179
122 125
122 126
122 127
122 128
122 137
122 145
122 154
122 155
122 156
122 157
122 158
122 159
122 161
122 162
122 163
122 169
122 179
123 124
123 131
123 133
123 134
123 136
123 137
123 140
123 141
123 142
123 151
123 152
123 153
123 156
123 157
123 158
123 162
123 166
123 167
123 168
123 169
123 170
123 172
123 173
123 179
124 126
124 127
124 129
124 140
124 142
124 143
124 144
124 146
124 148
124 151
124 152
124 155
124 161
124 164
124 168
124 171
124 174
125 128
125 129
125 131
125 134
125 139
125 140
125 141
125 147
125 156
125 162
125 163
125 165
126 133
126 138
126 139
126 140
126 142
126 143
126 145
126 148
126 149
126 151
126 156
126 157
126 159
126 160
126 161
126 162
126 166
126 167
126 171
126 176
126 179
127 131
127 132
127 135
127 137
127 143
127 149
127 150
127 151
127 155
127 156
127 157
127 159
127 160
127 161
127 162
127 163
127 176
128 129
128 130
128 134
128 136
128 137
128 138
128 140
128 145
128 147
128 149
128 153
128 154
128 158
128 159
128 164
128 166
128 170
128 171
128 172
128 175
128 177
129 131
129 136
129 137
129 139
129 141
129 142
129 144
129 151
129 155
129 157
129 160
129 161
129 164
129 168
129 170
129 171
129 172
129 175
129 176
129 178
130 133
130 134
130 140
130 146
130 150
130 153
130 159
130 160
130 161
130 163
130 164
130 165
130 166
130 176
130 177
130 178
130 179
131 136
131 137
131 141
131 145
131 147
131 148
131 154
131 155
131 158
131 163
131 174
131 175
131 176
131 178
131 179
132 134
132 136
132 141
132 144
132 150
132 151
132 152
132 159
132 161
132 162
132 164
132 165
132 170
132 171
132 176
132 178
132 179
133 135
133 136
133 138
133 139
133 145
133 147
133 148
133 158
133 165
133 168
133 169
133 171
133 174
133 175
133 176
133 179
134 135
134 137
134 138
134 140
134 142
134 144
134 149
134 152
134 153
134 158
134 162
134 164
134 167
134 169
134 171
134 174
134 176
134 177
134 178
135 137
135 142
135 147
135 153
135 158
135 165
135 166
135 168
135 172
135 173
135 174
135 175
135 177
135 178
136 140
136 143
136 145
136 148
136 149
136 158
136 160
136 162
136 166
136 167
136 170
136 171
136 172
136 174
136 175
136 177
136 178
137 139
137 140
137 141
137 147
137 153
137 159
137 161
137 162
137 167
137 168
137 170
137 173
137 177
138 139
138 140
138 143
138 144
138 145
138 149
138 153
138 154
138 160
138 161
138 167
138 172
138 173
138 178
138 179
139 140
139 148
139 151
139 152
139 155
139 157
139 163
139 168
139 172
139 173
139 175
139 178
140 141
140 145
140 146
140 149
140 152
140 154
140 157
140 158
140 160
140 166
140 170
140 172
140 174
140 179
141 145
141 149
141 155
141 156
141 164
141 169
141 170
141 171
141 173
141 174
141 175
141 177
142 143
142 152
142 156
142 164
142 169
142 171
142 172
142 174
142 177
143 145
143 148
143 155
143 159
143 160
143 165
143 169
143 171
143 172
143 178
144 147
144 152
144 153
144 154
144 155
144 160
144 161
144 164
144 165
144 167
144 169
144 170
145 146
145 147
145 148
145 150
145 152
145 154
145 155
145 156
145 160
145 165
145 166
145 168
145 172
145 173
145 175
145 178
146 148
146 152
146 161
146 163
146 169
146 170
146 173
147 149
147 156
147 160
147 170
147 172
147 175
147 179
148 149
148 156
148 158
148 159
148 160
148 162
148 164
148 168
148 170
148 171
148 178
149 151
149 152
149 154
149 157
149 158
149 161
149 165
149 170
149 171
149 172
149 175
150 152
150 155
150 157
150 160
150 167
150 178
150 179
151 155
151 156
151 160
151 169
151 170
151 172
151 173
151 174
151 176
151 177
151 178
151 179
152 153
152 154
152 157
152 159
152 160
152 161
152 163
153 161
153 165
153 174
154 160
154 161
154 163
154 164
154 165
154 166
155 157
155 160
155 163
155 164
155 165
155 166
155 175
155 179
156 157
156 158
156 163
156 167
156 168
156 171
156 172
156 177
156 178
157 158
157 161
157 163
157 165
157 169
157 172
157 174
157 175
157 177
157 179
158 160
158 168
158 169
158 174
158 175
158 176
158 178
159 162
159 165
159 166
159 167
159 168
159 172
159 173
159 174
160 167
160 171
160 174
160 175
160 176
160 179
161 164
161 166
161 169
161 171
161 172
161 175
161 177
162 165
162 167
162 171
162 174
163 167
163 168
163 170
163 171
163 175
163 177
163 178
164 165
164 167
164 170
164 174
164 178
164 179
165 174
165 176
165 177
166 172
166 174
166 176
166 178
166 179
167 168
167 170
167 171
167 175
167 176
167 177
167 178
168 169
168 170
168 173
168 176
168 177
168 178
168 179
169 172
169 175
170 176
170 177
170 178
171 173
171 178
172 173
173 176
173 179
174 177
175 176
175 177
176 178
176 179
177 178
177 179
178 179
