110 2035
0 4
0 6
0 7
0 8
0 12
0 14
0 16
0 18
0 19
0 21
0 22
0 24
0 26
0 30
0 33
0 35
0 37
0 40
0 41
0 45
0 46
0 49
0 51
0 52
0 54
0 58
0 59
0 60
0 61
0 70
0 71
0 72
0 77
0 78
0 88
0 90
0 93
0 97
0 98
0 101
0 103
0 108
1 2
1 10
1 14
1 15
1 18
1 25
1 28
1 31
1 33
1 40
1 46
1 48
1 52
1 57
1 60
1 62
1 66
1 68
1 72
1 73
1 74
1 75
1 86
1 87
1 91
1 95
1 97
1 104
2 3
2 11
2 13
2 14
2 20
2 22
2 25
2 26
2 28
2 29
2 32
2 33
2 41
2 42
2 43
2 44
2 46
2 54
2 60
2 61
2 62
2 66
2 67
2 70
2 73
2 74
2 75
2 77
2 81
2 83
2 84
2 85
2 87
2 88
2 90
2 91
2 93
2 95
2 96
2 99
2 103
2 104
2 105
3 5
3 7
3 8
3 9
3 15
3 16
3 17
3 20
3 23
3 24
3 25
3 29
3 31
3 32
3 33
3 34
3 36
3 40
3 48
3 49
3 50
3 55
3 58
3 62
3 63
3 72
3 77
3 79
3 80
3 84
3 87
3 89
3 91
3 93
3 95
3 96
3 99
3 101
3 109
4 6
4 8
4 9
4 10
4 11
4 14
4 15
4 16
4 17
4 21
4 24
4 28
4 29
4 32
4 35
4 36
4 37
4 38
4 40
4 45
4 50
4 53
4 60
4 66
4 68
4 69
4 73
4 77
4 81
4 88
4 90
4 95
4 98
4 103
4 104
4 106
4 107
5 6
5 11
5 14
5 17
5 18
5 23
5 24
5 26
5 27
5 31
5 32
5 33
5 35
5 43
5 45
5 46
5 48
5 53
5 55
5 62
5 64
5 66
5 72
5 73
5 76
5 78
5 79
5 81
5 88
5 89
5 91
5 92
5 94
5 95
5 97
5 99
5 100
5 101
5 107
6 10
6 15
6 19
6 23
6 24
6 27
6 30
6 31
6 37
6 39
6 42
6 43
6 44
6 45
6 47
6 49
6 51
6 52
6 54
6 55
6 56
6 58
6 59
6 63
6 64
6 66
6 68
6 77
6 78
6 80
6 85
6 89
6 90
6 91
6 93
6 97
6 98
6 99
6 102
6 104
6 105
6 106
6 108
6 109
7 8
7 9
7 18
7 19
7 20
7 24
7 27
7 28
7 29
7 31
7 34
7 36
7 38
7 45
7 56
7 57
7 59
7 62
7 64
7 65
7 71
7 77
7 83
7 85
7 86
7 91
7 92
7 93
7 96
7 97
7 101
7 102
7 107
8 10
8 13
8 16
8 18
8 19
8 22
8 23
8 26
8 28
8 30
8 32
8 36
8 37
8 38
8 40
8 47
8 48
8 50
8 53
8 54
8 56
8 59
8 60
8 63
8 71
8 74
8 75
8 82
8 83
8 86
8 97
8 99
9 13
9 15
9 23
9 24
9 26
9 31
9 32
9 33
9 34
9 36
9 40
9 48
9 49
9 60
9 61
9 62
9 66
9 67
9 68
9 70
9 71
9 72
9 78
9 83
9 84
9 89
9 91
9 92
9 95
9 99
9 104
9 105
9 108
10 13
10 18
10 19
10 25
10 29
10 30
10 34
10 36
10 39
10 40
10 43
10 51
10 54
10 61
10 63
10 64
10 72
10 73
10 75
10 78
10 80
10 85
10 87
10 88
10 89
10 91
10 93
10 94
10 96
10 101
10 103
10 105
10 109
11 12
11 16
11 19
11 20
11 23
11 27
11 30
11 31
11 32
11 34
11 35
11 43
11 44
11 46
11 47
11 50
11 54
11 55
11 58
11 66
11 67
11 70
11 71
11 74
11 79
11 86
11 87
11 90
11 92
11 93
11 97
11 100
12 14
12 15
12 16
12 19
12 25
12 29
12 32
12 34
12 37
12 40
12 45
12 46
12 47
12 52
12 53
12 58
12 60
12 63
12 64
12 66
12 67
12 68
12 69
12 73
12 77
12 79
12 80
12 82
12 83
12 88
12 91
12 97
12 99
12 100
12 103
12 104
12 105
12 107
13 25
13 28
13 30
13 31
13 32
13 34
13 35
13 38
13 40
13 48
13 51
13 52
13 54
13 55
13 57
13 60
13 64
13 65
13 68
13 70
13 75
13 79
13 83
13 92
13 94
13 95
13 98
13 99
13 101
14 16
14 17
14 27
14 31
14 38
14 39
14 41
14 45
14 46
14 47
14 48
14 50
14 51
14 53
14 56
14 57
14 62
14 63
14 69
14 71
14 73
14 74
14 83
14 84
14 87
14 93
14 94
14 101
14 106
14 107
14 108
15 16
15 18
15 20
15 21
15 26
15 31
15 35
15 37
15 43
15 45
15 46
15 59
15 63
15 64
15 67
15 72
15 73
15 75
15 82
15 86
15 87
15 90
15 96
15 98
15 103
15 105
16 17
16 18
16 19
16 25
16 27
16 30
16 31
16 34
16 36
16 37
16 39
16 41
16 45
16 47
16 48
16 49
16 57
16 58
16 59
16 64
16 68
16 69
16 71
16 72
16 79
16 82
16 83
16 86
16 87
16 90
16 92
16 98
16 103
16 104
16 106
17 20
17 23
17 24
17 25
17 26
17 28
17 30
17 40
17 47
17 48
17 50
17 51
17 52
17 56
17 57
17 59
17 60
17 62
17 68
17 69
17 71
17 72
17 73
17 77
17 78
17 80
17 81
17 82
17 84
17 90
17 91
17 96
17 99
17 102
17 104
17 107
17 109
18 19
18 25
18 26
18 28
18 34
18 36
18 44
18 52
18 53
18 55
18 61
18 65
18 66
18 67
18 69
18 78
18 79
18 80
18 83
18 85
18 86
18 87
18 89
18 90
18 94
18 98
18 99
18 106
18 108
19 21
19 23
19 29
19 32
19 36
19 37
19 40
19 42
19 44
19 52
19 53
19 54
19 58
19 59
19 61
19 63
19 65
19 70
19 71
19 77
19 78
19 81
19 88
19 89
19 91
19 92
19 93
19 97
19 98
19 102
19 103
19 105
19 106
19 107
20 21
20 22
20 26
20 33
20 34
20 35
20 38
20 39
20 40
20 45
20 54
20 58
20 61
20 62
20 67
20 71
20 72
20 73
20 76
20 79
20 80
20 82
20 85
20 89
20 92
20 93
20 94
20 97
20 101
20 103
20 106
20 107
20 108
21 27
21 28
21 31
21 33
21 37
21 39
21 42
21 43
21 49
21 51
21 54
21 57
21 59
21 60
21 66
21 67
21 68
21 69
21 70
21 71
21 74
21 82
21 85
21 87
21 92
21 95
21 97
21 98
21 102
21 105
21 108
21 109
22 24
22 25
22 26
22 27
22 28
22 30
22 32
22 35
22 36
22 37
22 40
22 43
22 44
22 45
22 51
22 52
22 53
22 55
22 59
22 63
22 66
22 68
22 69
22 74
22 77
22 78
22 85
22 87
22 89
22 91
22 92
22 98
22 100
22 101
22 103
22 108
23 26
23 27
23 31
23 32
23 38
23 39
23 42
23 44
23 46
23 48
23 52
23 59
23 60
23 62
23 66
23 72
23 73
23 77
23 82
23 84
23 89
23 96
23 104
23 109
24 25
24 32
24 37
24 40
24 41
24 42
24 51
24 54
24 57
24 59
24 61
24 62
24 63
24 67
24 71
24 73
24 74
24 75
24 80
24 82
24 83
24 85
24 96
24 97
24 99
24 103
24 109
25 26
25 28
25 29
25 32
25 33
25 35
25 36
25 37
25 42
25 45
25 48
25 51
25 53
25 54
25 55
25 56
25 59
25 61
25 62
25 64
25 65
25 69
25 76
25 78
25 79
25 80
25 86
25 92
25 100
25 105
25 106
25 107
26 34
26 36
26 38
26 39
26 40
26 41
26 44
26 45
26 54
26 59
26 63
26 73
26 74
26 75
26 77
26 79
26 81
26 82
26 84
26 86
26 87
26 92
26 97
26 98
26 101
26 108
26 109
27 28
27 31
27 32
27 34
27 38
27 39
27 42
27 43
27 44
27 50
27 54
27 55
27 56
27 57
27 58
27 61
27 69
27 70
27 75
27 78
27 80
27 81
27 83
27 90
27 91
27 94
27 96
27 98
27 102
27 104
27 108
28 29
28 32
28 33
28 42
28 49
28 50
28 57
28 60
28 62
28 72
28 74
28 75
28 78
28 80
28 81
28 82
28 85
28 91
28 93
28 107
28 108
29 35
29 37
29 40
29 43
29 46
29 47
29 48
29 49
29 51
29 53
29 57
29 60
29 62
29 63
29 65
29 67
29 69
29 71
29 73
29 76
29 79
29 81
29 82
29 85
29 90
29 93
29 94
29 100
29 102
29 105
29 106
29 107
29 108
30 31
30 33
30 34
30 36
30 37
30 38
30 40
30 45
30 49
30 51
30 53
30 54
30 55
30 58
30 59
30 62
30 64
30 70
30 74
30 78
30 81
30 83
30 87
30 89
30 91
30 94
30 98
31 33
31 35
31 37
31 39
31 41
31 51
31 52
31 53
31 57
31 61
31 62
31 64
31 65
31 68
31 73
31 76
31 84
31 86
31 87
31 92
31 93
31 99
31 100
32 34
32 37
32 40
32 43
32 45
32 47
32 52
32 56
32 59
32 72
32 75
32 76
32 77
32 81
32 85
32 90
32 92
32 94
32 96
32 98
32 107
32 108
32 109
33 36
33 39
33 41
33 45
33 46
33 52
33 62
33 69
33 71
33 73
33 74
33 79
33 81
33 89
33 90
33 94
33 95
33 100
33 103
33 107
34 39
34 44
34 46
34 47
34 48
34 49
34 54
34 56
34 57
34 58
34 60
34 62
34 64
34 65
34 67
34 68
34 69
34 70
34 77
34 78
34 83
34 85
34 86
34 87
34 89
34 91
34 94
34 97
34 98
34 101
34 102
34 103
34 106
34 109
35 36
35 37
35 38
35 41
35 44
35 46
35 48
35 49
35 52
35 54
35 56
35 57
35 58
35 66
35 67
35 72
35 75
35 80
35 84
35 88
35 89
35 90
35 91
35 97
35 100
35 102
35 104
35 105
35 108
35 109
36 42
36 45
36 47
36 50
36 51
36 63
36 71
36 74
36 76
36 78
36 80
36 82
36 92
36 96
37 38
37 39
37 42
37 44
37 45
37 48
37 50
37 51
37 54
37 55
37 58
37 61
37 62
37 65
37 68
37 74
37 75
37 76
37 79
37 82
37 88
37 90
37 93
37 99
37 101
37 103
37 104
37 105
37 106
37 107
38 40
38 41
38 44
38 53
38 56
38 57
38 59
38 66
38 68
38 69
38 71
38 72
38 73
38 75
38 76
38 77
38 82
38 90
38 93
38 94
38 96
38 102
38 104
38 105
38 108
39 44
39 45
39 46
39 49
39 53
39 57
39 62
39 65
39 72
39 73
39 74
39 75
39 78
39 79
39 81
39 82
39 84
39 85
39 95
39 99
39 100
39 107
39 109
40 46
40 48
40 49
40 53
40 54
40 58
40 59
40 61
40 63
40 66
40 73
40 83
40 87
40 88
40 91
40 92
40 108
41 45
41 47
41 51
41 58
41 60
41 62
41 72
41 73
41 79
41 80
41 85
41 87
41 89
41 92
41 98
41 99
41 103
41 107
42 44
42 45
42 50
42 52
42 53
42 55
42 56
42 57
42 59
42 60
42 70
42 71
42 77
42 83
42 85
42 86
42 87
42 88
42 90
42 91
42 93
42 97
42 98
42 99
42 100
42 101
42 103
42 105
43 46
43 48
43 50
43 53
43 54
43 55
43 57
43 66
43 68
43 70
43 71
43 73
43 76
43 78
43 79
43 82
43 88
43 90
43 92
43 93
43 96
43 101
43 107
43 108
43 109
44 49
44 51
44 53
44 54
44 66
44 67
44 69
44 78
44 79
44 83
44 86
44 91
44 92
44 93
44 96
44 97
44 99
44 100
44 105
44 106
44 107
44 109
45 48
45 49
45 51
45 54
45 55
45 57
45 61
45 62
45 63
45 65
45 69
45 77
45 81
45 82
45 83
45 84
45 86
45 91
45 94
45 95
45 97
45 100
45 101
45 104
45 105
46 52
46 56
46 57
46 59
46 62
46 64
46 68
46 71
46 74
46 75
46 81
46 86
46 90
46 91
46 92
46 93
46 98
46 99
46 105
46 106
47 48
47 49
47 52
47 55
47 58
47 64
47 66
47 69
47 72
47 73
47 75
47 79
47 84
47 87
47 88
47 91
47 94
47 98
47 101
47 104
47 106
48 53
48 55
48 57
48 61
48 62
48 63
48 65
48 66
48 67
48 68
48 70
48 72
48 77
48 81
48 82
48 83
48 84
48 89
48 92
48 93
48 98
48 100
48 105
48 109
49 50
49 52
49 55
49 62
49 68
49 69
49 76
49 79
49 82
49 85
49 89
49 92
49 93
49 95
49 97
49 101
49 102
49 104
49 106
50 51
50 54
50 55
50 56
50 58
50 59
50 67
50 68
50 72
50 79
50 85
50 89
50 90
50 93
50 96
50 97
50 101
50 105
50 106
50 107
50 108
51 55
51 58
51 62
51 67
51 68
51 70
51 76
51 77
51 83
51 84
51 88
51 91
51 94
51 97
51 100
51 101
51 103
51 105
51 106
51 108
52 53
52 59
52 65
52 68
52 74
52 77
52 78
52 82
52 84
52 85
52 88
52 91
52 93
52 99
52 103
52 108
52 109
53 54
53 56
53 57
53 60
53 62
53 65
53 66
53 70
53 76
53 91
53 96
53 99
53 100
53 106
53 109
54 57
54 62
54 63
54 65
54 67
54 73
54 74
54 79
54 80
54 82
54 89
54 90
54 91
54 93
54 94
54 96
54 98
54 100
54 103
54 104
55 62
55 66
55 68
55 73
55 74
55 75
55 80
55 86
55 93
55 95
55 98
55 101
55 104
55 105
55 107
56 62
56 64
56 70
56 75
56 76
56 77
56 78
56 85
56 88
56 92
56 93
56 100
56 102
56 103
56 104
56 105
56 106
56 108
56 109
57 58
57 59
57 61
57 62
57 67
57 69
57 72
57 74
57 76
57 77
57 79
57 80
57 85
57 88
57 91
57 97
57 99
57 106
58 62
58 71
58 74
58 77
58 79
58 81
58 87
58 88
58 92
58 93
58 94
58 95
58 98
58 99
58 101
58 102
58 105
58 106
58 107
58 108
59 70
59 83
59 90
59 92
59 94
59 98
59 99
59 101
59 103
59 104
59 109
60 61
60 64
60 68
60 71
60 73
60 75
60 80
60 85
60 93
60 95
60 96
60 97
60 98
60 103
60 105
61 64
61 65
61 67
61 70
61 72
61 84
61 85
61 93
61 94
61 95
61 99
61 100
61 104
62 65
62 66
62 70
62 71
62 74
62 78
62 88
62 89
62 93
62 97
62 100
62 102
62 103
62 105
62 106
62 109
63 64
63 65
63 67
63 69
63 77
63 78
63 79
63 83
63 92
63 97
63 100
63 102
64 68
64 70
64 73
64 78
64 79
64 80
64 81
64 83
64 88
64 94
64 95
64 96
64 97
64 103
64 106
64 108
65 66
65 72
65 73
65 74
65 76
65 86
65 92
65 94
65 97
65 103
65 105
65 107
65 109
66 68
66 71
66 78
66 90
66 94
66 95
66 96
66 97
66 98
66 102
66 103
66 104
66 106
67 71
67 73
67 74
67 78
67 81
67 82
67 83
67 91
67 94
67 98
67 104
67 106
68 73
68 74
68 76
68 77
68 78
68 79
68 80
68 83
68 91
68 101
68 103
68 105
68 106
69 71
69 82
69 89
69 91
69 93
69 98
69 103
69 109
70 72
70 73
70 74
70 75
70 76
70 88
70 90
70 97
70 106
70 108
71 77
71 78
71 80
71 83
71 91
71 92
71 98
71 99
71 102
71 104
72 73
72 76
72 78
72 83
72 86
72 87
72 89
72 90
72 93
72 94
72 96
72 101
72 102
72 108
73 74
73 75
73 76
73 82
73 85
73 87
73 89
73 90
73 91
73 94
73 96
73 97
73 99
73 100
73 104
73 105
73 107
73 108
74 75
74 76
74 77
74 78
74 82
74 88
74 94
74 98
74 99
74 100
74 101
74 103
74 106
75 79
75 80
75 83
75 85
75 88
75 89
75 98
75 99
75 101
75 102
75 104
75 106
75 109
76 78
76 80
76 82
76 83
76 85
76 86
76 88
76 89
76 90
76 93
76 95
76 98
76 100
76 106
76 107
77 80
77 81
77 85
77 86
77 88
77 89
77 91
77 96
77 99
77 103
77 105
77 107
77 108
77 109
78 83
78 84
78 86
78 89
78 90
78 96
78 98
78 100
78 104
78 107
79 85
79 86
79 88
79 90
79 98
79 99
79 100
79 102
79 104
79 107
79 108
80 86
80 89
80 92
80 102
80 105
80 106
81 82
81 84
81 85
81 87
81 88
81 89
81 90
81 92
81 94
81 96
81 97
81 98
81 103
81 104
81 109
82 83
82 87
82 94
82 98
82 100
82 101
82 104
82 108
82 109
83 84
83 86
83 87
83 90
83 91
83 92
83 93
83 102
83 103
83 104
83 106
84 85
84 88
84 92
84 93
84 95
84 104
85 99
85 103
85 109
86 90
86 95
86 101
86 102
86 107
87 89
87 92
87 94
87 100
87 101
87 102
87 105
87 109
88 93
88 94
88 96
88 103
88 104
88 105
88 106
88 109
89 91
89 97
89 106
90 94
90 95
90 101
90 106
91 102
91 108
91 109
92 96
92 100
92 101
92 106
92 107
93 95
93 96
93 98
93 99
93 100
93 103
93 106
93 108
94 95
94 97
94 99
94 102
94 103
94 106
95 96
95 97
95 98
95 101
95 103
95 106
95 107
95 108
96 99
96 101
96 105
96 106
96 107
97 98
97 102
97 107
97 108
97 109
98 101
98 102
98 104
99 101
99 104
99 108
100 101
100 102
100 105
100 106
100 109
101 102
101 108
102 106
102 109
103 104
103 108
104 106
104 107
104 108
106 107
106 109
107 108
107 109
