100 1489
0 1
0 2
0 3
0 5
0 7
0 11
0 14
0 18
0 19
0 20
0 22
0 25
0 28
0 36
0 43
0 44
0 51
0 57
0 58
0 60
0 61
0 62
0 65
0 69
0 70
0 72
0 75
0 77
0 83
0 84
0 88
1 4
1 8
1 17
1 20
1 22
1 24
1 27
1 29
1 31
1 35
1 40
1 43
1 49
1 57
1 60
1 64
1 66
1 68
1 77
1 78
1 80
1 88
1 89
1 91
1 96
1 99
2 4
2 6
2 8
2 9
2 17
2 22
2 24
2 27
2 29
2 30
2 32
2 33
2 36
2 37
2 40
2 49
2 52
2 53
2 56
2 59
2 62
2 65
2 72
2 79
2 85
2 94
3 4
3 5
3 16
3 17
3 20
3 22
3 24
3 29
3 30
3 38
3 44
3 45
3 46
3 53
3 56
3 58
3 62
3 67
3 69
3 70
3 74
3 75
3 76
3 78
3 79
3 82
3 85
3 91
3 96
3 98
3 99
4 5
4 7
4 8
4 12
4 18
4 20
4 23
4 25
4 27
4 31
4 33
4 37
4 38
4 39
4 46
4 48
4 52
4 53
4 57
4 62
4 64
4 68
4 69
4 74
4 75
4 81
4 90
4 94
5 13
5 18
5 27
5 29
5 35
5 39
5 41
5 45
5 55
5 62
5 67
5 68
5 71
5 72
5 76
5 78
5 80
5 83
5 86
5 95
5 96
5 98
6 9
6 10
6 12
6 15
6 17
6 23
6 24
6 26
6 27
6 34
6 36
6 37
6 38
6 41
6 42
6 43
6 44
6 53
6 56
6 57
6 64
6 66
6 67
6 68
6 71
6 72
6 73
6 79
6 80
6 81
6 82
6 83
6 89
6 93
6 94
7 9
7 10
7 11
7 14
7 16
7 17
7 21
7 24
7 25
7 28
7 32
7 34
7 38
7 39
7 52
7 57
7 63
7 67
7 68
7 70
7 72
7 77
7 78
7 81
7 90
7 95
7 96
8 9
8 12
8 17
8 18
8 19
8 22
8 23
8 25
8 27
8 28
8 30
8 36
8 45
8 46
8 51
8 52
8 54
8 56
8 57
8 62
8 63
8 65
8 81
8 82
8 85
8 87
8 92
8 99
9 11
9 12
9 15
9 16
9 25
9 28
9 31
9 33
9 37
9 57
9 59
9 60
9 61
9 70
9 72
9 73
9 74
9 77
9 83
9 87
9 88
9 89
9 96
10 11
10 12
10 15
10 21
10 26
10 33
10 40
10 45
10 53
10 59
10 70
10 75
10 79
10 81
10 85
10 93
10 94
10 95
10 97
11 12
11 17
11 18
11 22
11 24
11 28
11 32
11 41
11 44
11 47
11 53
11 54
11 59
11 65
11 70
11 72
11 75
11 80
11 83
11 84
11 90
11 91
11 93
12 13
12 15
12 19
12 30
12 38
12 39
12 44
12 64
12 68
12 72
12 90
12 93
13 15
13 19
13 20
13 21
13 22
13 34
13 38
13 40
13 43
13 44
13 46
13 49
13 57
13 59
13 60
13 67
13 75
13 79
13 83
13 89
13 94
13 99
14 16
14 21
14 25
14 26
14 31
14 33
14 34
14 38
14 39
14 43
14 47
14 48
14 51
14 56
14 57
14 58
14 61
14 66
14 71
14 78
14 79
14 83
14 91
14 95
14 96
14 98
15 19
15 23
15 29
15 30
15 31
15 35
15 36
15 37
15 46
15 51
15 52
15 57
15 63
15 65
15 66
15 68
15 70
15 72
15 73
15 75
15 77
15 85
15 87
15 89
15 90
15 91
15 93
15 95
16 17
16 20
16 21
16 22
16 26
16 29
16 33
16 35
16 36
16 39
16 42
16 47
16 49
16 52
16 54
16 56
16 57
16 59
16 64
16 65
16 77
16 90
16 91
16 94
16 96
16 98
17 19
17 20
17 25
17 26
17 42
17 44
17 45
17 56
17 58
17 59
17 62
17 64
17 65
17 67
17 70
17 79
17 80
17 81
17 82
17 87
17 89
17 90
17 91
17 94
17 99
18 24
18 25
18 28
18 29
18 36
18 38
18 42
18 46
18 49
18 55
18 60
18 61
18 62
18 63
18 66
18 67
18 73
18 74
18 75
18 78
18 79
18 81
18 88
18 90
18 92
18 93
18 97
19 20
19 22
19 23
19 24
19 26
19 29
19 30
19 38
19 41
19 46
19 52
19 57
19 59
19 63
19 64
19 74
19 81
19 84
19 86
20 22
20 23
20 25
20 26
20 30
20 33
20 35
20 36
20 37
20 39
20 41
20 46
20 47
20 50
20 55
20 56
20 59
20 62
20 64
20 66
20 70
20 73
20 77
20 80
20 86
20 89
20 91
20 97
21 23
21 24
21 28
21 31
21 47
21 53
21 54
21 55
21 57
21 59
21 61
21 62
21 65
21 69
21 70
21 72
21 80
21 81
21 90
21 93
21 94
21 98
22 26
22 35
22 37
22 40
22 41
22 43
22 44
22 51
22 53
22 58
22 66
22 67
22 68
22 69
22 75
22 76
22 77
22 82
22 85
22 91
22 94
22 96
22 97
23 24
23 26
23 27
23 28
23 29
23 33
23 39
23 42
23 51
23 52
23 56
23 61
23 65
23 68
23 69
23 74
23 75
23 76
23 77
23 85
23 89
23 94
23 95
24 25
24 26
24 28
24 33
24 34
24 36
24 40
24 41
24 42
24 47
24 48
24 51
24 52
24 54
24 57
24 58
24 61
24 62
24 65
24 66
24 70
24 75
24 76
24 78
24 79
24 86
24 90
24 92
24 93
24 96
25 35
25 36
25 37
25 39
25 40
25 41
25 54
25 56
25 58
25 59
25 66
25 71
25 80
25 81
25 89
25 90
25 91
25 93
25 94
26 30
26 31
26 32
26 45
26 46
26 47
26 52
26 55
26 56
26 62
26 64
26 66
26 69
26 70
26 71
26 72
26 78
26 79
26 80
26 81
26 82
26 91
26 93
26 96
26 98
27 30
27 33
27 36
27 37
27 38
27 41
27 46
27 52
27 54
27 60
27 63
27 67
27 72
27 74
27 76
27 77
27 78
27 79
27 81
27 85
27 89
27 91
28 33
28 34
28 37
28 40
28 42
28 44
28 45
28 50
28 52
28 53
28 54
28 59
28 60
28 62
28 65
28 69
28 71
28 74
28 78
28 80
28 82
28 83
28 84
28 85
28 96
28 98
29 31
29 36
29 38
29 39
29 41
29 45
29 48
29 49
29 50
29 51
29 52
29 54
29 55
29 56
29 62
29 63
29 65
29 67
29 68
29 71
29 72
29 73
29 75
29 77
29 79
29 83
29 85
29 89
29 92
29 93
29 94
29 95
30 33
30 41
30 42
30 43
30 44
30 46
30 47
30 49
30 57
30 58
30 60
30 64
30 66
30 68
30 70
30 72
30 79
30 80
30 82
30 83
30 87
30 89
30 90
31 33
31 41
31 43
31 52
31 53
31 56
31 58
31 63
31 65
31 69
31 74
31 78
31 80
31 83
31 85
31 89
31 95
31 97
31 98
32 37
32 38
32 43
32 44
32 46
32 47
32 51
32 60
32 62
32 63
32 64
32 66
32 69
32 73
32 75
32 85
32 89
32 91
32 92
33 36
33 41
33 43
33 44
33 48
33 49
33 50
33 51
33 52
33 54
33 55
33 58
33 61
33 67
33 68
33 72
33 73
33 74
33 76
33 77
33 83
33 85
33 86
33 88
33 94
33 96
33 99
34 35
34 36
34 37
34 38
34 42
34 47
34 49
34 51
34 54
34 55
34 58
34 72
34 75
34 77
34 78
34 82
34 84
34 86
34 91
34 95
34 98
35 37
35 38
35 41
35 43
35 47
35 49
35 56
35 57
35 59
35 73
35 78
35 80
35 82
35 84
35 94
35 97
36 41
36 42
36 44
36 51
36 57
36 61
36 63
36 64
36 65
36 71
36 75
36 80
36 84
36 88
36 97
37 40
37 45
37 49
37 54
37 56
37 57
37 59
37 61
37 63
37 73
37 75
37 76
37 80
37 82
37 90
38 44
38 47
38 50
38 51
38 52
38 53
38 57
38 61
38 62
38 66
38 68
38 70
38 76
38 78
38 81
38 82
38 86
38 87
38 90
38 94
39 40
39 51
39 54
39 57
39 58
39 61
39 63
39 66
39 67
39 73
39 77
39 81
39 85
39 89
39 91
40 46
40 49
40 54
40 56
40 58
40 60
40 65
40 75
40 79
40 83
40 87
40 95
40 96
40 98
41 42
41 43
41 46
41 47
41 48
41 54
41 56
41 57
41 58
41 64
41 72
41 81
41 85
41 86
41 88
41 90
41 93
41 99
42 44
42 50
42 51
42 53
42 57
42 63
42 64
42 65
42 71
42 75
42 76
42 80
42 84
42 85
42 86
42 90
42 91
42 92
42 93
42 94
42 98
43 47
43 51
43 54
43 55
43 57
43 60
43 70
43 71
43 77
43 83
43 85
43 90
43 92
43 98
44 49
44 50
44 52
44 53
44 54
44 61
44 62
44 68
44 71
44 74
44 75
44 76
44 78
44 80
44 82
44 85
44 88
44 90
44 91
44 97
45 50
45 52
45 53
45 55
45 56
45 57
45 59
45 65
45 69
45 71
45 74
45 76
45 77
45 78
45 86
45 87
45 95
45 98
46 47
46 50
46 58
46 70
46 72
46 74
46 84
46 86
46 87
46 89
46 92
46 96
46 97
47 49
47 52
47 56
47 58
47 61
47 65
47 66
47 69
47 75
47 76
47 84
47 85
47 88
47 90
47 95
47 96
47 97
47 99
48 57
48 58
48 59
48 61
48 64
48 66
48 68
48 72
48 75
48 77
48 78
48 82
48 84
48 86
48 87
48 89
48 90
48 92
48 93
48 95
48 96
48 99
49 51
49 54
49 57
49 59
49 60
49 66
49 67
49 68
49 70
49 72
49 73
49 77
49 80
49 81
49 84
49 92
49 93
49 96
49 97
49 98
50 51
50 53
50 54
50 55
50 56
50 57
50 60
50 61
50 65
50 72
50 75
50 77
50 82
50 83
50 90
50 96
51 54
51 56
51 58
51 62
51 66
51 67
51 69
51 74
51 76
51 77
51 83
51 87
51 89
51 94
52 53
52 62
52 63
52 64
52 73
52 74
52 81
52 83
52 84
52 95
52 98
53 65
53 68
53 69
53 70
53 73
53 82
53 90
53 91
53 93
53 95
54 56
54 59
54 62
54 70
54 71
54 75
54 76
54 77
54 79
54 83
54 84
54 85
54 87
54 89
54 91
54 93
54 96
55 60
55 61
55 62
55 63
55 64
55 65
55 70
55 75
55 77
55 80
55 82
55 88
55 93
55 94
55 97
56 57
56 58
56 59
56 63
56 64
56 65
56 70
56 71
56 74
56 78
56 88
56 92
56 94
56 98
57 60
57 65
57 70
57 77
57 78
57 82
57 83
57 87
57 96
57 97
57 98
58 64
58 71
58 77
58 78
58 82
58 86
58 87
58 91
58 93
58 95
58 99
59 62
59 64
59 67
59 71
59 73
59 77
59 78
59 82
59 85
59 86
59 90
59 92
59 93
60 63
60 67
60 68
60 70
60 73
60 75
60 85
60 89
60 91
60 92
60 93
60 95
61 67
61 70
61 73
61 75
61 76
61 79
61 80
61 84
61 89
61 91
61 98
62 65
62 68
62 69
62 74
62 75
62 78
62 79
62 84
62 90
62 92
62 94
62 96
62 97
62 98
62 99
63 66
63 67
63 69
63 70
63 74
63 75
63 77
63 80
63 84
63 85
63 96
63 99
64 65
64 66
64 69
64 74
64 81
64 83
64 85
64 90
64 91
64 93
64 94
64 97
64 99
65 66
65 67
65 68
65 72
65 77
65 83
65 85
65 91
65 94
65 97
65 99
66 67
66 73
66 76
66 77
66 78
66 81
66 83
66 85
66 91
66 92
66 93
66 96
66 99
67 73
67 87
67 97
67 99
68 72
68 78
68 80
68 84
68 87
68 90
68 93
69 73
69 77
69 82
69 83
69 84
69 87
69 88
69 91
69 92
69 93
69 97
69 98
69 99
70 71
70 75
70 76
70 85
70 86
70 87
70 88
70 91
70 92
70 93
70 97
71 75
71 77
71 82
71 84
71 93
71 94
71 98
72 75
72 77
72 80
72 81
72 82
72 83
72 84
72 86
72 93
72 94
72 96
73 79
73 81
73 82
73 83
73 85
73 88
73 97
74 76
74 78
74 79
74 82
74 83
74 87
74 88
74 92
74 94
74 96
74 97
74 99
75 78
75 81
75 82
75 89
75 90
75 92
75 94
75 97
75 99
76 79
76 84
76 85
76 91
76 92
76 93
76 99
77 79
77 82
77 84
77 87
77 88
77 90
77 96
78 89
78 91
78 94
78 95
78 99
79 90
79 91
79 93
80 82
80 85
80 89
80 92
80 95
80 99
81 82
81 83
81 84
81 88
81 89
81 90
81 91
81 98
82 86
82 92
82 94
83 87
83 92
83 94
83 95
83 97
84 86
84 90
84 94
85 86
85 92
85 95
86 90
86 94
86 96
86 97
87 91
87 94
87 97
88 90
88 93
88 94
88 97
89 93
89 96
91 95
92 98
95 99
96 99
