175 7593
0 5
0 9
0 10
0 11
0 13
0 14
0 15
0 16
0 17
0 19
0 21
0 22
0 25
0 30
0 33
0 35
0 39
0 41
0 42
0 43
0 47
0 48
0 49
0 50
0 55
0 57
0 60
0 62
0 65
0 68
0 70
0 71
0 72
0 73
0 75
0 78
0 80
0 83
0 86
0 88
0 90
0 91
0 92
0 93
0 94
0 99
0 100
0 101
0 102
0 104
0 109
0 110
0 111
0 112
0 114
0 122
0 123
0 125
0 130
0 131
0 132
0 133
0 134
0 135
0 136
0 137
0 139
0 141
0 142
0 143
0 144
0 145
0 148
0 149
0 150
0 151
0 152
0 153
0 155
0 156
0 158
0 160
0 162
0 163
0 164
0 165
0 166
0 168
0 169
0 170
1 3
1 4
1 7
1 13
1 14
1 15
1 16
1 19
1 20
1 23
1 24
1 25
1 26
1 27
1 28
1 29
1 32
1 33
1 36
1 38
1 39
1 46
1 48
1 54
1 55
1 56
1 57
1 60
1 61
1 63
1 69
1 70
1 71
1 72
1 73
1 77
1 79
1 82
1 85
1 86
1 87
1 90
1 91
1 92
1 94
1 95
1 97
1 101
1 107
1 109
1 110
1 112
1 114
1 115
1 116
1 118
1 120
1 121
1 122
1 126
1 127
1 128
1 129
1 135
1 136
1 137
1 138
1 139
1 140
1 143
1 148
1 151
1 154
1 155
1 159
1 160
1 163
1 164
1 165
1 166
1 169
1 170
1 172
1 173
1 174
2 3
2 5
2 6
2 7
2 9
2 11
2 13
2 14
2 15
2 17
2 19
2 20
2 22
2 23
2 24
2 27
2 29
2 31
2 35
2 39
2 43
2 45
2 51
2 52
2 54
2 55
2 57
2 63
2 65
2 66
2 67
2 70
2 71
2 72
2 78
2 82
2 83
2 84
2 85
2 87
2 88
2 89
2 91
2 92
2 94
2 95
2 96
2 97
2 98
2 104
2 105
2 107
2 110
2 111
2 112
2 116
2 119
2 121
2 122
2 123
2 124
2 126
2 128
2 129
2 131
2 132
2 134
2 135
2 136
2 140
2 142
2 143
2 144
2 148
2 150
2 152
2 154
2 157
2 158
2 162
2 163
2 165
2 167
2 169
2 171
2 172
3 4
3 6
3 7
3 16
3 20
3 23
3 24
3 25
3 26
3 29
3 31
3 33
3 34
3 35
3 37
3 41
3 42
3 43
3 45
3 48
3 49
3 50
3 53
3 54
3 57
3 58
3 61
3 62
3 63
3 64
3 65
3 67
3 69
3 72
3 73
3 74
3 75
3 78
3 80
3 82
3 83
3 84
3 90
3 93
3 94
3 95
3 98
3 100
3 101
3 103
3 106
3 108
3 113
3 114
3 115
3 119
3 121
3 122
3 125
3 126
3 130
3 131
3 132
3 134
3 135
3 136
3 141
3 143
3 145
3 146
3 148
3 149
3 152
3 153
3 154
3 156
3 157
3 158
3 159
3 161
3 164
3 165
3 167
3 168
3 174
4 5
4 6
4 7
4 8
4 9
4 10
4 11
4 12
4 16
4 17
4 18
4 21
4 26
4 28
4 31
4 32
4 35
4 38
4 43
4 44
4 45
4 46
4 49
4 50
4 51
4 52
4 53
4 55
4 56
4 58
4 60
4 62
4 65
4 69
4 74
4 75
4 79
4 80
4 83
4 84
4 86
4 88
4 92
4 93
4 95
4 97
4 101
4 102
4 108
4 111
4 112
4 113
4 114
4 115
4 116
4 118
4 120
4 121
4 122
4 123
4 124
4 125
4 126
4 129
4 132
4 133
4 135
4 136
4 137
4 140
4 145
4 146
4 147
4 148
4 149
4 150
4 151
4 154
4 155
4 157
4 163
4 164
4 166
4 168
4 173
5 6
5 8
5 12
5 13
5 15
5 20
5 21
5 23
5 24
5 25
5 28
5 29
5 31
5 32
5 33
5 34
5 35
5 39
5 43
5 44
5 45
5 46
5 49
5 50
5 52
5 53
5 55
5 57
5 58
5 59
5 60
5 61
5 62
5 64
5 67
5 71
5 72
5 73
5 75
5 76
5 77
5 78
5 79
5 80
5 82
5 84
5 86
5 88
5 89
5 90
5 91
5 94
5 97
5 98
5 100
5 102
5 104
5 111
5 113
5 119
5 122
5 123
5 126
5 127
5 128
5 130
5 131
5 135
5 136
5 138
5 140
5 144
5 146
5 147
5 149
5 150
5 152
5 153
5 157
5 158
5 163
5 164
5 165
5 169
5 171
5 174
6 7
6 10
6 11
6 12
6 16
6 17
6 20
6 23
6 27
6 29
6 32
6 35
6 36
6 37
6 40
6 41
6 42
6 45
6 47
6 49
6 50
6 52
6 54
6 57
6 60
6 61
6 63
6 64
6 68
6 72
6 73
6 74
6 77
6 79
6 81
6 83
6 84
6 85
6 86
6 87
6 88
6 90
6 91
6 92
6 93
6 95
6 96
6 97
6 103
6 104
6 105
6 107
6 110
6 118
6 120
6 121
6 122
6 123
6 126
6 127
6 131
6 133
6 135
6 141
6 142
6 145
6 146
6 147
6 151
6 154
6 156
6 157
6 158
6 160
6 161
6 162
6 163
6 171
6 172
7 8
7 9
7 15
7 17
7 19
7 20
7 22
7 24
7 26
7 29
7 30
7 31
7 33
7 34
7 35
7 37
7 39
7 41
7 42
7 43
7 45
7 46
7 48
7 50
7 52
7 54
7 56
7 57
7 60
7 61
7 64
7 72
7 73
7 75
7 77
7 80
7 81
7 85
7 86
7 88
7 89
7 90
7 91
7 94
7 95
7 97
7 100
7 102
7 103
7 104
7 105
7 109
7 110
7 112
7 113
7 115
7 118
7 119
7 122
7 124
7 127
7 128
7 129
7 130
7 131
7 133
7 134
7 135
7 138
7 142
7 143
7 145
7 146
7 148
7 150
7 156
7 157
7 158
7 159
7 160
7 164
7 165
7 166
7 167
7 170
7 171
7 172
8 9
8 10
8 11
8 12
8 15
8 16
8 17
8 18
8 21
8 24
8 25
8 26
8 27
8 29
8 30
8 31
8 32
8 33
8 34
8 38
8 40
8 41
8 42
8 44
8 45
8 47
8 49
8 51
8 52
8 53
8 56
8 57
8 58
8 60
8 61
8 62
8 63
8 65
8 70
8 71
8 75
8 76
8 77
8 82
8 83
8 84
8 85
8 89
8 93
8 94
8 104
8 105
8 108
8 111
8 112
8 114
8 115
8 116
8 118
8 120
8 122
8 123
8 124
8 129
8 130
8 131
8 132
8 133
8 134
8 135
8 136
8 138
8 144
8 145
8 151
8 152
8 153
8 155
8 156
8 159
8 161
8 165
8 166
8 172
8 173
9 14
9 16
9 17
9 18
9 19
9 21
9 25
9 27
9 28
9 29
9 30
9 31
9 33
9 35
9 37
9 39
9 41
9 43
9 45
9 51
9 52
9 53
9 54
9 57
9 61
9 65
9 67
9 68
9 71
9 74
9 76
9 78
9 81
9 83
9 84
9 85
9 86
9 87
9 89
9 91
9 92
9 94
9 95
9 96
9 102
9 103
9 105
9 108
9 109
9 110
9 111
9 112
9 113
9 114
9 118
9 124
9 130
9 134
9 137
9 139
9 142
9 143
9 144
9 152
9 153
9 155
9 156
9 157
9 161
9 162
9 164
9 165
9 167
9 168
9 170
9 171
9 172
9 173
10 13
10 14
10 16
10 17
10 18
10 21
10 25
10 27
10 28
10 29
10 31
10 32
10 34
10 35
10 37
10 38
10 47
10 50
10 51
10 55
10 57
10 59
10 60
10 61
10 63
10 64
10 68
10 69
10 70
10 72
10 73
10 74
10 75
10 76
10 77
10 79
10 81
10 84
10 85
10 86
10 87
10 89
10 90
10 91
10 93
10 94
10 96
10 97
10 98
10 99
10 101
10 103
10 105
10 110
10 112
10 114
10 115
10 118
10 119
10 123
10 124
10 126
10 127
10 128
10 131
10 132
10 133
10 134
10 135
10 136
10 142
10 144
10 145
10 148
10 149
10 150
10 151
10 152
10 154
10 155
10 156
10 157
10 158
10 161
10 163
10 164
10 167
10 170
10 172
11 12
11 14
11 15
11 17
11 19
11 25
11 27
11 28
11 30
11 32
11 34
11 37
11 38
11 39
11 41
11 42
11 44
11 45
11 47
11 49
11 52
11 57
11 60
11 64
11 65
11 67
11 69
11 71
11 73
11 74
11 75
11 77
11 80
11 89
11 92
11 97
11 99
11 100
11 102
11 104
11 108
11 109
11 110
11 112
11 116
11 117
11 119
11 120
11 123
11 124
11 125
11 126
11 128
11 132
11 133
11 134
11 135
11 136
11 137
11 138
11 141
11 142
11 143
11 144
11 145
11 151
11 152
11 153
11 157
11 158
11 164
11 165
11 166
11 167
11 168
11 171
11 172
11 173
11 174
12 14
12 15
12 20
12 21
12 23
12 24
12 25
12 27
12 28
12 29
12 32
12 34
12 35
12 37
12 39
12 40
12 43
12 44
12 49
12 50
12 51
12 54
12 57
12 59
12 60
12 61
12 63
12 64
12 66
12 68
12 70
12 73
12 74
12 75
12 76
12 78
12 81
12 82
12 83
12 85
12 86
12 87
12 89
12 90
12 91
12 92
12 93
12 96
12 98
12 99
12 100
12 101
12 102
12 103
12 106
12 107
12 109
12 111
12 117
12 118
12 121
12 126
12 128
12 131
12 133
12 137
12 139
12 140
12 141
12 142
12 143
12 145
12 147
12 148
12 149
12 151
12 152
12 154
12 156
12 159
12 163
12 169
12 172
13 14
13 16
13 22
13 23
13 24
13 25
13 27
13 30
13 31
13 32
13 33
13 34
13 36
13 37
13 41
13 44
13 45
13 51
13 53
13 60
13 61
13 64
13 67
13 72
13 73
13 75
13 76
13 79
13 80
13 81
13 82
13 85
13 90
13 92
13 95
13 96
13 97
13 98
13 99
13 100
13 101
13 103
13 104
13 105
13 106
13 108
13 111
13 112
13 117
13 120
13 121
13 122
13 123
13 124
13 132
13 136
13 139
13 143
13 144
13 145
13 147
13 149
13 153
13 154
13 156
13 159
13 160
13 161
13 162
13 163
13 164
13 165
13 169
13 170
13 171
13 172
14 15
14 16
14 20
14 21
14 22
14 28
14 30
14 32
14 33
14 34
14 35
14 37
14 39
14 43
14 47
14 49
14 52
14 53
14 54
14 55
14 57
14 58
14 61
14 62
14 63
14 69
14 70
14 72
14 75
14 79
14 81
14 84
14 87
14 95
14 96
14 97
14 98
14 99
14 105
14 106
14 110
14 111
14 113
14 114
14 117
14 120
14 121
14 122
14 123
14 125
14 126
14 129
14 130
14 132
14 133
14 134
14 135
14 136
14 137
14 139
14 140
14 141
14 144
14 146
14 148
14 151
14 153
14 154
14 156
14 157
14 158
14 160
14 163
14 164
14 166
14 167
14 168
14 172
14 173
14 174
15 16
15 18
15 19
15 20
15 22
15 27
15 28
15 29
15 30
15 32
15 39
15 41
15 46
15 48
15 54
15 58
15 59
15 62
15 63
15 65
15 67
15 69
15 70
15 72
15 75
15 77
15 79
15 88
15 90
15 93
15 94
15 95
15 101
15 103
15 105
15 106
15 107
15 108
15 112
15 113
15 114
15 116
15 120
15 121
15 122
15 123
15 125
15 127
15 129
15 131
15 132
15 139
15 141
15 142
15 146
15 148
15 149
15 150
15 151
15 152
15 155
15 156
15 157
15 158
15 159
15 163
15 169
15 171
15 173
16 17
16 18
16 23
16 24
16 25
16 26
16 28
16 30
16 32
16 33
16 36
16 37
16 41
16 44
16 47
16 49
16 52
16 53
16 55
16 56
16 58
16 63
16 64
16 66
16 69
16 70
16 72
16 73
16 74
16 79
16 80
16 82
16 83
16 85
16 86
16 88
16 90
16 91
16 92
16 96
16 98
16 99
16 100
16 102
16 103
16 105
16 107
16 110
16 112
16 113
16 115
16 117
16 119
16 121
16 122
16 123
16 126
16 127
16 128
16 130
16 131
16 132
16 133
16 137
16 138
16 139
16 147
16 148
16 149
16 150
16 151
16 152
16 155
16 156
16 157
16 158
16 160
16 161
16 163
16 165
16 166
16 168
16 169
16 172
16 174
17 18
17 19
17 20
17 21
17 22
17 23
17 24
17 29
17 30
17 32
17 35
17 38
17 39
17 40
17 41
17 43
17 44
17 45
17 46
17 47
17 49
17 53
17 54
17 55
17 58
17 60
17 64
17 66
17 67
17 69
17 70
17 71
17 75
17 77
17 78
17 80
17 82
17 83
17 85
17 87
17 88
17 89
17 95
17 98
17 100
17 102
17 105
17 109
17 111
17 112
17 113
17 114
17 115
17 117
17 119
17 121
17 123
17 124
17 126
17 127
17 129
17 130
17 135
17 140
17 144
17 146
17 147
17 153
17 155
17 157
17 159
17 160
17 162
17 163
17 165
17 168
17 169
17 171
17 173
18 19
18 20
18 22
18 24
18 25
18 26
18 27
18 30
18 33
18 35
18 36
18 43
18 45
18 47
18 49
18 50
18 53
18 55
18 57
18 58
18 60
18 61
18 62
18 65
18 66
18 68
18 70
18 76
18 78
18 79
18 82
18 85
18 88
18 90
18 93
18 95
18 98
18 99
18 100
18 102
18 105
18 106
18 107
18 108
18 109
18 110
18 111
18 112
18 114
18 115
18 116
18 117
18 123
18 124
18 125
18 126
18 128
18 129
18 130
18 131
18 132
18 136
18 139
18 140
18 141
18 143
18 147
18 148
18 150
18 153
18 154
18 155
18 158
18 160
18 167
18 170
18 171
19 21
19 23
19 24
19 25
19 28
19 30
19 33
19 34
19 35
19 36
19 37
19 38
19 40
19 43
19 45
19 46
19 47
19 57
19 59
19 60
19 61
19 64
19 65
19 66
19 67
19 70
19 72
19 75
19 76
19 77
19 78
19 80
19 88
19 92
19 93
19 99
19 100
19 104
19 106
19 109
19 110
19 111
19 112
19 114
19 115
19 117
19 119
19 120
19 121
19 124
19 127
19 131
19 132
19 133
19 134
19 136
19 138
19 140
19 147
19 148
19 149
19 150
19 151
19 155
19 159
19 161
19 162
19 165
19 168
19 171
20 24
20 26
20 27
20 30
20 32
20 33
20 34
20 35
20 36
20 39
20 40
20 41
20 44
20 45
20 46
20 47
20 50
20 55
20 57
20 58
20 59
20 61
20 64
20 68
20 69
20 70
20 72
20 74
20 76
20 78
20 79
20 81
20 84
20 87
20 89
20 91
20 92
20 93
20 94
20 95
20 96
20 97
20 98
20 101
20 104
20 105
20 108
20 109
20 111
20 112
20 113
20 114
20 116
20 119
20 120
20 121
20 123
20 133
20 134
20 135
20 136
20 138
20 140
20 141
20 142
20 146
20 152
20 153
20 154
20 156
20 158
20 160
20 163
20 164
20 166
20 167
20 168
20 170
21 23
21 24
21 25
21 31
21 32
21 38
21 40
21 41
21 45
21 46
21 49
21 50
21 54
21 57
21 58
21 60
21 61
21 62
21 63
21 64
21 65
21 66
21 70
21 72
21 74
21 75
21 77
21 78
21 79
21 84
21 85
21 86
21 87
21 88
21 90
21 92
21 94
21 95
21 96
21 99
21 100
21 104
21 109
21 110
21 111
21 112
21 114
21 115
21 119
21 121
21 122
21 125
21 126
21 128
21 131
21 132
21 133
21 135
21 136
21 141
21 143
21 145
21 147
21 149
21 151
21 152
21 154
21 155
21 156
21 157
21 159
21 160
21 161
21 165
21 166
21 167
21 171
21 172
21 173
22 24
22 25
22 26
22 30
22 31
22 35
22 37
22 38
22 41
22 43
22 44
22 46
22 47
22 48
22 51
22 55
22 58
22 63
22 65
22 66
22 67
22 69
22 72
22 75
22 77
22 78
22 79
22 81
22 82
22 84
22 85
22 86
22 87
22 88
22 90
22 93
22 94
22 95
22 96
22 97
22 102
22 103
22 106
22 112
22 113
22 114
22 115
22 117
22 118
22 122
22 123
22 124
22 128
22 129
22 133
22 135
22 138
22 139
22 140
22 142
22 143
22 144
22 147
22 148
22 149
22 150
22 152
22 155
22 158
22 161
22 162
22 163
22 164
22 167
22 170
22 172
22 173
22 174
23 24
23 25
23 26
23 29
23 31
23 33
23 34
23 36
23 37
23 38
23 39
23 40
23 43
23 44
23 47
23 52
23 53
23 54
23 57
23 58
23 59
23 61
23 65
23 66
23 67
23 70
23 71
23 72
23 74
23 75
23 76
23 80
23 81
23 85
23 86
23 88
23 92
23 94
23 98
23 99
23 100
23 101
23 102
23 103
23 104
23 106
23 110
23 111
23 112
23 115
23 117
23 118
23 120
23 122
23 123
23 125
23 127
23 130
23 133
23 134
23 136
23 138
23 140
23 142
23 144
23 145
23 147
23 148
23 150
23 151
23 152
23 153
23 154
23 155
23 159
23 160
23 162
23 165
23 168
23 169
23 170
23 171
23 174
24 25
24 26
24 28
24 30
24 32
24 34
24 35
24 36
24 38
24 40
24 41
24 43
24 44
24 45
24 46
24 47
24 49
24 50
24 51
24 53
24 54
24 58
24 60
24 63
24 64
24 65
24 67
24 68
24 73
24 74
24 77
24 78
24 79
24 80
24 81
24 83
24 84
24 86
24 88
24 89
24 91
24 93
24 94
24 95
24 96
24 97
24 98
24 100
24 102
24 104
24 112
24 113
24 114
24 119
24 125
24 126
24 129
24 130
24 131
24 132
24 134
24 136
24 138
24 141
24 142
24 143
24 144
24 151
24 152
24 155
24 157
24 160
24 162
24 163
24 166
24 167
24 169
24 170
24 172
25 28
25 29
25 31
25 32
25 33
25 41
25 44
25 49
25 50
25 52
25 53
25 56
25 59
25 60
25 64
25 67
25 68
25 74
25 75
25 76
25 77
25 79
25 81
25 85
25 86
25 88
25 89
25 92
25 93
25 94
25 96
25 99
25 103
25 108
25 109
25 110
25 111
25 112
25 113
25 114
25 115
25 116
25 118
25 120
25 121
25 123
25 125
25 126
25 128
25 130
25 134
25 136
25 138
25 140
25 142
25 143
25 144
25 145
25 146
25 147
25 151
25 152
25 154
25 155
25 158
25 159
25 161
25 164
25 165
25 166
25 168
25 170
25 172
25 174
26 27
26 28
26 32
26 33
26 34
26 35
26 37
26 38
26 40
26 42
26 44
26 46
26 48
26 49
26 50
26 51
26 52
26 53
26 59
26 61
26 64
26 65
26 67
26 68
26 69
26 72
26 73
26 76
26 78
26 81
26 84
26 85
26 86
26 87
26 89
26 90
26 95
26 96
26 100
26 101
26 103
26 104
26 105
26 107
26 115
26 116
26 117
26 119
26 120
26 125
26 126
26 127
26 128
26 129
26 134
26 137
26 138
26 139
26 143
26 144
26 145
26 146
26 149
26 150
26 153
26 155
26 156
26 157
26 158
26 161
26 163
26 164
26 165
26 168
26 169
26 171
26 172
26 174
27 28
27 29
27 30
27 32
27 34
27 37
27 38
27 41
27 42
27 43
27 45
27 46
27 48
27 50
27 52
27 53
27 54
27 55
27 57
27 59
27 61
27 62
27 63
27 64
27 70
27 72
27 73
27 75
27 79
27 81
27 83
27 84
27 89
27 90
27 92
27 94
27 95
27 96
27 97
27 99
27 101
27 104
27 108
27 109
27 110
27 114
27 117
27 118
27 122
27 123
27 125
27 130
27 134
27 136
27 137
27 139
27 140
27 142
27 146
27 147
27 148
27 149
27 151
27 152
27 153
27 154
27 159
27 161
27 163
27 164
27 171
27 172
27 173
27 174
28 29
28 30
28 32
28 34
28 35
28 41
28 42
28 43
28 44
28 45
28 47
28 48
28 49
28 51
28 52
28 54
28 55
28 56
28 57
28 59
28 60
28 66
28 67
28 68
28 69
28 70
28 71
28 72
28 73
28 75
28 77
28 85
28 86
28 87
28 88
28 89
28 96
28 99
28 102
28 103
28 104
28 108
28 109
28 110
28 111
28 112
28 113
28 114
28 118
28 121
28 122
28 125
28 126
28 130
28 131
28 132
28 133
28 142
28 148
28 149
28 151
28 152
28 157
28 158
28 160
28 161
28 163
28 164
28 173
28 174
29 30
29 31
29 33
29 34
29 35
29 37
29 38
29 40
29 43
29 44
29 45
29 47
29 50
29 51
29 53
29 55
29 57
29 58
29 59
29 61
29 64
29 65
29 66
29 69
29 70
29 71
29 72
29 78
29 81
29 83
29 84
29 85
29 86
29 87
29 88
29 89
29 92
29 93
29 94
29 97
29 98
29 99
29 105
29 109
29 110
29 111
29 114
29 120
29 122
29 123
29 124
29 130
29 135
29 138
29 139
29 142
29 146
29 147
29 149
29 150
29 153
29 154
29 155
29 156
29 157
29 160
29 161
29 162
29 166
29 168
29 170
29 171
29 173
29 174
30 31
30 33
30 35
30 38
30 39
30 41
30 43
30 45
30 46
30 47
30 48
30 49
30 50
30 51
30 53
30 54
30 55
30 58
30 60
30 62
30 64
30 66
30 67
30 68
30 69
30 75
30 77
30 79
30 81
30 83
30 84
30 86
30 88
30 89
30 90
30 91
30 94
30 95
30 97
30 100
30 102
30 103
30 106
30 107
30 108
30 111
30 114
30 115
30 118
30 119
30 120
30 121
30 122
30 123
30 128
30 130
30 133
30 134
30 135
30 137
30 139
30 140
30 143
30 144
30 148
30 149
30 150
30 152
30 153
30 155
30 163
30 168
30 169
30 170
30 171
30 172
31 32
31 37
31 38
31 45
31 47
31 48
31 49
31 51
31 54
31 58
31 61
31 62
31 64
31 65
31 67
31 69
31 71
31 72
31 73
31 75
31 78
31 82
31 84
31 88
31 90
31 92
31 98
31 99
31 101
31 103
31 104
31 105
31 108
31 112
31 113
31 116
31 117
31 118
31 121
31 122
31 123
31 125
31 131
31 132
31 137
31 139
31 140
31 142
31 143
31 144
31 146
31 147
31 154
31 157
31 159
31 160
31 162
31 163
31 169
31 172
31 173
32 33
32 34
32 35
32 36
32 39
32 40
32 41
32 44
32 46
32 50
32 52
32 53
32 54
32 55
32 57
32 60
32 61
32 62
32 63
32 64
32 65
32 66
32 69
32 70
32 72
32 77
32 79
32 80
32 81
32 88
32 89
32 90
32 91
32 92
32 93
32 94
32 96
32 102
32 104
32 105
32 106
32 107
32 109
32 110
32 113
32 114
32 115
32 116
32 117
32 121
32 122
32 125
32 126
32 128
32 132
32 134
32 136
32 138
32 139
32 146
32 148
32 150
32 151
32 153
32 155
32 156
32 157
32 158
32 160
32 162
32 163
32 164
32 170
33 37
33 38
33 39
33 40
33 42
33 44
33 45
33 46
33 48
33 49
33 50
33 51
33 54
33 55
33 57
33 59
33 60
33 61
33 62
33 63
33 70
33 71
33 72
33 77
33 78
33 80
33 82
33 83
33 92
33 93
33 94
33 98
33 99
33 101
33 102
33 103
33 105
33 106
33 109
33 111
33 112
33 113
33 114
33 118
33 120
33 123
33 124
33 126
33 131
33 132
33 133
33 134
33 136
33 137
33 138
33 139
33 144
33 145
33 150
33 153
33 154
33 156
33 157
33 162
33 165
33 166
33 170
33 174
34 35
34 38
34 44
34 47
34 48
34 50
34 51
34 55
34 56
34 57
34 58
34 61
34 62
34 64
34 66
34 70
34 71
34 72
34 73
34 75
34 76
34 77
34 81
34 82
34 86
34 87
34 88
34 89
34 90
34 94
34 95
34 98
34 99
34 105
34 106
34 108
34 109
34 110
34 114
34 116
34 119
34 120
34 122
34 123
34 125
34 126
34 127
34 128
34 130
34 131
34 134
34 135
34 136
34 137
34 139
34 140
34 143
34 144
34 145
34 146
34 151
34 154
34 155
34 161
34 165
34 167
34 169
34 170
34 171
34 174
35 36
35 37
35 41
35 46
35 47
35 48
35 51
35 54
35 55
35 57
35 59
35 62
35 63
35 64
35 68
35 70
35 72
35 73
35 75
35 77
35 82
35 85
35 87
35 94
35 97
35 98
35 99
35 105
35 107
35 108
35 111
35 113
35 115
35 119
35 121
35 123
35 127
35 130
35 133
35 134
35 136
35 137
35 138
35 142
35 143
35 144
35 148
35 149
35 150
35 153
35 155
35 157
35 158
35 160
35 161
35 162
35 163
35 165
35 166
35 168
35 169
35 171
35 174
36 38
36 40
36 41
36 45
36 46
36 49
36 50
36 51
36 52
36 53
36 54
36 56
36 57
36 58
36 60
36 61
36 62
36 64
36 66
36 68
36 69
36 70
36 72
36 73
36 76
36 83
36 84
36 85
36 87
36 88
36 96
36 97
36 98
36 99
36 101
36 104
36 107
36 109
36 110
36 113
36 116
36 118
36 119
36 120
36 121
36 125
36 126
36 128
36 130
36 132
36 133
36 134
36 136
36 139
36 141
36 142
36 145
36 146
36 148
36 149
36 150
36 151
36 155
36 158
36 160
36 161
36 167
36 168
36 169
36 170
36 172
36 173
37 42
37 48
37 51
37 54
37 55
37 56
37 57
37 58
37 59
37 62
37 63
37 67
37 68
37 69
37 73
37 77
37 78
37 81
37 85
37 87
37 89
37 90
37 92
37 96
37 97
37 99
37 100
37 102
37 104
37 108
37 109
37 112
37 113
37 115
37 118
37 119
37 122
37 123
37 125
37 126
37 130
37 131
37 134
37 135
37 136
37 139
37 145
37 146
37 147
37 148
37 150
37 151
37 152
37 153
37 154
37 155
37 156
37 158
37 159
37 161
37 164
37 166
37 169
37 172
37 174
38 39
38 42
38 44
38 47
38 49
38 50
38 51
38 54
38 57
38 58
38 59
38 60
38 63
38 64
38 65
38 66
38 67
38 68
38 69
38 71
38 72
38 73
38 77
38 80
38 84
38 85
38 88
38 89
38 90
38 92
38 93
38 95
38 96
38 98
38 100
38 104
38 105
38 111
38 112
38 113
38 114
38 118
38 119
38 121
38 124
38 128
38 130
38 131
38 132
38 133
38 134
38 135
38 138
38 139
38 140
38 141
38 143
38 144
38 145
38 147
38 149
38 150
38 151
38 152
38 153
38 154
38 155
38 160
38 162
38 163
38 166
38 169
38 171
38 172
39 41
39 44
39 45
39 47
39 48
39 49
39 53
39 54
39 68
39 70
39 72
39 75
39 77
39 79
39 82
39 85
39 87
39 88
39 91
39 94
39 99
39 101
39 102
39 106
39 107
39 108
39 109
39 114
39 116
39 118
39 120
39 121
39 123
39 124
39 128
39 131
39 137
39 138
39 139
39 140
39 143
39 146
39 147
39 148
39 149
39 150
39 155
39 156
39 157
39 160
39 163
39 164
39 165
39 169
39 170
39 173
39 174
40 44
40 45
40 47
40 48
40 49
40 53
40 56
40 59
40 62
40 65
40 70
40 72
40 73
40 74
40 75
40 76
40 79
40 81
40 82
40 84
40 85
40 87
40 88
40 89
40 90
40 91
40 103
40 104
40 105
40 106
40 109
40 110
40 114
40 115
40 118
40 120
40 122
40 123
40 124
40 125
40 127
40 131
40 132
40 133
40 134
40 138
40 141
40 142
40 144
40 146
40 149
40 153
40 154
40 156
40 157
40 161
40 164
40 165
40 166
40 167
40 169
40 171
40 173
40 174
41 44
41 47
41 50
41 54
41 56
41 57
41 60
41 61
41 62
41 63
41 68
41 69
41 72
41 73
41 74
41 75
41 76
41 77
41 78
41 80
41 82
41 83
41 85
41 86
41 87
41 88
41 89
41 91
41 93
41 94
41 95
41 96
41 98
41 100
41 101
41 105
41 106
41 108
41 116
41 117
41 118
41 121
41 123
41 125
41 126
41 127
41 129
41 143
41 144
41 145
41 150
41 151
41 152
41 156
41 160
41 161
41 162
41 163
41 166
41 167
41 170
41 171
41 172
42 44
42 45
42 46
42 47
42 48
42 49
42 50
42 53
42 54
42 55
42 56
42 57
42 61
42 62
42 63
42 65
42 66
42 69
42 70
42 73
42 75
42 78
42 82
42 83
42 84
42 85
42 88
42 89
42 90
42 92
42 93
42 95
42 100
42 102
42 103
42 108
42 111
42 113
42 114
42 115
42 118
42 121
42 122
42 123
42 128
42 130
42 131
42 134
42 135
42 137
42 138
42 139
42 140
42 142
42 143
42 144
42 145
42 148
42 151
42 154
42 155
42 157
42 159
42 161
42 163
42 164
42 166
42 167
42 168
42 172
43 44
43 45
43 47
43 48
43 51
43 59
43 60
43 61
43 65
43 68
43 70
43 71
43 74
43 77
43 78
43 80
43 81
43 83
43 84
43 86
43 88
43 90
43 93
43 95
43 99
43 102
43 105
43 107
43 110
43 111
43 112
43 113
43 120
43 121
43 123
43 124
43 129
43 130
43 133
43 134
43 135
43 136
43 137
43 139
43 140
43 142
43 143
43 145
43 146
43 147
43 148
43 154
43 156
43 157
43 158
43 159
43 161
43 163
43 164
43 166
43 167
43 169
43 172
43 173
44 45
44 47
44 49
44 54
44 56
44 57
44 58
44 61
44 62
44 64
44 65
44 67
44 69
44 70
44 71
44 72
44 74
44 75
44 76
44 78
44 79
44 80
44 82
44 83
44 85
44 86
44 87
44 90
44 94
44 97
44 101
44 104
44 108
44 109
44 110
44 113
44 114
44 115
44 116
44 117
44 119
44 122
44 123
44 124
44 126
44 128
44 130
44 131
44 132
44 134
44 136
44 139
44 141
44 143
44 144
44 146
44 147
44 151
44 155
44 156
44 157
44 162
44 167
44 168
44 169
44 172
44 173
44 174
45 49
45 52
45 53
45 55
45 58
45 59
45 60
45 63
45 64
45 66
45 67
45 70
45 71
45 73
45 75
45 76
45 79
45 80
45 83
45 84
45 85
45 87
45 89
45 90
45 91
45 92
45 95
45 96
45 97
45 101
45 104
45 106
45 107
45 116
45 117
45 119
45 120
45 122
45 124
45 127
45 128
45 129
45 130
45 131
45 134
45 136
45 138
45 140
45 143
45 147
45 148
45 149
45 150
45 152
45 153
45 154
45 155
45 156
45 159
45 163
45 164
45 166
45 169
45 170
45 173
45 174
46 48
46 49
46 53
46 56
46 59
46 60
46 62
46 63
46 66
46 67
46 68
46 69
46 71
46 73
46 75
46 81
46 82
46 85
46 86
46 87
46 89
46 92
46 94
46 95
46 96
46 97
46 99
46 100
46 101
46 106
46 108
46 111
46 118
46 123
46 124
46 126
46 127
46 128
46 130
46 131
46 135
46 137
46 139
46 140
46 142
46 145
46 148
46 149
46 150
46 153
46 154
46 160
46 164
46 166
46 167
46 170
46 172
46 173
47 48
47 49
47 55
47 56
47 57
47 58
47 60
47 61
47 62
47 63
47 72
47 73
47 74
47 75
47 76
47 78
47 80
47 81
47 83
47 85
47 87
47 89
47 95
47 98
47 99
47 101
47 104
47 105
47 107
47 109
47 111
47 112
47 113
47 115
47 116
47 117
47 118
47 119
47 125
47 128
47 129
47 132
47 144
47 146
47 149
47 151
47 152
47 153
47 154
47 155
47 162
47 166
47 168
47 169
47 170
47 171
47 173
48 51
48 52
48 53
48 54
48 57
48 60
48 65
48 67
48 68
48 69
48 70
48 71
48 72
48 74
48 77
48 78
48 81
48 82
48 83
48 85
48 86
48 87
48 89
48 92
48 93
48 94
48 96
48 101
48 102
48 103
48 105
48 106
48 107
48 109
48 110
48 112
48 113
48 114
48 115
48 116
48 119
48 122
48 123
48 126
48 127
48 128
48 129
48 131
48 135
48 137
48 138
48 145
48 147
48 149
48 152
48 153
48 158
48 159
48 161
48 162
48 163
48 164
48 165
48 167
48 168
48 170
48 174
49 51
49 52
49 54
49 55
49 56
49 57
49 59
49 60
49 61
49 62
49 63
49 64
49 67
49 68
49 69
49 70
49 72
49 73
49 77
49 79
49 81
49 82
49 83
49 84
49 91
49 94
49 95
49 96
49 99
49 101
49 105
49 107
49 109
49 111
49 115
49 116
49 117
49 118
49 120
49 122
49 125
49 126
49 127
49 131
49 132
49 139
49 140
49 142
49 143
49 147
49 150
49 151
49 154
49 158
49 160
49 164
49 165
49 168
49 172
49 174
50 51
50 54
50 56
50 58
50 59
50 62
50 64
50 65
50 66
50 68
50 70
50 72
50 73
50 76
50 78
50 80
50 81
50 82
50 84
50 85
50 88
50 90
50 91
50 93
50 94
50 95
50 96
50 97
50 101
50 103
50 104
50 105
50 106
50 107
50 109
50 114
50 115
50 117
50 119
50 120
50 121
50 122
50 123
50 124
50 126
50 127
50 130
50 131
50 132
50 133
50 136
50 140
50 141
50 142
50 146
50 150
50 151
50 153
50 156
50 159
50 162
50 164
50 166
50 167
50 169
51 52
51 53
51 56
51 57
51 59
51 61
51 63
51 65
51 66
51 69
51 70
51 71
51 72
51 73
51 74
51 77
51 81
51 82
51 83
51 84
51 87
51 90
51 92
51 95
51 96
51 97
51 99
51 100
51 101
51 105
51 107
51 109
51 110
51 111
51 117
51 118
51 119
51 120
51 121
51 122
51 123
51 125
51 126
51 127
51 129
51 135
51 137
51 138
51 141
51 142
51 143
51 144
51 147
51 148
51 153
51 154
51 156
51 158
51 163
51 165
51 167
51 169
51 170
51 171
51 172
51 173
52 53
52 54
52 56
52 57
52 59
52 60
52 67
52 68
52 69
52 70
52 71
52 73
52 74
52 76
52 77
52 78
52 80
52 81
52 82
52 85
52 87
52 90
52 93
52 96
52 100
52 101
52 102
52 104
52 106
52 107
52 108
52 113
52 115
52 117
52 119
52 123
52 124
52 127
52 129
52 131
52 133
52 135
52 139
52 140
52 141
52 143
52 144
52 149
52 150
52 154
52 155
52 158
52 159
52 160
52 163
52 164
52 165
52 169
52 171
52 172
52 173
53 55
53 56
53 58
53 62
53 64
53 65
53 66
53 67
53 68
53 72
53 75
53 77
53 78
53 79
53 81
53 82
53 86
53 88
53 90
53 91
53 92
53 93
53 95
53 96
53 101
53 106
53 107
53 108
53 109
53 114
53 117
53 118
53 119
53 121
53 122
53 123
53 126
53 127
53 128
53 130
53 134
53 137
53 138
53 139
53 143
53 146
53 147
53 150
53 151
53 152
53 153
53 154
53 155
53 156
53 159
53 162
53 163
53 164
53 165
53 166
53 167
53 168
53 171
53 172
53 174
54 55
54 56
54 59
54 60
54 61
54 62
54 64
54 65
54 67
54 68
54 71
54 72
54 73
54 74
54 77
54 78
54 79
54 80
54 84
54 85
54 88
54 89
54 93
54 94
54 97
54 98
54 100
54 102
54 103
54 104
54 105
54 106
54 108
54 109
54 115
54 117
54 119
54 120
54 126
54 127
54 129
54 130
54 131
54 132
54 133
54 134
54 135
54 137
54 141
54 142
54 144
54 147
54 150
54 151
54 152
54 154
54 155
54 156
54 157
54 158
54 160
54 161
54 163
54 164
54 167
54 171
54 172
55 56
55 57
55 58
55 59
55 60
55 61
55 62
55 63
55 64
55 65
55 67
55 68
55 71
55 73
55 74
55 75
55 79
55 81
55 83
55 84
55 86
55 87
55 91
55 93
55 95
55 97
55 103
55 109
55 111
55 114
55 115
55 116
55 118
55 121
55 125
55 127
55 128
55 134
55 137
55 139
55 141
55 146
55 147
55 149
55 150
55 151
55 152
55 154
55 158
55 161
55 163
55 164
55 165
55 166
55 173
55 174
56 57
56 58
56 59
56 60
56 61
56 62
56 65
56 70
56 71
56 74
56 75
56 76
56 77
56 78
56 79
56 84
56 85
56 88
56 89
56 91
56 92
56 94
56 95
56 96
56 99
56 102
56 103
56 105
56 107
56 109
56 115
56 116
56 117
56 119
56 122
56 123
56 125
56 126
56 128
56 129
56 134
56 135
56 137
56 138
56 140
56 142
56 150
56 151
56 153
56 155
56 158
56 159
56 160
56 161
56 162
56 163
56 169
56 171
56 172
57 58
57 59
57 61
57 70
57 71
57 77
57 81
57 83
57 85
57 86
57 87
57 88
57 89
57 91
57 95
57 96
57 98
57 99
57 102
57 104
57 105
57 106
57 109
57 111
57 115
57 116
57 117
57 120
57 125
57 126
57 133
57 134
57 136
57 137
57 138
57 139
57 141
57 142
57 143
57 146
57 148
57 149
57 152
57 156
57 157
57 158
57 161
57 162
57 163
57 164
57 166
57 167
57 168
57 169
57 171
57 173
58 63
58 65
58 66
58 69
58 70
58 71
58 74
58 75
58 78
58 81
58 82
58 83
58 84
58 85
58 87
58 91
58 93
58 94
58 95
58 96
58 99
58 100
58 101
58 102
58 104
58 106
58 107
58 108
58 109
58 110
58 111
58 112
58 113
58 114
58 118
58 126
58 128
58 134
58 135
58 136
58 137
58 138
58 142
58 147
58 148
58 150
58 152
58 153
58 155
58 159
58 162
58 163
58 165
58 167
58 169
58 172
58 173
58 174
59 60
59 61
59 64
59 66
59 68
59 70
59 73
59 75
59 77
59 78
59 79
59 80
59 81
59 82
59 83
59 86
59 87
59 89
59 90
59 91
59 92
59 93
59 95
59 96
59 98
59 99
59 105
59 106
59 107
59 109
59 111
59 113
59 115
59 118
59 119
59 122
59 123
59 124
59 125
59 127
59 130
59 132
59 133
59 134
59 136
59 140
59 142
59 143
59 147
59 148
59 150
59 154
59 156
59 157
59 158
59 159
59 160
59 166
59 167
59 168
59 169
59 170
59 171
60 61
60 64
60 65
60 69
60 70
60 71
60 72
60 73
60 74
60 77
60 78
60 80
60 81
60 82
60 83
60 84
60 85
60 88
60 89
60 90
60 91
60 96
60 97
60 98
60 99
60 100
60 102
60 104
60 109
60 110
60 111
60 112
60 113
60 118
60 119
60 124
60 126
60 132
60 135
60 137
60 139
60 140
60 141
60 142
60 143
60 146
60 148
60 149
60 150
60 154
60 155
60 156
60 157
60 158
60 159
60 160
60 161
60 164
60 165
60 168
60 169
60 172
60 173
61 62
61 63
61 64
61 65
61 66
61 67
61 68
61 72
61 76
61 79
61 80
61 81
61 83
61 87
61 88
61 91
61 92
61 94
61 95
61 96
61 99
61 100
61 102
61 104
61 105
61 106
61 107
61 108
61 109
61 112
61 113
61 116
61 118
61 119
61 120
61 121
61 122
61 123
61 129
61 133
61 134
61 135
61 138
61 140
61 143
61 144
61 145
61 146
61 149
61 150
61 152
61 153
61 155
61 156
61 159
61 163
61 164
61 165
61 167
61 171
61 172
62 63
62 64
62 66
62 67
62 68
62 70
62 80
62 81
62 86
62 87
62 88
62 91
62 94
62 103
62 104
62 106
62 109
62 110
62 111
62 120
62 121
62 124
62 125
62 126
62 129
62 130
62 131
62 135
62 136
62 138
62 139
62 140
62 141
62 142
62 143
62 149
62 150
62 151
62 153
62 154
62 155
62 157
62 159
62 160
62 163
62 164
62 167
62 168
62 169
62 170
62 171
62 172
62 173
62 174
63 68
63 71
63 72
63 73
63 75
63 77
63 80
63 82
63 83
63 85
63 86
63 87
63 89
63 91
63 93
63 96
63 97
63 98
63 100
63 103
63 104
63 105
63 108
63 111
63 113
63 116
63 117
63 118
63 122
63 129
63 132
63 134
63 139
63 141
63 146
63 148
63 149
63 153
63 154
63 155
63 156
63 158
63 159
63 161
63 163
63 165
63 166
63 167
63 169
64 65
64 71
64 73
64 74
64 75
64 80
64 82
64 85
64 87
64 90
64 94
64 96
64 97
64 100
64 101
64 102
64 103
64 105
64 106
64 107
64 110
64 112
64 113
64 114
64 115
64 117
64 118
64 120
64 121
64 122
64 123
64 130
64 131
64 135
64 136
64 137
64 138
64 141
64 143
64 144
64 145
64 147
64 148
64 149
64 152
64 153
64 154
64 155
64 160
64 162
64 166
64 173
64 174
65 66
65 70
65 71
65 72
65 73
65 75
65 76
65 77
65 79
65 81
65 83
65 84
65 85
65 86
65 87
65 91
65 92
65 93
65 94
65 95
65 96
65 97
65 98
65 99
65 100
65 101
65 103
65 104
65 105
65 108
65 109
65 111
65 112
65 120
65 122
65 124
65 125
65 128
65 129
65 131
65 147
65 149
65 151
65 152
65 157
65 158
65 159
65 162
65 164
65 166
65 167
65 168
65 169
65 171
65 173
66 68
66 70
66 75
66 76
66 77
66 79
66 83
66 84
66 85
66 86
66 92
66 93
66 96
66 98
66 99
66 101
66 102
66 104
66 109
66 110
66 112
66 117
66 119
66 121
66 122
66 124
66 126
66 131
66 136
66 138
66 145
66 148
66 153
66 154
66 156
66 159
66 160
66 162
66 163
66 165
66 166
66 167
66 168
67 70
67 72
67 75
67 77
67 78
67 79
67 82
67 83
67 84
67 85
67 87
67 88
67 89
67 91
67 92
67 93
67 94
67 95
67 99
67 101
67 103
67 105
67 106
67 107
67 110
67 112
67 113
67 114
67 115
67 118
67 121
67 127
67 132
67 133
67 134
67 136
67 141
67 143
67 146
67 147
67 152
67 154
67 157
67 159
67 161
67 163
67 166
67 168
67 169
67 172
67 174
68 69
68 71
68 72
68 74
68 76
68 77
68 79
68 81
68 83
68 84
68 86
68 87
68 89
68 90
68 91
68 92
68 93
68 96
68 101
68 103
68 105
68 113
68 114
68 116
68 117
68 118
68 122
68 123
68 131
68 135
68 138
68 139
68 142
68 143
68 144
68 146
68 147
68 149
68 150
68 152
68 154
68 156
68 160
68 161
68 163
68 164
68 171
68 173
69 72
69 73
69 74
69 77
69 84
69 89
69 90
69 92
69 93
69 95
69 99
69 100
69 105
69 106
69 107
69 108
69 109
69 110
69 111
69 114
69 116
69 117
69 119
69 121
69 122
69 126
69 128
69 129
69 132
69 135
69 140
69 142
69 147
69 150
69 154
69 155
69 156
69 162
69 165
69 169
69 170
69 172
69 173
69 174
70 72
70 73
70 74
70 76
70 78
70 79
70 80
70 84
70 86
70 89
70 90
70 91
70 94
70 105
70 106
70 107
70 109
70 110
70 112
70 116
70 117
70 120
70 121
70 122
70 125
70 128
70 130
70 131
70 134
70 136
70 137
70 139
70 141
70 143
70 146
70 147
70 148
70 151
70 154
70 155
70 156
70 158
70 164
70 165
70 167
70 168
70 169
70 171
70 172
71 72
71 74
71 75
71 77
71 79
71 80
71 82
71 83
71 86
71 88
71 89
71 91
71 92
71 96
71 97
71 98
71 100
71 103
71 106
71 107
71 108
71 109
71 111
71 113
71 114
71 115
71 117
71 119
71 120
71 121
71 122
71 126
71 129
71 130
71 133
71 135
71 136
71 137
71 140
71 141
71 142
71 143
71 144
71 146
71 147
71 151
71 152
71 156
71 157
71 158
71 160
71 162
71 164
71 165
71 170
71 172
72 73
72 74
72 76
72 77
72 80
72 81
72 83
72 86
72 87
72 88
72 90
72 94
72 96
72 99
72 100
72 104
72 109
72 110
72 114
72 121
72 122
72 123
72 125
72 127
72 132
72 133
72 134
72 136
72 137
72 139
72 140
72 141
72 143
72 145
72 147
72 151
72 153
72 154
72 156
72 160
72 162
72 164
72 165
72 166
72 167
72 168
72 170
72 171
72 172
73 74
73 75
73 76
73 77
73 78
73 79
73 81
73 84
73 87
73 88
73 90
73 93
73 94
73 95
73 97
73 100
73 101
73 103
73 106
73 107
73 110
73 111
73 112
73 114
73 115
73 117
73 118
73 119
73 120
73 121
73 122
73 125
73 126
73 129
73 130
73 131
73 133
73 134
73 137
73 138
73 142
73 144
73 145
73 147
73 153
73 154
73 157
73 158
73 161
73 162
73 166
73 167
73 171
73 172
73 173
74 75
74 76
74 77
74 81
74 85
74 88
74 90
74 92
74 94
74 95
74 96
74 97
74 100
74 102
74 103
74 104
74 107
74 108
74 109
74 110
74 111
74 114
74 115
74 117
74 120
74 123
74 124
74 127
74 128
74 132
74 136
74 138
74 140
74 145
74 146
74 148
74 150
74 151
74 152
74 153
74 154
74 156
74 160
74 161
74 164
74 165
74 167
74 168
74 169
74 171
75 77
75 78
75 79
75 83
75 84
75 91
75 92
75 93
75 99
75 101
75 102
75 103
75 104
75 114
75 116
75 117
75 118
75 120
75 122
75 123
75 124
75 127
75 128
75 132
75 136
75 137
75 140
75 142
75 144
75 145
75 146
75 149
75 150
75 151
75 152
75 156
75 158
75 160
75 161
75 162
75 164
75 167
75 169
75 173
76 77
76 85
76 87
76 91
76 92
76 94
76 96
76 97
76 99
76 101
76 103
76 107
76 108
76 109
76 113
76 114
76 116
76 117
76 119
76 120
76 122
76 123
76 125
76 129
76 130
76 132
76 134
76 136
76 137
76 139
76 142
76 143
76 144
76 145
76 149
76 150
76 151
76 152
76 153
76 158
76 160
76 162
76 164
77 79
77 80
77 81
77 82
77 84
77 86
77 88
77 92
77 94
77 96
77 97
77 100
77 101
77 105
77 108
77 110
77 118
77 119
77 123
77 125
77 127
77 128
77 129
77 133
77 134
77 136
77 137
77 142
77 144
77 145
77 147
77 151
77 153
77 158
77 159
77 160
77 161
77 163
77 166
77 168
77 169
77 171
77 173
78 79
78 82
78 83
78 85
78 86
78 90
78 91
78 93
78 96
78 104
78 106
78 108
78 110
78 113
78 116
78 119
78 121
78 123
78 125
78 127
78 129
78 130
78 131
78 132
78 133
78 137
78 138
78 141
78 142
78 143
78 144
78 146
78 148
78 149
78 152
78 153
78 155
78 159
78 160
78 161
78 162
78 168
78 170
78 171
78 172
78 174
79 83
79 84
79 86
79 94
79 95
79 96
79 97
79 98
79 100
79 104
79 106
79 108
79 111
79 112
79 114
79 117
79 118
79 122
79 124
79 126
79 127
79 131
79 132
79 135
79 138
79 139
79 143
79 145
79 146
79 148
79 149
79 150
79 151
79 154
79 155
79 159
79 161
79 164
79 165
79 168
79 169
79 170
79 171
79 172
79 173
79 174
80 81
80 82
80 83
80 84
80 87
80 90
80 92
80 94
80 95
80 96
80 98
80 99
80 100
80 104
80 106
80 107
80 108
80 114
80 115
80 116
80 119
80 120
80 123
80 129
80 132
80 133
80 134
80 136
80 139
80 140
80 143
80 144
80 146
80 148
80 149
80 150
80 151
80 156
80 158
80 163
80 164
80 165
80 169
80 172
81 82
81 86
81 88
81 92
81 97
81 98
81 100
81 101
81 102
81 105
81 107
81 109
81 110
81 111
81 114
81 117
81 118
81 119
81 122
81 125
81 126
81 127
81 129
81 130
81 134
81 139
81 142
81 143
81 144
81 145
81 147
81 154
81 155
81 157
81 158
81 160
81 161
81 162
81 163
81 167
81 169
81 171
82 84
82 86
82 87
82 88
82 89
82 91
82 98
82 101
82 103
82 104
82 105
82 106
82 107
82 108
82 110
82 114
82 115
82 116
82 117
82 120
82 122
82 123
82 128
82 130
82 133
82 135
82 137
82 142
82 145
82 146
82 147
82 150
82 152
82 154
82 155
82 156
82 160
82 162
82 163
82 164
82 166
82 169
82 171
82 173
82 174
83 84
83 88
83 90
83 91
83 93
83 94
83 99
83 100
83 101
83 102
83 107
83 108
83 109
83 110
83 112
83 113
83 115
83 117
83 120
83 122
83 127
83 128
83 129
83 130
83 131
83 134
83 136
83 137
83 138
83 141
83 143
83 145
83 146
83 147
83 148
83 149
83 150
83 154
83 155
83 156
83 158
83 159
83 160
83 163
83 167
83 174
84 86
84 87
84 89
84 91
84 94
84 95
84 96
84 97
84 99
84 103
84 104
84 105
84 106
84 108
84 109
84 110
84 111
84 112
84 113
84 117
84 118
84 123
84 124
84 125
84 130
84 131
84 132
84 133
84 134
84 138
84 142
84 143
84 144
84 146
84 147
84 149
84 151
84 153
84 155
84 160
84 162
84 164
84 169
84 172
84 173
85 87
85 89
85 93
85 95
85 97
85 100
85 101
85 104
85 105
85 106
85 107
85 108
85 110
85 111
85 113
85 114
85 115
85 116
85 117
85 119
85 121
85 124
85 125
85 127
85 128
85 131
85 132
85 134
85 138
85 139
85 140
85 147
85 150
85 151
85 153
85 155
85 156
85 158
85 160
85 162
85 163
85 164
85 166
85 167
85 171
85 172
86 88
86 89
86 90
86 92
86 94
86 95
86 97
86 99
86 100
86 101
86 103
86 104
86 106
86 107
86 108
86 110
86 111
86 113
86 115
86 117
86 118
86 120
86 121
86 127
86 128
86 135
86 136
86 137
86 139
86 141
86 142
86 143
86 145
86 150
86 151
86 152
86 153
86 154
86 155
86 156
86 157
86 158
86 159
86 161
86 162
86 165
86 167
86 169
86 170
86 172
86 173
86 174
87 89
87 91
87 94
87 95
87 100
87 102
87 103
87 104
87 107
87 109
87 110
87 112
87 113
87 116
87 117
87 118
87 119
87 120
87 124
87 126
87 127
87 128
87 129
87 135
87 136
87 138
87 149
87 155
87 156
87 158
87 159
87 160
87 161
87 162
87 163
87 164
87 165
87 167
87 168
87 173
88 91
88 93
88 95
88 96
88 101
88 102
88 103
88 107
88 109
88 110
88 111
88 112
88 118
88 121
88 122
88 123
88 126
88 129
88 130
88 131
88 132
88 133
88 135
88 136
88 137
88 139
88 141
88 143
88 144
88 145
88 146
88 148
88 150
88 151
88 152
88 155
88 156
88 159
88 160
88 161
88 162
88 164
88 165
88 166
88 170
88 171
88 172
89 91
89 94
89 95
89 96
89 98
89 101
89 104
89 105
89 108
89 110
89 113
89 115
89 117
89 120
89 122
89 132
89 133
89 135
89 136
89 138
89 141
89 142
89 143
89 145
89 146
89 147
89 148
89 151
89 153
89 154
89 156
89 158
89 162
89 164
89 165
89 166
89 167
89 168
89 169
89 170
89 172
90 92
90 97
90 99
90 100
90 101
90 104
90 105
90 107
90 108
90 109
90 110
90 112
90 113
90 114
90 115
90 117
90 118
90 120
90 124
90 125
90 126
90 127
90 128
90 131
90 138
90 139
90 140
90 141
90 143
90 146
90 148
90 149
90 151
90 152
90 156
90 157
90 158
90 159
90 161
90 163
90 164
90 170
90 174
91 92
91 94
91 95
91 96
91 98
91 99
91 102
91 104
91 107
91 108
91 110
91 113
91 115
91 116
91 123
91 124
91 125
91 127
91 130
91 131
91 134
91 135
91 138
91 144
91 146
91 147
91 149
91 154
91 155
91 157
91 158
91 161
91 163
91 164
91 167
91 168
91 171
91 172
92 98
92 100
92 102
92 105
92 106
92 107
92 108
92 109
92 110
92 111
92 115
92 117
92 118
92 119
92 120
92 121
92 126
92 127
92 128
92 129
92 130
92 136
92 138
92 139
92 140
92 143
92 144
92 146
92 148
92 151
92 152
92 153
92 154
92 155
92 160
92 163
92 166
92 167
92 168
92 169
92 170
92 173
93 94
93 95
93 96
93 97
93 102
93 103
93 104
93 106
93 109
93 112
93 114
93 117
93 120
93 123
93 124
93 126
93 127
93 128
93 129
93 131
93 132
93 133
93 136
93 137
93 138
93 140
93 142
93 145
93 146
93 147
93 148
93 152
93 156
93 158
93 160
93 161
93 162
93 163
93 165
93 166
93 170
93 173
93 174
94 96
94 97
94 100
94 103
94 104
94 105
94 108
94 110
94 112
94 114
94 115
94 122
94 124
94 125
94 128
94 130
94 132
94 135
94 136
94 137
94 139
94 142
94 143
94 145
94 148
94 149
94 151
94 152
94 155
94 156
94 159
94 160
94 161
94 164
94 166
94 167
94 168
94 170
94 171
94 172
94 173
95 100
95 101
95 102
95 103
95 104
95 105
95 113
95 114
95 115
95 119
95 122
95 124
95 125
95 126
95 127
95 128
95 129
95 130
95 132
95 134
95 135
95 137
95 139
95 140
95 141
95 142
95 145
95 146
95 147
95 148
95 152
95 155
95 156
95 157
95 170
96 97
96 98
96 102
96 104
96 106
96 107
96 110
96 111
96 112
96 113
96 115
96 116
96 118
96 119
96 121
96 122
96 123
96 124
96 125
96 130
96 132
96 133
96 136
96 139
96 141
96 145
96 149
96 153
96 155
96 156
96 160
96 163
96 164
96 169
96 173
96 174
97 99
97 101
97 105
97 108
97 111
97 113
97 116
97 121
97 122
97 124
97 125
97 126
97 128
97 129
97 132
97 133
97 136
97 139
97 140
97 143
97 144
97 145
97 146
97 147
97 149
97 150
97 151
97 153
97 155
97 156
97 157
97 158
97 160
97 163
97 165
97 167
97 169
97 170
97 172
97 174
98 100
98 101
98 102
98 106
98 108
98 112
98 115
98 120
98 121
98 122
98 127
98 129
98 130
98 131
98 132
98 133
98 134
98 135
98 136
98 138
98 141
98 145
98 150
98 152
98 155
98 156
98 157
98 158
98 161
98 162
98 164
98 168
98 169
98 170
98 173
98 174
99 101
99 102
99 104
99 105
99 111
99 112
99 113
99 115
99 116
99 117
99 123
99 124
99 129
99 130
99 131
99 133
99 134
99 135
99 136
99 137
99 143
99 144
99 145
99 146
99 147
99 148
99 149
99 151
99 154
99 156
99 157
99 158
99 159
99 160
99 163
99 164
99 166
99 167
99 168
99 171
99 172
100 101
100 105
100 106
100 107
100 111
100 112
100 114
100 116
100 117
100 118
100 120
100 122
100 123
100 124
100 125
100 126
100 129
100 131
100 132
100 136
100 137
100 138
100 139
100 140
100 141
100 143
100 144
100 145
100 148
100 149
100 154
100 156
100 157
100 158
100 159
100 161
100 162
100 165
100 167
100 168
100 169
100 170
100 171
100 172
101 102
101 104
101 105
101 106
101 108
101 109
101 112
101 113
101 114
101 118
101 119
101 120
101 121
101 124
101 126
101 130
101 131
101 132
101 133
101 134
101 136
101 138
101 139
101 141
101 144
101 146
101 148
101 152
101 154
101 156
101 157
101 158
101 160
101 163
101 164
101 165
101 166
101 167
101 169
101 170
101 171
101 173
101 174
102 103
102 104
102 106
102 108
102 110
102 111
102 117
102 118
102 122
102 124
102 130
102 131
102 132
102 133
102 134
102 135
102 136
102 137
102 138
102 139
102 144
102 147
102 152
102 153
102 154
102 155
102 156
102 157
102 158
102 161
102 171
102 173
102 174
103 106
103 107
103 108
103 109
103 111
103 113
103 114
103 115
103 117
103 120
103 121
103 122
103 123
103 124
103 125
103 126
103 127
103 128
103 130
103 131
103 132
103 134
103 135
103 137
103 139
103 141
103 142
103 143
103 144
103 147
103 149
103 151
103 153
103 154
103 160
103 167
103 169
103 174
104 108
104 110
104 117
104 119
104 120
104 125
104 126
104 129
104 130
104 132
104 134
104 135
104 136
104 138
104 140
104 141
104 142
104 143
104 145
104 146
104 149
104 150
104 151
104 152
104 153
104 154
104 156
104 161
104 163
104 164
104 168
104 170
104 171
104 173
105 106
105 109
105 110
105 111
105 112
105 114
105 117
105 120
105 122
105 124
105 128
105 129
105 130
105 133
105 137
105 139
105 140
105 142
105 146
105 147
105 150
105 151
105 152
105 159
105 163
105 165
105 166
105 171
105 174
106 112
106 115
106 118
106 120
106 124
106 126
106 129
106 130
106 133
106 135
106 136
106 137
106 142
106 144
106 145
106 146
106 147
106 150
106 152
106 154
106 156
106 159
106 161
106 162
106 165
106 168
106 169
106 170
106 171
106 172
106 174
107 108
107 110
107 111
107 112
107 113
107 116
107 117
107 121
107 122
107 123
107 124
107 126
107 128
107 133
107 135
107 136
107 137
107 139
107 140
107 141
107 142
107 143
107 146
107 149
107 150
107 151
107 152
107 154
107 155
107 156
107 158
107 159
107 161
107 166
107 167
107 170
107 172
108 110
108 114
108 115
108 116
108 117
108 119
108 120
108 122
108 124
108 125
108 131
108 132
108 133
108 135
108 136
108 137
108 139
108 140
108 143
108 146
108 148
108 150
108 151
108 155
108 158
108 161
108 165
108 166
108 168
108 172
108 173
108 174
109 113
109 117
109 120
109 122
109 123
109 125
109 127
109 128
109 130
109 133
109 134
109 135
109 140
109 141
109 144
109 145
109 146
109 147
109 148
109 149
109 150
109 152
109 154
109 155
109 156
109 157
109 159
109 160
109 161
109 165
109 168
109 169
109 173
110 111
110 116
110 117
110 118
110 120
110 121
110 122
110 124
110 126
110 127
110 130
110 135
110 136
110 137
110 138
110 141
110 142
110 143
110 144
110 145
110 146
110 148
110 150
110 154
110 156
110 157
110 158
110 163
110 165
110 166
110 168
110 169
110 171
110 174
111 112
111 114
111 115
111 118
111 120
111 121
111 123
111 125
111 126
111 129
111 131
111 135
111 136
111 140
111 141
111 144
111 146
111 148
111 149
111 151
111 152
111 155
111 158
111 159
111 162
111 163
111 164
111 165
111 166
111 169
111 170
111 172
111 173
111 174
112 114
112 115
112 116
112 118
112 120
112 122
112 124
112 126
112 127
112 128
112 129
112 130
112 132
112 133
112 134
112 135
112 140
112 141
112 143
112 145
112 147
112 148
112 150
112 151
112 152
112 153
112 155
112 157
112 158
112 159
112 163
112 165
112 167
112 168
112 169
112 170
112 172
112 173
112 174
113 115
113 116
113 119
113 120
113 121
113 124
113 125
113 126
113 128
113 129
113 132
113 133
113 136
113 137
113 138
113 139
113 140
113 141
113 143
113 146
113 149
113 151
113 153
113 155
113 157
113 158
113 159
113 160
113 164
113 165
113 166
113 167
113 173
114 115
114 116
114 118
114 120
114 122
114 126
114 127
114 128
114 131
114 133
114 135
114 137
114 138
114 141
114 145
114 146
114 148
114 149
114 152
114 155
114 156
114 160
114 162
114 164
114 165
114 166
114 168
114 169
114 170
114 171
115 117
115 118
115 119
115 122
115 123
115 125
115 128
115 131
115 132
115 133
115 134
115 135
115 136
115 139
115 140
115 142
115 145
115 148
115 149
115 150
115 154
115 155
115 156
115 160
115 161
115 162
115 164
115 165
115 167
115 168
115 169
115 170
115 173
115 174
116 117
116 119
116 122
116 125
116 127
116 128
116 129
116 130
116 131
116 132
116 133
116 135
116 140
116 146
116 147
116 149
116 152
116 153
116 154
116 156
116 158
116 162
116 163
116 164
116 165
116 167
116 168
116 171
116 172
116 173
117 118
117 119
117 120
117 122
117 124
117 128
117 130
117 133
117 137
117 141
117 142
117 143
117 144
117 145
117 148
117 149
117 151
117 152
117 153
117 154
117 155
117 157
117 158
117 159
117 162
117 163
117 164
117 165
117 166
117 167
117 170
117 173
117 174
118 119
118 120
118 123
118 124
118 128
118 129
118 130
118 131
118 132
118 133
118 134
118 136
118 138
118 139
118 140
118 141
118 143
118 146
118 147
118 148
118 153
118 154
118 155
118 156
118 157
118 159
118 160
118 162
118 164
118 170
118 171
118 172
118 173
118 174
119 120
119 121
119 122
119 131
119 132
119 133
119 134
119 135
119 136
119 148
119 149
119 151
119 153
119 155
119 156
119 157
119 158
119 160
119 161
119 162
119 163
119 165
119 173
119 174
120 122
120 124
120 126
120 129
120 130
120 133
120 137
120 138
120 139
120 140
120 146
120 153
120 154
120 155
120 157
120 158
120 159
120 160
120 161
120 162
120 164
120 165
120 167
120 170
120 171
120 172
120 173
120 174
121 122
121 123
121 124
121 128
121 131
121 134
121 137
121 138
121 139
121 140
121 142
121 148
121 149
121 150
121 153
121 156
121 158
121 162
121 170
121 171
121 174
122 123
122 124
122 126
122 129
122 130
122 134
122 135
122 136
122 139
122 140
122 143
122 145
122 149
122 150
122 151
122 154
122 157
122 160
122 161
122 162
122 166
122 167
122 168
122 170
122 174
123 125
123 126
123 127
123 129
123 130
123 131
123 137
123 138
123 139
123 140
123 142
123 143
123 144
123 145
123 146
123 148
123 150
123 151
123 157
123 158
123 159
123 160
123 164
123 166
123 167
123 168
123 169
123 170
123 171
124 126
124 129
124 133
124 135
124 136
124 138
124 140
124 141
124 142
124 143
124 144
124 146
124 147
124 148
124 149
124 150
124 151
124 152
124 153
124 155
124 158
124 159
124 160
124 162
124 163
124 164
124 169
124 173
124 174
125 126
125 127
125 128
125 129
125 130
125 133
125 136
125 138
125 139
125 140
125 141
125 144
125 145
125 146
125 147
125 148
125 149
125 150
125 156
125 157
125 158
125 159
125 160
125 163
125 164
125 165
125 169
125 172
125 174
126 127
126 128
126 130
126 132
126 133
126 134
126 137
126 138
126 142
126 147
126 149
126 153
126 154
126 155
126 157
126 163
126 164
126 165
126 167
126 168
126 169
126 173
127 128
127 130
127 131
127 133
127 134
127 136
127 137
127 139
127 146
127 147
127 148
127 151
127 152
127 153
127 155
127 156
127 157
127 159
127 161
127 162
127 166
127 168
127 170
127 172
127 173
127 174
128 129
128 133
128 135
128 138
128 142
128 147
128 152
128 155
128 159
128 160
128 162
128 168
128 171
128 172
128 173
129 131
129 132
129 135
129 136
129 137
129 140
129 142
129 143
129 149
129 150
129 155
129 157
129 159
129 160
129 162
129 164
129 165
129 169
129 170
129 171
129 172
130 133
130 134
130 135
130 136
130 138
130 139
130 142
130 143
130 145
130 148
130 153
130 154
130 155
130 157
130 159
130 160
130 161
130 169
130 170
130 172
130 174
131 133
131 135
131 136
131 137
131 138
131 140
131 141
131 143
131 144
131 145
131 149
131 150
131 151
131 153
131 155
131 157
131 159
131 160
131 162
131 164
131 165
131 166
131 169
131 170
131 173
132 133
132 135
132 137
132 139
132 143
132 144
132 145
132 146
132 147
132 149
132 153
132 154
132 155
132 156
132 158
132 159
132 160
132 164
132 166
132 168
132 169
132 170
132 172
132 174
133 134
133 135
133 138
133 140
133 141
133 142
133 146
133 151
133 152
133 154
133 156
133 158
133 159
133 162
133 163
133 165
133 167
133 171
133 172
133 174
134 135
134 136
134 138
134 139
134 145
134 146
134 147
134 148
134 149
134 150
134 152
134 154
134 159
134 161
134 163
134 164
134 168
134 170
134 172
134 173
134 174
135 138
135 139
135 141
135 143
135 144
135 145
135 146
135 147
135 149
135 150
135 152
135 156
135 157
135 158
135 160
135 165
135 166
135 168
135 169
135 171
135 172
135 173
135 174
136 137
136 138
136 140
136 141
136 143
136 146
136 149
136 152
136 153
136 154
136 156
136 158
136 166
136 167
136 171
136 173
137 138
137 139
137 142
137 143
137 144
137 145
137 147
137 148
137 150
137 156
137 157
137 160
137 161
137 165
137 166
137 167
137 168
137 169
137 170
137 172
137 174
138 142
138 150
138 152
138 153
138 155
138 157
138 158
138 159
138 160
138 161
138 162
138 165
138 167
138 168
138 169
138 170
139 140
139 141
139 142
139 143
139 145
139 147
139 150
139 152
139 159
139 160
139 161
139 162
139 163
139 165
139 167
139 171
139 174
140 141
140 146
140 149
140 150
140 151
140 154
140 156
140 157
140 161
140 162
140 166
140 169
140 170
140 173
140 174
141 143
141 145
141 146
141 147
141 151
141 153
141 158
141 161
141 162
141 164
141 166
141 167
141 169
141 172
141 174
142 144
142 145
142 147
142 151
142 156
142 161
142 162
142 165
142 166
142 167
142 169
142 170
142 171
142 172
142 173
143 146
143 147
143 148
143 150
143 152
143 154
143 157
143 158
143 160
143 161
143 163
143 171
143 172
144 145
144 146
144 152
144 157
144 162
144 163
144 164
144 165
144 166
144 167
144 171
144 172
144 173
145 146
145 147
145 149
145 153
145 154
145 155
145 160
145 161
145 162
145 163
145 170
145 172
145 173
146 150
146 151
146 152
146 153
146 154
146 156
146 158
146 164
146 166
146 167
146 171
146 172
146 174
147 149
147 151
147 155
147 159
147 160
147 161
147 162
147 163
147 165
147 166
147 169
147 170
147 171
147 173
148 150
148 152
148 154
148 156
148 159
148 160
148 163
148 164
148 166
148 168
148 169
148 170
148 171
148 172
148 173
149 150
149 154
149 155
149 164
149 166
149 167
149 174
150 151
150 152
150 154
150 156
150 157
150 158
150 159
150 160
150 164
150 165
150 166
150 167
150 171
150 172
150 174
151 153
151 159
151 160
151 162
151 163
151 164
151 165
151 167
151 169
151 170
151 172
151 173
151 174
152 156
152 159
152 161
152 163
152 166
152 168
152 169
152 170
152 171
152 172
152 173
153 155
153 156
153 158
153 159
153 161
153 162
153 164
153 166
153 167
153 168
153 169
153 172
154 162
154 163
154 165
154 166
154 167
154 169
154 170
154 171
154 173
154 174
155 156
155 160
155 161
155 162
155 163
155 165
155 167
155 168
155 169
155 170
155 171
155 173
155 174
156 157
156 159
156 162
156 164
156 167
156 169
156 174
157 158
157 159
157 161
157 168
157 172
157 173
157 174
158 159
158 162
158 164
158 167
158 171
158 172
159 160
159 161
159 163
159 164
159 168
159 169
159 172
160 161
160 163
160 164
160 168
160 170
160 173
161 163
161 164
161 169
161 170
161 171
161 172
161 173
162 163
162 168
162 170
162 173
163 164
163 167
163 168
163 169
163 170
163 172
163 173
163 174
164 165
164 166
164 167
164 168
164 169
164 170
164 171
164 172
165 167
165 168
165 169
165 170
165 172
165 174
166 169
167 174
168 171
168 174
169 171
169 172
169 173
169 174
170 171
170 173
170 174
171 172
171 174
172 173
172 174
