115 2962
0 1
0 4
0 7
0 13
0 14
0 16
0 20
0 21
0 22
0 24
0 31
0 32
0 33
0 34
0 40
0 45
0 47
0 51
0 52
0 53
0 56
0 59
0 61
0 62
0 63
0 67
0 69
0 73
0 75
0 80
0 81
0 82
0 83
0 87
0 88
0 89
0 90
0 93
0 96
0 97
0 99
0 100
0 105
0 107
0 112
0 113
0 114
1 8
1 9
1 14
1 16
1 18
1 25
1 27
1 28
1 29
1 33
1 34
1 38
1 39
1 41
1 42
1 43
1 44
1 46
1 49
1 51
1 53
1 60
1 61
1 62
1 66
1 67
1 70
1 71
1 73
1 74
1 75
1 76
1 78
1 80
1 82
1 83
1 84
1 85
1 86
1 87
1 88
1 90
1 91
1 92
1 94
1 95
1 99
1 101
1 103
1 105
1 108
1 110
1 113
2 4
2 8
2 10
2 16
2 17
2 19
2 21
2 25
2 26
2 28
2 30
2 31
2 32
2 34
2 35
2 37
2 38
2 40
2 41
2 43
2 46
2 50
2 51
2 52
2 54
2 55
2 59
2 60
2 63
2 64
2 69
2 72
2 78
2 82
2 89
2 90
2 91
2 92
2 93
2 97
2 99
2 100
2 101
2 103
2 109
2 111
2 113
2 114
3 4
3 5
3 7
3 8
3 9
3 10
3 11
3 14
3 16
3 19
3 20
3 21
3 23
3 25
3 27
3 29
3 31
3 35
3 37
3 38
3 41
3 42
3 48
3 50
3 54
3 57
3 58
3 60
3 61
3 63
3 64
3 65
3 68
3 69
3 73
3 74
3 75
3 76
3 79
3 85
3 90
3 91
3 92
3 95
3 98
3 99
3 103
3 106
3 107
3 112
3 114
4 5
4 6
4 7
4 8
4 9
4 11
4 12
4 14
4 15
4 18
4 19
4 27
4 29
4 32
4 34
4 39
4 42
4 46
4 47
4 48
4 49
4 50
4 51
4 52
4 54
4 56
4 57
4 58
4 59
4 60
4 61
4 65
4 66
4 67
4 68
4 73
4 75
4 76
4 78
4 79
4 80
4 82
4 83
4 86
4 87
4 89
4 94
4 95
4 97
4 102
4 103
4 105
4 106
4 111
4 112
4 113
4 114
5 8
5 13
5 15
5 16
5 17
5 18
5 19
5 22
5 23
5 26
5 30
5 35
5 37
5 40
5 41
5 42
5 51
5 52
5 54
5 59
5 60
5 61
5 62
5 64
5 68
5 69
5 70
5 75
5 79
5 81
5 83
5 86
5 88
5 89
5 91
5 92
5 93
5 94
5 95
5 96
5 97
5 100
5 101
5 102
5 103
5 104
5 107
5 109
5 113
5 114
6 9
6 12
6 14
6 15
6 16
6 19
6 23
6 26
6 28
6 29
6 33
6 34
6 37
6 38
6 40
6 41
6 44
6 45
6 46
6 47
6 48
6 50
6 52
6 53
6 54
6 56
6 57
6 59
6 61
6 63
6 64
6 67
6 68
6 70
6 71
6 72
6 73
6 74
6 77
6 85
6 87
6 89
6 92
6 96
6 99
6 100
6 102
6 103
6 105
6 107
6 110
6 111
6 113
7 9
7 10
7 17
7 18
7 23
7 29
7 31
7 32
7 37
7 38
7 39
7 40
7 41
7 43
7 44
7 45
7 47
7 48
7 51
7 52
7 57
7 58
7 62
7 63
7 66
7 68
7 69
7 72
7 74
7 75
7 76
7 78
7 80
7 82
7 83
7 87
7 88
7 89
7 91
7 95
7 98
7 105
7 108
7 110
8 9
8 10
8 14
8 22
8 24
8 26
8 28
8 31
8 32
8 33
8 34
8 37
8 42
8 46
8 47
8 51
8 53
8 57
8 59
8 64
8 68
8 69
8 74
8 75
8 78
8 79
8 80
8 82
8 88
8 89
8 92
8 94
8 95
8 99
8 100
8 101
8 104
8 108
8 110
8 114
9 11
9 13
9 15
9 17
9 18
9 26
9 28
9 29
9 37
9 38
9 39
9 40
9 42
9 44
9 49
9 50
9 51
9 52
9 53
9 54
9 55
9 58
9 61
9 62
9 65
9 66
9 67
9 68
9 73
9 74
9 75
9 78
9 80
9 81
9 86
9 91
9 93
9 96
9 98
9 100
9 101
9 102
9 103
9 105
9 108
9 110
9 112
9 114
10 11
10 13
10 16
10 17
10 18
10 19
10 23
10 24
10 25
10 28
10 29
10 31
10 32
10 35
10 37
10 38
10 39
10 40
10 43
10 44
10 47
10 51
10 52
10 54
10 56
10 57
10 62
10 68
10 69
10 70
10 72
10 78
10 83
10 86
10 88
10 89
10 92
10 96
10 99
10 102
10 103
10 108
10 109
10 110
10 111
11 14
11 18
11 19
11 21
11 22
11 23
11 26
11 27
11 30
11 31
11 34
11 37
11 38
11 40
11 44
11 47
11 50
11 51
11 56
11 58
11 59
11 67
11 68
11 69
11 75
11 76
11 77
11 78
11 79
11 80
11 84
11 94
11 95
11 102
11 103
11 106
11 108
11 109
11 110
11 113
11 114
12 16
12 18
12 19
12 21
12 24
12 26
12 29
12 30
12 31
12 34
12 36
12 37
12 41
12 42
12 46
12 48
12 56
12 57
12 58
12 63
12 66
12 68
12 70
12 73
12 77
12 80
12 84
12 87
12 89
12 90
12 91
12 92
12 93
12 94
12 95
12 101
12 105
12 107
12 108
12 109
12 111
13 15
13 16
13 19
13 23
13 25
13 32
13 33
13 36
13 37
13 38
13 41
13 45
13 47
13 48
13 49
13 51
13 52
13 53
13 54
13 55
13 58
13 60
13 63
13 64
13 65
13 66
13 67
13 68
13 72
13 73
13 75
13 77
13 79
13 80
13 87
13 88
13 90
13 92
13 93
13 94
13 96
13 99
13 102
13 103
13 104
13 106
13 107
13 108
14 16
14 18
14 20
14 21
14 26
14 30
14 31
14 32
14 33
14 34
14 37
14 43
14 44
14 46
14 47
14 48
14 51
14 52
14 54
14 55
14 56
14 57
14 60
14 62
14 64
14 66
14 70
14 72
14 74
14 79
14 81
14 83
14 89
14 92
14 93
14 95
14 96
14 99
14 100
14 106
14 109
14 111
15 19
15 20
15 22
15 25
15 28
15 30
15 32
15 33
15 36
15 37
15 38
15 39
15 42
15 49
15 51
15 53
15 54
15 57
15 63
15 65
15 66
15 68
15 69
15 74
15 77
15 78
15 80
15 81
15 84
15 87
15 91
15 92
15 95
15 98
15 100
15 101
15 103
15 104
15 106
15 107
15 108
15 109
15 112
15 113
15 114
16 20
16 21
16 26
16 29
16 33
16 35
16 36
16 38
16 39
16 45
16 46
16 48
16 49
16 52
16 53
16 59
16 62
16 67
16 68
16 69
16 72
16 74
16 75
16 79
16 80
16 82
16 86
16 88
16 89
16 91
16 96
16 101
16 106
16 108
16 114
17 18
17 20
17 23
17 27
17 28
17 29
17 32
17 35
17 36
17 38
17 39
17 41
17 42
17 44
17 47
17 48
17 50
17 51
17 52
17 53
17 55
17 64
17 65
17 66
17 67
17 68
17 70
17 72
17 75
17 77
17 78
17 79
17 80
17 81
17 84
17 86
17 87
17 88
17 91
17 92
17 93
17 97
17 100
17 101
17 103
17 105
17 106
17 108
17 109
17 111
17 114
18 20
18 22
18 24
18 28
18 30
18 31
18 35
18 37
18 38
18 39
18 40
18 41
18 43
18 45
18 48
18 55
18 57
18 59
18 60
18 63
18 65
18 66
18 68
18 71
18 72
18 75
18 82
18 83
18 84
18 85
18 86
18 87
18 88
18 94
18 95
18 96
18 98
18 99
18 101
18 103
18 105
18 107
18 109
18 114
19 20
19 25
19 29
19 33
19 35
19 38
19 43
19 44
19 48
19 49
19 50
19 51
19 52
19 60
19 62
19 63
19 64
19 65
19 66
19 69
19 72
19 75
19 81
19 82
19 84
19 85
19 86
19 87
19 90
19 91
19 92
19 95
19 96
19 97
19 100
19 101
19 103
19 104
19 107
19 108
19 110
19 111
19 112
19 113
20 21
20 26
20 27
20 30
20 34
20 35
20 37
20 39
20 41
20 42
20 43
20 46
20 52
20 56
20 58
20 59
20 60
20 63
20 67
20 73
20 75
20 76
20 78
20 79
20 81
20 82
20 83
20 84
20 86
20 89
20 91
20 94
20 95
20 97
20 106
20 107
20 111
20 113
20 114
21 22
21 23
21 25
21 26
21 35
21 36
21 37
21 38
21 40
21 44
21 47
21 48
21 51
21 52
21 53
21 54
21 55
21 56
21 61
21 62
21 65
21 66
21 69
21 73
21 79
21 83
21 86
21 88
21 89
21 91
21 94
21 96
21 97
21 101
21 103
21 104
21 105
21 108
21 111
21 114
22 23
22 26
22 27
22 28
22 30
22 31
22 36
22 38
22 39
22 40
22 42
22 44
22 46
22 54
22 58
22 60
22 61
22 62
22 68
22 69
22 70
22 75
22 84
22 85
22 86
22 88
22 89
22 91
22 94
22 95
22 99
22 104
22 108
22 110
22 114
23 26
23 27
23 28
23 29
23 32
23 35
23 36
23 37
23 40
23 47
23 50
23 51
23 57
23 58
23 59
23 60
23 64
23 66
23 67
23 68
23 72
23 73
23 74
23 75
23 77
23 78
23 79
23 85
23 87
23 88
23 93
23 95
23 96
23 97
23 99
23 104
23 106
23 108
23 109
23 110
24 25
24 26
24 27
24 28
24 29
24 31
24 34
24 35
24 36
24 37
24 38
24 40
24 41
24 42
24 43
24 44
24 45
24 49
24 50
24 54
24 56
24 57
24 58
24 59
24 60
24 67
24 68
24 69
24 70
24 71
24 72
24 73
24 76
24 77
24 81
24 83
24 84
24 85
24 87
24 91
24 92
24 93
24 97
24 98
24 99
24 100
24 101
24 103
24 104
24 105
24 109
24 113
25 26
25 27
25 28
25 30
25 33
25 34
25 37
25 38
25 39
25 41
25 42
25 46
25 47
25 48
25 49
25 51
25 53
25 55
25 58
25 60
25 61
25 62
25 65
25 66
25 67
25 68
25 71
25 73
25 77
25 80
25 83
25 90
25 91
25 93
25 94
25 96
25 100
25 102
25 104
25 105
25 110
25 113
26 27
26 28
26 32
26 33
26 40
26 41
26 46
26 48
26 49
26 50
26 51
26 52
26 53
26 54
26 55
26 60
26 61
26 62
26 63
26 65
26 67
26 68
26 73
26 74
26 75
26 76
26 77
26 78
26 81
26 86
26 87
26 92
26 93
26 95
26 98
26 99
26 101
26 106
26 111
26 113
27 28
27 29
27 30
27 32
27 34
27 35
27 36
27 38
27 39
27 46
27 48
27 49
27 55
27 57
27 58
27 59
27 61
27 65
27 67
27 70
27 71
27 73
27 74
27 76
27 80
27 86
27 88
27 89
27 90
27 92
27 94
27 96
27 101
27 102
27 103
27 105
27 107
27 108
27 109
27 112
27 113
28 29
28 30
28 33
28 35
28 43
28 44
28 46
28 48
28 53
28 54
28 56
28 57
28 58
28 59
28 62
28 63
28 65
28 66
28 67
28 69
28 70
28 71
28 72
28 74
28 75
28 77
28 79
28 80
28 85
28 86
28 89
28 91
28 92
28 93
28 94
28 97
28 98
28 99
28 100
28 102
28 103
28 105
28 109
28 111
28 112
29 30
29 32
29 33
29 39
29 43
29 45
29 47
29 53
29 55
29 57
29 58
29 60
29 61
29 62
29 66
29 68
29 70
29 71
29 73
29 74
29 76
29 78
29 81
29 82
29 83
29 84
29 88
29 91
29 97
29 98
29 99
29 100
29 105
29 108
29 109
29 110
29 111
29 112
30 34
30 37
30 38
30 41
30 42
30 44
30 46
30 49
30 52
30 54
30 55
30 57
30 60
30 61
30 62
30 64
30 68
30 70
30 72
30 75
30 79
30 80
30 82
30 84
30 85
30 89
30 90
30 91
30 92
30 94
30 95
30 96
30 101
30 103
30 104
30 105
30 107
30 108
30 109
30 111
30 112
30 114
31 32
31 34
31 37
31 39
31 41
31 43
31 51
31 53
31 54
31 55
31 57
31 59
31 60
31 61
31 64
31 65
31 66
31 72
31 74
31 75
31 76
31 78
31 81
31 82
31 83
31 85
31 89
31 90
31 91
31 93
31 95
31 100
31 101
31 103
31 105
31 109
31 111
31 113
31 114
32 33
32 34
32 35
32 36
32 37
32 39
32 40
32 41
32 44
32 45
32 47
32 51
32 58
32 60
32 63
32 64
32 65
32 68
32 70
32 71
32 80
32 82
32 83
32 86
32 88
32 89
32 90
32 91
32 94
32 96
32 100
32 103
32 104
32 105
32 107
32 111
32 114
33 35
33 36
33 37
33 39
33 40
33 42
33 44
33 47
33 49
33 50
33 52
33 57
33 58
33 62
33 67
33 68
33 69
33 70
33 73
33 75
33 76
33 77
33 82
33 84
33 88
33 89
33 90
33 91
33 93
33 99
33 100
33 101
33 102
33 104
33 108
33 109
33 110
33 111
34 36
34 38
34 42
34 43
34 46
34 47
34 48
34 52
34 53
34 54
34 57
34 59
34 60
34 61
34 62
34 63
34 68
34 69
34 71
34 73
34 74
34 76
34 77
34 78
34 82
34 83
34 86
34 87
34 90
34 92
34 93
34 94
34 95
34 96
34 98
34 100
34 105
34 106
34 108
34 110
34 112
34 113
35 38
35 39
35 40
35 41
35 47
35 48
35 49
35 50
35 51
35 52
35 54
35 55
35 57
35 58
35 60
35 61
35 63
35 64
35 65
35 68
35 71
35 72
35 76
35 77
35 80
35 81
35 82
35 84
35 87
35 89
35 91
35 95
35 96
35 99
35 101
35 103
35 104
35 107
35 109
35 111
35 113
36 39
36 42
36 43
36 45
36 46
36 47
36 53
36 56
36 57
36 58
36 59
36 60
36 61
36 62
36 64
36 65
36 67
36 68
36 72
36 74
36 76
36 77
36 79
36 80
36 81
36 82
36 83
36 85
36 88
36 89
36 91
36 93
36 94
36 96
36 100
36 102
36 103
36 106
36 108
36 109
37 38
37 39
37 43
37 47
37 48
37 51
37 57
37 61
37 62
37 63
37 65
37 68
37 69
37 70
37 73
37 79
37 80
37 81
37 83
37 88
37 89
37 90
37 92
37 94
37 97
37 98
37 101
37 102
37 104
37 107
37 111
38 41
38 49
38 52
38 53
38 55
38 56
38 60
38 62
38 63
38 67
38 68
38 70
38 71
38 74
38 76
38 83
38 85
38 86
38 89
38 90
38 91
38 93
38 94
38 95
38 96
38 100
38 101
38 102
38 103
38 104
38 106
38 108
38 112
38 113
38 114
39 40
39 41
39 42
39 43
39 45
39 48
39 52
39 54
39 56
39 59
39 60
39 61
39 62
39 63
39 64
39 65
39 66
39 73
39 75
39 76
39 77
39 78
39 79
39 80
39 87
39 88
39 90
39 97
39 98
39 102
39 107
39 110
40 41
40 42
40 43
40 45
40 50
40 56
40 61
40 63
40 66
40 67
40 77
40 78
40 80
40 84
40 85
40 86
40 89
40 90
40 92
40 96
40 110
40 112
40 113
41 42
41 44
41 45
41 46
41 47
41 48
41 54
41 55
41 56
41 63
41 68
41 70
41 71
41 72
41 74
41 78
41 83
41 86
41 87
41 92
41 93
41 94
41 95
41 96
41 99
41 104
41 107
41 108
41 111
41 114
42 43
42 44
42 47
42 51
42 53
42 54
42 56
42 59
42 61
42 64
42 69
42 73
42 75
42 78
42 85
42 86
42 89
42 91
42 98
42 99
42 101
42 103
42 105
42 106
42 107
42 109
42 111
43 44
43 51
43 54
43 55
43 56
43 57
43 60
43 61
43 68
43 77
43 80
43 81
43 82
43 84
43 85
43 86
43 88
43 95
43 96
43 100
43 101
43 104
43 108
43 110
43 111
44 45
44 46
44 47
44 48
44 49
44 51
44 56
44 58
44 59
44 62
44 63
44 64
44 71
44 74
44 75
44 76
44 77
44 80
44 81
44 83
44 86
44 87
44 88
44 90
44 97
44 98
44 103
44 107
44 111
44 112
44 113
45 47
45 49
45 50
45 56
45 58
45 62
45 64
45 65
45 68
45 69
45 70
45 71
45 74
45 76
45 77
45 78
45 82
45 83
45 84
45 85
45 86
45 88
45 89
45 90
45 94
45 96
45 97
45 98
45 101
45 103
45 104
45 106
45 107
45 108
45 111
45 112
45 113
46 47
46 50
46 53
46 54
46 55
46 59
46 61
46 62
46 63
46 69
46 70
46 71
46 72
46 73
46 75
46 77
46 80
46 82
46 83
46 86
46 87
46 88
46 91
46 92
46 93
46 95
46 100
46 101
46 106
46 110
46 113
47 49
47 51
47 53
47 54
47 56
47 61
47 62
47 66
47 68
47 71
47 72
47 74
47 75
47 76
47 78
47 81
47 82
47 84
47 85
47 86
47 89
47 91
47 95
47 96
47 100
47 101
47 102
47 103
47 104
47 105
47 107
47 111
48 50
48 51
48 52
48 54
48 55
48 60
48 64
48 66
48 67
48 68
48 71
48 73
48 74
48 76
48 77
48 78
48 79
48 81
48 85
48 87
48 89
48 92
48 93
48 95
48 100
48 101
48 102
48 105
48 109
48 110
48 111
48 114
49 50
49 51
49 52
49 54
49 55
49 56
49 58
49 59
49 61
49 62
49 63
49 64
49 65
49 66
49 68
49 69
49 73
49 83
49 84
49 85
49 86
49 87
49 88
49 89
49 90
49 95
49 98
49 99
49 100
49 103
49 104
49 105
49 106
49 107
49 108
49 110
49 113
50 53
50 55
50 56
50 57
50 58
50 61
50 62
50 64
50 66
50 69
50 70
50 71
50 72
50 73
50 75
50 78
50 80
50 84
50 86
50 87
50 88
50 90
50 94
50 99
50 102
50 103
50 107
50 108
50 109
50 110
50 112
51 53
51 54
51 55
51 56
51 57
51 58
51 59
51 60
51 61
51 63
51 65
51 66
51 68
51 69
51 73
51 75
51 79
51 80
51 82
51 83
51 84
51 89
51 90
51 93
51 94
51 96
51 97
51 98
51 104
51 105
51 109
51 110
51 113
52 53
52 57
52 60
52 61
52 62
52 68
52 69
52 70
52 71
52 74
52 75
52 77
52 80
52 81
52 84
52 85
52 86
52 90
52 95
52 96
52 98
52 100
52 102
52 105
52 106
52 107
52 108
52 109
52 111
53 54
53 62
53 63
53 65
53 66
53 73
53 75
53 77
53 79
53 80
53 82
53 83
53 85
53 91
53 95
53 96
53 97
53 98
53 99
53 100
53 102
53 103
53 105
53 111
53 112
54 55
54 60
54 62
54 64
54 65
54 66
54 67
54 68
54 70
54 71
54 73
54 76
54 77
54 80
54 83
54 85
54 86
54 87
54 88
54 91
54 92
54 95
54 101
54 102
54 104
54 105
54 108
54 110
54 111
54 112
54 113
55 56
55 57
55 58
55 59
55 61
55 63
55 67
55 70
55 73
55 74
55 75
55 76
55 77
55 80
55 81
55 83
55 88
55 90
55 92
55 93
55 94
55 95
55 96
55 97
55 103
55 104
55 105
55 107
55 108
55 109
55 111
55 112
55 114
56 57
56 58
56 59
56 62
56 63
56 65
56 69
56 70
56 72
56 73
56 74
56 75
56 77
56 82
56 83
56 87
56 88
56 90
56 92
56 93
56 98
56 101
56 102
56 105
56 106
56 110
56 112
56 114
57 59
57 60
57 61
57 62
57 66
57 67
57 68
57 71
57 72
57 73
57 77
57 79
57 83
57 85
57 86
57 87
57 88
57 89
57 95
57 96
57 99
57 100
57 105
57 110
57 112
57 114
58 59
58 61
58 62
58 64
58 68
58 70
58 71
58 76
58 79
58 82
58 86
58 93
58 94
58 96
58 100
58 101
58 109
58 111
58 114
59 61
59 64
59 66
59 71
59 74
59 75
59 76
59 78
59 82
59 83
59 84
59 86
59 87
59 89
59 93
59 96
59 98
59 99
59 106
59 111
59 113
59 114
60 61
60 66
60 67
60 70
60 72
60 74
60 81
60 82
60 84
60 85
60 87
60 89
60 93
60 104
60 106
60 107
60 108
60 109
60 112
60 113
60 114
61 64
61 65
61 66
61 68
61 72
61 73
61 74
61 79
61 82
61 83
61 84
61 86
61 87
61 90
61 91
61 92
61 97
61 99
61 101
61 103
61 105
61 106
61 111
61 113
62 66
62 69
62 74
62 75
62 76
62 77
62 78
62 80
62 81
62 82
62 83
62 86
62 87
62 90
62 99
62 100
62 102
62 103
62 111
62 112
62 113
63 68
63 69
63 70
63 75
63 76
63 78
63 80
63 84
63 87
63 90
63 91
63 95
63 96
63 100
63 101
63 105
63 106
63 107
63 113
63 114
64 65
64 66
64 68
64 69
64 71
64 73
64 74
64 77
64 78
64 82
64 92
64 93
64 94
64 98
64 99
64 100
64 101
64 102
64 105
64 106
64 108
64 109
64 111
65 66
65 71
65 72
65 74
65 75
65 76
65 78
65 80
65 82
65 86
65 91
65 92
65 93
65 94
65 95
65 98
65 99
65 100
65 102
65 103
65 104
65 106
65 107
65 109
65 110
65 112
66 71
66 72
66 73
66 74
66 75
66 80
66 82
66 87
66 88
66 89
66 96
66 101
66 106
66 107
66 111
66 113
67 69
67 74
67 78
67 82
67 83
67 88
67 90
67 92
67 100
67 101
67 102
67 105
67 106
67 108
67 109
68 73
68 74
68 75
68 78
68 80
68 81
68 85
68 91
68 95
68 97
68 99
68 100
68 101
68 103
68 104
68 108
68 109
68 110
69 73
69 76
69 78
69 80
69 86
69 87
69 89
69 92
69 93
69 95
69 100
69 101
69 102
69 106
69 107
69 108
69 110
69 113
70 71
70 75
70 77
70 85
70 86
70 89
70 90
70 91
70 93
70 95
70 96
70 97
70 98
70 101
70 104
70 106
70 107
70 113
70 114
71 74
71 75
71 77
71 79
71 81
71 82
71 83
71 87
71 88
71 91
71 92
71 94
71 96
71 97
71 99
71 101
71 102
71 103
71 104
71 106
71 110
71 112
72 73
72 74
72 75
72 76
72 79
72 80
72 81
72 82
72 85
72 86
72 87
72 88
72 90
72 92
72 100
72 106
72 107
72 108
72 109
72 112
73 74
73 75
73 77
73 78
73 81
73 82
73 83
73 84
73 85
73 87
73 88
73 89
73 91
73 92
73 93
73 96
73 97
73 98
73 99
73 102
73 105
73 112
73 113
73 114
74 76
74 77
74 78
74 81
74 82
74 84
74 89
74 92
74 93
74 96
74 97
74 99
74 102
74 103
74 104
74 105
74 106
74 107
74 112
74 114
75 76
75 78
75 80
75 82
75 83
75 84
75 87
75 88
75 90
75 94
75 96
75 102
75 104
75 105
75 108
75 109
75 112
75 113
76 77
76 78
76 79
76 83
76 84
76 86
76 87
76 89
76 90
76 91
76 92
76 93
76 94
76 95
76 96
76 99
76 101
76 102
76 105
76 107
76 109
76 110
76 111
76 114
77 78
77 79
77 81
77 86
77 90
77 91
77 92
77 93
77 95
77 96
77 101
77 102
77 103
77 105
77 107
77 109
77 112
78 84
78 87
78 88
78 93
78 94
78 97
78 102
78 106
78 110
78 112
78 113
78 114
79 80
79 82
79 83
79 85
79 87
79 94
79 96
79 100
79 101
79 102
79 104
79 105
79 107
79 108
79 109
79 110
79 114
80 81
80 85
80 86
80 88
80 90
80 92
80 94
80 99
80 100
80 103
80 104
80 105
80 107
80 110
80 111
80 114
81 82
81 85
81 86
81 88
81 90
81 91
81 93
81 97
81 101
81 102
81 103
81 105
81 109
81 110
81 112
81 114
82 83
82 84
82 86
82 87
82 88
82 90
82 91
82 92
82 93
82 94
82 96
82 97
82 99
82 101
82 103
82 104
82 105
82 107
82 108
82 109
82 111
82 112
82 113
83 86
83 87
83 91
83 92
83 93
83 95
83 96
83 97
83 98
83 99
83 101
83 102
83 103
83 105
83 108
83 111
83 114
84 85
84 86
84 87
84 89
84 96
84 101
84 104
84 105
84 109
84 111
84 112
84 114
85 86
85 91
85 92
85 97
85 99
85 101
85 102
85 103
85 104
85 107
85 110
85 111
85 112
85 113
86 89
86 90
86 91
86 92
86 93
86 95
86 96
86 98
86 103
86 106
86 110
86 111
86 112
87 90
87 93
87 94
87 96
87 101
87 102
87 103
87 105
87 106
87 109
88 90
88 91
88 95
88 102
88 108
88 110
88 113
88 114
89 90
89 92
89 98
89 99
89 102
89 103
89 108
89 110
89 111
89 112
89 114
90 93
90 94
90 95
90 96
90 101
90 103
90 104
90 107
90 111
91 92
91 94
91 95
91 100
91 102
91 103
91 104
91 106
91 107
91 108
91 109
91 111
91 113
92 94
92 95
92 96
92 98
92 101
92 103
92 111
93 98
93 99
93 100
93 101
93 102
93 105
93 109
93 111
94 98
94 99
94 101
94 103
94 104
94 105
94 110
94 111
94 112
94 113
94 114
95 100
95 101
95 103
95 104
95 108
95 110
95 113
96 97
96 103
96 105
96 107
96 109
96 110
96 111
96 112
96 114
97 105
97 107
97 109
97 110
97 112
97 113
98 100
98 102
98 107
98 108
98 109
98 110
98 111
99 100
99 102
99 104
99 112
99 113
99 114
100 102
100 103
100 105
100 106
100 107
100 109
100 111
101 106
101 108
101 110
101 111
101 112
102 104
102 106
102 107
102 110
102 111
102 112
103 104
103 105
103 111
103 112
103 114
104 105
104 106
104 108
105 106
105 108
105 109
105 112
106 107
106 109
106 110
106 113
106 114
107 108
107 109
107 113
107 114
109 110
109 111
109 113
109 114
110 113
111 112
112 113
