165 6012
0 1
0 6
0 7
0 11
0 13
0 15
0 17
0 18
0 19
0 20
0 21
0 23
0 24
0 25
0 26
0 27
0 28
0 31
0 34
0 35
0 36
0 39
0 40
0 42
0 43
0 45
0 46
0 48
0 49
0 50
0 54
0 59
0 62
0 63
0 65
0 66
0 69
0 70
0 73
0 78
0 79
0 80
0 86
0 92
0 96
0 99
0 101
0 102
0 103
0 104
0 109
0 112
0 113
0 114
0 116
0 118
0 122
0 124
0 125
0 129
0 130
0 136
0 138
0 143
0 145
0 146
0 147
0 150
0 151
0 152
0 153
0 155
0 156
0 157
0 163
1 2
1 4
1 6
1 10
1 11
1 12
1 20
1 21
1 22
1 23
1 26
1 31
1 34
1 35
1 37
1 38
1 40
1 43
1 44
1 48
1 49
1 50
1 51
1 52
1 53
1 56
1 59
1 61
1 63
1 66
1 69
1 70
1 71
1 73
1 74
1 76
1 77
1 78
1 84
1 86
1 87
1 89
1 97
1 106
1 107
1 108
1 109
1 111
1 112
1 118
1 121
1 125
1 126
1 129
1 131
1 132
1 136
1 138
1 140
1 143
1 144
1 154
1 155
1 157
1 160
1 162
1 163
1 164
2 3
2 5
2 6
2 7
2 8
2 11
2 15
2 19
2 20
2 21
2 23
2 26
2 28
2 29
2 30
2 32
2 37
2 39
2 40
2 41
2 42
2 43
2 45
2 48
2 52
2 55
2 56
2 60
2 62
2 63
2 64
2 66
2 69
2 73
2 74
2 80
2 83
2 87
2 89
2 90
2 92
2 93
2 95
2 98
2 103
2 104
2 105
2 107
2 110
2 111
2 116
2 118
2 119
2 120
2 121
2 122
2 125
2 130
2 136
2 137
2 138
2 140
2 143
2 144
2 145
2 148
2 149
2 154
2 155
2 158
2 160
2 161
2 163
3 4
3 7
3 8
3 12
3 13
3 14
3 18
3 20
3 22
3 23
3 25
3 27
3 31
3 33
3 36
3 37
3 40
3 41
3 42
3 45
3 46
3 47
3 48
3 49
3 52
3 60
3 61
3 62
3 65
3 66
3 69
3 70
3 71
3 73
3 74
3 75
3 79
3 82
3 84
3 85
3 86
3 88
3 89
3 90
3 95
3 97
3 102
3 104
3 105
3 107
3 108
3 109
3 110
3 113
3 116
3 117
3 118
3 119
3 125
3 126
3 127
3 130
3 133
3 137
3 138
3 140
3 144
3 145
3 146
3 147
3 152
3 155
3 156
3 157
3 158
3 159
3 161
3 163
4 11
4 13
4 14
4 15
4 16
4 20
4 21
4 22
4 25
4 26
4 27
4 29
4 30
4 31
4 39
4 40
4 43
4 44
4 45
4 48
4 52
4 60
4 63
4 64
4 68
4 69
4 70
4 71
4 72
4 73
4 74
4 75
4 76
4 77
4 78
4 82
4 84
4 85
4 89
4 90
4 92
4 95
4 97
4 100
4 101
4 105
4 106
4 107
4 110
4 114
4 115
4 116
4 119
4 124
4 129
4 130
4 133
4 135
4 137
4 139
4 140
4 141
4 144
4 146
4 147
4 149
4 151
4 152
4 155
4 156
4 158
4 160
4 162
5 6
5 8
5 9
5 12
5 17
5 18
5 23
5 24
5 27
5 29
5 30
5 34
5 38
5 43
5 44
5 47
5 48
5 49
5 52
5 54
5 55
5 56
5 57
5 59
5 64
5 66
5 74
5 80
5 81
5 82
5 85
5 87
5 89
5 91
5 92
5 95
5 99
5 100
5 102
5 111
5 114
5 116
5 120
5 123
5 129
5 131
5 134
5 142
5 143
5 144
5 146
5 153
5 155
5 156
5 158
5 159
5 161
5 162
6 9
6 11
6 13
6 18
6 19
6 20
6 25
6 26
6 28
6 31
6 32
6 37
6 40
6 41
6 42
6 43
6 45
6 46
6 49
6 50
6 53
6 54
6 58
6 60
6 66
6 68
6 73
6 75
6 77
6 78
6 79
6 83
6 85
6 88
6 89
6 90
6 93
6 94
6 95
6 96
6 98
6 101
6 104
6 106
6 108
6 109
6 111
6 113
6 114
6 117
6 121
6 122
6 123
6 127
6 128
6 133
6 136
6 137
6 138
6 139
6 140
6 141
6 143
6 144
6 146
6 153
6 155
6 156
6 160
6 161
6 162
7 8
7 11
7 12
7 13
7 14
7 15
7 16
7 22
7 23
7 28
7 29
7 32
7 33
7 35
7 36
7 39
7 40
7 44
7 47
7 48
7 50
7 51
7 53
7 55
7 61
7 62
7 65
7 68
7 69
7 72
7 76
7 78
7 81
7 82
7 83
7 84
7 86
7 90
7 94
7 95
7 96
7 97
7 99
7 100
7 101
7 102
7 103
7 106
7 107
7 108
7 112
7 116
7 117
7 119
7 120
7 121
7 123
7 124
7 125
7 126
7 129
7 133
7 135
7 139
7 141
7 142
7 151
7 152
7 154
7 155
7 157
7 158
7 159
7 160
7 163
8 12
8 13
8 14
8 15
8 16
8 19
8 21
8 25
8 27
8 32
8 33
8 34
8 37
8 38
8 39
8 42
8 43
8 45
8 50
8 51
8 53
8 54
8 56
8 57
8 60
8 62
8 64
8 65
8 68
8 69
8 70
8 73
8 76
8 77
8 81
8 84
8 90
8 92
8 93
8 95
8 96
8 97
8 98
8 99
8 100
8 101
8 106
8 107
8 111
8 113
8 114
8 115
8 117
8 122
8 123
8 124
8 128
8 134
8 140
8 145
8 148
8 151
8 155
8 163
8 164
9 10
9 13
9 16
9 17
9 20
9 21
9 22
9 24
9 25
9 29
9 30
9 32
9 35
9 36
9 37
9 39
9 43
9 47
9 48
9 51
9 52
9 54
9 55
9 59
9 60
9 64
9 68
9 69
9 72
9 73
9 76
9 77
9 78
9 79
9 81
9 82
9 83
9 85
9 90
9 92
9 94
9 96
9 97
9 99
9 102
9 103
9 105
9 109
9 111
9 112
9 116
9 118
9 120
9 121
9 124
9 125
9 127
9 131
9 133
9 137
9 138
9 140
9 141
9 142
9 144
9 146
9 149
9 150
9 151
9 153
9 154
9 156
9 157
9 158
9 159
9 160
9 162
9 163
10 13
10 14
10 15
10 17
10 19
10 21
10 22
10 24
10 25
10 26
10 31
10 32
10 34
10 38
10 39
10 41
10 43
10 47
10 48
10 50
10 56
10 57
10 58
10 65
10 66
10 68
10 69
10 70
10 72
10 75
10 77
10 80
10 81
10 84
10 85
10 88
10 91
10 97
10 98
10 99
10 100
10 101
10 103
10 104
10 105
10 108
10 109
10 112
10 115
10 116
10 118
10 119
10 120
10 121
10 124
10 126
10 127
10 128
10 130
10 133
10 136
10 138
10 142
10 146
10 148
10 149
10 150
10 151
10 153
10 156
10 161
10 163
10 164
11 15
11 17
11 18
11 19
11 20
11 22
11 23
11 24
11 25
11 28
11 32
11 33
11 36
11 38
11 39
11 40
11 42
11 43
11 44
11 46
11 47
11 48
11 49
11 50
11 52
11 53
11 54
11 56
11 58
11 60
11 61
11 62
11 63
11 65
11 66
11 70
11 73
11 75
11 76
11 77
11 81
11 83
11 86
11 89
11 90
11 92
11 94
11 98
11 100
11 104
11 105
11 108
11 109
11 110
11 115
11 117
11 122
11 123
11 125
11 127
11 128
11 129
11 130
11 133
11 135
11 136
11 138
11 140
11 145
11 146
11 147
11 151
11 153
11 154
11 156
11 158
11 159
11 160
11 164
12 17
12 18
12 19
12 20
12 22
12 23
12 26
12 31
12 34
12 36
12 42
12 46
12 51
12 53
12 55
12 56
12 57
12 58
12 59
12 64
12 66
12 67
12 69
12 72
12 73
12 76
12 77
12 78
12 79
12 82
12 85
12 86
12 89
12 91
12 93
12 94
12 102
12 106
12 107
12 111
12 112
12 114
12 116
12 117
12 118
12 119
12 122
12 123
12 124
12 126
12 128
12 129
12 136
12 141
12 142
12 145
12 146
12 147
12 148
12 150
12 154
12 155
12 159
12 160
12 164
13 15
13 16
13 19
13 23
13 27
13 31
13 34
13 35
13 37
13 39
13 40
13 41
13 42
13 43
13 45
13 48
13 49
13 55
13 56
13 57
13 61
13 62
13 64
13 65
13 68
13 74
13 76
13 77
13 79
13 82
13 83
13 85
13 86
13 87
13 91
13 92
13 96
13 101
13 102
13 103
13 104
13 105
13 106
13 109
13 110
13 112
13 113
13 119
13 121
13 123
13 125
13 127
13 128
13 132
13 135
13 136
13 140
13 144
13 146
13 150
13 152
13 153
13 155
13 158
13 159
13 160
13 163
14 21
14 22
14 25
14 26
14 29
14 30
14 35
14 36
14 37
14 38
14 41
14 47
14 49
14 52
14 54
14 55
14 56
14 62
14 66
14 70
14 71
14 72
14 73
14 74
14 77
14 80
14 81
14 82
14 83
14 85
14 86
14 87
14 90
14 91
14 93
14 96
14 97
14 100
14 101
14 104
14 106
14 107
14 109
14 110
14 111
14 113
14 114
14 115
14 120
14 123
14 127
14 129
14 131
14 132
14 134
14 137
14 138
14 140
14 141
14 142
14 143
14 144
14 145
14 147
14 148
14 153
14 154
14 155
14 158
14 161
14 163
15 16
15 17
15 18
15 23
15 24
15 26
15 29
15 30
15 31
15 33
15 35
15 36
15 37
15 38
15 39
15 40
15 41
15 43
15 45
15 48
15 49
15 50
15 53
15 54
15 59
15 61
15 62
15 63
15 64
15 66
15 67
15 69
15 72
15 73
15 77
15 81
15 83
15 84
15 85
15 90
15 92
15 93
15 95
15 96
15 99
15 101
15 105
15 106
15 107
15 110
15 111
15 114
15 115
15 117
15 118
15 121
15 123
15 127
15 128
15 130
15 131
15 132
15 133
15 137
15 138
15 139
15 140
15 143
15 145
15 146
15 148
15 151
15 152
15 154
15 155
15 156
15 157
15 159
15 162
15 164
16 21
16 26
16 28
16 32
16 33
16 35
16 39
16 41
16 43
16 46
16 47
16 52
16 53
16 57
16 58
16 59
16 68
16 71
16 75
16 79
16 81
16 83
16 85
16 86
16 87
16 91
16 93
16 96
16 98
16 104
16 106
16 114
16 116
16 117
16 120
16 122
16 127
16 128
16 129
16 130
16 134
16 137
16 138
16 144
16 149
16 150
16 153
16 155
16 156
16 157
16 160
16 163
17 18
17 26
17 27
17 29
17 30
17 31
17 32
17 33
17 36
17 39
17 41
17 44
17 48
17 50
17 51
17 53
17 55
17 56
17 58
17 60
17 61
17 63
17 68
17 69
17 70
17 72
17 74
17 79
17 80
17 81
17 82
17 83
17 84
17 86
17 90
17 93
17 95
17 99
17 100
17 104
17 105
17 106
17 108
17 111
17 117
17 119
17 122
17 124
17 125
17 126
17 128
17 130
17 131
17 138
17 142
17 147
17 148
17 151
17 152
17 153
17 157
17 163
18 19
18 21
18 24
18 26
18 28
18 29
18 31
18 34
18 37
18 41
18 43
18 44
18 46
18 49
18 53
18 54
18 59
18 61
18 62
18 63
18 64
18 71
18 72
18 73
18 74
18 76
18 77
18 79
18 80
18 83
18 85
18 87
18 88
18 89
18 90
18 91
18 93
18 94
18 96
18 97
18 101
18 104
18 105
18 107
18 111
18 114
18 116
18 122
18 125
18 126
18 127
18 130
18 134
18 138
18 140
18 145
18 147
18 149
18 151
18 152
18 153
18 154
18 155
18 156
18 157
18 161
18 162
18 164
19 20
19 21
19 25
19 26
19 28
19 30
19 33
19 35
19 37
19 41
19 47
19 52
19 54
19 55
19 56
19 57
19 58
19 60
19 62
19 63
19 66
19 67
19 69
19 73
19 74
19 76
19 77
19 79
19 82
19 83
19 84
19 86
19 88
19 93
19 95
19 97
19 99
19 104
19 105
19 106
19 107
19 108
19 109
19 110
19 112
19 114
19 115
19 117
19 118
19 119
19 120
19 121
19 122
19 123
19 132
19 134
19 135
19 136
19 137
19 144
19 146
19 149
19 153
19 158
19 161
20 22
20 24
20 25
20 26
20 27
20 32
20 33
20 38
20 41
20 44
20 47
20 49
20 52
20 54
20 59
20 61
20 62
20 65
20 66
20 68
20 69
20 72
20 74
20 75
20 78
20 80
20 86
20 87
20 95
20 97
20 98
20 100
20 101
20 104
20 105
20 106
20 107
20 113
20 114
20 117
20 119
20 122
20 124
20 125
20 126
20 128
20 140
20 142
20 146
20 150
20 151
20 156
20 158
20 159
20 161
20 162
20 163
21 22
21 23
21 28
21 34
21 40
21 43
21 49
21 50
21 52
21 54
21 63
21 65
21 67
21 68
21 69
21 71
21 72
21 73
21 76
21 77
21 78
21 79
21 80
21 81
21 82
21 83
21 84
21 86
21 87
21 93
21 99
21 101
21 105
21 109
21 111
21 112
21 113
21 115
21 117
21 118
21 124
21 126
21 133
21 134
21 135
21 136
21 137
21 141
21 143
21 147
21 148
21 151
21 156
21 159
21 162
21 163
22 23
22 24
22 26
22 31
22 34
22 36
22 37
22 39
22 41
22 42
22 45
22 46
22 48
22 50
22 52
22 54
22 59
22 61
22 62
22 63
22 64
22 65
22 66
22 67
22 70
22 74
22 75
22 77
22 78
22 79
22 80
22 81
22 84
22 86
22 90
22 93
22 95
22 100
22 103
22 104
22 108
22 110
22 113
22 115
22 116
22 118
22 121
22 122
22 125
22 126
22 127
22 128
22 129
22 136
22 138
22 139
22 141
22 146
22 148
22 149
22 152
22 154
22 155
22 158
22 161
22 164
23 29
23 31
23 32
23 35
23 38
23 40
23 43
23 44
23 45
23 46
23 48
23 53
23 54
23 55
23 56
23 58
23 61
23 62
23 66
23 70
23 72
23 73
23 76
23 78
23 79
23 80
23 84
23 85
23 87
23 88
23 89
23 90
23 91
23 92
23 93
23 94
23 95
23 96
23 98
23 101
23 102
23 104
23 106
23 110
23 113
23 118
23 121
23 125
23 128
23 129
23 135
23 137
23 141
23 143
23 144
23 145
23 147
23 149
23 151
23 153
23 154
23 155
23 159
23 161
23 162
23 163
23 164
24 29
24 30
24 31
24 36
24 39
24 42
24 46
24 48
24 50
24 54
24 56
24 64
24 65
24 68
24 71
24 73
24 74
24 75
24 78
24 79
24 80
24 85
24 90
24 92
24 94
24 97
24 98
24 100
24 101
24 102
24 103
24 109
24 114
24 116
24 118
24 119
24 120
24 122
24 123
24 125
24 132
24 134
24 135
24 137
24 139
24 140
24 143
24 144
24 145
24 148
24 151
24 155
24 157
24 158
24 160
24 163
25 26
25 30
25 32
25 33
25 35
25 36
25 37
25 39
25 40
25 45
25 49
25 56
25 57
25 60
25 61
25 63
25 65
25 71
25 75
25 76
25 79
25 80
25 82
25 83
25 85
25 86
25 87
25 89
25 90
25 91
25 93
25 95
25 96
25 103
25 104
25 105
25 106
25 107
25 108
25 109
25 114
25 115
25 117
25 119
25 121
25 128
25 132
25 136
25 141
25 143
25 144
25 145
25 146
25 148
25 150
25 151
25 152
25 159
25 161
25 163
26 27
26 33
26 35
26 37
26 40
26 41
26 44
26 46
26 48
26 49
26 54
26 57
26 60
26 63
26 67
26 68
26 69
26 70
26 76
26 79
26 81
26 84
26 85
26 87
26 89
26 90
26 92
26 100
26 103
26 107
26 120
26 121
26 123
26 124
26 125
26 129
26 133
26 136
26 137
26 138
26 139
26 140
26 141
26 147
26 148
26 149
26 150
26 155
26 160
26 162
26 164
27 28
27 29
27 30
27 31
27 33
27 34
27 36
27 37
27 39
27 41
27 46
27 48
27 50
27 59
27 62
27 64
27 65
27 69
27 74
27 75
27 76
27 78
27 82
27 83
27 84
27 86
27 88
27 91
27 92
27 93
27 99
27 106
27 109
27 112
27 115
27 117
27 124
27 126
27 128
27 129
27 130
27 131
27 135
27 137
27 138
27 139
27 140
27 142
27 143
27 145
27 146
27 150
27 153
27 154
27 155
27 156
27 157
27 158
27 163
27 164
28 29
28 31
28 33
28 34
28 35
28 36
28 38
28 39
28 40
28 41
28 42
28 45
28 56
28 57
28 58
28 59
28 65
28 67
28 68
28 69
28 70
28 74
28 78
28 80
28 82
28 87
28 89
28 92
28 93
28 95
28 104
28 105
28 108
28 111
28 113
28 114
28 117
28 120
28 121
28 124
28 125
28 130
28 131
28 135
28 138
28 140
28 143
28 145
28 147
28 148
28 149
28 152
28 155
28 156
28 157
28 159
28 161
28 163
29 32
29 35
29 38
29 39
29 40
29 41
29 42
29 43
29 46
29 47
29 49
29 53
29 61
29 66
29 70
29 71
29 72
29 73
29 74
29 75
29 77
29 78
29 80
29 81
29 84
29 85
29 86
29 89
29 91
29 94
29 95
29 100
29 103
29 107
29 108
29 109
29 112
29 113
29 115
29 120
29 121
29 127
29 130
29 131
29 132
29 133
29 134
29 135
29 138
29 139
29 143
29 144
29 145
29 148
29 151
29 155
29 157
29 158
29 160
29 164
30 31
30 34
30 37
30 40
30 43
30 44
30 45
30 46
30 47
30 51
30 56
30 61
30 65
30 67
30 68
30 73
30 77
30 78
30 85
30 86
30 87
30 90
30 92
30 93
30 94
30 96
30 97
30 98
30 102
30 103
30 105
30 106
30 109
30 112
30 113
30 117
30 118
30 121
30 126
30 128
30 130
30 132
30 134
30 138
30 140
30 142
30 143
30 144
30 145
30 149
30 151
30 152
30 157
30 159
30 163
31 35
31 36
31 39
31 40
31 42
31 44
31 49
31 55
31 56
31 58
31 59
31 61
31 63
31 64
31 65
31 66
31 67
31 71
31 73
31 74
31 78
31 80
31 82
31 86
31 89
31 98
31 99
31 111
31 113
31 116
31 117
31 118
31 121
31 122
31 125
31 126
31 129
31 132
31 138
31 139
31 142
31 143
31 144
31 146
31 148
31 151
31 153
31 154
31 159
31 160
31 162
31 163
31 164
32 35
32 37
32 38
32 41
32 42
32 50
32 51
32 52
32 53
32 54
32 56
32 57
32 58
32 64
32 68
32 73
32 75
32 78
32 80
32 83
32 84
32 88
32 92
32 93
32 99
32 104
32 105
32 106
32 108
32 110
32 111
32 113
32 114
32 120
32 123
32 124
32 126
32 127
32 129
32 131
32 137
32 140
32 141
32 142
32 143
32 144
32 145
32 146
32 151
32 153
32 154
32 155
32 160
32 161
32 164
33 34
33 37
33 38
33 39
33 42
33 50
33 52
33 56
33 63
33 64
33 67
33 71
33 72
33 73
33 74
33 76
33 80
33 82
33 84
33 85
33 86
33 88
33 90
33 91
33 96
33 100
33 102
33 104
33 106
33 108
33 109
33 112
33 113
33 114
33 117
33 118
33 121
33 124
33 125
33 126
33 127
33 128
33 129
33 130
33 133
33 137
33 141
33 142
33 144
33 146
33 149
33 151
33 153
33 155
33 157
34 35
34 36
34 38
34 42
34 43
34 44
34 45
34 48
34 50
34 51
34 53
34 56
34 57
34 59
34 62
34 64
34 65
34 67
34 71
34 73
34 77
34 79
34 80
34 81
34 82
34 86
34 88
34 89
34 90
34 92
34 95
34 97
34 100
34 102
34 105
34 110
34 111
34 112
34 115
34 117
34 118
34 121
34 122
34 126
34 128
34 129
34 131
34 133
34 135
34 144
34 146
34 147
34 149
34 152
34 153
34 157
34 159
34 160
35 39
35 40
35 45
35 46
35 47
35 48
35 49
35 50
35 51
35 54
35 56
35 57
35 58
35 59
35 61
35 64
35 68
35 73
35 74
35 75
35 79
35 86
35 87
35 94
35 95
35 101
35 102
35 103
35 105
35 107
35 108
35 113
35 116
35 117
35 118
35 119
35 121
35 122
35 123
35 130
35 135
35 136
35 137
35 138
35 139
35 141
35 142
35 143
35 146
35 149
35 150
35 151
35 152
35 154
35 157
35 162
36 48
36 51
36 53
36 57
36 60
36 61
36 66
36 67
36 69
36 72
36 73
36 75
36 76
36 78
36 82
36 83
36 84
36 85
36 87
36 89
36 93
36 97
36 100
36 101
36 102
36 103
36 105
36 112
36 113
36 116
36 118
36 123
36 124
36 126
36 128
36 130
36 134
36 137
36 138
36 140
36 141
36 142
36 143
36 145
36 146
36 148
36 150
36 151
36 152
36 153
36 154
36 155
36 159
36 161
36 162
36 164
37 38
37 39
37 43
37 44
37 45
37 54
37 55
37 56
37 59
37 61
37 62
37 65
37 66
37 69
37 70
37 73
37 74
37 76
37 81
37 85
37 86
37 88
37 90
37 91
37 96
37 98
37 100
37 102
37 103
37 104
37 105
37 106
37 112
37 115
37 117
37 119
37 121
37 123
37 124
37 125
37 127
37 128
37 133
37 137
37 138
37 144
37 147
37 148
37 151
37 152
37 156
37 158
37 159
37 160
37 161
38 39
38 40
38 43
38 46
38 48
38 51
38 60
38 61
38 63
38 66
38 70
38 77
38 78
38 79
38 80
38 81
38 82
38 84
38 86
38 88
38 91
38 93
38 94
38 95
38 100
38 106
38 108
38 109
38 110
38 111
38 113
38 114
38 115
38 117
38 118
38 122
38 125
38 126
38 129
38 130
38 132
38 133
38 140
38 142
38 144
38 145
38 146
38 152
38 154
38 159
38 160
38 161
38 164
39 42
39 45
39 47
39 48
39 49
39 50
39 51
39 55
39 58
39 60
39 61
39 62
39 63
39 66
39 68
39 73
39 76
39 77
39 80
39 81
39 83
39 85
39 87
39 88
39 94
39 95
39 98
39 100
39 101
39 102
39 104
39 105
39 107
39 110
39 112
39 113
39 117
39 118
39 122
39 123
39 124
39 127
39 131
39 134
39 141
39 142
39 143
39 144
39 146
39 147
39 148
39 149
39 150
39 151
39 153
39 156
39 157
39 162
40 42
40 45
40 46
40 50
40 57
40 58
40 61
40 63
40 66
40 67
40 70
40 71
40 72
40 75
40 77
40 78
40 79
40 81
40 82
40 84
40 85
40 90
40 94
40 97
40 98
40 99
40 109
40 111
40 112
40 114
40 116
40 117
40 118
40 120
40 121
40 125
40 126
40 128
40 129
40 130
40 131
40 132
40 133
40 135
40 136
40 137
40 141
40 142
40 146
40 147
40 148
40 150
40 151
40 152
40 155
40 156
40 160
40 161
40 162
40 163
40 164
41 42
41 43
41 46
41 49
41 50
41 52
41 54
41 56
41 57
41 59
41 60
41 66
41 72
41 75
41 76
41 77
41 81
41 83
41 86
41 87
41 88
41 91
41 93
41 96
41 98
41 100
41 101
41 103
41 105
41 106
41 107
41 111
41 113
41 115
41 117
41 121
41 124
41 125
41 127
41 132
41 134
41 136
41 138
41 140
41 141
41 142
41 143
41 144
41 147
41 149
41 152
41 155
41 156
41 157
41 159
41 160
41 161
41 162
41 163
42 43
42 46
42 47
42 55
42 59
42 61
42 62
42 64
42 66
42 68
42 70
42 72
42 75
42 76
42 80
42 81
42 83
42 84
42 90
42 91
42 95
42 96
42 100
42 106
42 109
42 112
42 113
42 116
42 117
42 118
42 120
42 121
42 122
42 123
42 125
42 126
42 128
42 129
42 131
42 133
42 137
42 141
42 142
42 145
42 147
42 153
42 155
42 156
42 157
42 159
42 160
43 45
43 46
43 49
43 51
43 54
43 56
43 58
43 62
43 63
43 64
43 65
43 66
43 67
43 69
43 75
43 77
43 81
43 82
43 85
43 87
43 88
43 91
43 93
43 97
43 99
43 100
43 101
43 102
43 103
43 106
43 108
43 111
43 112
43 114
43 115
43 125
43 128
43 129
43 130
43 131
43 132
43 134
43 136
43 139
43 146
43 150
43 152
43 155
43 163
44 51
44 54
44 59
44 66
44 67
44 73
44 74
44 76
44 77
44 78
44 81
44 83
44 90
44 91
44 92
44 93
44 94
44 97
44 99
44 100
44 101
44 103
44 108
44 114
44 118
44 119
44 121
44 122
44 128
44 130
44 132
44 134
44 136
44 137
44 138
44 139
44 141
44 142
44 145
44 156
44 161
44 162
44 163
45 47
45 48
45 51
45 54
45 56
45 57
45 60
45 63
45 68
45 73
45 78
45 79
45 80
45 81
45 82
45 85
45 87
45 88
45 89
45 90
45 92
45 93
45 97
45 100
45 103
45 105
45 109
45 110
45 111
45 112
45 113
45 115
45 118
45 119
45 122
45 129
45 130
45 132
45 133
45 134
45 144
45 148
45 150
45 151
45 163
45 164
46 47
46 48
46 50
46 63
46 64
46 65
46 66
46 68
46 70
46 73
46 75
46 76
46 78
46 80
46 82
46 84
46 85
46 86
46 87
46 90
46 95
46 96
46 98
46 102
46 104
46 109
46 110
46 112
46 115
46 120
46 123
46 124
46 131
46 132
46 136
46 137
46 139
46 141
46 142
46 144
46 145
46 146
46 147
46 148
46 149
46 150
46 151
46 153
46 157
46 160
47 49
47 50
47 52
47 53
47 56
47 57
47 58
47 59
47 60
47 61
47 63
47 66
47 69
47 70
47 71
47 73
47 74
47 78
47 79
47 82
47 91
47 92
47 96
47 97
47 101
47 104
47 106
47 107
47 113
47 114
47 120
47 125
47 128
47 129
47 130
47 132
47 133
47 138
47 139
47 142
47 143
47 145
47 149
47 152
47 153
47 155
47 159
47 160
47 161
47 163
48 49
48 51
48 56
48 63
48 64
48 65
48 68
48 69
48 70
48 71
48 73
48 78
48 79
48 80
48 82
48 83
48 84
48 85
48 86
48 88
48 91
48 93
48 95
48 96
48 98
48 99
48 100
48 103
48 104
48 106
48 108
48 109
48 111
48 114
48 116
48 118
48 122
48 123
48 125
48 126
48 127
48 128
48 131
48 133
48 136
48 139
48 143
48 148
48 150
48 152
48 154
48 156
48 158
48 162
48 163
49 52
49 53
49 62
49 66
49 67
49 68
49 69
49 70
49 71
49 72
49 73
49 75
49 86
49 88
49 89
49 90
49 91
49 92
49 93
49 100
49 101
49 102
49 103
49 105
49 106
49 107
49 108
49 112
49 115
49 117
49 123
49 125
49 126
49 130
49 132
49 134
49 135
49 141
49 146
49 147
49 148
49 150
49 152
49 154
49 155
49 157
49 163
50 53
50 54
50 55
50 57
50 61
50 64
50 66
50 67
50 68
50 69
50 73
50 75
50 76
50 80
50 82
50 84
50 90
50 91
50 94
50 96
50 97
50 98
50 99
50 102
50 104
50 107
50 110
50 112
50 114
50 115
50 116
50 117
50 126
50 129
50 131
50 132
50 135
50 136
50 139
50 140
50 141
50 142
50 143
50 147
50 149
50 150
50 152
50 157
50 159
51 52
51 53
51 54
51 57
51 59
51 63
51 67
51 69
51 70
51 72
51 73
51 76
51 77
51 78
51 83
51 85
51 87
51 88
51 89
51 90
51 92
51 95
51 97
51 99
51 105
51 108
51 114
51 115
51 116
51 118
51 122
51 123
51 127
51 132
51 133
51 137
51 138
51 139
51 140
51 143
51 144
51 145
51 146
51 149
51 155
51 156
51 157
51 160
51 161
51 162
51 163
52 54
52 55
52 56
52 57
52 61
52 64
52 67
52 68
52 72
52 73
52 74
52 77
52 78
52 80
52 81
52 82
52 85
52 87
52 89
52 90
52 96
52 97
52 99
52 100
52 101
52 103
52 105
52 106
52 111
52 115
52 117
52 118
52 119
52 122
52 128
52 133
52 134
52 135
52 138
52 142
52 144
52 145
52 147
52 148
52 149
52 150
52 151
52 153
52 154
52 155
52 156
52 157
52 159
53 54
53 56
53 60
53 61
53 64
53 66
53 68
53 71
53 72
53 76
53 77
53 80
53 81
53 83
53 84
53 87
53 88
53 89
53 91
53 92
53 96
53 97
53 98
53 100
53 101
53 103
53 104
53 110
53 112
53 117
53 119
53 120
53 122
53 123
53 124
53 127
53 128
53 132
53 134
53 139
53 140
53 141
53 142
53 143
53 148
53 152
53 153
53 154
53 157
53 160
53 164
54 56
54 57
54 58
54 60
54 63
54 65
54 67
54 68
54 71
54 74
54 76
54 77
54 79
54 81
54 82
54 83
54 86
54 88
54 92
54 93
54 99
54 101
54 105
54 106
54 108
54 110
54 114
54 115
54 117
54 118
54 121
54 122
54 123
54 125
54 126
54 130
54 131
54 136
54 139
54 145
54 147
54 152
54 155
54 157
55 56
55 60
55 62
55 65
55 68
55 69
55 72
55 74
55 75
55 78
55 79
55 81
55 84
55 85
55 88
55 89
55 90
55 93
55 95
55 97
55 98
55 101
55 103
55 107
55 108
55 109
55 112
55 113
55 114
55 115
55 117
55 118
55 119
55 120
55 121
55 128
55 133
55 136
55 137
55 138
55 141
55 143
55 144
55 146
55 149
55 150
55 151
55 152
55 153
55 154
55 156
55 158
55 159
55 162
56 57
56 60
56 65
56 66
56 69
56 70
56 71
56 75
56 78
56 79
56 81
56 83
56 85
56 87
56 89
56 90
56 92
56 95
56 96
56 97
56 100
56 101
56 104
56 106
56 107
56 109
56 111
56 114
56 116
56 117
56 119
56 121
56 129
56 130
56 132
56 135
56 137
56 140
56 144
56 145
56 146
56 150
56 152
56 157
56 158
56 159
56 160
56 163
57 61
57 62
57 63
57 66
57 68
57 76
57 77
57 79
57 80
57 82
57 86
57 88
57 91
57 92
57 93
57 95
57 98
57 99
57 102
57 103
57 105
57 107
57 108
57 111
57 112
57 114
57 119
57 121
57 122
57 123
57 125
57 127
57 128
57 132
57 133
57 134
57 135
57 137
57 141
57 146
57 147
57 149
57 150
57 151
57 154
57 157
57 159
57 160
57 161
57 163
58 66
58 68
58 69
58 71
58 74
58 77
58 80
58 81
58 83
58 84
58 85
58 86
58 88
58 89
58 90
58 96
58 99
58 100
58 103
58 109
58 112
58 113
58 116
58 118
58 120
58 121
58 127
58 128
58 129
58 131
58 134
58 137
58 139
58 140
58 144
58 145
58 146
58 149
58 150
58 153
58 155
58 156
58 157
58 158
58 159
58 161
59 64
59 69
59 71
59 73
59 77
59 78
59 80
59 83
59 84
59 87
59 91
59 93
59 96
59 98
59 99
59 104
59 107
59 108
59 109
59 113
59 116
59 118
59 119
59 120
59 121
59 122
59 123
59 130
59 133
59 134
59 137
59 138
59 139
59 140
59 141
59 143
59 145
59 148
59 150
59 151
59 153
59 154
59 155
59 156
59 158
59 159
59 161
59 162
59 164
60 62
60 67
60 70
60 71
60 77
60 82
60 83
60 84
60 85
60 91
60 94
60 95
60 98
60 99
60 101
60 102
60 105
60 106
60 112
60 120
60 121
60 125
60 126
60 135
60 137
60 138
60 139
60 140
60 142
60 148
60 152
60 155
60 157
60 159
61 66
61 68
61 69
61 70
61 71
61 78
61 85
61 86
61 89
61 90
61 91
61 93
61 100
61 104
61 106
61 108
61 110
61 115
61 121
61 123
61 125
61 126
61 128
61 129
61 130
61 131
61 140
61 141
61 144
61 146
61 151
61 153
61 160
61 161
61 162
61 163
62 67
62 68
62 75
62 77
62 78
62 79
62 80
62 82
62 83
62 84
62 86
62 87
62 89
62 91
62 98
62 99
62 100
62 101
62 102
62 104
62 105
62 106
62 107
62 108
62 109
62 110
62 112
62 117
62 118
62 119
62 120
62 121
62 122
62 123
62 127
62 129
62 133
62 136
62 137
62 138
62 140
62 143
62 144
62 146
62 147
62 150
62 156
62 158
62 160
62 162
62 164
63 65
63 72
63 73
63 77
63 80
63 82
63 83
63 84
63 86
63 87
63 88
63 92
63 93
63 96
63 100
63 101
63 102
63 103
63 106
63 107
63 108
63 110
63 116
63 118
63 119
63 123
63 124
63 125
63 127
63 129
63 131
63 132
63 133
63 134
63 136
63 138
63 140
63 141
63 145
63 146
63 152
63 156
63 158
63 159
63 163
64 66
64 67
64 68
64 69
64 70
64 73
64 75
64 77
64 79
64 83
64 90
64 91
64 94
64 97
64 98
64 99
64 101
64 103
64 104
64 105
64 106
64 109
64 111
64 112
64 118
64 119
64 120
64 121
64 122
64 123
64 124
64 125
64 126
64 127
64 129
64 132
64 135
64 138
64 139
64 142
64 143
64 144
64 145
64 146
64 149
64 153
64 154
64 155
64 156
64 157
65 68
65 70
65 72
65 73
65 79
65 90
65 92
65 93
65 94
65 95
65 98
65 100
65 101
65 104
65 105
65 106
65 107
65 108
65 112
65 115
65 116
65 117
65 123
65 124
65 126
65 128
65 130
65 132
65 133
65 141
65 143
65 144
65 145
65 146
65 149
65 150
65 151
65 153
65 155
65 156
65 162
65 163
66 67
66 69
66 73
66 75
66 76
66 78
66 80
66 81
66 82
66 83
66 84
66 86
66 91
66 95
66 96
66 98
66 99
66 100
66 106
66 107
66 108
66 109
66 112
66 114
66 116
66 118
66 119
66 124
66 127
66 128
66 132
66 133
66 137
66 138
66 139
66 144
66 147
66 149
66 150
66 155
66 156
66 158
66 164
67 68
67 69
67 71
67 72
67 76
67 77
67 86
67 87
67 89
67 90
67 92
67 97
67 100
67 103
67 104
67 105
67 112
67 113
67 114
67 117
67 118
67 121
67 122
67 124
67 125
67 126
67 127
67 128
67 129
67 130
67 131
67 132
67 133
67 134
67 135
67 139
67 141
67 142
67 144
67 146
67 149
67 150
67 153
67 155
67 158
67 160
67 162
68 69
68 72
68 74
68 78
68 79
68 84
68 86
68 88
68 91
68 92
68 97
68 101
68 102
68 104
68 107
68 108
68 109
68 112
68 114
68 115
68 117
68 118
68 119
68 121
68 122
68 127
68 130
68 131
68 132
68 134
68 135
68 143
68 144
68 150
68 151
68 152
68 155
68 160
68 161
68 162
69 70
69 74
69 75
69 76
69 77
69 79
69 80
69 81
69 83
69 84
69 85
69 91
69 92
69 93
69 94
69 95
69 96
69 97
69 98
69 99
69 100
69 103
69 104
69 107
69 109
69 110
69 111
69 112
69 114
69 117
69 118
69 120
69 123
69 124
69 125
69 127
69 129
69 133
69 135
69 137
69 138
69 140
69 142
69 143
69 144
69 145
69 146
69 148
69 150
69 151
69 157
69 163
69 164
70 71
70 73
70 74
70 75
70 76
70 78
70 81
70 85
70 88
70 92
70 97
70 98
70 99
70 102
70 103
70 105
70 109
70 110
70 114
70 117
70 122
70 127
70 131
70 132
70 134
70 135
70 136
70 140
70 142
70 145
70 148
70 149
70 150
70 151
70 154
70 158
70 164
71 74
71 75
71 79
71 81
71 82
71 85
71 86
71 88
71 92
71 95
71 96
71 101
71 102
71 103
71 104
71 105
71 111
71 112
71 116
71 118
71 122
71 125
71 130
71 132
71 134
71 135
71 136
71 137
71 140
71 141
71 142
71 144
71 147
71 148
71 150
71 153
71 156
71 157
71 158
71 160
71 163
71 164
72 76
72 79
72 80
72 81
72 82
72 84
72 86
72 93
72 94
72 95
72 97
72 98
72 100
72 101
72 105
72 106
72 107
72 109
72 112
72 117
72 120
72 121
72 124
72 126
72 130
72 131
72 132
72 134
72 135
72 136
72 137
72 138
72 145
72 146
72 150
72 153
72 154
72 156
72 158
72 161
73 75
73 77
73 78
73 79
73 80
73 83
73 84
73 86
73 87
73 88
73 90
73 92
73 93
73 94
73 97
73 99
73 100
73 101
73 103
73 105
73 108
73 109
73 110
73 114
73 116
73 118
73 120
73 126
73 127
73 130
73 133
73 134
73 135
73 136
73 137
73 139
73 143
73 147
73 148
73 149
73 152
73 155
73 156
73 157
73 158
73 159
73 160
73 163
74 75
74 76
74 79
74 80
74 82
74 83
74 85
74 86
74 89
74 90
74 91
74 92
74 93
74 94
74 98
74 101
74 102
74 104
74 105
74 107
74 109
74 117
74 121
74 123
74 124
74 127
74 128
74 130
74 131
74 133
74 135
74 136
74 137
74 139
74 145
74 148
74 149
74 156
74 160
74 164
75 78
75 79
75 86
75 87
75 88
75 89
75 90
75 93
75 95
75 96
75 98
75 102
75 103
75 104
75 107
75 109
75 110
75 111
75 112
75 113
75 114
75 117
75 118
75 123
75 126
75 127
75 128
75 129
75 130
75 131
75 134
75 136
75 139
75 141
75 142
75 148
75 151
75 152
75 153
75 154
75 156
75 157
75 162
75 163
76 77
76 79
76 80
76 81
76 86
76 88
76 89
76 93
76 94
76 96
76 97
76 100
76 103
76 108
76 109
76 110
76 111
76 112
76 115
76 116
76 118
76 120
76 123
76 125
76 126
76 130
76 131
76 132
76 133
76 135
76 137
76 138
76 141
76 142
76 144
76 145
76 148
76 150
76 151
76 152
76 153
76 154
76 156
76 157
76 159
77 79
77 80
77 82
77 92
77 93
77 94
77 95
77 96
77 98
77 101
77 102
77 105
77 107
77 108
77 112
77 113
77 114
77 115
77 117
77 119
77 131
77 135
77 143
77 144
77 148
77 151
77 152
77 153
77 157
77 158
77 161
77 162
78 80
78 82
78 84
78 86
78 93
78 97
78 98
78 100
78 101
78 102
78 103
78 107
78 109
78 116
78 119
78 120
78 121
78 122
78 123
78 124
78 127
78 128
78 140
78 142
78 143
78 144
78 146
78 147
78 149
78 150
78 151
78 152
78 154
78 156
78 157
78 158
78 161
79 81
79 83
79 84
79 86
79 88
79 89
79 93
79 97
79 98
79 99
79 100
79 101
79 105
79 106
79 108
79 110
79 111
79 112
79 116
79 117
79 121
79 122
79 124
79 126
79 128
79 131
79 132
79 134
79 135
79 139
79 141
79 143
79 146
79 149
79 151
79 152
79 155
79 158
79 159
79 162
79 164
80 82
80 87
80 88
80 91
80 92
80 93
80 95
80 96
80 101
80 102
80 109
80 110
80 112
80 114
80 117
80 118
80 119
80 120
80 121
80 123
80 124
80 125
80 126
80 127
80 131
80 134
80 137
80 140
80 143
80 145
80 146
80 147
80 149
80 150
80 153
80 155
80 156
80 163
80 164
81 82
81 90
81 91
81 93
81 96
81 98
81 99
81 104
81 107
81 108
81 113
81 114
81 117
81 119
81 120
81 123
81 126
81 130
81 135
81 137
81 138
81 141
81 144
81 147
81 148
81 149
81 151
81 153
81 163
81 164
82 84
82 85
82 86
82 87
82 88
82 89
82 90
82 91
82 93
82 94
82 96
82 98
82 99
82 101
82 102
82 103
82 104
82 107
82 109
82 111
82 112
82 113
82 115
82 120
82 121
82 122
82 123
82 124
82 125
82 131
82 132
82 133
82 135
82 136
82 138
82 139
82 140
82 142
82 145
82 147
82 153
82 156
82 160
82 162
83 85
83 86
83 87
83 91
83 92
83 95
83 97
83 98
83 100
83 101
83 104
83 105
83 106
83 109
83 111
83 112
83 117
83 118
83 119
83 121
83 124
83 126
83 127
83 129
83 131
83 132
83 136
83 137
83 138
83 140
83 143
83 144
83 146
83 147
83 149
83 152
83 153
83 154
83 159
83 160
83 161
83 162
83 163
84 86
84 88
84 91
84 97
84 100
84 101
84 104
84 107
84 112
84 117
84 119
84 121
84 123
84 124
84 125
84 127
84 128
84 132
84 134
84 138
84 139
84 141
84 142
84 146
84 149
84 151
84 153
84 154
84 158
84 159
84 160
84 164
85 88
85 89
85 90
85 91
85 92
85 95
85 97
85 98
85 101
85 102
85 103
85 111
85 117
85 119
85 120
85 123
85 133
85 134
85 136
85 138
85 140
85 141
85 144
85 145
85 146
85 147
85 148
85 149
85 151
85 153
85 156
85 158
85 159
85 161
85 162
85 163
86 88
86 90
86 92
86 93
86 94
86 95
86 98
86 100
86 101
86 103
86 105
86 106
86 107
86 108
86 109
86 111
86 113
86 114
86 115
86 117
86 118
86 124
86 129
86 130
86 132
86 134
86 135
86 137
86 140
86 142
86 143
86 144
86 145
86 148
86 149
86 151
86 152
86 155
86 156
86 157
86 159
86 160
86 161
86 162
86 164
87 88
87 89
87 91
87 92
87 93
87 95
87 97
87 99
87 100
87 104
87 106
87 107
87 114
87 115
87 118
87 120
87 121
87 122
87 123
87 125
87 128
87 132
87 135
87 137
87 141
87 142
87 145
87 146
87 147
87 149
87 152
87 154
87 155
87 156
87 157
87 160
87 162
88 89
88 98
88 104
88 105
88 107
88 108
88 110
88 114
88 119
88 122
88 123
88 125
88 130
88 131
88 133
88 135
88 136
88 141
88 142
88 143
88 144
88 149
88 150
88 154
88 155
88 157
88 161
88 162
88 163
88 164
89 90
89 93
89 98
89 99
89 100
89 101
89 102
89 103
89 104
89 106
89 111
89 114
89 115
89 116
89 118
89 120
89 121
89 122
89 123
89 124
89 125
89 129
89 131
89 132
89 136
89 137
89 138
89 139
89 140
89 143
89 144
89 145
89 155
89 156
89 158
89 159
89 160
89 163
90 91
90 92
90 94
90 97
90 99
90 101
90 109
90 117
90 118
90 120
90 121
90 122
90 123
90 127
90 128
90 129
90 132
90 135
90 136
90 141
90 142
90 143
90 146
90 148
90 149
90 150
90 151
90 152
90 155
90 158
90 162
91 94
91 97
91 98
91 99
91 102
91 103
91 104
91 105
91 121
91 122
91 123
91 126
91 127
91 129
91 132
91 134
91 136
91 137
91 140
91 141
91 144
91 149
91 153
91 158
91 160
91 162
92 93
92 94
92 96
92 98
92 100
92 101
92 104
92 105
92 107
92 108
92 111
92 112
92 113
92 114
92 115
92 118
92 119
92 123
92 125
92 126
92 130
92 132
92 134
92 138
92 139
92 140
92 141
92 147
92 148
92 149
92 150
92 151
92 155
92 158
92 163
93 94
93 95
93 98
93 102
93 103
93 106
93 107
93 108
93 109
93 113
93 114
93 115
93 118
93 123
93 124
93 127
93 129
93 131
93 136
93 137
93 144
93 145
93 149
93 153
93 154
93 156
93 159
93 161
93 162
93 163
93 164
94 99
94 100
94 103
94 105
94 107
94 110
94 117
94 118
94 119
94 123
94 124
94 125
94 126
94 128
94 129
94 130
94 131
94 132
94 135
94 138
94 141
94 142
94 143
94 145
94 146
94 147
94 149
94 150
94 152
94 153
94 154
94 155
94 156
94 159
94 160
94 162
95 98
95 100
95 105
95 107
95 108
95 110
95 111
95 113
95 116
95 117
95 118
95 119
95 123
95 125
95 126
95 127
95 128
95 129
95 130
95 132
95 133
95 134
95 135
95 137
95 138
95 139
95 141
95 142
95 143
95 145
95 146
95 149
95 151
95 152
95 153
95 156
95 159
95 162
95 163
95 164
96 98
96 99
96 103
96 104
96 113
96 117
96 118
96 119
96 124
96 126
96 128
96 132
96 134
96 136
96 138
96 140
96 141
96 142
96 147
96 148
96 151
96 152
96 154
96 155
96 157
96 160
96 161
96 162
97 100
97 101
97 102
97 108
97 111
97 113
97 114
97 115
97 116
97 117
97 122
97 127
97 129
97 132
97 133
97 135
97 136
97 138
97 139
97 142
97 143
97 144
97 146
97 149
97 152
97 158
97 164
98 103
98 106
98 108
98 110
98 111
98 115
98 116
98 117
98 118
98 120
98 121
98 123
98 125
98 127
98 129
98 132
98 134
98 136
98 138
98 139
98 140
98 141
98 142
98 143
98 146
98 147
98 150
98 152
98 154
98 155
98 157
98 158
98 159
98 161
98 162
98 164
99 103
99 104
99 109
99 110
99 113
99 115
99 118
99 122
99 124
99 125
99 126
99 128
99 130
99 133
99 135
99 138
99 139
99 140
99 141
99 143
99 146
99 147
99 150
99 152
99 156
99 158
99 159
99 161
99 163
99 164
100 103
100 104
100 105
100 110
100 112
100 118
100 119
100 121
100 124
100 126
100 128
100 132
100 133
100 134
100 135
100 137
100 144
100 147
100 149
100 150
100 152
100 154
100 155
100 156
100 158
100 159
100 161
100 163
101 103
101 104
101 107
101 110
101 112
101 113
101 115
101 116
101 119
101 121
101 123
101 128
101 129
101 133
101 134
101 135
101 141
101 142
101 144
101 146
101 147
101 152
101 155
101 156
101 157
101 159
101 162
101 164
102 103
102 105
102 113
102 115
102 118
102 119
102 121
102 123
102 124
102 125
102 128
102 131
102 132
102 133
102 134
102 135
102 137
102 139
102 140
102 143
102 146
102 150
102 153
102 154
102 155
102 156
102 159
102 162
102 164
103 104
103 106
103 109
103 112
103 116
103 117
103 118
103 120
103 123
103 124
103 126
103 127
103 130
103 131
103 134
103 135
103 136
103 137
103 138
103 139
103 141
103 143
103 144
103 149
103 152
103 153
103 154
103 156
103 161
104 105
104 106
104 108
104 111
104 113
104 115
104 119
104 120
104 121
104 122
104 124
104 128
104 132
104 133
104 136
104 139
104 140
104 141
104 147
104 153
104 154
104 155
104 156
104 157
104 160
104 162
104 163
105 106
105 110
105 111
105 113
105 114
105 117
105 120
105 125
105 127
105 129
105 132
105 133
105 134
105 136
105 140
105 142
105 145
105 148
105 149
105 153
105 155
105 157
105 158
105 159
105 160
105 161
105 162
105 164
106 113
106 126
106 127
106 129
106 135
106 136
106 141
106 142
106 146
106 148
106 149
106 151
106 153
106 154
106 156
106 157
106 158
106 164
107 109
107 112
107 113
107 115
107 116
107 120
107 122
107 125
107 126
107 133
107 134
107 135
107 136
107 137
107 139
107 140
107 145
107 146
107 148
107 149
107 150
107 152
107 153
107 154
107 158
107 161
108 110
108 112
108 114
108 115
108 117
108 119
108 122
108 123
108 125
108 126
108 129
108 130
108 131
108 132
108 133
108 134
108 138
108 143
108 144
108 145
108 146
108 147
108 148
108 149
108 151
108 154
108 158
108 160
108 162
109 113
109 114
109 115
109 119
109 122
109 125
109 127
109 128
109 129
109 133
109 134
109 137
109 143
109 145
109 149
109 154
109 159
109 161
109 162
109 163
110 111
110 112
110 113
110 115
110 117
110 122
110 123
110 126
110 129
110 130
110 132
110 134
110 135
110 136
110 137
110 140
110 142
110 143
110 148
110 149
110 150
110 153
110 154
110 155
110 156
110 157
110 159
110 161
110 163
111 114
111 119
111 125
111 126
111 129
111 130
111 132
111 136
111 137
111 138
111 139
111 141
111 148
111 151
111 152
111 153
111 154
111 156
111 159
111 162
112 113
112 116
112 119
112 124
112 126
112 128
112 131
112 134
112 137
112 139
112 140
112 154
112 155
112 156
112 158
112 159
112 160
112 161
112 162
112 163
113 115
113 116
113 117
113 118
113 119
113 121
113 123
113 125
113 126
113 127
113 129
113 133
113 135
113 137
113 138
113 144
113 145
113 146
113 149
113 152
113 153
113 154
113 155
113 157
113 159
113 164
114 115
114 116
114 117
114 120
114 122
114 123
114 125
114 127
114 128
114 129
114 130
114 133
114 145
114 148
114 149
114 153
114 159
114 162
114 163
114 164
115 117
115 119
115 120
115 122
115 124
115 125
115 126
115 127
115 134
115 136
115 137
115 142
115 148
115 150
115 152
115 153
115 154
115 155
115 156
115 158
115 159
115 162
115 163
116 117
116 120
116 123
116 130
116 132
116 133
116 135
116 136
116 137
116 138
116 139
116 141
116 142
116 149
116 150
116 154
116 155
116 156
116 160
116 161
116 163
116 164
117 119
117 123
117 124
117 126
117 127
117 129
117 130
117 135
117 138
117 141
117 142
117 143
117 144
117 146
117 151
117 153
117 154
117 156
117 157
117 161
118 119
118 121
118 122
118 125
118 126
118 134
118 136
118 137
118 138
118 142
118 146
118 147
118 149
118 152
118 153
118 154
118 157
118 158
118 161
118 162
119 122
119 123
119 125
119 128
119 129
119 134
119 135
119 138
119 139
119 140
119 142
119 144
119 146
119 147
119 151
119 152
119 153
119 154
119 158
119 159
119 161
119 162
119 163
119 164
120 123
120 137
120 138
120 141
120 145
120 146
120 147
120 149
120 150
120 152
120 153
120 154
120 160
120 161
120 162
121 122
121 126
121 127
121 128
121 129
121 132
121 133
121 135
121 139
121 141
121 144
121 145
121 146
121 149
121 154
121 156
121 159
121 160
121 162
122 124
122 126
122 127
122 128
122 131
122 135
122 137
122 140
122 142
122 143
122 144
122 145
122 148
122 149
122 151
122 152
122 153
122 154
122 155
122 157
122 159
122 161
122 162
122 164
123 126
123 128
123 133
123 134
123 136
123 137
123 138
123 139
123 141
123 142
123 148
123 149
123 150
123 152
123 154
123 155
123 156
123 157
123 159
123 160
124 126
124 127
124 128
124 130
124 136
124 139
124 140
124 143
124 145
124 149
124 152
124 153
124 155
124 156
124 157
124 161
125 126
125 127
125 129
125 130
125 133
125 134
125 138
125 142
125 144
125 146
125 147
125 151
125 158
125 159
125 162
126 130
126 134
126 136
126 144
126 148
126 149
126 150
126 153
126 154
126 155
126 156
126 157
126 158
126 159
126 162
126 163
127 131
127 132
127 134
127 136
127 137
127 140
127 141
127 142
127 143
127 155
127 157
127 159
127 160
127 161
127 163
128 130
128 131
128 132
128 137
128 138
128 141
128 142
128 143
128 147
128 149
128 150
128 154
128 155
128 156
128 159
128 163
128 164
129 130
129 131
129 134
129 136
129 137
129 139
129 142
129 143
129 144
129 145
129 147
129 149
129 151
129 152
129 153
129 159
129 160
129 161
130 131
130 133
130 135
130 138
130 142
130 146
130 147
130 149
130 151
130 155
130 160
130 162
131 132
131 134
131 136
131 138
131 141
131 142
131 144
131 146
131 147
131 149
131 151
131 153
131 154
131 155
131 156
131 157
131 159
131 162
132 133
132 134
132 136
132 139
132 142
132 143
132 146
132 148
132 149
132 150
132 152
132 154
132 155
132 156
132 157
132 158
132 160
132 162
132 164
133 135
133 136
133 139
133 144
133 146
133 148
133 149
133 150
133 152
133 154
133 156
133 157
133 158
133 161
133 162
134 136
134 140
134 142
134 143
134 144
134 149
134 150
134 152
134 155
134 156
134 157
134 160
134 162
135 136
135 139
135 141
135 145
135 147
135 148
135 149
135 150
135 151
135 152
135 156
135 159
135 160
135 161
136 138
136 139
136 140
136 142
136 145
136 146
136 147
136 149
136 151
136 152
136 159
136 160
136 162
136 163
137 139
137 140
137 142
137 144
137 145
137 146
137 152
137 157
137 158
137 162
137 163
137 164
138 145
138 152
138 155
138 156
138 161
138 162
138 164
139 141
139 142
139 146
139 147
139 150
139 151
139 152
139 153
139 159
139 161
139 163
140 142
140 143
140 146
140 147
140 148
140 149
140 150
140 152
140 155
140 158
140 159
140 161
140 164
141 144
141 147
141 149
141 154
141 155
141 156
141 158
141 159
142 145
142 146
142 147
142 152
142 156
142 159
142 160
142 161
143 144
143 145
143 146
143 147
143 149
143 153
143 155
143 156
143 158
143 160
143 162
143 163
144 146
144 147
144 152
144 156
144 160
144 162
145 146
145 147
145 149
145 151
145 152
145 153
145 154
145 155
145 157
145 159
145 161
145 164
146 149
146 150
146 151
146 152
146 154
146 157
146 158
146 159
146 160
146 162
147 149
147 153
147 160
147 162
147 164
148 149
148 152
148 156
148 157
148 162
148 163
149 151
149 152
149 153
149 156
149 158
149 160
149 161
149 163
149 164
150 153
150 154
150 156
150 160
150 161
151 161
151 164
152 153
152 158
152 162
153 156
153 158
153 159
153 163
153 164
154 156
154 158
154 160
154 162
155 156
155 157
155 159
156 158
156 162
156 163
157 159
157 160
157 161
157 162
157 163
157 164
158 159
158 161
158 163
159 160
161 162
161 163
161 164
162 163
