120 3210
0 3
0 5
0 9
0 10
0 14
0 15
0 17
0 18
0 19
0 20
0 27
0 30
0 33
0 34
0 35
0 36
0 37
0 38
0 39
0 40
0 41
0 45
0 46
0 47
0 49
0 51
0 52
0 57
0 60
0 64
0 65
0 67
0 68
0 69
0 73
0 75
0 81
0 83
0 84
0 85
0 93
0 95
0 97
0 98
0 100
0 103
0 106
0 109
0 111
0 113
0 115
0 116
0 118
1 3
1 4
1 9
1 10
1 13
1 15
1 17
1 18
1 19
1 22
1 23
1 24
1 27
1 28
1 33
1 35
1 36
1 38
1 41
1 42
1 45
1 49
1 51
1 53
1 56
1 59
1 60
1 61
1 63
1 64
1 65
1 66
1 69
1 71
1 73
1 75
1 76
1 77
1 83
1 85
1 86
1 90
1 91
1 101
1 105
1 107
1 110
1 111
1 113
1 116
1 118
2 4
2 8
2 9
2 10
2 11
2 14
2 19
2 20
2 21
2 23
2 24
2 27
2 29
2 32
2 34
2 38
2 39
2 44
2 45
2 48
2 51
2 53
2 55
2 56
2 61
2 62
2 66
2 67
2 72
2 74
2 75
2 77
2 78
2 80
2 85
2 86
2 91
2 92
2 94
2 95
2 100
2 101
2 105
2 108
2 111
2 112
2 116
3 5
3 7
3 11
3 12
3 16
3 19
3 20
3 23
3 27
3 29
3 30
3 31
3 35
3 37
3 38
3 39
3 40
3 42
3 43
3 45
3 52
3 53
3 54
3 55
3 62
3 63
3 67
3 70
3 72
3 74
3 76
3 80
3 81
3 87
3 90
3 92
3 93
3 94
3 96
3 98
3 99
3 102
3 109
3 110
3 111
3 114
3 115
3 116
4 5
4 8
4 9
4 10
4 12
4 14
4 16
4 19
4 22
4 25
4 27
4 28
4 31
4 33
4 36
4 37
4 38
4 40
4 41
4 43
4 44
4 46
4 48
4 52
4 54
4 55
4 57
4 60
4 67
4 68
4 69
4 73
4 74
4 75
4 77
4 78
4 81
4 82
4 83
4 84
4 88
4 91
4 92
4 93
4 95
4 96
4 97
4 98
4 102
4 103
4 109
4 115
4 116
4 117
5 6
5 7
5 8
5 9
5 10
5 13
5 17
5 18
5 21
5 23
5 24
5 25
5 26
5 27
5 31
5 32
5 33
5 36
5 37
5 38
5 39
5 44
5 45
5 46
5 47
5 50
5 52
5 53
5 54
5 55
5 60
5 63
5 64
5 67
5 68
5 71
5 72
5 77
5 80
5 82
5 84
5 86
5 87
5 88
5 89
5 92
5 93
5 95
5 96
5 100
5 101
5 103
5 108
5 112
5 115
5 116
5 117
6 7
6 8
6 12
6 13
6 14
6 17
6 18
6 19
6 22
6 23
6 24
6 28
6 29
6 30
6 32
6 34
6 37
6 38
6 39
6 42
6 43
6 46
6 52
6 53
6 58
6 60
6 61
6 64
6 66
6 67
6 70
6 74
6 79
6 81
6 83
6 85
6 86
6 87
6 89
6 93
6 94
6 95
6 99
6 102
6 104
6 106
6 109
6 111
6 113
6 115
6 119
7 12
7 16
7 17
7 18
7 21
7 22
7 23
7 27
7 28
7 31
7 32
7 33
7 36
7 37
7 41
7 42
7 48
7 52
7 56
7 57
7 61
7 62
7 63
7 66
7 67
7 69
7 70
7 71
7 72
7 73
7 77
7 80
7 81
7 83
7 86
7 88
7 90
7 92
7 94
7 97
7 100
7 102
7 103
7 104
7 106
7 110
7 115
7 117
8 9
8 10
8 14
8 16
8 20
8 21
8 25
8 26
8 27
8 30
8 31
8 32
8 33
8 34
8 35
8 36
8 39
8 40
8 45
8 47
8 48
8 50
8 51
8 58
8 59
8 61
8 62
8 64
8 67
8 72
8 73
8 74
8 75
8 76
8 83
8 85
8 87
8 93
8 96
8 99
8 100
8 101
8 102
8 103
8 104
8 105
8 109
8 110
8 111
8 115
8 116
8 119
9 12
9 13
9 14
9 15
9 19
9 21
9 22
9 23
9 25
9 27
9 30
9 32
9 39
9 40
9 43
9 44
9 45
9 48
9 49
9 52
9 57
9 59
9 60
9 63
9 64
9 67
9 71
9 73
9 74
9 75
9 77
9 78
9 81
9 83
9 87
9 88
9 90
9 91
9 92
9 95
9 99
9 100
9 105
9 106
9 108
9 109
9 112
9 114
9 115
9 118
9 119
10 12
10 14
10 15
10 17
10 18
10 19
10 21
10 25
10 26
10 29
10 32
10 36
10 40
10 44
10 45
10 46
10 47
10 48
10 51
10 53
10 54
10 55
10 57
10 60
10 61
10 62
10 64
10 66
10 67
10 70
10 72
10 73
10 74
10 77
10 78
10 80
10 84
10 88
10 89
10 93
10 99
10 102
10 106
10 108
10 109
10 110
10 111
10 113
10 115
10 116
10 117
10 119
11 12
11 13
11 14
11 16
11 17
11 21
11 22
11 26
11 28
11 31
11 32
11 34
11 35
11 40
11 46
11 48
11 50
11 53
11 54
11 58
11 59
11 60
11 61
11 62
11 63
11 64
11 69
11 70
11 71
11 72
11 76
11 78
11 79
11 80
11 83
11 87
11 89
11 90
11 92
11 94
11 95
11 98
11 100
11 108
11 109
11 110
11 112
11 114
11 118
11 119
12 13
12 18
12 20
12 24
12 26
12 28
12 32
12 33
12 34
12 37
12 38
12 39
12 40
12 43
12 45
12 47
12 48
12 55
12 60
12 61
12 63
12 66
12 67
12 70
12 71
12 73
12 74
12 75
12 76
12 78
12 80
12 83
12 84
12 86
12 88
12 90
12 92
12 94
12 98
12 99
12 101
12 104
12 107
12 108
12 109
12 111
12 114
13 18
13 19
13 20
13 21
13 27
13 28
13 32
13 33
13 34
13 36
13 37
13 40
13 42
13 43
13 44
13 46
13 47
13 48
13 51
13 52
13 53
13 54
13 58
13 59
13 65
13 67
13 68
13 71
13 72
13 73
13 78
13 85
13 86
13 87
13 88
13 89
13 92
13 94
13 95
13 100
13 102
13 106
13 108
13 111
13 113
13 115
13 118
14 15
14 16
14 19
14 20
14 21
14 29
14 31
14 34
14 36
14 38
14 39
14 40
14 42
14 44
14 45
14 46
14 49
14 50
14 52
14 54
14 57
14 58
14 61
14 62
14 63
14 64
14 66
14 71
14 75
14 78
14 81
14 85
14 90
14 93
14 94
14 105
14 106
14 110
14 111
14 116
15 16
15 18
15 21
15 23
15 26
15 28
15 31
15 32
15 34
15 35
15 37
15 42
15 46
15 49
15 51
15 52
15 53
15 54
15 58
15 61
15 62
15 65
15 66
15 67
15 68
15 69
15 72
15 73
15 75
15 76
15 77
15 78
15 82
15 89
15 90
15 91
15 92
15 93
15 94
15 97
15 98
15 101
15 102
15 103
15 104
15 107
15 109
15 110
15 112
15 115
16 17
16 18
16 21
16 24
16 26
16 27
16 29
16 30
16 31
16 32
16 35
16 36
16 37
16 41
16 44
16 46
16 47
16 49
16 50
16 53
16 54
16 56
16 58
16 60
16 61
16 63
16 66
16 67
16 68
16 70
16 73
16 76
16 78
16 86
16 87
16 88
16 94
16 95
16 96
16 97
16 98
16 106
16 107
16 110
16 111
16 112
16 114
16 115
16 117
16 118
16 119
17 18
17 24
17 29
17 31
17 34
17 35
17 39
17 40
17 41
17 42
17 45
17 46
17 47
17 48
17 49
17 52
17 53
17 54
17 55
17 56
17 57
17 60
17 62
17 64
17 65
17 67
17 68
17 69
17 71
17 72
17 73
17 74
17 75
17 77
17 80
17 82
17 84
17 87
17 89
17 93
17 95
17 98
17 101
17 102
17 103
17 114
17 115
17 116
17 117
18 22
18 25
18 27
18 30
18 32
18 35
18 36
18 37
18 38
18 41
18 44
18 46
18 49
18 55
18 58
18 62
18 63
18 66
18 67
18 68
18 69
18 72
18 74
18 76
18 77
18 78
18 82
18 84
18 85
18 86
18 87
18 88
18 90
18 92
18 93
18 94
18 97
18 99
18 100
18 104
18 105
18 108
18 110
18 113
18 114
18 118
18 119
19 20
19 22
19 23
19 25
19 26
19 28
19 29
19 30
19 34
19 35
19 36
19 37
19 39
19 40
19 41
19 48
19 50
19 51
19 52
19 53
19 55
19 56
19 57
19 58
19 59
19 62
19 64
19 65
19 67
19 68
19 70
19 71
19 75
19 76
19 79
19 81
19 83
19 86
19 88
19 93
19 95
19 97
19 99
19 100
19 103
19 104
19 105
19 106
19 109
19 111
19 118
20 21
20 22
20 23
20 24
20 34
20 35
20 36
20 38
20 39
20 40
20 43
20 49
20 56
20 57
20 59
20 60
20 62
20 64
20 66
20 69
20 73
20 75
20 76
20 77
20 78
20 80
20 81
20 84
20 88
20 89
20 90
20 91
20 92
20 93
20 96
20 100
20 101
20 102
20 104
20 105
20 107
20 109
20 111
20 113
20 114
20 117
20 119
21 23
21 26
21 27
21 28
21 31
21 33
21 38
21 46
21 48
21 51
21 52
21 53
21 54
21 56
21 58
21 59
21 60
21 63
21 64
21 65
21 66
21 67
21 70
21 72
21 77
21 78
21 79
21 80
21 83
21 85
21 87
21 92
21 94
21 96
21 98
21 107
21 108
21 111
21 112
21 114
21 115
21 118
22 23
22 24
22 26
22 28
22 29
22 30
22 31
22 32
22 37
22 41
22 44
22 47
22 49
22 51
22 53
22 54
22 55
22 56
22 57
22 59
22 66
22 69
22 70
22 71
22 72
22 75
22 77
22 83
22 85
22 88
22 91
22 92
22 93
22 94
22 97
22 98
22 100
22 104
22 106
22 107
22 109
22 114
22 115
22 116
22 118
22 119
23 26
23 31
23 35
23 37
23 38
23 39
23 40
23 42
23 43
23 44
23 46
23 50
23 51
23 52
23 54
23 59
23 60
23 64
23 67
23 68
23 70
23 72
23 75
23 77
23 79
23 80
23 81
23 82
23 86
23 87
23 88
23 89
23 90
23 92
23 94
23 95
23 96
23 99
23 102
23 103
23 108
23 109
23 111
23 112
23 115
23 118
23 119
24 26
24 28
24 34
24 35
24 39
24 42
24 44
24 49
24 50
24 53
24 54
24 60
24 61
24 68
24 72
24 75
24 82
24 84
24 85
24 86
24 87
24 88
24 90
24 91
24 93
24 95
24 97
24 98
24 99
24 100
24 103
24 105
24 110
24 114
24 118
25 26
25 29
25 30
25 31
25 33
25 39
25 42
25 45
25 46
25 47
25 48
25 49
25 51
25 52
25 56
25 58
25 59
25 64
25 70
25 72
25 73
25 74
25 75
25 76
25 77
25 79
25 80
25 84
25 86
25 87
25 88
25 90
25 97
25 103
25 104
25 107
25 112
25 114
25 115
25 116
26 28
26 30
26 31
26 32
26 34
26 35
26 38
26 39
26 41
26 42
26 43
26 44
26 45
26 46
26 47
26 48
26 50
26 51
26 53
26 58
26 60
26 68
26 70
26 75
26 77
26 78
26 79
26 80
26 82
26 83
26 88
26 92
26 94
26 97
26 98
26 99
26 100
26 102
26 104
26 106
26 107
26 114
26 115
27 30
27 31
27 33
27 39
27 41
27 44
27 45
27 46
27 47
27 51
27 55
27 57
27 58
27 61
27 62
27 63
27 64
27 66
27 67
27 68
27 69
27 70
27 72
27 73
27 74
27 75
27 78
27 79
27 80
27 81
27 84
27 86
27 90
27 91
27 94
27 95
27 96
27 98
27 100
27 101
27 102
27 103
27 105
27 108
27 110
27 112
27 114
27 115
27 116
27 117
28 31
28 32
28 34
28 37
28 38
28 39
28 40
28 41
28 42
28 43
28 44
28 46
28 49
28 53
28 54
28 55
28 56
28 57
28 59
28 60
28 65
28 66
28 67
28 69
28 70
28 73
28 74
28 76
28 81
28 82
28 83
28 84
28 85
28 86
28 87
28 88
28 90
28 93
28 94
28 95
28 97
28 98
28 100
28 102
28 103
28 105
28 106
28 110
28 112
28 113
28 118
29 30
29 31
29 32
29 36
29 41
29 42
29 43
29 44
29 45
29 48
29 50
29 51
29 52
29 53
29 56
29 57
29 58
29 63
29 67
29 69
29 73
29 74
29 78
29 81
29 82
29 83
29 84
29 85
29 86
29 87
29 91
29 92
29 93
29 96
29 98
29 99
29 101
29 102
29 104
29 109
29 111
29 113
29 116
29 117
29 118
29 119
30 32
30 35
30 37
30 40
30 42
30 45
30 46
30 47
30 48
30 52
30 53
30 55
30 58
30 62
30 63
30 64
30 69
30 70
30 74
30 76
30 80
30 86
30 88
30 89
30 90
30 91
30 95
30 98
30 99
30 102
30 103
30 104
30 106
30 108
30 111
30 112
30 113
30 117
31 32
31 33
31 36
31 37
31 38
31 39
31 41
31 43
31 44
31 46
31 52
31 54
31 55
31 57
31 59
31 64
31 66
31 68
31 72
31 73
31 76
31 78
31 80
31 83
31 84
31 85
31 90
31 92
31 95
31 98
31 101
31 102
31 105
31 108
31 109
31 110
31 112
31 114
31 119
32 33
32 34
32 36
32 37
32 40
32 42
32 43
32 45
32 46
32 47
32 50
32 51
32 52
32 53
32 54
32 55
32 56
32 57
32 59
32 61
32 66
32 68
32 71
32 73
32 74
32 75
32 76
32 78
32 80
32 81
32 82
32 84
32 85
32 89
32 90
32 93
32 94
32 98
32 99
32 104
32 106
32 110
32 112
32 113
32 116
32 117
32 119
33 36
33 38
33 40
33 45
33 46
33 47
33 49
33 50
33 52
33 53
33 55
33 59
33 60
33 61
33 67
33 68
33 69
33 72
33 73
33 75
33 78
33 81
33 83
33 84
33 85
33 86
33 88
33 89
33 91
33 93
33 95
33 97
33 101
33 103
33 105
33 108
33 110
33 113
33 114
33 115
33 117
34 35
34 40
34 41
34 43
34 46
34 48
34 49
34 50
34 51
34 52
34 53
34 55
34 56
34 57
34 58
34 62
34 64
34 69
34 70
34 75
34 76
34 83
34 84
34 86
34 87
34 91
34 93
34 95
34 101
34 105
34 111
34 112
34 114
34 116
34 117
34 118
34 119
35 39
35 40
35 42
35 45
35 51
35 54
35 59
35 60
35 63
35 64
35 65
35 69
35 70
35 74
35 77
35 78
35 79
35 84
35 85
35 86
35 89
35 90
35 92
35 93
35 94
35 95
35 96
35 99
35 106
35 109
35 112
35 117
35 119
36 43
36 45
36 53
36 54
36 59
36 65
36 67
36 68
36 70
36 71
36 73
36 74
36 75
36 78
36 79
36 80
36 85
36 86
36 87
36 88
36 89
36 90
36 93
36 97
36 99
36 100
36 101
36 102
36 103
36 104
36 105
36 106
36 109
36 110
36 112
36 113
36 114
36 116
37 38
37 39
37 40
37 41
37 49
37 50
37 54
37 55
37 58
37 60
37 63
37 64
37 68
37 69
37 71
37 72
37 74
37 80
37 84
37 86
37 88
37 89
37 90
37 93
37 94
37 95
37 96
37 100
37 106
37 108
37 109
37 110
37 111
37 114
37 117
37 118
38 40
38 44
38 46
38 54
38 56
38 57
38 58
38 60
38 61
38 62
38 63
38 64
38 65
38 72
38 73
38 74
38 75
38 76
38 77
38 79
38 80
38 81
38 87
38 89
38 90
38 95
38 96
38 98
38 100
38 101
38 102
38 103
38 106
38 107
38 108
38 116
39 41
39 44
39 45
39 46
39 48
39 49
39 51
39 52
39 53
39 54
39 55
39 56
39 58
39 62
39 63
39 64
39 66
39 70
39 72
39 73
39 82
39 84
39 87
39 88
39 90
39 91
39 92
39 93
39 94
39 96
39 100
39 105
39 107
39 113
39 114
39 115
39 117
39 118
39 119
40 41
40 43
40 44
40 51
40 53
40 66
40 67
40 72
40 74
40 76
40 80
40 81
40 82
40 85
40 86
40 87
40 88
40 89
40 92
40 96
40 97
40 99
40 100
40 101
40 110
40 113
40 115
40 116
40 117
40 118
41 44
41 46
41 48
41 49
41 51
41 55
41 56
41 57
41 58
41 65
41 67
41 68
41 69
41 70
41 72
41 74
41 75
41 77
41 78
41 83
41 87
41 88
41 89
41 90
41 91
41 92
41 93
41 97
41 100
41 102
41 105
41 106
41 107
41 108
41 113
41 114
41 118
42 47
42 50
42 55
42 60
42 61
42 62
42 66
42 69
42 70
42 71
42 73
42 74
42 76
42 78
42 79
42 80
42 82
42 83
42 86
42 90
42 91
42 92
42 94
42 95
42 96
42 97
42 99
42 103
42 107
42 109
42 117
42 118
43 48
43 50
43 51
43 53
43 55
43 58
43 61
43 62
43 63
43 71
43 72
43 74
43 78
43 82
43 84
43 85
43 86
43 88
43 93
43 96
43 97
43 98
43 99
43 101
43 103
43 104
43 108
43 109
43 110
43 112
43 113
43 115
43 116
43 118
44 45
44 47
44 52
44 53
44 54
44 55
44 58
44 59
44 60
44 63
44 64
44 66
44 68
44 70
44 71
44 72
44 76
44 80
44 88
44 94
44 97
44 98
44 99
44 101
44 103
44 105
44 106
44 108
44 112
44 113
44 114
44 116
44 117
45 46
45 47
45 48
45 50
45 52
45 55
45 56
45 57
45 61
45 63
45 64
45 65
45 70
45 78
45 83
45 86
45 87
45 90
45 96
45 97
45 98
45 99
45 101
45 102
45 103
45 105
45 110
45 117
45 118
46 48
46 49
46 52
46 54
46 56
46 58
46 59
46 61
46 71
46 72
46 80
46 81
46 84
46 87
46 93
46 95
46 100
46 101
46 105
46 107
46 108
46 109
46 112
46 115
46 117
46 119
47 48
47 53
47 54
47 57
47 60
47 61
47 65
47 69
47 71
47 72
47 74
47 76
47 78
47 81
47 85
47 93
47 97
47 98
47 99
47 100
47 101
47 102
47 103
47 104
47 107
47 112
47 115
47 117
48 49
48 51
48 53
48 56
48 57
48 59
48 60
48 61
48 68
48 69
48 70
48 73
48 74
48 75
48 76
48 77
48 79
48 81
48 82
48 83
48 84
48 85
48 87
48 89
48 92
48 96
48 107
48 110
48 112
48 116
48 117
48 118
49 51
49 53
49 55
49 57
49 59
49 60
49 61
49 64
49 68
49 69
49 70
49 71
49 73
49 74
49 80
49 81
49 88
49 90
49 91
49 93
49 96
49 101
49 103
49 105
49 106
49 107
49 108
49 110
50 51
50 52
50 54
50 60
50 61
50 62
50 65
50 67
50 68
50 69
50 71
50 73
50 79
50 83
50 86
50 91
50 100
50 102
50 106
50 111
50 113
50 116
50 118
51 53
51 54
51 61
51 62
51 63
51 68
51 70
51 72
51 73
51 75
51 76
51 83
51 85
51 86
51 87
51 89
51 91
51 92
51 97
51 98
51 102
51 105
51 106
51 107
51 112
51 114
51 115
51 116
51 117
51 118
52 53
52 54
52 55
52 59
52 63
52 64
52 68
52 69
52 70
52 78
52 82
52 83
52 84
52 85
52 86
52 87
52 88
52 90
52 92
52 96
52 97
52 100
52 104
52 112
52 113
52 117
53 54
53 55
53 56
53 58
53 59
53 60
53 63
53 67
53 69
53 72
53 73
53 75
53 78
53 82
53 83
53 84
53 85
53 86
53 92
53 96
53 97
53 98
53 99
53 100
53 101
53 111
53 115
53 119
54 55
54 58
54 59
54 60
54 63
54 66
54 67
54 69
54 70
54 71
54 72
54 74
54 76
54 78
54 79
54 80
54 87
54 88
54 89
54 90
54 92
54 95
54 97
54 98
54 100
54 101
54 104
54 105
54 107
54 108
54 109
54 113
54 116
54 119
55 60
55 62
55 63
55 64
55 65
55 68
55 69
55 70
55 71
55 72
55 73
55 74
55 75
55 76
55 78
55 79
55 80
55 81
55 96
55 98
55 99
55 102
55 105
55 108
55 109
55 112
55 113
55 114
55 118
55 119
56 58
56 59
56 60
56 64
56 65
56 67
56 70
56 71
56 73
56 74
56 79
56 80
56 82
56 83
56 86
56 88
56 90
56 94
56 95
56 99
56 100
56 104
56 106
56 109
56 111
56 113
57 58
57 61
57 64
57 68
57 70
57 71
57 72
57 73
57 75
57 77
57 80
57 81
57 83
57 84
57 89
57 92
57 97
57 98
57 99
57 102
57 105
57 110
57 112
57 113
57 114
57 117
57 118
58 59
58 60
58 65
58 69
58 71
58 74
58 76
58 78
58 79
58 81
58 84
58 89
58 90
58 94
58 97
58 98
58 104
58 105
58 106
58 108
58 110
58 112
58 113
58 115
58 119
59 65
59 68
59 70
59 71
59 73
59 74
59 75
59 77
59 78
59 80
59 81
59 82
59 83
59 86
59 87
59 88
59 91
59 92
59 93
59 95
59 97
59 101
59 102
59 105
59 107
59 108
59 111
59 112
59 114
59 116
59 119
60 65
60 67
60 70
60 71
60 73
60 75
60 77
60 78
60 80
60 85
60 87
60 88
60 92
60 103
60 104
60 106
60 109
60 110
60 111
60 115
60 116
60 117
60 118
61 62
61 65
61 67
61 68
61 69
61 73
61 76
61 77
61 79
61 82
61 83
61 85
61 86
61 87
61 92
61 93
61 97
61 98
61 102
61 103
61 105
61 112
61 113
62 64
62 65
62 66
62 67
62 70
62 73
62 75
62 77
62 80
62 81
62 82
62 85
62 87
62 88
62 89
62 91
62 92
62 93
62 94
62 95
62 97
62 100
62 102
62 103
62 104
62 105
62 109
62 113
62 116
62 117
62 118
63 64
63 67
63 68
63 69
63 73
63 74
63 76
63 78
63 82
63 86
63 88
63 90
63 92
63 94
63 95
63 96
63 98
63 99
63 101
63 102
63 105
63 106
63 114
63 116
63 118
64 66
64 71
64 74
64 79
64 80
64 82
64 83
64 84
64 86
64 88
64 89
64 90
64 94
64 95
64 97
64 98
64 103
64 104
64 107
64 111
64 112
64 114
64 115
64 117
64 118
65 67
65 68
65 69
65 70
65 71
65 76
65 77
65 89
65 92
65 95
65 97
65 99
65 104
65 106
65 107
65 113
65 115
65 116
65 118
66 67
66 68
66 69
66 74
66 77
66 78
66 80
66 83
66 84
66 87
66 90
66 92
66 93
66 96
66 98
66 100
66 103
66 104
66 107
66 108
66 109
66 110
66 114
66 119
67 69
67 72
67 74
67 76
67 79
67 80
67 81
67 82
67 83
67 84
67 85
67 87
67 89
67 91
67 92
67 93
67 95
67 97
67 98
67 99
67 101
67 102
67 106
67 109
67 112
67 113
67 116
67 118
67 119
68 70
68 72
68 74
68 76
68 78
68 80
68 86
68 90
68 91
68 92
68 94
68 98
68 100
68 101
68 102
68 103
68 105
68 109
68 113
69 70
69 71
69 74
69 75
69 78
69 82
69 84
69 85
69 87
69 88
69 92
69 94
69 96
69 98
69 100
69 101
69 105
69 106
69 108
69 109
69 111
69 113
69 115
69 117
69 118
69 119
70 75
70 81
70 82
70 85
70 91
70 92
70 93
70 99
70 101
70 104
70 105
70 107
70 110
70 113
70 114
70 116
71 72
71 73
71 74
71 75
71 79
71 80
71 86
71 90
71 92
71 93
71 94
71 95
71 101
71 102
71 103
71 106
71 108
71 110
71 112
71 114
71 115
71 117
72 74
72 75
72 76
72 79
72 84
72 86
72 92
72 94
72 95
72 97
72 100
72 101
72 104
72 105
72 109
72 111
72 117
72 118
73 75
73 77
73 79
73 80
73 82
73 83
73 84
73 85
73 86
73 90
73 92
73 96
73 100
73 102
73 104
73 106
73 109
73 112
73 117
73 118
74 76
74 80
74 81
74 83
74 84
74 86
74 87
74 88
74 89
74 90
74 91
74 92
74 93
74 97
74 100
74 102
74 103
74 104
74 106
74 107
74 108
74 112
74 114
74 116
74 119
75 78
75 81
75 84
75 85
75 87
75 88
75 91
75 93
75 100
75 103
75 104
75 105
75 107
75 109
75 110
75 112
75 114
75 116
76 78
76 79
76 81
76 83
76 86
76 89
76 92
76 93
76 96
76 97
76 98
76 99
76 100
76 102
76 103
76 105
76 107
76 108
76 113
76 114
76 119
77 80
77 81
77 83
77 86
77 87
77 93
77 95
77 97
77 98
77 101
77 102
77 104
77 106
77 108
77 109
77 110
77 112
77 115
77 116
77 118
78 80
78 81
78 83
78 87
78 90
78 91
78 94
78 95
78 97
78 101
78 102
78 104
78 105
78 107
78 110
78 114
78 115
78 117
78 118
79 80
79 82
79 84
79 85
79 86
79 87
79 91
79 93
79 94
79 95
79 97
79 101
79 106
79 107
79 109
79 110
79 111
79 114
79 118
80 81
80 83
80 85
80 88
80 89
80 90
80 91
80 92
80 93
80 94
80 95
80 96
80 98
80 101
80 103
80 106
80 110
80 111
80 116
81 89
81 91
81 94
81 95
81 96
81 98
81 100
81 107
81 111
81 112
81 113
81 115
81 117
81 118
82 89
82 91
82 93
82 96
82 99
82 103
82 104
82 107
82 108
82 112
82 113
82 116
82 117
82 118
83 87
83 93
83 96
83 99
83 101
83 102
83 105
83 106
83 107
83 109
83 111
83 112
83 117
83 118
83 119
84 86
84 90
84 91
84 92
84 95
84 98
84 101
84 102
84 104
84 105
84 110
84 113
84 115
84 116
85 90
85 94
85 96
85 97
85 101
85 102
85 106
85 108
85 112
85 114
85 118
86 87
86 90
86 93
86 94
86 96
86 99
86 100
86 101
86 102
86 105
86 110
86 111
86 113
86 114
86 115
86 116
86 117
87 88
87 89
87 91
87 93
87 95
87 96
87 97
87 101
87 105
87 106
87 107
87 112
87 114
87 115
87 118
88 90
88 91
88 95
88 96
88 97
88 98
88 100
88 104
88 105
88 106
88 107
88 108
88 110
88 112
88 117
88 118
88 119
89 93
89 95
89 97
89 98
89 99
89 103
89 108
89 110
89 111
89 112
89 113
89 117
89 119
90 91
90 92
90 94
90 96
90 104
90 105
90 110
90 113
90 118
90 119
91 92
91 93
91 95
91 96
91 99
91 102
91 103
91 104
91 105
91 106
91 108
91 113
91 114
91 118
91 119
92 93
92 94
92 95
92 97
92 98
92 99
92 104
92 106
92 110
92 111
92 112
92 113
92 117
92 119
93 94
93 95
93 99
93 100
93 102
93 103
93 107
93 108
93 109
93 115
93 118
94 95
94 96
94 100
94 101
94 104
94 106
94 107
94 108
94 109
94 111
94 113
94 118
94 119
95 96
95 97
95 100
95 101
95 102
95 104
95 105
95 106
95 107
95 108
95 110
95 112
95 113
95 114
95 116
95 117
95 118
95 119
96 97
96 98
96 99
96 100
96 104
96 108
96 113
96 114
96 115
96 117
96 118
96 119
97 99
97 100
97 106
97 107
97 109
97 111
97 113
97 115
97 117
97 118
97 119
98 100
98 101
98 104
98 105
98 111
98 113
98 117
98 118
98 119
99 100
99 102
99 104
99 109
99 110
99 112
99 113
99 117
99 119
100 102
100 104
100 106
100 107
100 109
100 113
100 114
100 115
100 117
100 119
101 108
101 110
101 112
101 113
101 116
101 118
102 109
102 113
102 114
102 115
103 105
103 108
103 112
103 113
103 114
103 118
104 105
104 106
104 107
104 110
104 112
104 115
104 116
105 106
105 107
105 108
105 111
105 112
105 113
105 114
105 115
105 117
105 118
105 119
106 107
106 109
106 110
106 111
106 112
106 113
106 116
106 118
106 119
107 108
107 112
107 117
108 114
108 117
108 118
109 110
109 111
109 113
109 114
109 118
110 112
110 118
110 119
111 112
112 114
112 116
112 118
112 119
113 115
113 116
113 117
115 116
115 118
115 119
116 119
117 118
118 119
