160 5713
0 1
0 3
0 4
0 6
0 7
0 8
0 9
0 13
0 14
0 15
0 16
0 17
0 18
0 20
0 25
0 26
0 30
0 31
0 33
0 34
0 35
0 36
0 38
0 40
0 42
0 43
0 48
0 49
0 50
0 53
0 55
0 63
0 64
0 65
0 67
0 68
0 73
0 74
0 84
0 85
0 86
0 88
0 91
0 95
0 97
0 101
0 102
0 104
0 108
0 109
0 112
0 113
0 116
0 117
0 118
0 121
0 123
0 125
0 126
0 131
0 132
0 135
0 140
0 144
0 146
0 147
0 149
0 151
0 152
0 154
0 157
0 158
0 159
1 3
1 4
1 6
1 8
1 9
1 10
1 11
1 12
1 13
1 14
1 15
1 17
1 18
1 20
1 22
1 23
1 24
1 25
1 26
1 33
1 36
1 43
1 48
1 50
1 52
1 54
1 55
1 56
1 60
1 61
1 63
1 64
1 65
1 68
1 69
1 72
1 73
1 75
1 83
1 85
1 86
1 87
1 90
1 91
1 94
1 97
1 98
1 99
1 102
1 104
1 108
1 110
1 111
1 115
1 116
1 118
1 125
1 126
1 129
1 132
1 134
1 135
1 136
1 137
1 141
1 142
1 143
1 145
1 153
1 156
1 157
1 158
1 159
2 5
2 6
2 7
2 8
2 9
2 12
2 13
2 18
2 19
2 20
2 24
2 25
2 27
2 28
2 30
2 31
2 32
2 33
2 34
2 37
2 42
2 43
2 44
2 46
2 49
2 50
2 52
2 55
2 56
2 57
2 60
2 61
2 62
2 63
2 65
2 67
2 71
2 74
2 75
2 77
2 80
2 82
2 84
2 87
2 90
2 94
2 95
2 97
2 101
2 102
2 103
2 110
2 111
2 112
2 114
2 115
2 121
2 122
2 124
2 126
2 129
2 130
2 133
2 134
2 135
2 141
2 142
2 145
2 147
2 153
2 154
2 156
2 158
2 159
3 4
3 5
3 10
3 12
3 16
3 17
3 19
3 20
3 21
3 22
3 23
3 24
3 26
3 28
3 33
3 34
3 35
3 36
3 37
3 38
3 39
3 41
3 42
3 44
3 47
3 51
3 52
3 54
3 55
3 57
3 58
3 62
3 66
3 69
3 70
3 71
3 72
3 73
3 78
3 79
3 80
3 82
3 84
3 85
3 88
3 90
3 92
3 94
3 99
3 100
3 107
3 109
3 114
3 115
3 116
3 118
3 119
3 120
3 123
3 127
3 128
3 130
3 134
3 135
3 136
3 137
3 138
3 139
3 140
3 142
3 148
3 149
3 151
3 152
3 154
3 156
4 5
4 7
4 8
4 9
4 10
4 12
4 13
4 16
4 17
4 18
4 21
4 25
4 27
4 29
4 32
4 36
4 37
4 39
4 42
4 43
4 45
4 46
4 49
4 50
4 52
4 53
4 59
4 60
4 61
4 65
4 66
4 70
4 71
4 74
4 75
4 76
4 82
4 84
4 87
4 90
4 91
4 92
4 94
4 95
4 97
4 98
4 102
4 103
4 104
4 105
4 106
4 107
4 112
4 114
4 116
4 118
4 119
4 121
4 122
4 123
4 127
4 130
4 131
4 132
4 133
4 138
4 139
4 140
4 141
4 143
4 146
4 148
4 153
4 155
4 156
4 159
5 6
5 11
5 12
5 17
5 24
5 26
5 28
5 31
5 33
5 35
5 37
5 39
5 40
5 41
5 42
5 45
5 46
5 48
5 49
5 51
5 54
5 57
5 60
5 62
5 64
5 67
5 68
5 70
5 71
5 72
5 75
5 77
5 78
5 79
5 81
5 86
5 88
5 89
5 91
5 93
5 94
5 95
5 97
5 99
5 101
5 102
5 103
5 110
5 111
5 112
5 113
5 115
5 116
5 117
5 118
5 121
5 124
5 129
5 130
5 131
5 132
5 133
5 135
5 140
5 141
5 145
5 147
5 148
5 151
5 159
6 13
6 18
6 19
6 20
6 21
6 22
6 23
6 25
6 26
6 27
6 28
6 30
6 34
6 37
6 38
6 39
6 43
6 44
6 49
6 51
6 53
6 54
6 55
6 57
6 60
6 63
6 66
6 68
6 69
6 70
6 71
6 77
6 79
6 80
6 86
6 92
6 96
6 97
6 98
6 99
6 100
6 101
6 105
6 108
6 116
6 120
6 126
6 127
6 130
6 132
6 134
6 135
6 136
6 139
6 146
6 147
6 150
6 153
6 154
6 156
6 158
6 159
7 8
7 9
7 11
7 17
7 20
7 21
7 27
7 28
7 32
7 35
7 37
7 38
7 41
7 43
7 45
7 46
7 47
7 50
7 53
7 55
7 57
7 61
7 63
7 64
7 68
7 72
7 73
7 76
7 77
7 78
7 79
7 80
7 92
7 93
7 95
7 100
7 102
7 103
7 104
7 106
7 109
7 110
7 111
7 112
7 116
7 117
7 118
7 123
7 124
7 127
7 128
7 129
7 130
7 131
7 137
7 141
7 145
7 146
7 148
7 150
7 153
7 155
7 157
7 158
8 9
8 11
8 13
8 14
8 17
8 19
8 21
8 23
8 24
8 25
8 28
8 30
8 32
8 34
8 35
8 37
8 38
8 42
8 43
8 51
8 53
8 54
8 55
8 56
8 57
8 58
8 59
8 61
8 62
8 63
8 66
8 68
8 73
8 75
8 76
8 77
8 78
8 80
8 81
8 82
8 83
8 84
8 86
8 87
8 88
8 89
8 92
8 93
8 94
8 96
8 100
8 103
8 104
8 105
8 106
8 108
8 110
8 111
8 116
8 123
8 125
8 127
8 129
8 130
8 131
8 132
8 133
8 134
8 135
8 136
8 137
8 141
8 146
8 148
8 149
8 151
8 153
8 154
8 155
8 157
9 10
9 12
9 16
9 21
9 22
9 24
9 26
9 28
9 29
9 33
9 34
9 37
9 38
9 39
9 42
9 46
9 52
9 58
9 59
9 60
9 62
9 64
9 65
9 71
9 75
9 76
9 78
9 81
9 82
9 87
9 88
9 89
9 90
9 92
9 93
9 96
9 101
9 104
9 107
9 111
9 113
9 114
9 116
9 117
9 119
9 121
9 123
9 124
9 128
9 130
9 132
9 133
9 135
9 138
9 143
9 145
9 146
9 147
9 151
9 153
9 157
10 11
10 13
10 14
10 17
10 19
10 21
10 24
10 25
10 26
10 27
10 31
10 33
10 35
10 38
10 39
10 45
10 47
10 48
10 52
10 54
10 56
10 57
10 58
10 59
10 63
10 64
10 66
10 67
10 68
10 70
10 73
10 74
10 77
10 82
10 84
10 86
10 87
10 89
10 91
10 96
10 98
10 99
10 100
10 104
10 109
10 113
10 118
10 121
10 123
10 124
10 125
10 126
10 127
10 128
10 129
10 132
10 133
10 134
10 135
10 137
10 140
10 141
10 142
10 143
10 144
10 147
10 149
10 150
10 152
10 154
10 157
10 158
10 159
11 13
11 14
11 15
11 16
11 19
11 28
11 30
11 34
11 38
11 39
11 41
11 42
11 44
11 45
11 46
11 47
11 50
11 52
11 54
11 55
11 56
11 57
11 58
11 61
11 62
11 66
11 70
11 72
11 73
11 74
11 76
11 77
11 79
11 80
11 84
11 88
11 89
11 90
11 91
11 92
11 93
11 94
11 95
11 97
11 98
11 99
11 100
11 102
11 106
11 109
11 111
11 114
11 115
11 116
11 117
11 120
11 122
11 123
11 127
11 132
11 134
11 135
11 136
11 137
11 138
11 139
11 140
11 142
11 143
11 144
11 145
11 147
11 148
11 153
11 156
11 157
12 13
12 16
12 17
12 18
12 20
12 22
12 25
12 32
12 34
12 35
12 39
12 42
12 43
12 44
12 45
12 47
12 48
12 49
12 51
12 54
12 56
12 57
12 63
12 64
12 67
12 69
12 70
12 73
12 74
12 78
12 81
12 86
12 89
12 90
12 94
12 97
12 99
12 101
12 104
12 105
12 111
12 112
12 113
12 116
12 119
12 122
12 124
12 125
12 127
12 128
12 130
12 132
12 134
12 135
12 136
12 142
12 143
12 148
12 153
12 154
12 155
12 157
12 158
13 16
13 17
13 20
13 22
13 27
13 28
13 29
13 32
13 35
13 37
13 39
13 41
13 42
13 44
13 46
13 47
13 48
13 50
13 55
13 56
13 57
13 62
13 65
13 67
13 70
13 73
13 74
13 75
13 77
13 78
13 82
13 84
13 85
13 86
13 87
13 89
13 91
13 92
13 93
13 95
13 96
13 97
13 98
13 104
13 108
13 109
13 118
13 121
13 122
13 123
13 125
13 127
13 128
13 129
13 130
13 131
13 133
13 134
13 135
13 136
13 137
13 138
13 144
13 149
13 152
13 153
13 155
13 157
14 16
14 19
14 22
14 27
14 31
14 39
14 43
14 44
14 45
14 49
14 50
14 51
14 52
14 54
14 56
14 58
14 62
14 63
14 64
14 65
14 67
14 68
14 73
14 74
14 79
14 87
14 90
14 91
14 92
14 95
14 96
14 99
14 101
14 106
14 108
14 109
14 112
14 113
14 114
14 116
14 118
14 119
14 121
14 122
14 125
14 126
14 128
14 129
14 130
14 132
14 133
14 135
14 137
14 139
14 140
14 142
14 143
14 145
14 147
14 148
14 150
14 153
14 156
14 159
15 16
15 17
15 18
15 23
15 26
15 27
15 30
15 32
15 37
15 44
15 45
15 46
15 51
15 52
15 56
15 59
15 62
15 63
15 64
15 65
15 66
15 68
15 69
15 73
15 74
15 81
15 83
15 84
15 85
15 88
15 89
15 91
15 92
15 96
15 98
15 99
15 101
15 103
15 106
15 108
15 109
15 110
15 114
15 118
15 119
15 120
15 123
15 127
15 129
15 132
15 134
15 149
15 153
15 154
15 156
15 157
15 158
15 159
16 18
16 19
16 20
16 23
16 25
16 28
16 33
16 36
16 37
16 41
16 42
16 44
16 46
16 48
16 50
16 51
16 53
16 54
16 55
16 56
16 57
16 61
16 63
16 64
16 67
16 69
16 70
16 77
16 79
16 83
16 91
16 92
16 93
16 94
16 95
16 98
16 99
16 100
16 101
16 106
16 108
16 111
16 112
16 114
16 116
16 117
16 118
16 121
16 127
16 128
16 137
16 139
16 140
16 144
16 145
16 148
16 149
16 154
16 155
16 156
16 158
17 19
17 21
17 22
17 25
17 27
17 28
17 29
17 34
17 35
17 37
17 38
17 42
17 43
17 44
17 45
17 46
17 48
17 50
17 51
17 52
17 54
17 57
17 59
17 60
17 63
17 64
17 65
17 66
17 72
17 76
17 77
17 80
17 87
17 88
17 92
17 93
17 96
17 99
17 101
17 103
17 105
17 106
17 110
17 111
17 113
17 115
17 116
17 120
17 121
17 122
17 123
17 126
17 127
17 128
17 131
17 132
17 134
17 135
17 136
17 140
17 142
17 143
17 148
17 149
17 151
17 153
17 157
17 159
18 20
18 21
18 22
18 24
18 27
18 28
18 29
18 31
18 32
18 39
18 42
18 43
18 44
18 45
18 46
18 47
18 48
18 49
18 50
18 53
18 54
18 55
18 56
18 58
18 59
18 60
18 63
18 64
18 66
18 67
18 69
18 71
18 79
18 80
18 82
18 83
18 91
18 93
18 94
18 96
18 99
18 101
18 102
18 104
18 114
18 122
18 123
18 124
18 125
18 126
18 128
18 131
18 132
18 133
18 134
18 136
18 140
18 142
18 144
18 145
18 147
18 149
18 150
18 152
18 156
19 22
19 24
19 25
19 28
19 29
19 30
19 34
19 36
19 40
19 42
19 45
19 46
19 49
19 51
19 55
19 58
19 59
19 60
19 63
19 64
19 65
19 68
19 71
19 78
19 79
19 81
19 87
19 88
19 91
19 92
19 93
19 94
19 96
19 104
19 105
19 110
19 112
19 113
19 118
19 119
19 120
19 121
19 129
19 131
19 133
19 135
19 136
19 137
19 138
19 139
19 140
19 141
19 144
19 145
19 146
19 149
19 151
19 152
19 153
19 155
19 157
20 21
20 29
20 30
20 39
20 42
20 44
20 45
20 46
20 48
20 54
20 55
20 57
20 63
20 65
20 67
20 68
20 69
20 70
20 80
20 84
20 85
20 87
20 89
20 90
20 92
20 93
20 97
20 99
20 101
20 103
20 107
20 109
20 110
20 114
20 115
20 117
20 119
20 122
20 125
20 126
20 131
20 132
20 133
20 134
20 137
20 138
20 142
20 145
20 147
20 150
20 153
21 24
21 25
21 27
21 30
21 33
21 34
21 35
21 38
21 40
21 41
21 45
21 46
21 49
21 55
21 56
21 57
21 58
21 59
21 61
21 63
21 66
21 67
21 68
21 72
21 82
21 83
21 84
21 86
21 89
21 92
21 95
21 96
21 98
21 99
21 102
21 105
21 107
21 113
21 117
21 118
21 122
21 124
21 125
21 126
21 128
21 130
21 131
21 137
21 140
21 141
21 145
21 147
21 150
21 155
21 157
21 158
21 159
22 24
22 25
22 27
22 30
22 33
22 34
22 37
22 39
22 40
22 41
22 43
22 44
22 45
22 47
22 49
22 50
22 54
22 57
22 59
22 61
22 67
22 70
22 71
22 75
22 77
22 78
22 83
22 86
22 88
22 90
22 91
22 93
22 95
22 96
22 102
22 104
22 106
22 108
22 109
22 110
22 112
22 116
22 117
22 119
22 123
22 127
22 129
22 132
22 137
22 138
22 139
22 141
22 142
22 145
22 150
22 151
22 152
22 153
22 154
22 156
22 157
23 24
23 26
23 27
23 28
23 30
23 41
23 42
23 44
23 46
23 47
23 48
23 49
23 50
23 57
23 59
23 63
23 70
23 71
23 72
23 74
23 75
23 80
23 82
23 83
23 84
23 85
23 86
23 90
23 91
23 92
23 93
23 94
23 95
23 96
23 98
23 99
23 102
23 103
23 104
23 105
23 106
23 107
23 109
23 110
23 111
23 112
23 113
23 116
23 119
23 121
23 125
23 129
23 130
23 131
23 133
23 135
23 136
23 138
23 139
23 146
23 147
23 148
23 149
23 155
23 157
23 158
24 28
24 30
24 33
24 35
24 41
24 42
24 43
24 44
24 46
24 51
24 52
24 53
24 54
24 55
24 64
24 66
24 68
24 70
24 71
24 73
24 77
24 78
24 79
24 84
24 87
24 88
24 89
24 92
24 94
24 99
24 100
24 111
24 115
24 116
24 117
24 118
24 124
24 125
24 126
24 129
24 134
24 137
24 138
24 139
24 143
24 144
24 145
24 146
24 147
24 148
24 149
24 150
24 151
24 152
24 154
24 156
24 158
25 29
25 34
25 37
25 40
25 45
25 46
25 52
25 53
25 55
25 58
25 60
25 64
25 67
25 71
25 72
25 74
25 75
25 77
25 79
25 80
25 82
25 83
25 87
25 89
25 91
25 96
25 97
25 102
25 103
25 104
25 105
25 106
25 107
25 111
25 118
25 120
25 125
25 126
25 127
25 128
25 129
25 131
25 138
25 143
25 144
25 151
25 152
25 155
25 157
25 158
26 27
26 30
26 34
26 35
26 36
26 43
26 45
26 46
26 47
26 53
26 55
26 56
26 63
26 67
26 68
26 70
26 71
26 74
26 78
26 79
26 81
26 82
26 85
26 86
26 87
26 89
26 92
26 93
26 95
26 97
26 102
26 104
26 107
26 108
26 109
26 114
26 116
26 117
26 118
26 121
26 122
26 125
26 126
26 127
26 128
26 130
26 132
26 135
26 136
26 137
26 140
26 141
26 143
26 145
26 149
26 154
27 29
27 31
27 32
27 35
27 39
27 44
27 45
27 46
27 51
27 52
27 58
27 59
27 66
27 67
27 68
27 69
27 71
27 72
27 73
27 78
27 79
27 81
27 83
27 89
27 94
27 95
27 96
27 99
27 101
27 103
27 105
27 106
27 108
27 110
27 112
27 115
27 117
27 119
27 120
27 121
27 122
27 123
27 126
27 127
27 128
27 129
27 132
27 135
27 137
27 139
27 140
27 141
27 143
27 145
27 146
27 147
27 148
27 150
27 151
27 152
27 153
27 154
27 155
27 156
27 157
28 29
28 33
28 34
28 36
28 38
28 39
28 40
28 43
28 44
28 48
28 52
28 53
28 60
28 63
28 65
28 67
28 76
28 80
28 83
28 84
28 88
28 90
28 91
28 93
28 94
28 95
28 98
28 101
28 102
28 104
28 112
28 113
28 114
28 115
28 117
28 118
28 123
28 124
28 125
28 126
28 127
28 130
28 133
28 140
28 141
28 144
28 148
28 149
28 150
28 151
28 153
28 154
28 155
28 156
28 158
29 30
29 31
29 32
29 33
29 34
29 35
29 39
29 42
29 46
29 47
29 48
29 50
29 51
29 53
29 56
29 57
29 58
29 60
29 64
29 67
29 68
29 69
29 70
29 74
29 75
29 77
29 84
29 85
29 86
29 87
29 88
29 90
29 91
29 93
29 95
29 97
29 100
29 102
29 104
29 107
29 108
29 109
29 110
29 113
29 115
29 116
29 119
29 120
29 124
29 126
29 127
29 129
29 135
29 137
29 138
29 140
29 141
29 142
29 143
29 145
29 146
29 147
29 148
29 149
29 152
29 153
29 154
30 31
30 33
30 34
30 36
30 37
30 38
30 43
30 46
30 47
30 48
30 52
30 53
30 54
30 56
30 57
30 58
30 59
30 62
30 64
30 66
30 67
30 68
30 70
30 73
30 75
30 80
30 84
30 88
30 93
30 95
30 97
30 99
30 101
30 102
30 103
30 104
30 106
30 107
30 110
30 112
30 113
30 116
30 117
30 118
30 121
30 122
30 124
30 125
30 126
30 128
30 130
30 131
30 135
30 136
30 137
30 139
30 140
30 143
30 144
30 148
30 151
30 152
30 154
30 156
30 157
30 158
30 159
31 32
31 33
31 35
31 36
31 40
31 42
31 43
31 44
31 46
31 47
31 51
31 53
31 57
31 58
31 59
31 61
31 62
31 65
31 70
31 72
31 76
31 84
31 87
31 91
31 93
31 95
31 96
31 97
31 101
31 102
31 104
31 105
31 106
31 107
31 108
31 109
31 112
31 113
31 114
31 121
31 123
31 126
31 127
31 133
31 134
31 135
31 138
31 144
31 149
31 150
31 153
31 155
31 156
31 158
32 33
32 34
32 36
32 38
32 40
32 42
32 45
32 49
32 51
32 53
32 54
32 55
32 60
32 63
32 68
32 69
32 72
32 73
32 75
32 76
32 80
32 81
32 83
32 87
32 92
32 93
32 94
32 95
32 99
32 100
32 101
32 103
32 105
32 107
32 110
32 112
32 117
32 118
32 119
32 121
32 123
32 125
32 127
32 128
32 129
32 138
32 140
32 141
32 144
32 146
32 148
32 149
32 150
32 154
32 156
32 157
33 37
33 38
33 42
33 43
33 46
33 49
33 50
33 52
33 54
33 58
33 59
33 61
33 62
33 65
33 68
33 69
33 71
33 74
33 75
33 77
33 78
33 83
33 85
33 89
33 90
33 92
33 96
33 97
33 99
33 100
33 101
33 103
33 106
33 108
33 110
33 111
33 112
33 113
33 115
33 116
33 122
33 125
33 126
33 129
33 131
33 135
33 137
33 143
33 146
33 150
33 151
33 152
33 153
33 155
33 156
33 157
33 158
34 35
34 36
34 39
34 43
34 44
34 48
34 49
34 51
34 53
34 55
34 57
34 61
34 64
34 65
34 66
34 72
34 76
34 78
34 81
34 84
34 85
34 86
34 87
34 93
34 94
34 99
34 100
34 104
34 105
34 107
34 111
34 112
34 116
34 123
34 124
34 127
34 128
34 129
34 131
34 133
34 136
34 137
34 138
34 139
34 142
34 145
34 148
34 150
34 153
34 155
34 156
35 36
35 42
35 43
35 44
35 45
35 46
35 47
35 50
35 57
35 58
35 61
35 65
35 69
35 70
35 71
35 72
35 74
35 76
35 77
35 79
35 81
35 83
35 87
35 90
35 92
35 93
35 94
35 95
35 96
35 97
35 100
35 105
35 106
35 108
35 110
35 111
35 112
35 113
35 114
35 118
35 119
35 120
35 124
35 132
35 133
35 136
35 137
35 138
35 140
35 141
35 143
35 145
35 146
35 147
35 150
35 151
35 152
35 155
35 157
36 37
36 38
36 39
36 40
36 44
36 45
36 49
36 51
36 53
36 55
36 58
36 60
36 61
36 62
36 64
36 68
36 69
36 71
36 72
36 73
36 79
36 80
36 84
36 88
36 91
36 93
36 94
36 95
36 97
36 98
36 99
36 101
36 102
36 103
36 109
36 110
36 112
36 113
36 114
36 115
36 118
36 120
36 121
36 122
36 124
36 125
36 126
36 127
36 128
36 131
36 132
36 133
36 134
36 136
36 141
36 142
36 143
36 146
36 147
36 148
36 150
36 154
37 40
37 43
37 44
37 45
37 46
37 49
37 52
37 55
37 58
37 62
37 63
37 66
37 68
37 70
37 77
37 81
37 82
37 83
37 84
37 86
37 92
37 94
37 96
37 97
37 101
37 102
37 104
37 105
37 107
37 108
37 109
37 111
37 114
37 116
37 119
37 120
37 121
37 122
37 123
37 129
37 131
37 134
37 136
37 139
37 140
37 142
37 143
37 144
37 145
37 146
37 147
37 149
37 152
37 153
37 154
38 39
38 40
38 41
38 42
38 43
38 45
38 46
38 48
38 49
38 51
38 53
38 54
38 55
38 59
38 60
38 61
38 62
38 68
38 70
38 72
38 73
38 74
38 76
38 77
38 79
38 88
38 91
38 93
38 95
38 96
38 99
38 100
38 101
38 103
38 107
38 110
38 111
38 112
38 115
38 116
38 120
38 121
38 124
38 125
38 126
38 128
38 129
38 131
38 132
38 136
38 138
38 140
38 144
38 146
38 147
38 149
38 151
38 153
38 154
38 156
38 158
39 42
39 46
39 47
39 52
39 55
39 56
39 59
39 64
39 68
39 72
39 73
39 75
39 76
39 77
39 81
39 82
39 86
39 88
39 90
39 93
39 95
39 97
39 98
39 101
39 102
39 104
39 105
39 107
39 109
39 113
39 121
39 122
39 125
39 129
39 132
39 134
39 135
39 144
39 145
39 146
39 148
39 150
39 151
39 154
39 155
39 156
39 157
39 159
40 42
40 45
40 47
40 49
40 52
40 54
40 56
40 61
40 63
40 64
40 66
40 67
40 68
40 72
40 74
40 75
40 78
40 82
40 86
40 88
40 91
40 94
40 95
40 100
40 103
40 104
40 105
40 106
40 107
40 108
40 109
40 110
40 111
40 114
40 115
40 117
40 118
40 120
40 123
40 124
40 130
40 131
40 135
40 142
40 144
40 146
40 149
40 153
40 154
40 156
40 158
41 43
41 46
41 47
41 48
41 49
41 50
41 51
41 52
41 53
41 54
41 57
41 58
41 60
41 61
41 70
41 73
41 75
41 77
41 79
41 81
41 82
41 86
41 87
41 90
41 92
41 96
41 97
41 98
41 99
41 103
41 107
41 108
41 109
41 110
41 111
41 112
41 113
41 114
41 115
41 118
41 120
41 121
41 122
41 126
41 128
41 129
41 130
41 132
41 134
41 135
41 139
41 141
41 142
41 145
41 146
41 148
41 149
41 152
41 156
41 159
42 44
42 45
42 46
42 48
42 52
42 55
42 57
42 59
42 63
42 64
42 69
42 71
42 72
42 73
42 75
42 81
42 82
42 86
42 88
42 89
42 93
42 101
42 105
42 106
42 107
42 109
42 110
42 115
42 116
42 119
42 120
42 122
42 123
42 124
42 125
42 126
42 133
42 134
42 135
42 137
42 143
42 145
42 149
42 151
42 155
43 45
43 46
43 53
43 55
43 60
43 61
43 66
43 68
43 69
43 70
43 74
43 78
43 80
43 82
43 83
43 86
43 92
43 93
43 94
43 95
43 97
43 99
43 100
43 102
43 105
43 107
43 108
43 110
43 114
43 117
43 120
43 121
43 126
43 127
43 128
43 129
43 132
43 134
43 136
43 137
43 138
43 140
43 142
43 143
43 146
43 147
43 149
43 150
43 155
43 156
43 158
44 45
44 47
44 48
44 50
44 55
44 56
44 59
44 61
44 62
44 63
44 64
44 74
44 77
44 79
44 84
44 86
44 90
44 92
44 95
44 96
44 97
44 101
44 103
44 104
44 112
44 113
44 114
44 115
44 117
44 118
44 121
44 123
44 124
44 126
44 129
44 130
44 132
44 133
44 135
44 136
44 138
44 139
44 141
44 144
44 150
44 151
44 152
44 153
44 154
44 157
44 159
45 49
45 50
45 51
45 53
45 57
45 58
45 59
45 61
45 62
45 63
45 65
45 67
45 70
45 71
45 73
45 81
45 84
45 85
45 87
45 88
45 89
45 90
45 92
45 96
45 98
45 99
45 101
45 106
45 113
45 115
45 116
45 124
45 125
45 132
45 134
45 135
45 136
45 137
45 138
45 139
45 140
45 141
45 148
45 153
45 157
45 158
45 159
46 47
46 50
46 51
46 53
46 59
46 63
46 64
46 65
46 66
46 70
46 72
46 73
46 75
46 77
46 78
46 80
46 82
46 83
46 86
46 91
46 93
46 94
46 99
46 104
46 105
46 108
46 109
46 111
46 114
46 115
46 116
46 117
46 119
46 121
46 122
46 124
46 127
46 128
46 133
46 136
46 140
46 142
46 143
46 147
46 156
46 157
46 158
47 48
47 49
47 51
47 52
47 53
47 57
47 64
47 66
47 68
47 70
47 71
47 72
47 74
47 77
47 78
47 79
47 81
47 83
47 84
47 85
47 86
47 88
47 89
47 91
47 92
47 93
47 94
47 95
47 96
47 101
47 103
47 105
47 106
47 108
47 113
47 114
47 115
47 116
47 117
47 118
47 122
47 124
47 130
47 131
47 132
47 140
47 141
47 146
47 148
47 152
47 153
47 154
47 157
48 49
48 50
48 52
48 61
48 62
48 63
48 65
48 67
48 68
48 69
48 70
48 71
48 73
48 77
48 78
48 81
48 83
48 85
48 87
48 91
48 99
48 101
48 105
48 109
48 114
48 117
48 118
48 119
48 120
48 123
48 125
48 128
48 130
48 131
48 134
48 136
48 143
48 144
48 145
48 146
48 147
48 148
48 149
48 152
48 154
48 155
48 156
48 157
48 158
49 51
49 54
49 63
49 66
49 67
49 68
49 71
49 74
49 76
49 78
49 80
49 82
49 85
49 87
49 97
49 99
49 106
49 110
49 111
49 115
49 116
49 117
49 118
49 119
49 121
49 123
49 124
49 127
49 129
49 130
49 131
49 132
49 134
49 135
49 138
49 139
49 140
49 146
49 147
49 148
49 151
49 152
49 155
49 156
49 157
49 158
49 159
50 52
50 54
50 55
50 57
50 59
50 60
50 61
50 62
50 65
50 68
50 71
50 72
50 75
50 76
50 77
50 78
50 79
50 80
50 81
50 84
50 85
50 86
50 94
50 95
50 98
50 100
50 103
50 104
50 105
50 106
50 107
50 110
50 111
50 113
50 114
50 115
50 116
50 117
50 120
50 127
50 128
50 129
50 131
50 132
50 137
50 138
50 142
50 143
50 145
50 146
50 147
50 148
50 149
50 151
50 153
50 154
50 156
50 157
51 53
51 55
51 57
51 59
51 60
51 61
51 62
51 65
51 66
51 67
51 69
51 73
51 79
51 85
51 86
51 90
51 91
51 92
51 94
51 96
51 98
51 99
51 100
51 103
51 106
51 109
51 113
51 114
51 116
51 117
51 119
51 122
51 125
51 126
51 130
51 131
51 132
51 134
51 135
51 137
51 139
51 140
51 142
51 143
51 145
51 147
51 149
51 150
51 152
51 158
51 159
52 53
52 55
52 62
52 68
52 69
52 73
52 75
52 81
52 82
52 83
52 85
52 88
52 91
52 92
52 93
52 95
52 96
52 99
52 101
52 102
52 103
52 105
52 109
52 110
52 111
52 113
52 115
52 121
52 122
52 127
52 128
52 130
52 132
52 133
52 134
52 137
52 139
52 140
52 144
52 145
52 148
52 149
52 151
52 153
52 157
53 56
53 58
53 61
53 63
53 68
53 72
53 73
53 77
53 80
53 85
53 91
53 94
53 98
53 101
53 104
53 105
53 108
53 109
53 110
53 112
53 115
53 117
53 118
53 123
53 129
53 134
53 137
53 138
53 141
53 142
53 143
53 153
53 155
53 158
54 56
54 58
54 60
54 62
54 63
54 76
54 77
54 78
54 79
54 80
54 81
54 82
54 84
54 85
54 86
54 87
54 89
54 90
54 94
54 97
54 98
54 99
54 106
54 109
54 110
54 111
54 115
54 116
54 118
54 119
54 124
54 128
54 132
54 133
54 136
54 137
54 140
54 142
54 145
54 148
54 149
54 154
54 158
55 56
55 57
55 59
55 61
55 62
55 67
55 68
55 71
55 73
55 75
55 77
55 86
55 87
55 88
55 91
55 93
55 95
55 97
55 103
55 105
55 107
55 109
55 110
55 112
55 113
55 114
55 115
55 117
55 118
55 119
55 125
55 126
55 128
55 130
55 138
55 139
55 141
55 144
55 145
55 146
55 147
55 148
55 149
55 151
55 157
55 158
56 58
56 60
56 62
56 63
56 65
56 66
56 68
56 71
56 72
56 73
56 75
56 78
56 79
56 84
56 85
56 87
56 88
56 90
56 91
56 93
56 94
56 95
56 96
56 98
56 99
56 100
56 101
56 107
56 108
56 110
56 112
56 113
56 115
56 116
56 117
56 119
56 125
56 127
56 129
56 136
56 140
56 141
56 142
56 143
56 144
56 146
56 147
56 149
56 152
56 154
56 155
56 156
56 157
56 159
57 58
57 59
57 60
57 62
57 63
57 66
57 70
57 72
57 78
57 79
57 83
57 85
57 87
57 91
57 92
57 94
57 96
57 101
57 103
57 105
57 107
57 109
57 110
57 113
57 115
57 119
57 120
57 121
57 122
57 123
57 126
57 128
57 130
57 132
57 138
57 140
57 142
57 143
57 149
57 150
57 151
57 153
57 155
57 158
58 59
58 60
58 61
58 63
58 64
58 68
58 69
58 71
58 73
58 74
58 75
58 77
58 82
58 84
58 86
58 88
58 89
58 90
58 93
58 96
58 97
58 103
58 104
58 105
58 107
58 110
58 111
58 112
58 127
58 131
58 133
58 139
58 142
58 146
58 148
58 153
58 154
58 155
58 156
59 63
59 65
59 66
59 69
59 70
59 72
59 76
59 77
59 80
59 82
59 83
59 86
59 87
59 88
59 89
59 91
59 94
59 97
59 98
59 108
59 111
59 112
59 119
59 121
59 122
59 124
59 127
59 128
59 132
59 140
59 141
59 142
59 150
59 151
59 153
59 155
60 64
60 65
60 71
60 73
60 74
60 79
60 81
60 84
60 85
60 86
60 87
60 89
60 93
60 94
60 96
60 99
60 100
60 101
60 102
60 103
60 105
60 107
60 112
60 113
60 115
60 118
60 120
60 122
60 123
60 128
60 133
60 134
60 135
60 136
60 137
60 138
60 145
60 146
60 147
60 149
60 151
60 153
60 157
60 158
61 66
61 68
61 70
61 75
61 76
61 78
61 79
61 81
61 84
61 87
61 91
61 92
61 93
61 94
61 97
61 98
61 99
61 100
61 101
61 104
61 106
61 108
61 109
61 111
61 112
61 115
61 116
61 117
61 118
61 119
61 123
61 130
61 131
61 133
61 134
61 137
61 138
61 143
61 145
61 146
61 147
61 148
61 149
61 153
61 156
61 157
62 64
62 66
62 70
62 73
62 76
62 78
62 83
62 89
62 92
62 94
62 96
62 97
62 105
62 107
62 108
62 109
62 113
62 116
62 120
62 121
62 123
62 124
62 125
62 127
62 131
62 132
62 133
62 136
62 142
62 143
62 144
62 145
62 149
62 150
62 155
62 156
62 158
63 64
63 65
63 67
63 68
63 69
63 70
63 71
63 72
63 77
63 81
63 83
63 84
63 85
63 86
63 90
63 91
63 94
63 95
63 98
63 99
63 102
63 104
63 106
63 107
63 114
63 116
63 118
63 122
63 124
63 125
63 128
63 129
63 130
63 132
63 133
63 136
63 137
63 141
63 142
63 144
63 146
63 147
63 149
63 150
63 159
64 67
64 69
64 70
64 73
64 76
64 78
64 80
64 84
64 85
64 87
64 90
64 91
64 93
64 94
64 95
64 99
64 102
64 106
64 108
64 112
64 113
64 117
64 118
64 119
64 121
64 122
64 123
64 125
64 126
64 128
64 129
64 132
64 136
64 138
64 139
64 141
64 143
64 144
64 147
64 148
64 151
64 154
64 155
64 158
64 159
65 68
65 69
65 72
65 73
65 74
65 78
65 82
65 83
65 85
65 86
65 87
65 89
65 91
65 93
65 94
65 96
65 99
65 100
65 102
65 103
65 109
65 111
65 113
65 114
65 115
65 116
65 117
65 118
65 121
65 122
65 124
65 125
65 126
65 132
65 136
65 137
65 140
65 142
65 143
65 145
65 146
65 148
65 150
65 151
65 153
65 154
65 158
65 159
66 67
66 68
66 69
66 70
66 72
66 73
66 75
66 76
66 77
66 78
66 79
66 80
66 83
66 85
66 87
66 89
66 90
66 93
66 95
66 97
66 98
66 105
66 108
66 110
66 117
66 119
66 122
66 124
66 131
66 133
66 134
66 136
66 138
66 139
66 142
66 149
66 151
66 152
66 154
66 158
67 68
67 69
67 71
67 74
67 78
67 81
67 82
67 83
67 84
67 86
67 87
67 88
67 89
67 90
67 91
67 95
67 98
67 103
67 104
67 108
67 112
67 114
67 117
67 118
67 120
67 122
67 123
67 125
67 129
67 130
67 132
67 134
67 136
67 139
67 142
67 144
67 146
67 147
67 149
67 151
67 152
67 154
67 155
67 156
68 69
68 72
68 73
68 74
68 77
68 78
68 81
68 82
68 83
68 86
68 90
68 92
68 93
68 95
68 98
68 102
68 103
68 104
68 106
68 110
68 111
68 113
68 114
68 115
68 117
68 118
68 120
68 121
68 126
68 128
68 130
68 132
68 133
68 134
68 135
68 136
68 137
68 138
68 141
68 142
68 143
68 145
68 146
68 149
68 154
68 156
68 157
69 70
69 71
69 72
69 76
69 77
69 80
69 83
69 84
69 87
69 93
69 95
69 97
69 98
69 99
69 100
69 101
69 104
69 105
69 106
69 111
69 112
69 113
69 115
69 116
69 120
69 121
69 122
69 124
69 126
69 131
69 133
69 136
69 141
69 143
69 145
69 146
69 147
69 149
69 155
69 156
69 157
69 159
70 72
70 73
70 76
70 78
70 79
70 84
70 88
70 92
70 95
70 96
70 97
70 98
70 99
70 100
70 102
70 103
70 104
70 112
70 113
70 118
70 119
70 121
70 124
70 125
70 126
70 131
70 132
70 135
70 138
70 140
70 143
70 147
70 148
70 149
70 150
70 152
70 155
70 156
70 158
70 159
71 72
71 76
71 77
71 78
71 80
71 82
71 84
71 89
71 92
71 93
71 95
71 96
71 97
71 103
71 106
71 107
71 108
71 115
71 116
71 118
71 120
71 121
71 123
71 125
71 126
71 128
71 129
71 130
71 135
71 136
71 140
71 151
71 154
71 155
71 159
72 74
72 75
72 77
72 81
72 83
72 85
72 87
72 88
72 90
72 91
72 95
72 96
72 98
72 107
72 111
72 112
72 113
72 116
72 119
72 120
72 123
72 125
72 127
72 128
72 129
72 131
72 133
72 137
72 144
72 145
72 149
72 150
72 153
72 154
72 156
72 158
73 75
73 76
73 82
73 85
73 87
73 92
73 93
73 94
73 95
73 96
73 99
73 101
73 103
73 104
73 107
73 111
73 112
73 115
73 116
73 119
73 122
73 124
73 125
73 129
73 133
73 134
73 135
73 137
73 140
73 142
73 143
73 145
73 146
73 147
73 148
73 149
73 150
73 151
73 156
73 157
73 158
74 75
74 79
74 81
74 84
74 85
74 86
74 87
74 90
74 93
74 94
74 96
74 99
74 101
74 107
74 110
74 113
74 116
74 117
74 118
74 119
74 121
74 122
74 124
74 126
74 128
74 132
74 133
74 134
74 136
74 150
74 152
74 154
74 157
74 158
75 77
75 78
75 82
75 83
75 84
75 85
75 86
75 87
75 90
75 91
75 96
75 97
75 98
75 99
75 100
75 102
75 103
75 105
75 107
75 109
75 110
75 113
75 114
75 115
75 117
75 119
75 120
75 127
75 130
75 131
75 132
75 134
75 136
75 137
75 138
75 140
75 141
75 142
75 143
75 144
75 147
75 149
75 151
75 153
75 156
75 157
76 78
76 79
76 80
76 85
76 88
76 90
76 91
76 92
76 94
76 95
76 97
76 101
76 105
76 107
76 112
76 114
76 119
76 122
76 127
76 128
76 129
76 130
76 133
76 136
76 137
76 138
76 143
76 144
76 146
76 151
76 153
76 154
76 156
76 157
76 158
76 159
77 78
77 79
77 81
77 84
77 85
77 86
77 87
77 88
77 91
77 92
77 93
77 94
77 95
77 96
77 97
77 102
77 103
77 104
77 106
77 109
77 115
77 116
77 120
77 121
77 124
77 126
77 130
77 132
77 135
77 137
77 139
77 141
77 142
77 144
77 145
77 149
77 153
77 154
77 156
77 158
78 81
78 85
78 86
78 88
78 89
78 93
78 100
78 106
78 107
78 109
78 110
78 111
78 113
78 114
78 118
78 120
78 121
78 123
78 125
78 127
78 128
78 129
78 132
78 134
78 139
78 141
78 144
78 148
78 149
78 150
78 151
78 152
78 154
78 155
78 156
78 157
79 81
79 84
79 88
79 91
79 93
79 95
79 97
79 99
79 100
79 103
79 104
79 108
79 109
79 112
79 113
79 115
79 116
79 118
79 120
79 123
79 125
79 126
79 127
79 128
79 129
79 130
79 132
79 133
79 136
79 138
79 139
79 140
79 143
79 146
79 147
79 149
79 154
79 156
79 158
80 81
80 83
80 84
80 85
80 92
80 94
80 102
80 104
80 106
80 111
80 112
80 114
80 117
80 118
80 121
80 124
80 125
80 126
80 127
80 129
80 135
80 137
80 142
80 147
80 150
80 151
80 153
80 156
80 159
81 82
81 87
81 88
81 91
81 100
81 101
81 102
81 104
81 106
81 108
81 110
81 111
81 115
81 117
81 119
81 121
81 123
81 127
81 129
81 130
81 132
81 134
81 139
81 141
81 142
81 144
81 147
81 150
81 153
81 155
81 157
81 159
82 83
82 87
82 88
82 90
82 96
82 97
82 98
82 100
82 103
82 104
82 105
82 106
82 108
82 112
82 116
82 117
82 122
82 123
82 128
82 132
82 137
82 139
82 142
82 143
82 144
82 146
82 147
82 148
82 151
82 154
82 155
82 157
82 158
82 159
83 85
83 87
83 88
83 90
83 92
83 94
83 95
83 96
83 98
83 103
83 106
83 108
83 110
83 115
83 116
83 121
83 122
83 123
83 125
83 126
83 130
83 132
83 135
83 138
83 139
83 140
83 141
83 145
83 146
83 147
83 150
83 151
83 155
83 159
84 95
84 97
84 99
84 103
84 104
84 105
84 108
84 110
84 114
84 116
84 119
84 122
84 125
84 126
84 127
84 129
84 130
84 133
84 136
84 138
84 139
84 142
84 145
84 147
84 148
84 150
84 152
84 153
84 154
84 156
84 159
85 86
85 88
85 90
85 91
85 92
85 94
85 95
85 98
85 99
85 102
85 103
85 108
85 109
85 110
85 112
85 115
85 117
85 119
85 120
85 121
85 122
85 123
85 125
85 126
85 131
85 133
85 137
85 139
85 140
85 141
85 146
85 147
85 149
85 151
85 152
85 153
85 154
85 156
85 157
85 158
86 87
86 88
86 89
86 91
86 94
86 95
86 96
86 97
86 103
86 109
86 112
86 114
86 118
86 119
86 123
86 126
86 129
86 132
86 134
86 135
86 136
86 137
86 138
86 140
86 141
86 142
86 143
86 145
86 149
86 150
86 152
86 153
86 155
86 156
86 157
86 159
87 90
87 96
87 101
87 103
87 104
87 105
87 110
87 111
87 112
87 114
87 116
87 117
87 118
87 119
87 120
87 123
87 124
87 125
87 127
87 128
87 132
87 135
87 137
87 138
87 140
87 143
87 144
87 146
87 147
87 150
87 153
87 156
87 157
88 89
88 90
88 91
88 92
88 93
88 94
88 97
88 98
88 102
88 103
88 104
88 106
88 109
88 111
88 112
88 113
88 114
88 115
88 116
88 117
88 120
88 121
88 123
88 126
88 127
88 128
88 129
88 131
88 135
88 136
88 137
88 139
88 142
88 143
88 144
88 145
88 157
88 158
89 90
89 91
89 92
89 95
89 96
89 97
89 99
89 100
89 102
89 104
89 105
89 111
89 112
89 113
89 114
89 117
89 120
89 121
89 123
89 126
89 128
89 129
89 130
89 131
89 132
89 143
89 144
89 146
89 149
89 151
89 152
89 153
89 154
89 157
89 159
90 91
90 92
90 93
90 94
90 96
90 103
90 105
90 107
90 111
90 114
90 115
90 121
90 123
90 124
90 126
90 129
90 131
90 133
90 134
90 135
90 138
90 139
90 140
90 142
90 147
90 148
90 149
90 151
90 152
90 153
90 155
91 92
91 93
91 95
91 96
91 98
91 99
91 101
91 102
91 105
91 106
91 108
91 112
91 113
91 114
91 115
91 116
91 122
91 123
91 125
91 126
91 127
91 129
91 130
91 133
91 134
91 135
91 139
91 140
91 141
91 142
91 148
91 155
91 157
91 158
91 159
92 93
92 94
92 96
92 98
92 101
92 105
92 107
92 109
92 113
92 115
92 116
92 120
92 121
92 123
92 126
92 127
92 128
92 129
92 136
92 139
92 142
92 143
92 148
92 149
92 152
92 153
92 155
92 156
92 157
93 96
93 101
93 104
93 107
93 109
93 110
93 112
93 114
93 116
93 117
93 118
93 119
93 120
93 125
93 126
93 128
93 137
93 138
93 139
93 140
93 144
93 147
93 148
93 149
93 151
93 152
94 96
94 100
94 102
94 103
94 104
94 105
94 106
94 108
94 109
94 111
94 113
94 114
94 115
94 116
94 118
94 126
94 129
94 131
94 134
94 135
94 138
94 141
94 145
94 146
94 147
94 148
94 150
94 151
94 152
94 155
94 156
94 158
94 159
95 96
95 103
95 106
95 109
95 110
95 112
95 114
95 115
95 116
95 118
95 121
95 122
95 123
95 128
95 131
95 133
95 134
95 137
95 138
95 140
95 142
95 143
95 145
95 147
95 151
95 158
96 99
96 102
96 105
96 106
96 107
96 109
96 110
96 111
96 112
96 115
96 116
96 117
96 118
96 119
96 120
96 121
96 122
96 123
96 131
96 136
96 140
96 142
96 143
96 145
96 148
96 152
96 153
96 156
96 159
97 98
97 99
97 100
97 101
97 102
97 104
97 105
97 106
97 107
97 108
97 110
97 113
97 114
97 115
97 116
97 117
97 124
97 125
97 129
97 131
97 132
97 133
97 134
97 136
97 137
97 139
97 141
97 147
97 148
97 149
97 153
97 154
97 156
97 157
97 158
97 159
98 105
98 107
98 110
98 111
98 115
98 116
98 118
98 123
98 125
98 126
98 130
98 131
98 132
98 134
98 136
98 138
98 140
98 149
98 154
99 109
99 110
99 115
99 116
99 118
99 120
99 121
99 124
99 126
99 127
99 128
99 129
99 130
99 131
99 133
99 134
99 138
99 141
99 143
99 144
99 145
99 146
99 147
99 148
99 151
99 152
99 153
99 154
99 158
100 102
100 103
100 104
100 106
100 108
100 109
100 113
100 114
100 115
100 116
100 117
100 120
100 121
100 122
100 124
100 126
100 131
100 134
100 138
100 140
100 141
100 143
100 145
100 146
100 147
100 151
100 153
100 156
100 158
100 159
101 102
101 103
101 106
101 107
101 114
101 115
101 116
101 120
101 121
101 122
101 123
101 128
101 130
101 132
101 133
101 135
101 136
101 137
101 140
101 143
101 144
101 146
101 148
101 151
101 153
101 159
102 103
102 106
102 108
102 109
102 110
102 111
102 112
102 113
102 120
102 123
102 124
102 126
102 129
102 133
102 134
102 137
102 140
102 142
102 148
102 149
102 151
102 155
102 156
102 157
102 159
103 110
103 112
103 113
103 114
103 116
103 117
103 120
103 122
103 123
103 124
103 125
103 127
103 128
103 131
103 133
103 134
103 135
103 138
103 140
103 141
103 142
103 146
103 149
103 150
103 152
103 153
103 154
103 156
103 157
103 159
104 106
104 108
104 112
104 113
104 116
104 117
104 119
104 124
104 125
104 127
104 130
104 137
104 138
104 139
104 141
104 146
104 147
104 151
104 152
104 153
104 155
104 158
105 106
105 107
105 111
105 113
105 116
105 118
105 120
105 123
105 126
105 127
105 131
105 132
105 136
105 137
105 141
105 143
105 144
105 145
105 146
105 148
105 150
105 151
105 158
106 109
106 112
106 113
106 114
106 115
106 121
106 123
106 131
106 133
106 137
106 142
106 144
106 149
106 154
106 155
106 159
107 111
107 116
107 120
107 121
107 126
107 127
107 129
107 130
107 131
107 132
107 133
107 135
107 136
107 138
107 139
107 140
107 141
107 143
107 145
107 158
107 159
108 118
108 131
108 132
108 133
108 135
108 136
108 138
108 139
108 148
108 149
108 150
108 153
108 157
109 110
109 115
109 116
109 118
109 119
109 120
109 121
109 122
109 124
109 126
109 127
109 128
109 130
109 132
109 133
109 135
109 137
109 138
109 139
109 141
109 142
109 143
109 144
109 145
109 147
109 149
109 150
109 153
109 155
109 157
109 159
110 111
110 112
110 113
110 118
110 120
110 121
110 124
110 125
110 128
110 132
110 134
110 136
110 137
110 140
110 142
110 143
110 145
110 146
110 149
110 150
110 154
110 158
111 112
111 117
111 121
111 122
111 125
111 126
111 127
111 130
111 131
111 132
111 135
111 140
111 143
111 145
111 147
111 149
111 155
111 158
111 159
112 115
112 116
112 118
112 121
112 122
112 123
112 124
112 126
112 127
112 129
112 133
112 135
112 136
112 140
112 142
112 146
112 147
112 148
112 150
112 152
112 153
112 154
112 155
112 156
112 157
112 159
113 114
113 115
113 120
113 122
113 123
113 131
113 134
113 135
113 138
113 144
113 145
113 148
113 149
113 151
113 152
113 154
113 158
113 159
114 115
114 117
114 118
114 121
114 122
114 123
114 125
114 128
114 131
114 132
114 135
114 136
114 137
114 139
114 142
114 143
114 144
114 146
114 147
114 149
114 151
114 154
114 155
114 156
114 158
115 117
115 120
115 123
115 124
115 127
115 132
115 133
115 137
115 139
115 140
115 143
115 146
115 148
115 149
115 151
115 152
115 153
115 156
115 158
116 118
116 120
116 123
116 124
116 133
116 135
116 142
116 143
116 145
116 147
116 148
116 149
116 150
116 151
116 153
116 156
116 157
117 119
117 120
117 123
117 126
117 127
117 128
117 130
117 131
117 132
117 133
117 134
117 136
117 139
117 142
117 145
117 146
117 148
117 149
117 150
117 153
117 154
117 159
118 120
118 124
118 126
118 128
118 129
118 130
118 131
118 136
118 137
118 138
118 140
118 143
118 147
118 149
118 151
118 157
118 159
119 120
119 122
119 126
119 128
119 129
119 131
119 132
119 136
119 139
119 140
119 142
119 143
119 144
119 145
119 147
119 148
119 149
119 151
119 152
119 159
120 123
120 124
120 126
120 130
120 131
120 132
120 134
120 135
120 140
120 142
120 145
120 148
120 149
120 150
120 151
120 152
120 153
120 154
120 155
120 156
120 157
121 122
121 123
121 128
121 129
121 133
121 136
121 148
121 149
121 150
121 151
121 152
121 154
121 155
121 156
121 157
122 128
122 129
122 135
122 140
122 144
122 146
122 149
122 152
122 153
122 155
122 156
122 157
122 158
123 125
123 127
123 128
123 129
123 130
123 132
123 133
123 134
123 136
123 138
123 140
123 141
123 143
123 144
123 150
123 151
123 152
123 154
123 157
124 125
124 128
124 129
124 130
124 131
124 132
124 133
124 135
124 137
124 141
124 143
124 146
124 147
124 148
124 150
124 151
124 152
124 154
124 157
125 129
125 130
125 135
125 136
125 142
125 144
125 150
125 151
125 153
125 154
125 157
125 159
126 129
126 134
126 136
126 137
126 138
126 142
126 143
126 145
126 149
126 151
126 152
126 153
126 156
127 129
127 131
127 135
127 136
127 138
127 139
127 141
127 142
127 147
127 149
127 151
127 152
127 154
127 156
128 129
128 131
128 132
128 141
128 142
128 144
128 145
128 147
128 152
128 155
128 156
128 158
129 132
129 134
129 135
129 137
129 138
129 142
129 143
129 144
129 145
129 146
129 148
129 150
129 151
129 152
129 153
129 154
129 158
130 133
130 134
130 135
130 137
130 139
130 144
130 147
130 149
130 150
130 152
130 153
130 157
131 134
131 139
131 140
131 144
131 146
131 147
131 148
131 150
131 153
131 159
132 133
132 135
132 136
132 137
132 143
132 146
132 149
132 152
132 154
132 156
133 136
133 138
133 139
133 140
133 145
133 146
133 147
133 149
133 151
133 152
133 154
133 155
133 159
134 137
134 145
134 148
134 149
134 151
134 152
134 155
134 156
134 158
135 138
135 139
135 141
135 143
135 146
135 149
135 151
135 152
135 153
135 154
135 155
135 157
135 158
136 139
136 145
136 148
136 151
136 152
136 154
136 156
136 157
137 139
137 140
137 142
137 143
137 144
137 145
137 147
137 149
137 150
137 153
137 154
137 155
138 142
138 143
138 144
138 145
138 150
138 153
138 156
138 159
139 140
139 141
139 144
139 146
139 152
139 153
139 155
139 156
139 157
139 158
140 144
140 148
140 152
140 154
140 156
140 157
140 159
141 150
141 151
141 153
141 154
141 155
141 158
141 159
142 144
142 150
142 151
142 153
142 154
142 159
143 145
143 148
143 149
143 152
143 155
143 156
143 157
143 158
144 146
144 150
144 151
144 153
144 154
144 155
144 157
144 158
144 159
145 151
145 153
145 154
145 155
145 157
145 158
145 159
146 149
146 152
147 148
147 150
147 151
147 154
147 155
147 156
147 158
148 150
148 151
148 155
148 156
149 151
149 153
149 154
149 156
149 157
149 158
150 151
150 152
150 158
151 152
151 154
151 155
151 159
152 153
152 159
153 158
153 159
154 155
154 156
154 157
154 158
155 157
156 158
156 159
157 158
157 159
