130 1715
0 4
0 7
0 13
0 16
0 18
0 21
0 23
0 26
0 32
0 33
0 38
0 47
0 54
0 61
0 67
0 71
0 75
0 79
0 95
0 97
0 101
0 123
0 127
1 2
1 9
1 10
1 12
1 14
1 28
1 30
1 33
1 37
1 46
1 49
1 52
1 63
1 67
1 69
1 73
1 74
1 83
1 84
1 90
1 91
1 92
1 109
1 113
1 127
1 128
2 5
2 8
2 10
2 13
2 14
2 34
2 36
2 51
2 52
2 56
2 70
2 72
2 77
2 78
2 80
2 81
2 87
2 89
2 94
2 96
2 102
2 105
2 116
2 119
2 122
2 128
3 5
3 7
3 11
3 14
3 15
3 17
3 22
3 23
3 32
3 62
3 69
3 70
3 74
3 75
3 76
3 89
3 93
3 94
3 96
3 97
3 100
3 104
3 108
3 114
3 115
3 118
3 122
3 124
3 129
4 6
4 15
4 22
4 26
4 29
4 42
4 46
4 48
4 57
4 59
4 80
4 81
4 85
4 86
4 90
4 93
4 98
4 103
4 126
5 7
5 10
5 11
5 12
5 13
5 17
5 23
5 25
5 27
5 30
5 31
5 38
5 43
5 47
5 51
5 56
5 80
5 94
5 101
5 102
5 104
5 111
5 116
5 122
5 127
6 9
6 15
6 20
6 28
6 33
6 41
6 42
6 43
6 45
6 70
6 77
6 80
6 87
6 88
6 91
6 92
6 102
6 112
6 117
6 121
6 122
6 124
7 8
7 13
7 18
7 19
7 22
7 27
7 36
7 48
7 59
7 65
7 69
7 70
7 71
7 73
7 76
7 77
7 80
7 83
7 85
7 92
7 95
7 103
7 105
7 110
7 111
7 112
7 116
7 122
7 123
7 127
8 16
8 21
8 23
8 26
8 31
8 33
8 41
8 44
8 46
8 48
8 49
8 56
8 61
8 71
8 78
8 80
8 81
8 87
8 100
8 109
8 112
8 115
8 123
8 129
9 13
9 17
9 18
9 25
9 29
9 42
9 45
9 48
9 51
9 62
9 66
9 70
9 72
9 74
9 75
9 83
9 85
9 92
9 101
9 105
9 112
9 113
9 116
9 122
9 123
10 13
10 16
10 17
10 39
10 40
10 46
10 48
10 51
10 53
10 54
10 56
10 58
10 63
10 66
10 68
10 73
10 74
10 84
10 89
10 96
10 107
10 121
10 128
11 17
11 19
11 23
11 25
11 32
11 36
11 39
11 44
11 47
11 50
11 56
11 61
11 67
11 75
11 82
11 84
11 85
11 90
11 96
11 97
11 101
11 109
11 112
11 114
11 127
12 18
12 24
12 28
12 29
12 43
12 46
12 47
12 49
12 52
12 56
12 61
12 67
12 68
12 72
12 73
12 76
12 79
12 86
12 88
12 90
12 91
12 92
12 112
12 120
12 123
12 126
12 129
13 14
13 18
13 21
13 31
13 32
13 38
13 51
13 71
13 72
13 73
13 76
13 77
13 107
13 110
13 115
13 117
13 122
13 125
13 129
14 27
14 28
14 30
14 32
14 35
14 39
14 42
14 44
14 49
14 69
14 74
14 76
14 77
14 79
14 91
14 93
14 95
14 96
14 99
14 103
14 112
14 114
14 118
14 121
14 124
14 127
15 21
15 32
15 33
15 35
15 38
15 43
15 45
15 46
15 49
15 51
15 53
15 60
15 64
15 69
15 73
15 75
15 99
15 100
15 109
15 110
15 119
15 126
15 129
16 19
16 22
16 24
16 27
16 30
16 31
16 44
16 49
16 50
16 56
16 68
16 69
16 70
16 71
16 72
16 78
16 79
16 86
16 88
16 89
16 92
16 94
16 99
16 100
16 103
16 110
16 118
16 128
17 26
17 27
17 28
17 30
17 31
17 32
17 41
17 44
17 45
17 52
17 53
17 55
17 60
17 64
17 67
17 71
17 78
17 82
17 85
17 100
17 102
17 104
17 128
18 24
18 28
18 31
18 33
18 35
18 38
18 42
18 48
18 59
18 61
18 64
18 84
18 89
18 96
18 101
18 108
18 112
18 115
18 120
18 125
18 126
18 129
19 24
19 30
19 34
19 41
19 50
19 57
19 63
19 65
19 70
19 72
19 84
19 86
19 92
19 94
19 100
19 103
19 105
19 116
19 118
19 120
19 124
19 127
19 128
19 129
20 25
20 30
20 31
20 35
20 36
20 41
20 51
20 52
20 53
20 58
20 60
20 62
20 63
20 71
20 75
20 78
20 86
20 89
20 95
20 99
20 103
20 113
20 121
20 127
21 26
21 29
21 31
21 32
21 34
21 35
21 38
21 40
21 41
21 43
21 47
21 48
21 52
21 54
21 67
21 68
21 69
21 70
21 77
21 83
21 86
21 88
21 89
21 90
21 91
21 93
21 96
21 102
21 115
21 119
21 123
21 126
21 129
22 26
22 36
22 38
22 47
22 48
22 51
22 55
22 61
22 62
22 65
22 70
22 76
22 80
22 98
22 103
22 111
22 116
22 117
22 121
22 126
22 129
23 38
23 39
23 46
23 48
23 51
23 62
23 74
23 79
23 81
23 82
23 87
23 96
23 101
23 105
23 107
23 113
23 118
23 120
23 122
23 123
23 126
23 127
24 46
24 48
24 49
24 54
24 59
24 67
24 70
24 74
24 91
24 93
24 95
24 101
24 106
24 109
24 119
24 121
25 32
25 45
25 51
25 53
25 58
25 78
25 83
25 87
25 96
25 102
25 104
25 108
25 109
25 111
25 113
25 128
26 28
26 30
26 36
26 37
26 47
26 48
26 61
26 66
26 75
26 78
26 86
26 87
26 89
26 92
26 105
26 116
26 118
26 127
26 129
27 32
27 38
27 39
27 46
27 47
27 58
27 62
27 63
27 64
27 67
27 69
27 72
27 84
27 91
27 93
27 94
27 99
27 111
27 115
27 123
28 29
28 31
28 35
28 39
28 51
28 56
28 65
28 70
28 74
28 85
28 87
28 92
28 95
28 100
28 110
28 111
28 118
28 122
29 34
29 39
29 40
29 41
29 51
29 54
29 65
29 73
29 80
29 81
29 87
29 88
29 109
29 113
29 115
29 116
30 38
30 39
30 41
30 43
30 48
30 49
30 51
30 55
30 58
30 64
30 66
30 77
30 84
30 90
30 98
30 101
30 104
30 107
30 109
30 114
30 129
31 35
31 38
31 43
31 46
31 48
31 52
31 53
31 54
31 69
31 71
31 77
31 82
31 94
31 96
31 98
31 99
31 103
31 107
31 113
31 117
31 126
31 127
31 129
32 36
32 38
32 40
32 47
32 55
32 61
32 66
32 68
32 79
32 82
32 86
32 90
32 93
32 97
32 98
32 102
32 113
32 115
32 117
32 126
33 34
33 35
33 36
33 40
33 44
33 47
33 48
33 50
33 54
33 61
33 67
33 75
33 76
33 86
33 87
33 89
33 92
33 97
33 100
33 103
33 104
33 110
33 119
33 123
33 127
34 41
34 44
34 47
34 48
34 74
34 76
34 83
34 93
34 96
34 97
34 99
34 100
34 104
34 117
34 119
34 120
34 121
35 39
35 46
35 57
35 62
35 64
35 71
35 81
35 86
35 88
35 92
35 97
35 99
35 106
35 108
35 111
35 117
35 128
36 40
36 42
36 48
36 57
36 61
36 62
36 66
36 68
36 70
36 74
36 81
36 88
36 89
36 91
36 105
36 106
36 110
36 111
36 112
36 119
36 125
36 127
37 39
37 41
37 42
37 47
37 48
37 49
37 51
37 56
37 62
37 67
37 75
37 76
37 84
37 85
37 98
37 102
37 104
38 40
38 41
38 45
38 52
38 54
38 56
38 66
38 68
38 76
38 77
38 78
38 82
38 87
38 95
38 111
38 113
38 120
38 121
38 124
39 40
39 42
39 51
39 62
39 65
39 66
39 68
39 70
39 71
39 72
39 84
39 85
39 87
39 90
39 94
39 101
39 104
39 112
39 113
39 120
39 124
40 45
40 46
40 50
40 58
40 59
40 62
40 69
40 94
40 96
40 97
40 98
40 104
40 114
40 115
40 126
41 42
41 47
41 48
41 49
41 50
41 57
41 60
41 61
41 62
41 66
41 68
41 71
41 75
41 86
41 88
41 92
41 115
41 117
41 119
42 45
42 53
42 56
42 64
42 69
42 75
42 78
42 85
42 92
42 93
42 98
42 105
42 107
42 110
42 116
42 125
43 44
43 46
43 53
43 57
43 62
43 63
43 64
43 65
43 83
43 86
43 93
43 94
43 97
43 102
43 113
43 114
43 118
43 122
43 124
44 46
44 49
44 53
44 60
44 61
44 65
44 72
44 75
44 82
44 83
44 84
44 91
44 93
44 108
44 112
44 113
44 125
45 46
45 47
45 52
45 53
45 66
45 68
45 72
45 78
45 82
45 99
45 102
45 112
45 113
45 121
45 125
46 50
46 51
46 55
46 64
46 65
46 67
46 70
46 71
46 75
46 82
46 88
46 93
46 107
46 108
46 111
46 112
46 114
46 115
46 118
46 119
46 120
46 125
46 129
47 52
47 53
47 60
47 61
47 63
47 65
47 67
47 84
47 87
47 93
47 94
47 104
47 105
47 108
47 110
47 112
47 117
47 118
47 123
47 125
47 126
48 49
48 50
48 55
48 57
48 67
48 68
48 73
48 78
48 89
48 103
48 105
48 113
48 118
48 125
48 129
49 51
49 52
49 57
49 58
49 65
49 67
49 70
49 77
49 78
49 79
49 83
49 86
49 88
49 93
49 94
49 97
49 98
49 99
49 111
49 117
49 118
49 120
49 121
49 125
50 53
50 54
50 57
50 60
50 61
50 62
50 70
50 71
50 72
50 83
50 86
50 87
50 99
50 100
50 103
50 106
50 107
50 118
50 120
50 124
50 126
50 128
51 54
51 55
51 59
51 63
51 64
51 68
51 70
51 81
51 82
51 94
51 97
51 102
51 106
51 108
51 109
51 116
51 119
51 121
51 122
51 126
52 54
52 58
52 60
52 62
52 68
52 70
52 75
52 79
52 80
52 101
52 111
52 118
52 121
52 124
52 125
53 62
53 65
53 66
53 68
53 70
53 72
53 79
53 87
53 96
53 98
53 103
53 111
53 112
53 113
53 117
54 55
54 56
54 63
54 67
54 71
54 77
54 83
54 95
54 100
54 105
54 116
54 119
55 63
55 74
55 78
55 101
55 110
55 114
56 61
56 71
56 77
56 78
56 79
56 82
56 84
56 90
56 91
56 93
56 96
56 97
56 102
56 111
56 115
56 118
56 120
56 127
56 129
57 58
57 71
57 74
57 75
57 77
57 82
57 87
57 88
57 89
57 91
57 95
57 96
57 106
57 109
57 110
57 113
57 118
57 121
57 127
57 128
58 66
58 70
58 73
58 80
58 82
58 85
58 86
58 90
58 103
58 104
58 108
58 109
58 118
58 126
58 127
59 62
59 68
59 77
59 78
59 79
59 80
59 84
59 89
59 94
59 111
59 115
59 120
59 126
59 127
59 128
60 62
60 66
60 68
60 71
60 79
60 82
60 85
60 90
60 93
60 95
60 100
60 105
60 109
60 115
60 117
60 121
61 71
61 76
61 80
61 82
61 84
61 111
61 124
61 125
62 63
62 64
62 77
62 89
62 97
62 98
62 99
62 102
62 106
62 109
62 112
62 120
62 121
62 124
63 64
63 72
63 74
63 76
63 77
63 83
63 94
63 98
63 99
63 100
63 105
63 116
63 117
63 121
63 125
63 126
64 65
64 69
64 78
64 83
64 84
64 86
64 87
64 94
64 95
64 100
64 101
64 105
64 108
64 110
64 125
65 68
65 73
65 78
65 88
65 91
65 92
65 95
65 96
65 110
65 121
66 74
66 75
66 93
66 94
66 101
66 116
66 122
66 125
66 128
67 68
67 72
67 74
67 80
67 86
67 88
67 89
67 91
67 92
67 108
67 123
68 82
68 83
68 93
68 102
68 106
68 114
68 117
68 119
68 122
68 127
69 78
69 81
69 87
69 89
69 92
69 94
69 98
69 101
69 107
69 122
69 127
70 73
70 76
70 82
70 83
70 84
70 85
70 87
70 88
70 99
70 108
70 122
70 124
70 125
70 126
70 128
71 74
71 75
71 82
71 84
71 85
71 87
71 90
71 93
71 98
71 100
71 101
71 102
71 109
71 124
71 129
72 73
72 75
72 78
72 79
72 93
72 94
72 100
72 115
72 127
73 81
73 89
73 92
73 115
73 117
73 119
73 121
73 129
74 82
74 94
74 97
74 100
74 107
74 109
74 119
74 129
75 78
75 80
75 85
75 88
75 89
75 107
75 116
75 117
75 128
76 79
76 84
76 87
76 88
76 89
76 100
76 114
76 116
76 123
76 128
77 80
77 85
77 101
77 105
77 106
77 109
77 117
77 119
77 122
77 123
78 81
78 96
78 98
78 99
78 109
78 111
78 114
78 119
78 123
78 128
78 129
79 80
79 83
79 96
79 98
79 105
79 106
79 119
79 122
79 129
80 88
80 95
80 100
80 101
80 107
80 118
80 125
80 127
81 83
81 94
81 99
81 104
81 105
81 110
81 114
81 119
81 120
81 128
82 90
82 92
82 98
82 100
82 117
82 118
82 121
82 124
83 84
83 89
83 92
83 101
83 106
83 113
83 116
83 128
83 129
84 86
84 90
84 93
84 95
84 110
84 113
84 125
85 87
85 90
85 98
85 99
85 100
85 101
85 103
85 113
85 114
85 129
86 87
86 89
86 106
86 107
86 109
86 111
86 115
86 118
86 129
87 89
87 94
87 95
87 110
87 111
87 112
87 119
87 125
87 128
88 89
88 94
88 104
88 113
88 114
88 123
88 124
88 128
88 129
89 92
89 111
89 118
89 119
89 122
89 124
89 125
89 126
89 127
90 91
90 92
90 96
90 97
90 107
90 125
90 126
91 95
91 102
91 103
91 105
91 110
91 117
91 125
91 126
92 96
92 97
92 103
92 105
92 109
92 119
92 124
92 129
93 97
93 105
93 112
93 117
93 121
93 125
94 112
94 116
94 117
94 119
94 126
94 129
95 97
95 100
95 104
95 109
95 116
96 99
96 101
96 118
96 121
97 109
97 110
97 122
97 125
98 102
98 119
98 120
98 123
98 126
98 127
99 111
99 112
99 114
99 115
99 117
99 125
99 127
99 129
100 105
100 110
100 112
100 113
100 115
100 118
100 123
100 127
100 128
101 105
101 107
101 119
101 123
102 104
102 108
102 122
102 123
102 128
103 104
103 110
103 120
103 124
103 125
103 127
103 128
104 107
104 112
104 113
104 118
104 119
104 121
104 124
104 128
105 112
105 115
105 118
105 119
105 125
105 127
106 110
106 111
106 113
106 120
106 123
106 126
107 113
107 114
107 129
108 114
108 115
108 118
108 125
108 129
109 111
109 112
109 118
109 120
109 122
109 126
109 127
110 114
110 115
110 119
110 121
111 125
112 128
113 114
113 115
113 126
113 128
113 129
114 115
114 118
114 121
114 123
115 117
116 122
116 124
116 126
116 129
117 121
117 124
118 119
118 122
118 124
118 129
119 121
119 124
120 123
120 128
121 124
121 125
121 129
122 124
122 126
122 129
123 124
123 126
124 128
125 128
127 129
128 129
