125 412
0 12
0 59
0 73
0 100
0 101
1 19
1 23
1 59
1 60
1 62
1 93
1 101
2 15
2 54
2 61
2 63
2 76
2 96
3 37
3 44
3 63
3 82
3 113
4 35
4 38
4 41
4 43
4 102
4 103
5 8
5 13
5 15
5 18
5 21
5 36
5 40
5 46
5 82
5 83
6 18
6 38
6 51
6 59
6 95
6 98
6 101
6 117
7 38
7 55
7 60
7 77
7 88
7 105
7 108
8 77
8 88
8 99
8 107
9 26
9 33
9 38
9 39
9 52
9 68
10 61
10 76
10 79
10 81
10 83
10 94
11 23
11 86
11 87
11 111
11 113
12 53
12 57
12 75
12 112
13 16
13 21
13 32
13 36
13 54
14 16
14 17
14 36
14 51
14 56
14 57
14 68
14 117
15 33
15 36
15 42
15 48
15 68
15 83
15 111
15 117
15 118
16 37
16 69
17 41
17 52
17 65
17 93
17 101
18 29
18 48
18 74
18 116
19 25
19 65
19 72
19 75
19 76
19 107
20 54
20 78
20 95
20 116
20 117
20 120
21 69
21 72
21 75
21 94
21 103
21 118
22 31
22 37
23 31
23 65
23 107
23 120
24 32
24 38
24 42
24 50
24 57
24 60
24 64
24 73
24 76
24 83
25 72
25 81
26 73
26 110
27 38
27 45
27 60
27 97
27 104
27 105
27 114
28 38
28 50
28 51
28 59
28 72
28 120
29 35
29 49
29 107
29 122
30 45
30 52
30 104
30 107
31 46
31 50
31 56
31 65
31 82
32 82
32 92
32 101
32 113
32 120
33 39
33 54
33 77
33 79
33 103
33 107
33 109
34 39
34 46
34 57
34 62
34 77
34 103
35 44
35 115
36 72
36 101
36 103
36 104
37 66
37 78
37 93
37 99
38 93
38 100
39 98
39 113
40 50
40 58
40 92
40 104
40 119
41 52
41 80
41 99
41 105
41 116
42 57
42 64
42 66
42 81
42 85
42 99
42 108
42 123
43 46
43 74
43 97
43 101
43 107
43 114
44 55
44 92
44 95
44 112
45 55
45 97
45 116
46 48
46 55
46 88
46 102
46 117
47 57
47 64
47 77
47 80
47 93
48 66
48 97
48 111
49 51
49 53
49 65
49 74
49 108
50 64
50 97
51 59
51 90
52 73
52 85
52 91
52 121
53 55
53 57
54 60
54 66
54 99
54 115
54 123
55 76
55 105
56 86
56 98
56 114
56 117
56 120
58 63
58 94
58 104
59 67
59 92
59 102
59 123
60 68
60 87
60 117
60 123
61 94
61 102
62 92
62 110
62 123
63 84
63 114
64 68
64 74
64 90
64 100
64 112
64 118
65 81
66 69
66 77
66 104
66 118
67 72
67 73
67 89
67 94
67 107
67 115
67 120
67 121
68 87
68 98
68 111
68 119
69 122
69 123
70 93
70 110
71 75
71 79
71 99
71 103
71 122
71 123
72 75
72 91
72 111
72 116
73 80
73 82
73 114
75 101
75 114
75 117
75 122
77 84
77 104
77 116
78 79
78 80
78 86
78 89
78 113
79 114
79 121
80 82
80 87
80 91
81 87
81 112
81 123
81 124
82 86
82 88
82 93
82 106
82 108
82 109
82 114
82 119
83 106
83 110
83 116
84 102
84 104
84 109
86 98
86 106
86 124
87 122
88 104
88 107
88 115
89 90
89 92
89 96
89 115
89 122
90 123
92 107
92 110
92 120
94 107
94 122
95 105
98 111
99 113
99 117
99 119
100 109
102 113
102 118
102 119
104 107
104 122
105 116
105 122
105 123
106 121
107 119
108 112
110 113
112 119
114 124
115 121
116 121
