105 1346
0 2
0 3
0 6
0 7
0 11
0 14
0 18
0 20
0 22
0 28
0 31
0 32
0 34
0 37
0 42
0 43
0 45
0 47
0 56
0 60
0 61
0 64
0 67
0 68
0 75
0 85
0 87
0 89
0 97
0 102
1 9
1 16
1 22
1 27
1 31
1 35
1 36
1 42
1 45
1 47
1 51
1 52
1 59
1 60
1 61
1 64
1 71
1 82
1 83
1 84
1 91
1 100
1 102
2 6
2 14
2 23
2 31
2 33
2 34
2 35
2 36
2 37
2 40
2 44
2 45
2 47
2 60
2 67
2 69
2 88
2 92
2 103
3 14
3 17
3 21
3 25
3 33
3 35
3 40
3 56
3 62
3 63
3 67
3 68
3 70
3 71
3 75
3 76
3 79
3 83
3 90
3 93
3 98
3 102
4 15
4 22
4 31
4 35
4 37
4 38
4 42
4 43
4 44
4 45
4 48
4 52
4 57
4 58
4 60
4 62
4 64
4 68
4 74
4 77
4 78
4 91
4 99
4 101
4 103
5 6
5 7
5 12
5 16
5 17
5 19
5 20
5 21
5 22
5 26
5 31
5 32
5 35
5 54
5 59
5 62
5 77
5 83
5 84
5 85
5 88
5 92
5 93
5 102
5 103
5 104
6 8
6 10
6 12
6 15
6 16
6 28
6 31
6 37
6 38
6 47
6 49
6 51
6 52
6 53
6 58
6 59
6 62
6 65
6 70
6 79
6 86
6 87
6 91
6 103
6 104
7 8
7 13
7 16
7 24
7 30
7 31
7 34
7 37
7 44
7 46
7 51
7 52
7 59
7 60
7 63
7 64
7 66
7 67
7 70
7 73
7 79
7 80
7 85
7 93
7 96
7 99
7 103
8 9
8 28
8 29
8 30
8 33
8 35
8 36
8 43
8 44
8 47
8 52
8 65
8 66
8 67
8 68
8 73
8 75
8 76
8 87
8 90
8 99
8 101
9 10
9 12
9 14
9 20
9 22
9 36
9 38
9 44
9 49
9 56
9 57
9 59
9 69
9 82
9 83
9 86
9 88
9 90
9 92
9 93
9 99
9 102
10 11
10 18
10 28
10 46
10 50
10 59
10 73
10 76
10 79
10 82
10 86
10 88
10 89
10 92
10 96
10 98
10 99
10 100
10 101
11 13
11 15
11 16
11 17
11 19
11 21
11 23
11 24
11 25
11 32
11 43
11 46
11 48
11 49
11 52
11 53
11 62
11 63
11 75
11 76
11 77
11 78
11 80
11 81
11 83
11 86
11 87
11 88
11 90
11 92
11 93
11 98
11 99
11 100
11 102
11 103
12 16
12 21
12 28
12 30
12 42
12 45
12 48
12 49
12 54
12 55
12 56
12 57
12 60
12 65
12 66
12 69
12 81
12 85
12 89
12 91
12 97
12 102
13 18
13 20
13 23
13 29
13 35
13 49
13 59
13 60
13 64
13 70
13 78
13 84
13 85
13 87
13 88
13 91
13 92
13 96
13 101
13 103
14 16
14 17
14 18
14 19
14 24
14 25
14 27
14 28
14 29
14 30
14 33
14 38
14 40
14 42
14 43
14 46
14 47
14 48
14 56
14 58
14 65
14 88
14 101
14 102
15 23
15 25
15 34
15 36
15 42
15 43
15 44
15 47
15 52
15 63
15 67
15 69
15 72
15 73
15 74
15 85
15 91
15 92
15 94
15 97
15 102
15 104
16 29
16 31
16 38
16 39
16 50
16 52
16 59
16 60
16 61
16 62
16 65
16 73
16 74
16 76
16 94
16 96
16 103
17 18
17 23
17 25
17 33
17 38
17 40
17 41
17 42
17 45
17 46
17 56
17 57
17 59
17 63
17 68
17 69
17 70
17 74
17 76
17 78
17 81
17 82
17 87
17 88
17 92
17 98
18 19
18 22
18 23
18 34
18 37
18 45
18 47
18 57
18 61
18 66
18 72
18 75
18 77
18 91
18 102
19 25
19 28
19 31
19 36
19 41
19 43
19 45
19 47
19 53
19 54
19 57
19 58
19 59
19 65
19 70
19 73
19 80
19 83
19 85
19 96
20 22
20 23
20 32
20 35
20 36
20 37
20 41
20 45
20 46
20 47
20 55
20 56
20 57
20 59
20 64
20 66
20 72
20 79
20 80
20 81
20 83
20 84
20 87
20 93
20 95
20 100
20 101
21 23
21 29
21 33
21 37
21 41
21 42
21 47
21 49
21 58
21 59
21 61
21 64
21 73
21 75
21 77
21 80
21 83
21 88
21 95
21 99
21 100
21 101
22 30
22 32
22 35
22 37
22 45
22 53
22 54
22 55
22 60
22 61
22 64
22 66
22 70
22 76
22 88
22 96
22 99
22 102
23 27
23 32
23 35
23 38
23 39
23 59
23 63
23 66
23 71
23 73
23 77
23 78
23 83
23 85
23 87
23 89
23 92
23 93
23 94
23 95
23 98
23 99
23 100
24 26
24 36
24 38
24 39
24 51
24 53
24 55
24 57
24 58
24 59
24 61
24 63
24 78
24 80
24 83
24 86
24 97
24 101
24 102
24 103
25 26
25 28
25 39
25 54
25 55
25 62
25 64
25 72
25 77
25 79
25 85
25 91
25 93
25 95
25 102
26 33
26 35
26 36
26 37
26 45
26 48
26 57
26 61
26 65
26 66
26 67
26 68
26 71
26 72
26 77
26 85
26 89
26 92
26 101
26 102
26 104
27 29
27 30
27 35
27 37
27 43
27 47
27 49
27 50
27 61
27 62
27 64
27 67
27 70
27 71
27 77
27 82
27 86
27 88
27 89
27 97
27 99
27 101
28 33
28 48
28 50
28 54
28 56
28 66
28 72
28 73
28 88
28 92
28 94
28 100
29 30
29 32
29 40
29 41
29 45
29 48
29 49
29 50
29 58
29 60
29 64
29 66
29 69
29 73
29 78
29 79
29 81
29 83
29 86
29 88
29 90
29 91
29 101
29 103
30 34
30 39
30 42
30 43
30 47
30 52
30 54
30 61
30 63
30 65
30 68
30 70
30 71
30 72
30 75
30 83
30 88
30 90
30 94
31 33
31 44
31 47
31 48
31 58
31 59
31 60
31 67
31 68
31 69
31 71
31 84
31 91
31 97
31 102
32 40
32 50
32 54
32 57
32 58
32 60
32 62
32 66
32 67
32 68
32 78
32 79
32 80
32 82
32 83
32 92
32 95
33 42
33 43
33 45
33 47
33 48
33 51
33 52
33 55
33 62
33 64
33 66
33 68
33 70
33 72
33 74
33 80
33 81
33 82
33 84
33 88
33 92
33 98
33 99
33 101
33 102
33 103
34 43
34 46
34 59
34 66
34 74
34 80
34 86
34 95
34 96
34 97
34 101
34 103
35 36
35 38
35 39
35 43
35 45
35 51
35 61
35 63
35 69
35 82
35 91
35 97
35 98
35 103
36 39
36 55
36 64
36 72
36 74
36 79
36 81
36 83
36 85
36 87
36 89
36 92
36 96
36 99
36 100
37 38
37 46
37 52
37 54
37 55
37 56
37 57
37 58
37 60
37 61
37 62
37 68
37 69
37 77
37 79
37 80
37 82
37 87
37 95
37 97
37 104
38 40
38 42
38 44
38 51
38 60
38 67
38 69
38 70
38 71
38 77
38 78
38 79
38 80
38 86
38 88
38 91
38 95
38 97
39 40
39 44
39 45
39 48
39 50
39 55
39 63
39 82
39 84
39 91
39 94
39 96
40 41
40 43
40 59
40 66
40 68
40 73
40 75
40 80
40 83
40 84
40 87
40 90
40 96
40 98
40 102
40 103
41 50
41 52
41 53
41 54
41 55
41 56
41 61
41 65
41 73
41 77
41 86
41 90
41 96
41 100
41 104
42 43
42 44
42 45
42 46
42 52
42 53
42 56
42 62
42 63
42 65
42 67
42 68
42 71
42 76
42 88
42 98
42 100
42 104
43 52
43 55
43 60
43 62
43 63
43 73
43 76
43 83
43 87
43 88
43 89
43 90
43 96
43 98
44 52
44 53
44 62
44 63
44 66
44 69
44 71
44 78
44 80
44 82
44 85
44 87
44 101
45 55
45 56
45 65
45 66
45 67
45 68
45 69
45 74
45 78
45 80
45 81
45 82
45 84
45 87
45 89
45 96
45 97
46 48
46 54
46 57
46 59
46 63
46 69
46 70
46 71
46 74
46 77
46 79
46 90
46 91
47 50
47 60
47 62
47 66
47 71
47 73
47 78
47 79
47 83
47 89
47 91
47 93
47 95
47 99
48 50
48 54
48 55
48 60
48 63
48 64
48 70
48 74
48 78
48 91
48 94
48 96
48 97
48 98
48 100
48 102
48 104
49 53
49 54
49 58
49 59
49 62
49 64
49 66
49 73
49 76
49 78
49 79
49 81
49 83
49 100
50 52
50 60
50 75
50 78
50 79
50 80
50 81
50 82
50 85
50 98
51 54
51 56
51 62
51 67
51 80
51 81
51 83
51 87
51 97
51 99
51 104
52 54
52 57
52 61
52 64
52 74
52 75
52 77
52 84
52 86
52 93
52 94
52 103
53 54
53 55
53 66
53 88
53 95
53 97
53 100
53 102
53 104
54 58
54 61
54 62
54 68
54 72
54 73
54 85
54 86
54 90
54 91
54 97
54 98
54 100
54 101
55 59
55 68
55 73
55 74
55 81
55 82
55 83
55 87
55 102
56 58
56 59
56 67
56 76
56 91
56 92
56 95
57 60
57 72
57 73
57 76
57 85
57 87
57 88
57 89
57 98
57 100
57 104
58 64
58 69
58 71
58 73
58 80
58 82
58 83
58 86
58 89
58 98
58 102
58 103
59 61
59 66
59 68
59 70
59 74
59 77
59 78
59 82
59 86
59 88
59 92
59 93
59 99
59 101
60 61
60 63
60 64
60 68
60 69
60 75
60 81
60 82
60 88
60 89
60 90
60 91
60 93
60 99
60 104
61 63
61 65
61 67
61 68
61 76
61 77
61 79
61 84
61 87
61 91
61 93
61 101
61 102
62 63
62 64
62 65
62 72
62 78
62 79
62 91
62 93
62 96
62 103
62 104
63 65
63 69
63 75
63 87
63 102
64 72
64 73
64 74
64 75
64 77
64 80
64 83
64 87
64 91
64 92
64 95
64 96
64 99
65 68
65 78
65 79
65 92
65 95
65 100
65 101
66 71
66 77
66 78
66 80
66 81
66 84
66 86
66 89
66 91
66 95
66 97
66 104
67 71
67 72
67 74
67 76
67 87
67 90
67 92
67 97
67 99
67 103
67 104
68 71
68 74
68 75
68 76
68 79
68 87
68 89
68 91
68 98
69 73
69 74
69 75
69 79
69 84
69 87
69 88
69 89
69 100
70 71
70 73
70 74
70 77
70 82
70 84
70 86
70 88
70 92
70 96
70 97
70 99
70 101
71 75
71 92
71 94
71 96
71 102
72 88
72 93
72 94
73 74
73 76
73 78
73 84
73 87
73 92
73 96
73 99
73 102
73 104
74 78
74 79
74 82
74 85
74 88
74 89
74 91
74 95
74 96
74 97
74 98
74 99
74 103
75 79
75 81
75 88
75 100
75 102
76 81
76 91
76 99
76 100
76 102
77 78
77 79
77 80
77 94
77 95
77 96
77 97
77 100
77 102
77 103
78 81
78 90
78 93
78 95
78 100
78 101
79 80
79 82
79 86
79 87
79 90
79 92
79 98
79 99
79 100
80 93
80 97
80 100
80 101
81 82
81 83
81 101
81 102
81 104
82 83
82 85
82 89
82 92
82 93
82 94
82 98
82 99
82 101
83 91
83 92
84 86
84 92
84 94
84 96
84 98
84 103
85 95
85 98
85 102
85 104
86 91
86 94
86 95
86 100
86 102
86 104
87 96
87 104
88 93
88 97
88 99
89 100
89 101
90 91
90 98
91 94
91 99
91 102
92 94
92 102
93 94
93 98
94 97
94 100
94 104
95 98
95 99
96 98
96 99
96 102
98 99
98 100
98 101
98 102
99 103
100 102
101 102
