170 4344
0 1
0 2
0 3
0 5
0 8
0 11
0 12
0 18
0 19
0 20
0 23
0 25
0 27
0 28
0 37
0 38
0 42
0 44
0 45
0 51
0 54
0 57
0 63
0 66
0 69
0 70
0 72
0 73
0 76
0 84
0 85
0 87
0 88
0 89
0 90
0 92
0 95
0 100
0 101
0 103
0 104
0 105
0 106
0 107
0 111
0 115
0 119
0 120
0 122
0 127
0 130
0 132
0 133
0 144
0 145
0 146
0 151
0 153
0 154
0 158
0 160
0 161
0 165
1 3
1 4
1 6
1 11
1 16
1 20
1 24
1 31
1 34
1 37
1 42
1 45
1 51
1 52
1 55
1 69
1 73
1 74
1 77
1 78
1 84
1 85
1 87
1 90
1 103
1 104
1 107
1 112
1 113
1 114
1 117
1 118
1 120
1 123
1 127
1 128
1 132
1 133
1 136
1 138
1 140
1 141
1 142
1 154
1 155
1 156
1 160
1 163
1 164
2 4
2 10
2 17
2 22
2 27
2 40
2 48
2 49
2 51
2 53
2 55
2 62
2 69
2 74
2 75
2 78
2 81
2 86
2 92
2 94
2 99
2 100
2 103
2 107
2 109
2 110
2 112
2 115
2 117
2 120
2 124
2 125
2 126
2 129
2 130
2 131
2 133
2 136
2 137
2 143
2 145
2 147
2 149
2 152
2 153
2 154
2 155
2 163
2 165
2 167
2 168
3 4
3 7
3 8
3 16
3 17
3 18
3 19
3 20
3 22
3 23
3 27
3 29
3 38
3 39
3 40
3 46
3 48
3 50
3 52
3 53
3 54
3 56
3 58
3 60
3 61
3 63
3 66
3 67
3 68
3 75
3 79
3 80
3 83
3 89
3 92
3 97
3 101
3 105
3 110
3 112
3 119
3 121
3 124
3 131
3 138
3 139
3 140
3 141
3 143
3 146
3 147
3 154
3 155
3 158
3 161
3 162
3 163
3 165
3 167
3 168
4 6
4 8
4 10
4 11
4 12
4 14
4 15
4 17
4 23
4 24
4 26
4 30
4 38
4 42
4 51
4 54
4 61
4 62
4 64
4 66
4 69
4 73
4 75
4 78
4 81
4 83
4 85
4 97
4 103
4 104
4 108
4 109
4 111
4 125
4 127
4 128
4 130
4 132
4 133
4 137
4 140
4 142
4 145
4 147
4 159
4 163
4 166
4 167
4 168
5 7
5 12
5 13
5 19
5 26
5 36
5 37
5 40
5 44
5 46
5 47
5 56
5 60
5 63
5 70
5 77
5 82
5 83
5 85
5 86
5 88
5 95
5 97
5 100
5 101
5 102
5 104
5 108
5 110
5 119
5 121
5 125
5 130
5 131
5 133
5 135
5 137
5 139
5 143
5 145
5 153
5 156
5 157
5 161
5 169
6 12
6 13
6 14
6 18
6 21
6 23
6 25
6 28
6 38
6 47
6 49
6 51
6 53
6 54
6 57
6 59
6 62
6 70
6 72
6 74
6 77
6 78
6 87
6 90
6 91
6 95
6 96
6 99
6 100
6 103
6 108
6 110
6 112
6 117
6 119
6 126
6 131
6 135
6 144
6 151
6 152
6 154
6 157
6 158
6 165
6 169
7 9
7 11
7 17
7 18
7 22
7 23
7 24
7 26
7 27
7 29
7 31
7 34
7 42
7 44
7 48
7 49
7 50
7 51
7 54
7 56
7 68
7 69
7 75
7 78
7 79
7 80
7 83
7 84
7 86
7 92
7 93
7 94
7 98
7 101
7 102
7 111
7 115
7 122
7 127
7 128
7 133
7 138
7 139
7 144
7 148
7 152
7 153
7 166
8 11
8 14
8 25
8 27
8 28
8 29
8 30
8 31
8 38
8 39
8 40
8 42
8 44
8 51
8 54
8 55
8 57
8 60
8 61
8 62
8 65
8 66
8 70
8 71
8 82
8 84
8 92
8 93
8 96
8 97
8 109
8 112
8 113
8 121
8 122
8 124
8 130
8 132
8 136
8 141
8 148
8 149
8 151
8 158
8 159
8 160
8 161
8 167
8 169
9 12
9 15
9 20
9 22
9 28
9 35
9 39
9 42
9 44
9 48
9 50
9 51
9 53
9 54
9 57
9 58
9 59
9 60
9 61
9 64
9 79
9 80
9 88
9 96
9 100
9 101
9 102
9 108
9 110
9 111
9 116
9 117
9 138
9 139
9 142
9 144
9 150
9 153
9 155
9 162
9 164
9 166
9 168
9 169
10 12
10 13
10 14
10 18
10 21
10 22
10 24
10 29
10 30
10 31
10 35
10 37
10 38
10 40
10 44
10 45
10 53
10 54
10 55
10 56
10 58
10 60
10 63
10 67
10 68
10 69
10 70
10 72
10 73
10 74
10 75
10 76
10 79
10 81
10 85
10 88
10 89
10 105
10 106
10 111
10 113
10 115
10 118
10 119
10 120
10 124
10 128
10 131
10 133
10 136
10 138
10 141
10 145
10 147
10 148
10 150
10 154
10 156
10 160
10 162
10 168
11 14
11 15
11 17
11 18
11 22
11 24
11 28
11 29
11 30
11 33
11 38
11 49
11 57
11 59
11 60
11 62
11 65
11 66
11 72
11 76
11 77
11 84
11 93
11 94
11 97
11 103
11 106
11 107
11 110
11 111
11 113
11 114
11 115
11 117
11 119
11 120
11 123
11 125
11 130
11 131
11 134
11 135
11 136
11 139
11 141
11 142
11 147
11 148
11 150
11 151
11 154
11 163
11 164
11 165
12 13
12 18
12 19
12 20
12 23
12 24
12 25
12 31
12 33
12 35
12 41
12 45
12 47
12 48
12 53
12 56
12 61
12 65
12 72
12 77
12 78
12 87
12 88
12 96
12 107
12 109
12 114
12 115
12 116
12 121
12 124
12 129
12 132
12 133
12 134
12 137
12 139
12 141
12 142
12 143
12 147
12 156
12 157
12 158
12 165
12 166
12 168
13 15
13 22
13 29
13 30
13 31
13 32
13 42
13 44
13 47
13 58
13 60
13 62
13 63
13 64
13 66
13 67
13 70
13 73
13 74
13 75
13 76
13 85
13 96
13 98
13 99
13 100
13 102
13 105
13 116
13 119
13 122
13 126
13 128
13 130
13 133
13 134
13 138
13 145
13 150
13 151
13 162
13 166
13 168
14 20
14 25
14 28
14 34
14 39
14 43
14 46
14 50
14 51
14 55
14 58
14 62
14 64
14 68
14 75
14 77
14 80
14 81
14 82
14 86
14 89
14 90
14 97
14 99
14 102
14 104
14 112
14 114
14 120
14 133
14 140
14 144
14 154
14 159
14 160
14 161
14 166
14 167
14 168
14 169
15 18
15 20
15 21
15 25
15 28
15 33
15 42
15 46
15 50
15 55
15 59
15 63
15 64
15 66
15 71
15 72
15 73
15 76
15 78
15 84
15 89
15 92
15 93
15 96
15 97
15 103
15 109
15 111
15 113
15 115
15 116
15 118
15 122
15 126
15 135
15 148
15 154
15 156
15 157
15 164
16 22
16 23
16 24
16 29
16 33
16 40
16 41
16 43
16 46
16 51
16 52
16 58
16 59
16 60
16 66
16 71
16 77
16 78
16 79
16 81
16 82
16 92
16 96
16 100
16 103
16 112
16 114
16 115
16 117
16 119
16 121
16 122
16 126
16 127
16 131
16 138
16 140
16 141
16 142
16 147
16 154
16 155
16 158
16 167
16 168
17 18
17 21
17 24
17 28
17 30
17 32
17 33
17 34
17 35
17 36
17 38
17 39
17 40
17 41
17 42
17 45
17 47
17 49
17 51
17 52
17 55
17 56
17 57
17 61
17 62
17 63
17 67
17 69
17 71
17 72
17 73
17 78
17 80
17 85
17 89
17 90
17 91
17 93
17 94
17 98
17 112
17 114
17 116
17 122
17 128
17 131
17 136
17 142
17 145
17 146
17 158
17 161
17 162
17 167
18 19
18 20
18 23
18 24
18 26
18 27
18 38
18 40
18 43
18 47
18 48
18 49
18 51
18 53
18 56
18 57
18 65
18 68
18 74
18 77
18 79
18 82
18 83
18 86
18 90
18 91
18 96
18 97
18 98
18 100
18 101
18 103
18 105
18 106
18 107
18 115
18 127
18 134
18 137
18 140
18 141
18 145
18 149
18 152
18 156
18 157
18 158
18 160
18 163
18 166
18 167
19 22
19 30
19 33
19 37
19 38
19 40
19 41
19 42
19 45
19 46
19 47
19 52
19 54
19 59
19 62
19 65
19 67
19 74
19 75
19 84
19 87
19 88
19 91
19 93
19 95
19 96
19 97
19 99
19 103
19 106
19 109
19 114
19 115
19 120
19 122
19 123
19 125
19 127
19 133
19 136
19 142
19 145
19 146
19 152
19 158
19 160
19 161
19 163
19 165
20 23
20 25
20 26
20 28
20 32
20 44
20 45
20 46
20 59
20 62
20 64
20 69
20 70
20 71
20 73
20 74
20 78
20 82
20 83
20 86
20 88
20 89
20 96
20 98
20 102
20 108
20 109
20 113
20 119
20 126
20 127
20 134
20 135
20 142
20 145
20 146
20 148
20 151
20 152
20 156
20 161
20 163
20 165
20 167
20 169
21 29
21 31
21 34
21 40
21 42
21 46
21 48
21 52
21 53
21 55
21 65
21 68
21 70
21 72
21 76
21 82
21 83
21 84
21 88
21 91
21 93
21 95
21 100
21 108
21 112
21 116
21 117
21 123
21 127
21 130
21 132
21 133
21 137
21 139
21 140
21 141
21 143
21 144
21 146
21 148
21 150
21 151
21 158
21 159
21 163
21 166
21 168
22 25
22 29
22 30
22 33
22 37
22 39
22 44
22 45
22 55
22 57
22 60
22 64
22 67
22 68
22 71
22 76
22 79
22 81
22 84
22 93
22 99
22 105
22 110
22 113
22 114
22 117
22 118
22 120
22 124
22 127
22 128
22 132
22 133
22 137
22 138
22 140
22 145
22 148
22 153
22 161
22 165
22 167
23 29
23 32
23 34
23 37
23 38
23 39
23 44
23 48
23 49
23 52
23 54
23 58
23 69
23 73
23 75
23 79
23 82
23 83
23 86
23 88
23 91
23 94
23 99
23 100
23 105
23 106
23 112
23 120
23 121
23 122
23 124
23 125
23 127
23 130
23 134
23 144
23 148
23 153
23 155
23 159
23 164
23 168
24 25
24 26
24 27
24 36
24 37
24 38
24 44
24 45
24 48
24 49
24 53
24 54
24 55
24 60
24 61
24 66
24 71
24 72
24 74
24 82
24 88
24 92
24 94
24 100
24 103
24 104
24 113
24 115
24 118
24 122
24 125
24 127
24 128
24 131
24 138
24 157
24 162
25 26
25 28
25 29
25 30
25 31
25 38
25 40
25 44
25 47
25 51
25 53
25 56
25 61
25 65
25 66
25 69
25 74
25 79
25 80
25 84
25 91
25 95
25 98
25 102
25 106
25 107
25 113
25 117
25 129
25 139
25 144
25 148
25 150
25 151
25 160
25 161
25 163
26 27
26 28
26 29
26 33
26 35
26 37
26 39
26 43
26 48
26 52
26 53
26 56
26 60
26 61
26 74
26 76
26 83
26 84
26 85
26 88
26 91
26 96
26 101
26 106
26 107
26 109
26 111
26 112
26 114
26 121
26 122
26 125
26 133
26 136
26 141
26 146
26 147
26 148
26 149
26 152
26 155
26 156
26 158
26 160
26 162
26 163
26 166
26 167
27 29
27 33
27 37
27 41
27 49
27 52
27 59
27 65
27 71
27 73
27 83
27 85
27 86
27 88
27 93
27 94
27 95
27 99
27 100
27 101
27 103
27 105
27 109
27 110
27 113
27 118
27 121
27 124
27 132
27 134
27 135
27 137
27 143
27 154
27 157
27 160
27 169
28 31
28 40
28 44
28 45
28 47
28 49
28 51
28 60
28 65
28 66
28 71
28 74
28 76
28 79
28 81
28 83
28 85
28 86
28 87
28 96
28 98
28 101
28 104
28 118
28 120
28 122
28 125
28 126
28 128
28 131
28 135
28 146
28 159
28 165
28 167
28 168
29 35
29 39
29 40
29 44
29 45
29 50
29 52
29 58
29 59
29 61
29 66
29 68
29 71
29 73
29 78
29 79
29 82
29 84
29 87
29 88
29 90
29 91
29 92
29 93
29 98
29 101
29 102
29 105
29 107
29 109
29 112
29 117
29 122
29 123
29 129
29 133
29 135
29 137
29 141
29 144
29 146
29 148
29 158
29 160
29 162
29 163
29 165
29 166
29 167
30 32
30 34
30 38
30 40
30 44
30 48
30 50
30 61
30 64
30 65
30 66
30 72
30 82
30 84
30 92
30 98
30 104
30 115
30 119
30 120
30 124
30 126
30 127
30 128
30 130
30 131
30 133
30 140
30 143
30 150
30 158
30 160
30 161
30 164
30 166
30 169
31 32
31 34
31 35
31 36
31 41
31 44
31 55
31 58
31 62
31 63
31 66
31 70
31 72
31 74
31 75
31 82
31 83
31 85
31 93
31 94
31 95
31 98
31 100
31 104
31 109
31 110
31 111
31 120
31 121
31 123
31 126
31 128
31 131
31 134
31 145
31 153
31 156
31 157
31 164
31 166
31 168
31 169
32 38
32 39
32 41
32 44
32 49
32 52
32 54
32 58
32 59
32 61
32 63
32 64
32 70
32 75
32 83
32 84
32 89
32 92
32 93
32 95
32 110
32 112
32 116
32 117
32 118
32 119
32 120
32 128
32 130
32 140
32 141
32 146
32 158
32 161
32 162
33 38
33 39
33 41
33 44
33 46
33 48
33 50
33 51
33 58
33 59
33 63
33 66
33 68
33 74
33 76
33 77
33 80
33 82
33 84
33 85
33 94
33 100
33 101
33 104
33 105
33 109
33 113
33 116
33 119
33 121
33 125
33 126
33 129
33 130
33 131
33 133
33 135
33 140
33 142
33 143
33 144
33 152
33 156
33 159
33 160
33 165
33 167
33 168
34 39
34 44
34 48
34 49
34 51
34 54
34 60
34 62
34 63
34 68
34 70
34 73
34 79
34 89
34 90
34 98
34 107
34 114
34 115
34 121
34 122
34 129
34 132
34 133
34 135
34 137
34 139
34 141
34 142
34 144
34 146
34 149
34 153
34 155
34 156
34 160
34 161
34 163
34 164
34 167
35 39
35 40
35 43
35 50
35 52
35 53
35 54
35 56
35 57
35 58
35 59
35 65
35 67
35 73
35 79
35 80
35 81
35 92
35 95
35 104
35 105
35 108
35 110
35 112
35 117
35 118
35 122
35 124
35 127
35 129
35 130
35 133
35 135
35 139
35 143
35 152
35 155
35 160
35 165
35 167
36 43
36 44
36 52
36 55
36 57
36 58
36 59
36 63
36 64
36 66
36 68
36 70
36 71
36 73
36 80
36 83
36 84
36 87
36 91
36 92
36 93
36 94
36 99
36 104
36 108
36 111
36 113
36 121
36 127
36 128
36 129
36 132
36 133
36 141
36 142
36 146
36 147
36 149
36 150
36 157
36 158
36 159
36 162
36 163
36 164
36 168
36 169
37 38
37 43
37 47
37 49
37 50
37 51
37 57
37 64
37 74
37 75
37 76
37 80
37 81
37 82
37 83
37 85
37 94
37 97
37 101
37 102
37 104
37 107
37 109
37 112
37 122
37 123
37 125
37 130
37 132
37 134
37 138
37 141
37 144
37 145
37 150
37 157
37 161
37 166
38 41
38 45
38 49
38 51
38 54
38 57
38 61
38 62
38 64
38 65
38 66
38 68
38 69
38 71
38 72
38 76
38 77
38 78
38 80
38 82
38 84
38 85
38 86
38 89
38 96
38 105
38 107
38 110
38 119
38 120
38 123
38 124
38 129
38 131
38 135
38 137
38 138
38 142
38 144
38 146
38 147
38 150
38 151
38 156
38 159
38 160
38 167
38 169
39 42
39 45
39 52
39 55
39 56
39 57
39 58
39 59
39 61
39 62
39 63
39 64
39 65
39 70
39 76
39 77
39 78
39 80
39 81
39 86
39 88
39 95
39 98
39 99
39 101
39 104
39 106
39 107
39 109
39 112
39 113
39 125
39 126
39 134
39 139
39 140
39 141
39 143
39 152
39 153
39 156
39 159
39 161
39 164
40 46
40 52
40 54
40 57
40 59
40 62
40 65
40 66
40 67
40 68
40 73
40 78
40 81
40 82
40 83
40 85
40 86
40 89
40 90
40 97
40 105
40 107
40 108
40 117
40 121
40 123
40 128
40 131
40 134
40 135
40 139
40 145
40 148
40 151
40 153
40 154
40 157
40 158
40 161
40 169
41 42
41 45
41 47
41 49
41 51
41 54
41 62
41 63
41 66
41 71
41 72
41 76
41 79
41 85
41 88
41 91
41 92
41 93
41 94
41 96
41 98
41 100
41 102
41 104
41 106
41 108
41 109
41 119
41 120
41 121
41 122
41 124
41 126
41 128
41 129
41 133
41 136
41 141
41 144
41 152
41 159
41 162
41 163
41 168
42 43
42 45
42 50
42 56
42 59
42 60
42 80
42 87
42 88
42 97
42 104
42 108
42 110
42 111
42 129
42 130
42 131
42 135
42 136
42 146
42 153
42 155
42 156
42 167
43 44
43 47
43 50
43 55
43 59
43 61
43 64
43 68
43 75
43 79
43 84
43 86
43 87
43 91
43 93
43 94
43 97
43 102
43 105
43 106
43 107
43 112
43 116
43 119
43 120
43 121
43 125
43 126
43 127
43 129
43 132
43 137
43 144
43 145
43 146
43 149
43 152
43 158
43 159
43 160
43 162
43 163
43 165
43 167
43 168
43 169
44 46
44 47
44 56
44 57
44 63
44 65
44 66
44 72
44 74
44 76
44 84
44 85
44 90
44 93
44 97
44 98
44 99
44 100
44 103
44 104
44 114
44 122
44 124
44 129
44 131
44 135
44 139
44 140
44 143
44 146
44 149
44 153
44 154
44 158
44 159
44 161
44 162
44 167
45 46
45 47
45 54
45 56
45 57
45 58
45 59
45 62
45 63
45 68
45 70
45 75
45 76
45 81
45 85
45 86
45 88
45 109
45 110
45 114
45 116
45 118
45 123
45 124
45 128
45 135
45 138
45 140
45 142
45 148
45 149
45 150
45 155
45 156
45 158
45 160
45 161
45 164
45 166
45 168
46 48
46 53
46 59
46 64
46 65
46 71
46 79
46 81
46 82
46 84
46 85
46 86
46 87
46 91
46 94
46 96
46 101
46 114
46 119
46 128
46 129
46 137
46 139
46 146
46 147
46 149
46 150
46 152
46 157
46 161
46 163
46 165
46 166
46 168
47 50
47 52
47 60
47 62
47 64
47 66
47 71
47 74
47 78
47 85
47 86
47 90
47 96
47 97
47 99
47 101
47 104
47 106
47 108
47 112
47 117
47 119
47 120
47 123
47 128
47 129
47 135
47 138
47 139
47 143
47 144
47 147
47 150
47 156
47 157
47 159
47 161
47 162
47 164
47 165
48 50
48 54
48 59
48 62
48 63
48 66
48 67
48 70
48 73
48 75
48 77
48 78
48 80
48 81
48 82
48 84
48 91
48 95
48 96
48 98
48 102
48 105
48 107
48 108
48 109
48 116
48 120
48 124
48 126
48 133
48 140
48 141
48 145
48 147
48 149
48 156
48 160
48 161
48 162
48 169
49 51
49 61
49 62
49 64
49 66
49 69
49 71
49 73
49 77
49 78
49 79
49 80
49 81
49 83
49 90
49 94
49 95
49 97
49 99
49 100
49 104
49 108
49 112
49 117
49 118
49 121
49 122
49 123
49 130
49 131
49 135
49 137
49 141
49 142
49 145
49 153
49 157
49 158
49 162
49 164
49 167
49 169
50 51
50 52
50 54
50 57
50 65
50 73
50 74
50 75
50 84
50 85
50 90
50 91
50 93
50 97
50 98
50 99
50 100
50 107
50 112
50 113
50 117
50 123
50 125
50 126
50 132
50 133
50 134
50 138
50 140
50 143
50 144
50 145
50 149
50 153
50 157
50 167
51 56
51 64
51 70
51 71
51 79
51 82
51 84
51 85
51 86
51 87
51 92
51 99
51 101
51 102
51 105
51 106
51 110
51 122
51 125
51 126
51 127
51 129
51 130
51 132
51 144
51 149
51 152
51 153
51 154
51 155
51 157
51 161
51 164
51 165
51 169
52 55
52 60
52 64
52 72
52 74
52 77
52 79
52 83
52 89
52 92
52 96
52 108
52 110
52 111
52 114
52 116
52 121
52 123
52 125
52 127
52 128
52 131
52 154
52 163
52 164
53 63
53 67
53 72
53 73
53 74
53 89
53 92
53 95
53 96
53 99
53 100
53 101
53 103
53 108
53 113
53 115
53 118
53 124
53 127
53 130
53 131
53 132
53 133
53 136
53 137
53 140
53 141
53 150
53 152
53 154
53 155
53 156
53 158
53 162
53 166
53 167
53 168
53 169
54 57
54 60
54 61
54 67
54 68
54 70
54 72
54 74
54 75
54 77
54 81
54 82
54 90
54 94
54 103
54 112
54 116
54 118
54 119
54 121
54 123
54 124
54 125
54 129
54 137
54 138
54 143
54 144
54 151
54 153
54 156
54 157
54 159
54 161
54 168
55 56
55 59
55 66
55 81
55 83
55 84
55 86
55 87
55 90
55 93
55 94
55 99
55 104
55 106
55 111
55 115
55 120
55 121
55 122
55 123
55 125
55 126
55 129
55 136
55 149
55 153
55 155
55 158
55 159
55 160
55 164
55 166
55 168
56 57
56 65
56 68
56 69
56 80
56 82
56 83
56 92
56 96
56 97
56 100
56 102
56 110
56 112
56 115
56 120
56 121
56 122
56 123
56 127
56 129
56 130
56 131
56 141
56 146
56 147
56 149
56 150
56 151
56 152
57 58
57 61
57 69
57 76
57 77
57 82
57 83
57 84
57 89
57 90
57 93
57 95
57 109
57 113
57 116
57 122
57 124
57 125
57 128
57 130
57 133
57 138
57 141
57 142
57 144
57 150
57 151
57 154
57 156
57 158
57 169
58 60
58 65
58 69
58 75
58 76
58 82
58 86
58 87
58 90
58 91
58 94
58 95
58 96
58 101
58 102
58 105
58 108
58 112
58 118
58 121
58 123
58 129
58 130
58 132
58 134
58 139
58 140
58 142
58 144
58 155
58 157
58 159
58 165
58 168
59 62
59 64
59 67
59 71
59 77
59 78
59 79
59 85
59 86
59 90
59 91
59 92
59 96
59 97
59 99
59 100
59 103
59 105
59 106
59 108
59 112
59 117
59 122
59 124
59 131
59 133
59 138
59 139
59 143
59 144
59 145
59 151
59 152
59 155
59 156
59 159
59 162
59 164
60 64
60 65
60 68
60 69
60 75
60 81
60 82
60 83
60 87
60 88
60 92
60 95
60 97
60 100
60 101
60 105
60 108
60 110
60 115
60 119
60 120
60 131
60 133
60 137
60 145
60 146
60 150
60 165
61 64
61 72
61 76
61 78
61 83
61 85
61 91
61 93
61 96
61 97
61 100
61 101
61 112
61 114
61 119
61 120
61 127
61 130
61 140
61 143
61 145
61 147
61 150
61 153
61 160
61 161
61 163
61 164
62 64
62 65
62 66
62 67
62 68
62 69
62 70
62 72
62 79
62 82
62 87
62 89
62 93
62 95
62 97
62 98
62 101
62 102
62 105
62 108
62 109
62 111
62 116
62 118
62 119
62 120
62 123
62 129
62 131
62 144
62 149
62 159
62 161
62 164
62 166
62 168
63 68
63 70
63 73
63 76
63 77
63 81
63 83
63 92
63 95
63 96
63 97
63 100
63 114
63 115
63 116
63 119
63 125
63 129
63 131
63 138
63 141
63 145
63 149
63 155
63 156
63 159
63 160
63 163
63 165
64 65
64 66
64 74
64 79
64 83
64 84
64 86
64 96
64 102
64 103
64 105
64 107
64 108
64 116
64 118
64 123
64 127
64 135
64 139
64 140
64 150
64 151
64 153
64 155
64 157
64 158
64 163
64 164
64 165
64 166
64 169
65 67
65 70
65 72
65 74
65 78
65 87
65 93
65 94
65 95
65 97
65 101
65 109
65 113
65 114
65 115
65 117
65 119
65 121
65 123
65 125
65 126
65 128
65 129
65 130
65 132
65 134
65 138
65 140
65 143
65 144
65 145
65 149
65 151
65 152
65 154
65 155
65 162
65 164
65 165
65 166
66 70
66 71
66 74
66 77
66 78
66 82
66 89
66 90
66 95
66 96
66 97
66 102
66 103
66 104
66 106
66 107
66 119
66 121
66 127
66 132
66 133
66 135
66 137
66 138
66 144
66 146
66 148
66 150
66 152
66 154
66 156
66 163
66 164
66 165
67 70
67 72
67 73
67 75
67 76
67 81
67 82
67 86
67 89
67 90
67 91
67 94
67 102
67 106
67 115
67 118
67 119
67 120
67 122
67 129
67 131
67 134
67 138
67 145
67 149
67 155
67 157
67 158
67 162
67 163
67 165
67 167
67 169
68 69
68 70
68 71
68 74
68 83
68 86
68 93
68 95
68 98
68 107
68 110
68 113
68 115
68 121
68 122
68 128
68 135
68 144
68 153
68 162
69 70
69 81
69 84
69 89
69 93
69 94
69 97
69 98
69 104
69 105
69 111
69 112
69 116
69 119
69 120
69 122
69 123
69 127
69 128
69 143
69 149
69 151
69 153
69 154
69 159
69 160
69 161
70 76
70 78
70 79
70 80
70 85
70 86
70 91
70 94
70 96
70 100
70 101
70 103
70 107
70 121
70 122
70 123
70 126
70 146
70 147
70 150
70 154
70 157
70 159
70 165
70 166
70 168
71 72
71 81
71 82
71 83
71 87
71 88
71 91
71 94
71 98
71 101
71 106
71 107
71 109
71 113
71 117
71 118
71 120
71 121
71 122
71 123
71 126
71 128
71 129
71 134
71 142
71 145
71 149
71 150
71 161
71 163
71 166
72 74
72 76
72 77
72 83
72 84
72 85
72 88
72 94
72 97
72 101
72 102
72 109
72 120
72 121
72 122
72 125
72 127
72 135
72 137
72 139
72 141
72 143
72 147
72 151
72 154
72 155
72 158
72 161
72 164
72 167
73 78
73 80
73 81
73 84
73 94
73 96
73 97
73 100
73 101
73 108
73 110
73 111
73 116
73 117
73 124
73 125
73 128
73 129
73 130
73 132
73 148
73 149
73 150
73 158
73 161
73 162
73 166
73 168
74 75
74 78
74 80
74 88
74 90
74 97
74 101
74 105
74 106
74 109
74 115
74 117
74 119
74 127
74 129
74 132
74 136
74 137
74 140
74 141
74 157
74 158
74 163
74 166
74 169
75 81
75 82
75 85
75 87
75 91
75 93
75 98
75 101
75 104
75 108
75 109
75 110
75 112
75 116
75 117
75 120
75 125
75 127
75 129
75 131
75 136
75 138
75 139
75 141
75 149
75 153
75 159
75 161
75 164
75 165
75 166
75 168
75 169
76 79
76 87
76 90
76 93
76 95
76 97
76 100
76 112
76 115
76 116
76 117
76 118
76 123
76 134
76 140
76 144
76 148
76 152
76 156
76 157
76 158
76 161
77 83
77 86
77 87
77 89
77 91
77 93
77 96
77 97
77 100
77 102
77 106
77 108
77 109
77 111
77 113
77 116
77 120
77 124
77 126
77 131
77 133
77 134
77 135
77 137
77 138
77 145
77 149
77 152
77 155
77 164
77 166
78 80
78 83
78 88
78 91
78 94
78 95
78 96
78 99
78 104
78 105
78 107
78 114
78 117
78 119
78 123
78 127
78 128
78 132
78 133
78 136
78 139
78 153
78 156
78 157
78 164
78 166
78 167
79 80
79 89
79 90
79 94
79 96
79 100
79 105
79 106
79 116
79 118
79 125
79 127
79 133
79 135
79 136
79 137
79 138
79 140
79 142
79 145
79 148
79 149
79 152
79 155
79 158
79 162
79 163
80 83
80 90
80 93
80 99
80 100
80 103
80 107
80 113
80 118
80 121
80 128
80 130
80 131
80 133
80 139
80 140
80 141
80 144
80 150
80 155
80 158
80 159
80 161
80 165
80 167
80 168
81 83
81 84
81 88
81 92
81 95
81 100
81 104
81 105
81 107
81 111
81 112
81 115
81 116
81 119
81 121
81 123
81 127
81 133
81 134
81 141
81 143
81 145
81 147
81 150
81 155
81 159
81 162
81 166
82 87
82 94
82 95
82 103
82 106
82 109
82 111
82 112
82 116
82 128
82 130
82 131
82 134
82 145
82 146
82 151
82 153
82 163
82 165
82 166
82 169
83 86
83 89
83 91
83 95
83 104
83 105
83 106
83 109
83 115
83 116
83 120
83 121
83 122
83 125
83 126
83 137
83 138
83 143
83 147
83 148
83 150
83 151
83 153
83 157
83 159
83 161
83 162
84 92
84 98
84 99
84 100
84 103
84 106
84 108
84 112
84 114
84 117
84 119
84 120
84 121
84 124
84 126
84 127
84 128
84 132
84 146
84 149
84 153
84 154
84 168
84 169
85 87
85 92
85 97
85 101
85 107
85 108
85 114
85 119
85 120
85 127
85 136
85 138
85 140
85 144
85 150
85 155
85 157
85 163
85 164
85 165
85 168
86 87
86 88
86 93
86 95
86 98
86 101
86 103
86 105
86 107
86 111
86 118
86 121
86 124
86 125
86 130
86 134
86 135
86 137
86 151
86 155
86 157
86 161
86 163
86 166
86 167
86 169
87 88
87 89
87 92
87 98
87 99
87 102
87 104
87 107
87 108
87 110
87 114
87 116
87 121
87 124
87 126
87 128
87 132
87 137
87 139
87 149
87 159
87 161
87 164
87 165
87 167
87 169
88 91
88 92
88 93
88 94
88 98
88 102
88 103
88 105
88 107
88 108
88 109
88 113
88 114
88 115
88 116
88 118
88 119
88 122
88 123
88 124
88 129
88 130
88 136
88 140
88 144
88 147
88 148
88 150
88 152
88 155
88 156
88 158
88 164
88 166
88 168
89 91
89 92
89 99
89 105
89 107
89 111
89 114
89 118
89 119
89 120
89 124
89 126
89 127
89 130
89 133
89 134
89 136
89 138
89 140
89 141
89 142
89 150
89 152
89 156
89 157
89 159
89 162
89 163
89 165
89 167
90 93
90 97
90 103
90 109
90 113
90 114
90 120
90 121
90 122
90 123
90 124
90 130
90 134
90 135
90 138
90 142
90 148
90 149
90 151
90 152
90 154
90 156
90 157
90 164
90 166
90 169
91 98
91 105
91 123
91 125
91 126
91 127
91 135
91 137
91 138
91 144
91 147
91 148
91 154
91 155
91 158
91 162
91 163
91 164
91 168
92 97
92 98
92 100
92 101
92 102
92 105
92 113
92 118
92 122
92 127
92 128
92 131
92 133
92 142
92 145
92 152
92 157
92 159
92 163
92 164
92 165
92 166
92 167
93 95
93 100
93 101
93 103
93 104
93 122
93 123
93 124
93 129
93 130
93 134
93 135
93 136
93 139
93 141
93 144
93 149
93 155
93 156
93 157
93 159
93 161
93 162
93 166
94 96
94 100
94 102
94 103
94 107
94 112
94 116
94 120
94 121
94 123
94 127
94 128
94 131
94 136
94 142
94 143
94 150
94 151
94 152
94 155
94 156
94 160
94 163
94 165
95 96
95 104
95 107
95 113
95 117
95 125
95 126
95 128
95 129
95 130
95 137
95 138
95 139
95 143
95 144
95 149
95 152
95 155
95 156
95 165
96 99
96 101
96 105
96 107
96 111
96 112
96 117
96 119
96 120
96 126
96 129
96 130
96 132
96 138
96 139
96 141
96 143
96 144
96 145
96 152
96 163
96 166
97 99
97 102
97 104
97 106
97 107
97 108
97 117
97 118
97 122
97 125
97 127
97 135
97 136
97 138
97 139
97 140
97 143
97 145
97 162
98 101
98 106
98 109
98 110
98 111
98 116
98 117
98 122
98 124
98 126
98 128
98 130
98 132
98 135
98 136
98 137
98 138
98 141
98 142
98 143
98 151
98 154
98 157
98 162
98 163
98 167
99 100
99 103
99 104
99 109
99 124
99 127
99 132
99 133
99 138
99 141
99 145
99 148
99 151
99 154
99 157
99 158
99 159
99 161
99 164
99 166
99 167
100 101
100 102
100 104
100 107
100 114
100 115
100 121
100 122
100 123
100 124
100 126
100 129
100 130
100 132
100 134
100 135
100 139
100 140
100 142
100 144
100 151
100 157
100 160
101 104
101 106
101 109
101 115
101 117
101 120
101 125
101 128
101 134
101 137
101 143
101 146
101 150
101 151
101 160
101 161
101 167
102 106
102 110
102 113
102 114
102 118
102 119
102 124
102 129
102 136
102 140
102 167
103 105
103 114
103 118
103 119
103 120
103 121
103 122
103 127
103 128
103 131
103 134
103 142
103 143
103 148
103 150
103 155
103 157
103 162
103 163
103 164
103 165
103 166
103 167
104 105
104 106
104 108
104 114
104 116
104 119
104 120
104 122
104 125
104 128
104 131
104 135
104 138
104 150
104 153
104 155
104 156
104 157
104 158
104 161
104 165
105 106
105 108
105 109
105 111
105 114
105 116
105 117
105 120
105 125
105 126
105 127
105 137
105 139
105 141
105 152
105 155
105 159
105 160
105 161
105 169
106 118
106 122
106 124
106 128
106 131
106 133
106 138
106 140
106 141
106 146
106 151
106 152
106 156
106 157
106 158
106 160
106 163
106 167
107 108
107 114
107 115
107 120
107 125
107 126
107 127
107 128
107 129
107 131
107 134
107 135
107 136
107 139
107 140
107 143
107 147
107 153
107 154
107 155
107 156
107 159
107 161
107 163
107 167
107 168
108 112
108 115
108 119
108 120
108 126
108 131
108 136
108 142
108 144
108 145
108 152
108 161
108 162
108 165
109 110
109 117
109 124
109 133
109 135
109 137
109 138
109 143
109 144
109 146
109 147
109 163
109 164
109 165
109 166
110 114
110 116
110 118
110 119
110 127
110 128
110 129
110 131
110 141
110 142
110 148
110 154
110 158
110 163
110 165
110 166
111 113
111 120
111 126
111 136
111 140
111 141
111 145
111 151
111 153
111 156
111 158
111 159
111 161
111 166
112 113
112 114
112 115
112 117
112 123
112 124
112 134
112 137
112 140
112 142
112 143
112 148
112 149
112 153
112 155
112 157
112 158
112 159
113 114
113 115
113 121
113 122
113 127
113 130
113 133
113 145
113 150
113 151
113 152
113 156
113 157
113 160
113 161
113 163
113 164
113 168
113 169
114 115
114 117
114 118
114 120
114 127
114 130
114 132
114 141
114 147
114 148
114 149
114 150
114 151
114 153
114 159
114 163
114 164
114 167
114 168
115 118
115 120
115 122
115 126
115 128
115 138
115 140
115 141
115 143
115 144
115 147
115 149
115 151
115 155
115 166
116 119
116 122
116 123
116 125
116 126
116 131
116 132
116 136
116 142
116 149
116 155
116 156
117 122
117 123
117 124
117 129
117 130
117 135
117 145
117 147
117 150
117 152
117 154
117 157
117 158
117 160
117 161
117 166
117 169
118 120
118 124
118 125
118 133
118 134
118 135
118 137
118 143
118 145
118 149
118 153
118 157
118 159
118 165
119 121
119 123
119 125
119 127
119 131
119 132
119 135
119 137
119 138
119 139
119 141
119 145
119 146
119 147
119 150
119 151
119 158
119 160
119 164
119 169
120 121
120 123
120 124
120 125
120 128
120 132
120 137
120 141
120 144
120 153
120 154
120 165
120 169
121 128
121 131
121 134
121 145
121 147
121 150
121 152
121 153
121 155
121 160
121 161
121 163
121 164
121 167
122 125
122 131
122 132
122 134
122 138
122 139
122 141
122 142
122 144
122 145
122 147
122 148
122 149
122 152
122 158
122 159
122 167
122 168
123 135
123 136
123 137
123 139
123 155
123 157
123 160
123 164
123 165
123 168
124 133
124 134
124 135
124 142
124 145
124 146
124 151
124 155
124 156
124 160
124 161
124 163
124 166
124 167
125 126
125 134
125 136
125 138
125 143
125 145
125 147
125 153
125 154
125 159
125 163
125 166
125 169
126 130
126 137
126 150
126 151
126 152
126 158
126 159
126 161
126 166
127 132
127 133
127 136
127 141
127 144
127 147
127 149
127 155
127 156
127 157
127 159
127 163
128 129
128 134
128 138
128 141
128 143
128 150
128 154
128 155
128 158
128 159
128 160
128 166
128 167
129 131
129 133
129 136
129 143
129 144
129 147
129 149
129 151
129 157
129 159
129 160
129 161
129 164
129 165
129 167
129 168
129 169
130 132
130 133
130 135
130 146
130 148
130 152
130 154
130 155
130 163
130 166
130 168
131 132
131 133
131 137
131 142
131 145
131 146
131 149
131 152
131 155
131 157
131 163
132 135
132 138
132 139
132 140
132 141
132 153
132 158
132 160
132 161
132 166
132 169
133 135
133 136
133 137
133 147
133 152
133 154
133 155
133 156
133 162
133 165
133 167
134 140
134 145
134 147
134 148
134 153
134 155
134 159
134 161
134 165
135 141
135 144
135 146
135 147
135 150
135 153
135 154
135 157
135 160
135 161
135 163
135 164
135 166
135 168
136 145
136 146
136 149
136 157
136 159
136 167
136 168
137 139
137 140
137 142
137 143
137 145
137 154
137 156
137 158
137 160
137 163
137 164
137 167
138 144
138 149
138 150
138 152
138 155
138 157
138 158
138 161
138 164
138 166
138 168
139 140
139 142
139 143
139 146
139 153
139 154
139 160
140 149
140 156
140 159
140 163
140 168
140 169
141 144
141 148
141 149
141 150
141 151
141 155
141 157
141 162
141 163
141 165
141 167
141 168
142 146
142 154
142 156
142 158
142 161
142 164
142 168
143 144
143 147
143 148
143 149
143 151
143 153
143 156
143 168
144 147
144 148
144 149
144 164
144 167
145 146
145 147
145 148
145 153
145 154
145 157
145 162
145 164
145 167
146 147
146 149
146 151
146 152
146 153
146 154
146 158
146 165
146 169
147 151
147 159
147 162
147 165
147 169
148 156
148 161
148 162
148 167
149 150
149 155
149 157
149 161
149 165
149 167
150 152
150 154
150 155
150 156
150 157
150 158
150 160
151 156
151 159
151 160
151 162
152 153
152 158
152 159
152 163
152 165
152 166
153 154
153 155
153 156
153 168
154 159
154 160
154 161
154 163
154 164
155 160
155 161
155 165
155 166
155 168
155 169
156 158
156 161
156 168
157 159
157 160
157 162
157 165
157 169
158 159
158 160
159 162
159 163
159 164
159 167
160 161
160 164
160 168
161 164
162 163
162 164
163 164
163 165
164 166
164 169
165 166
166 168
166 169
167 168
168 169
