185 8444
0 4
0 5
0 7
0 9
0 12
0 13
0 14
0 16
0 18
0 19
0 20
0 21
0 24
0 26
0 27
0 28
0 32
0 33
0 34
0 36
0 37
0 39
0 40
0 45
0 52
0 53
0 56
0 57
0 58
0 59
0 60
0 62
0 63
0 66
0 68
0 70
0 71
0 72
0 73
0 75
0 76
0 78
0 79
0 82
0 83
0 84
0 90
0 92
0 93
0 94
0 95
0 100
0 101
0 103
0 104
0 105
0 106
0 108
0 109
0 111
0 114
0 116
0 117
0 118
0 121
0 122
0 123
0 125
0 129
0 133
0 135
0 137
0 141
0 145
0 146
0 148
0 149
0 150
0 153
0 157
0 158
0 162
0 164
0 165
0 168
0 169
0 171
0 172
0 176
0 177
0 179
0 181
0 182
1 4
1 8
1 10
1 11
1 14
1 15
1 17
1 18
1 19
1 21
1 23
1 26
1 28
1 29
1 30
1 32
1 34
1 37
1 38
1 39
1 40
1 41
1 42
1 43
1 45
1 46
1 47
1 48
1 50
1 54
1 55
1 56
1 57
1 59
1 61
1 62
1 66
1 67
1 68
1 71
1 75
1 76
1 79
1 81
1 88
1 89
1 97
1 98
1 101
1 102
1 106
1 107
1 108
1 110
1 111
1 116
1 118
1 119
1 120
1 121
1 124
1 128
1 129
1 130
1 135
1 137
1 139
1 140
1 142
1 143
1 144
1 145
1 149
1 152
1 153
1 155
1 156
1 157
1 160
1 163
1 164
1 168
1 172
1 173
1 174
1 182
1 183
2 3
2 4
2 5
2 8
2 11
2 12
2 13
2 14
2 15
2 16
2 17
2 18
2 19
2 20
2 21
2 22
2 27
2 31
2 32
2 36
2 40
2 43
2 44
2 47
2 48
2 49
2 50
2 51
2 52
2 53
2 55
2 57
2 59
2 60
2 62
2 64
2 67
2 68
2 70
2 71
2 73
2 75
2 77
2 78
2 79
2 82
2 83
2 84
2 88
2 92
2 93
2 94
2 95
2 102
2 103
2 105
2 106
2 111
2 112
2 114
2 117
2 118
2 119
2 120
2 122
2 126
2 128
2 129
2 131
2 133
2 136
2 139
2 140
2 141
2 142
2 144
2 146
2 148
2 149
2 151
2 152
2 155
2 158
2 160
2 161
2 165
2 169
2 170
2 173
2 175
2 176
2 178
2 179
2 180
2 182
2 183
3 5
3 6
3 7
3 10
3 11
3 14
3 15
3 16
3 19
3 22
3 23
3 26
3 27
3 30
3 38
3 43
3 44
3 45
3 47
3 49
3 51
3 52
3 53
3 55
3 57
3 59
3 62
3 64
3 65
3 68
3 69
3 76
3 77
3 79
3 84
3 85
3 88
3 91
3 92
3 94
3 95
3 97
3 100
3 101
3 106
3 107
3 108
3 111
3 112
3 114
3 115
3 121
3 123
3 124
3 125
3 126
3 127
3 128
3 129
3 132
3 133
3 134
3 135
3 140
3 142
3 143
3 144
3 145
3 147
3 151
3 152
3 153
3 154
3 155
3 156
3 158
3 160
3 162
3 164
3 165
3 166
3 167
3 170
3 174
3 175
3 178
3 179
3 183
3 184
4 6
4 7
4 10
4 11
4 12
4 15
4 18
4 19
4 20
4 21
4 22
4 23
4 25
4 26
4 29
4 30
4 31
4 32
4 33
4 37
4 39
4 44
4 46
4 51
4 53
4 55
4 59
4 60
4 62
4 65
4 66
4 69
4 71
4 72
4 74
4 75
4 77
4 79
4 80
4 84
4 85
4 94
4 95
4 102
4 103
4 104
4 106
4 107
4 109
4 110
4 111
4 114
4 120
4 121
4 122
4 129
4 131
4 139
4 144
4 145
4 146
4 147
4 148
4 149
4 150
4 151
4 153
4 154
4 157
4 159
4 160
4 163
4 164
4 166
4 168
4 169
4 170
4 171
4 177
4 178
4 180
4 182
4 183
4 184
5 6
5 7
5 9
5 12
5 14
5 15
5 16
5 18
5 19
5 21
5 24
5 26
5 27
5 28
5 29
5 30
5 31
5 33
5 34
5 35
5 37
5 45
5 47
5 48
5 50
5 51
5 52
5 55
5 56
5 57
5 58
5 61
5 62
5 64
5 67
5 68
5 70
5 74
5 84
5 86
5 87
5 88
5 90
5 91
5 93
5 95
5 96
5 97
5 99
5 100
5 101
5 102
5 104
5 105
5 106
5 111
5 113
5 114
5 115
5 118
5 119
5 121
5 125
5 126
5 129
5 130
5 132
5 133
5 135
5 136
5 137
5 142
5 143
5 145
5 148
5 149
5 152
5 154
5 155
5 156
5 158
5 159
5 161
5 162
5 165
5 167
5 170
5 171
5 172
5 177
5 178
5 180
5 181
5 182
5 184
6 7
6 12
6 16
6 17
6 18
6 20
6 22
6 23
6 25
6 30
6 36
6 40
6 42
6 43
6 44
6 45
6 50
6 52
6 54
6 55
6 56
6 57
6 60
6 67
6 68
6 70
6 71
6 73
6 74
6 81
6 82
6 83
6 84
6 88
6 91
6 92
6 94
6 95
6 96
6 100
6 102
6 104
6 106
6 107
6 110
6 111
6 112
6 113
6 115
6 117
6 119
6 122
6 123
6 125
6 127
6 128
6 129
6 130
6 131
6 134
6 135
6 137
6 139
6 140
6 141
6 142
6 143
6 145
6 149
6 151
6 153
6 155
6 157
6 161
6 162
6 166
6 173
6 174
6 175
6 176
6 179
6 180
6 181
6 183
7 8
7 9
7 10
7 14
7 15
7 22
7 23
7 25
7 26
7 30
7 32
7 33
7 35
7 37
7 38
7 39
7 44
7 45
7 46
7 49
7 50
7 52
7 54
7 55
7 57
7 58
7 59
7 65
7 66
7 67
7 68
7 71
7 72
7 74
7 75
7 76
7 78
7 80
7 81
7 83
7 84
7 86
7 87
7 89
7 91
7 92
7 93
7 98
7 101
7 104
7 106
7 110
7 113
7 116
7 119
7 120
7 121
7 126
7 129
7 131
7 133
7 134
7 135
7 137
7 141
7 142
7 144
7 149
7 154
7 160
7 161
7 163
7 165
7 166
7 167
7 169
7 172
7 173
7 176
7 177
7 178
7 180
7 181
8 10
8 12
8 14
8 15
8 16
8 17
8 19
8 21
8 22
8 23
8 24
8 27
8 30
8 31
8 32
8 34
8 35
8 39
8 40
8 42
8 43
8 44
8 45
8 47
8 49
8 52
8 53
8 55
8 57
8 58
8 61
8 65
8 66
8 70
8 72
8 73
8 76
8 78
8 79
8 82
8 84
8 86
8 88
8 89
8 90
8 92
8 93
8 96
8 97
8 98
8 102
8 103
8 104
8 107
8 108
8 111
8 112
8 113
8 114
8 119
8 120
8 121
8 122
8 123
8 124
8 127
8 128
8 131
8 132
8 133
8 134
8 135
8 136
8 138
8 144
8 146
8 147
8 150
8 151
8 153
8 155
8 156
8 157
8 158
8 162
8 164
8 165
8 166
8 168
8 169
8 171
8 172
8 173
8 175
8 176
8 177
8 184
9 12
9 13
9 15
9 16
9 17
9 19
9 21
9 23
9 24
9 28
9 29
9 30
9 33
9 34
9 35
9 36
9 37
9 39
9 40
9 41
9 43
9 45
9 46
9 47
9 49
9 52
9 53
9 54
9 55
9 59
9 61
9 63
9 66
9 69
9 70
9 73
9 74
9 76
9 78
9 79
9 80
9 83
9 84
9 87
9 92
9 95
9 97
9 98
9 99
9 101
9 102
9 103
9 107
9 109
9 110
9 112
9 113
9 115
9 116
9 118
9 121
9 122
9 124
9 126
9 127
9 129
9 132
9 133
9 138
9 139
9 144
9 148
9 149
9 150
9 156
9 157
9 163
9 166
9 169
9 170
9 172
9 173
9 174
9 175
9 176
9 177
9 178
9 180
9 182
10 14
10 16
10 19
10 20
10 24
10 26
10 29
10 32
10 35
10 36
10 38
10 39
10 41
10 43
10 47
10 48
10 49
10 51
10 52
10 53
10 54
10 55
10 56
10 58
10 63
10 64
10 65
10 66
10 67
10 69
10 71
10 72
10 74
10 75
10 77
10 78
10 80
10 81
10 83
10 86
10 91
10 93
10 95
10 97
10 98
10 99
10 101
10 102
10 103
10 107
10 108
10 109
10 110
10 112
10 114
10 115
10 116
10 120
10 122
10 123
10 124
10 125
10 126
10 129
10 131
10 135
10 137
10 140
10 142
10 143
10 145
10 146
10 150
10 151
10 153
10 155
10 156
10 163
10 165
10 167
10 168
10 169
10 172
10 173
10 177
10 180
10 182
10 183
11 12
11 14
11 19
11 23
11 24
11 25
11 27
11 28
11 30
11 31
11 32
11 33
11 34
11 35
11 36
11 37
11 43
11 44
11 45
11 46
11 50
11 51
11 53
11 54
11 55
11 58
11 59
11 61
11 63
11 64
11 66
11 68
11 71
11 74
11 75
11 76
11 77
11 79
11 80
11 83
11 86
11 87
11 88
11 90
11 91
11 92
11 94
11 95
11 98
11 99
11 100
11 105
11 113
11 114
11 115
11 117
11 118
11 119
11 120
11 121
11 123
11 125
11 126
11 127
11 128
11 132
11 134
11 139
11 140
11 148
11 150
11 154
11 159
11 161
11 165
11 166
11 172
11 176
11 179
11 184
12 17
12 19
12 20
12 23
12 25
12 27
12 29
12 34
12 36
12 37
12 38
12 39
12 40
12 41
12 42
12 45
12 47
12 49
12 52
12 54
12 55
12 57
12 59
12 60
12 62
12 64
12 65
12 66
12 67
12 70
12 71
12 74
12 75
12 80
12 81
12 82
12 84
12 85
12 89
12 91
12 93
12 95
12 97
12 100
12 103
12 105
12 111
12 112
12 113
12 114
12 115
12 116
12 117
12 118
12 120
12 122
12 124
12 125
12 127
12 128
12 133
12 137
12 140
12 141
12 144
12 145
12 147
12 148
12 151
12 152
12 158
12 162
12 163
12 164
12 173
12 174
12 177
12 178
12 179
12 180
12 181
12 182
12 184
13 15
13 20
13 22
13 23
13 24
13 29
13 30
13 31
13 32
13 39
13 40
13 43
13 44
13 48
13 54
13 56
13 60
13 62
13 67
13 69
13 71
13 72
13 73
13 77
13 79
13 81
13 82
13 83
13 84
13 85
13 90
13 92
13 96
13 97
13 101
13 102
13 103
13 104
13 108
13 109
13 110
13 111
13 115
13 116
13 120
13 124
13 125
13 129
13 130
13 131
13 138
13 140
13 141
13 142
13 143
13 144
13 145
13 146
13 148
13 149
13 150
13 151
13 152
13 154
13 155
13 156
13 157
13 158
13 160
13 161
13 162
13 164
13 165
13 168
13 169
13 171
13 173
13 175
13 176
13 177
13 178
13 179
13 180
13 182
13 184
14 15
14 16
14 17
14 18
14 19
14 20
14 22
14 24
14 25
14 26
14 27
14 30
14 33
14 35
14 38
14 40
14 41
14 44
14 47
14 49
14 50
14 52
14 54
14 56
14 59
14 60
14 61
14 62
14 66
14 67
14 72
14 74
14 77
14 78
14 79
14 82
14 83
14 86
14 90
14 91
14 94
14 97
14 100
14 102
14 103
14 106
14 107
14 108
14 111
14 115
14 116
14 117
14 123
14 128
14 129
14 130
14 131
14 132
14 134
14 136
14 137
14 141
14 143
14 144
14 147
14 148
14 149
14 150
14 151
14 152
14 153
14 154
14 157
14 159
14 160
14 161
14 165
14 166
14 167
14 171
14 172
14 173
14 174
14 175
14 176
14 177
14 178
14 179
14 180
14 182
14 183
15 16
15 19
15 21
15 23
15 24
15 26
15 27
15 28
15 29
15 30
15 32
15 36
15 39
15 40
15 46
15 47
15 49
15 52
15 54
15 55
15 56
15 57
15 58
15 60
15 61
15 62
15 65
15 68
15 70
15 71
15 74
15 76
15 77
15 80
15 83
15 84
15 86
15 87
15 88
15 89
15 93
15 94
15 95
15 98
15 99
15 101
15 102
15 105
15 106
15 108
15 112
15 113
15 115
15 116
15 117
15 118
15 119
15 120
15 121
15 122
15 124
15 125
15 129
15 131
15 133
15 135
15 137
15 143
15 145
15 146
15 147
15 150
15 151
15 152
15 154
15 155
15 160
15 161
15 163
15 166
15 168
15 171
15 172
15 173
15 174
15 175
15 176
15 180
15 184
16 17
16 19
16 20
16 21
16 22
16 23
16 24
16 25
16 28
16 29
16 30
16 31
16 32
16 34
16 35
16 36
16 38
16 40
16 41
16 43
16 45
16 46
16 50
16 51
16 52
16 53
16 55
16 58
16 60
16 64
16 65
16 66
16 67
16 69
16 70
16 73
16 76
16 80
16 81
16 82
16 83
16 84
16 86
16 87
16 90
16 91
16 92
16 93
16 94
16 95
16 96
16 102
16 103
16 105
16 106
16 111
16 114
16 116
16 119
16 121
16 123
16 124
16 127
16 129
16 135
16 136
16 137
16 138
16 141
16 142
16 147
16 148
16 150
16 153
16 156
16 157
16 159
16 161
16 162
16 163
16 168
16 170
16 171
16 172
16 173
16 174
16 176
16 177
16 180
16 181
17 19
17 21
17 22
17 25
17 27
17 29
17 32
17 34
17 37
17 38
17 39
17 40
17 42
17 46
17 47
17 48
17 49
17 50
17 51
17 53
17 54
17 55
17 56
17 57
17 58
17 64
17 68
17 69
17 73
17 74
17 77
17 79
17 83
17 89
17 90
17 91
17 94
17 97
17 99
17 100
17 103
17 108
17 109
17 110
17 111
17 113
17 114
17 115
17 117
17 118
17 120
17 121
17 122
17 124
17 126
17 127
17 128
17 130
17 136
17 138
17 140
17 141
17 144
17 146
17 148
17 150
17 151
17 152
17 153
17 155
17 156
17 158
17 166
17 167
17 170
17 171
17 172
17 174
17 177
17 181
17 182
17 183
17 184
18 19
18 20
18 24
18 26
18 27
18 29
18 30
18 36
18 37
18 41
18 44
18 46
18 48
18 49
18 50
18 52
18 53
18 54
18 55
18 59
18 60
18 62
18 65
18 66
18 71
18 72
18 74
18 76
18 79
18 80
18 82
18 83
18 84
18 85
18 89
18 90
18 92
18 95
18 96
18 98
18 99
18 101
18 104
18 106
18 107
18 108
18 109
18 115
18 118
18 119
18 122
18 126
18 131
18 136
18 137
18 143
18 148
18 154
18 156
18 161
18 162
18 164
18 165
18 166
18 167
18 168
18 174
18 175
18 176
18 178
18 181
18 182
19 20
19 21
19 22
19 23
19 25
19 28
19 29
19 31
19 32
19 34
19 35
19 36
19 37
19 38
19 42
19 43
19 44
19 46
19 53
19 54
19 55
19 58
19 60
19 61
19 63
19 64
19 68
19 70
19 73
19 74
19 76
19 78
19 83
19 86
19 91
19 93
19 96
19 97
19 98
19 104
19 105
19 108
19 112
19 115
19 116
19 117
19 118
19 124
19 126
19 128
19 133
19 135
19 136
19 137
19 139
19 141
19 146
19 147
19 153
19 155
19 156
19 157
19 158
19 159
19 160
19 167
19 171
19 172
19 173
19 177
19 178
19 180
19 181
19 182
19 184
20 21
20 22
20 23
20 27
20 29
20 32
20 36
20 37
20 38
20 39
20 42
20 44
20 45
20 48
20 52
20 54
20 56
20 57
20 59
20 60
20 62
20 70
20 71
20 72
20 73
20 78
20 79
20 80
20 83
20 85
20 89
20 90
20 92
20 93
20 95
20 97
20 102
20 103
20 104
20 106
20 107
20 109
20 110
20 111
20 114
20 115
20 118
20 119
20 121
20 122
20 123
20 125
20 129
20 130
20 131
20 132
20 136
20 137
20 139
20 140
20 144
20 145
20 146
20 149
20 150
20 152
20 155
20 157
20 158
20 160
20 161
20 162
20 164
20 167
20 168
20 171
20 172
20 174
20 176
20 177
20 179
20 181
20 183
21 26
21 28
21 29
21 31
21 32
21 34
21 35
21 36
21 41
21 42
21 44
21 46
21 47
21 48
21 50
21 52
21 53
21 55
21 56
21 57
21 61
21 62
21 63
21 64
21 69
21 72
21 73
21 74
21 76
21 78
21 79
21 80
21 81
21 83
21 86
21 89
21 90
21 93
21 95
21 97
21 98
21 99
21 101
21 102
21 106
21 110
21 112
21 113
21 118
21 119
21 122
21 127
21 128
21 130
21 132
21 136
21 137
21 139
21 141
21 142
21 145
21 148
21 150
21 151
21 152
21 153
21 155
21 157
21 163
21 171
21 175
21 177
21 180
21 182
21 183
21 184
22 23
22 25
22 26
22 28
22 29
22 30
22 31
22 32
22 33
22 35
22 36
22 39
22 40
22 42
22 44
22 47
22 50
22 51
22 53
22 54
22 55
22 57
22 58
22 59
22 62
22 63
22 64
22 65
22 66
22 68
22 72
22 76
22 78
22 79
22 80
22 81
22 83
22 86
22 87
22 89
22 90
22 91
22 94
22 95
22 96
22 98
22 99
22 101
22 102
22 103
22 106
22 112
22 124
22 125
22 126
22 127
22 128
22 129
22 130
22 132
22 137
22 138
22 145
22 147
22 149
22 152
22 155
22 157
22 159
22 162
22 163
22 165
22 166
22 167
22 170
22 175
22 177
22 178
22 182
22 183
22 184
23 26
23 28
23 35
23 36
23 42
23 44
23 46
23 48
23 50
23 52
23 53
23 54
23 56
23 57
23 58
23 59
23 60
23 62
23 64
23 65
23 67
23 68
23 69
23 72
23 74
23 76
23 77
23 78
23 79
23 82
23 83
23 84
23 85
23 86
23 88
23 89
23 90
23 95
23 96
23 97
23 98
23 99
23 100
23 101
23 102
23 104
23 107
23 114
23 116
23 118
23 120
23 123
23 127
23 129
23 130
23 131
23 132
23 136
23 137
23 138
23 141
23 145
23 146
23 147
23 150
23 153
23 154
23 155
23 158
23 159
23 160
23 161
23 163
23 165
23 167
23 168
23 170
23 172
23 176
23 178
23 179
23 180
23 181
23 183
23 184
24 26
24 27
24 28
24 30
24 36
24 37
24 39
24 40
24 41
24 43
24 44
24 45
24 46
24 47
24 50
24 51
24 52
24 56
24 57
24 58
24 60
24 62
24 66
24 67
24 70
24 71
24 73
24 74
24 75
24 77
24 78
24 80
24 82
24 83
24 85
24 86
24 88
24 90
24 98
24 99
24 101
24 103
24 106
24 108
24 109
24 110
24 112
24 113
24 115
24 117
24 120
24 121
24 125
24 126
24 130
24 131
24 133
24 134
24 135
24 137
24 138
24 139
24 140
24 141
24 142
24 144
24 146
24 147
24 152
24 155
24 160
24 162
24 164
24 165
24 167
24 168
24 171
24 173
24 177
24 180
25 28
25 29
25 30
25 31
25 32
25 34
25 35
25 37
25 38
25 42
25 46
25 51
25 53
25 57
25 60
25 61
25 63
25 64
25 66
25 69
25 71
25 73
25 78
25 79
25 81
25 82
25 85
25 86
25 87
25 88
25 90
25 91
25 92
25 93
25 95
25 96
25 97
25 98
25 99
25 100
25 105
25 106
25 107
25 109
25 111
25 112
25 113
25 115
25 116
25 117
25 118
25 119
25 120
25 121
25 124
25 125
25 129
25 130
25 133
25 134
25 135
25 136
25 141
25 143
25 145
25 148
25 149
25 150
25 151
25 152
25 154
25 156
25 159
25 160
25 161
25 162
25 163
25 165
25 167
25 171
25 172
25 174
25 179
25 182
26 28
26 29
26 32
26 33
26 34
26 35
26 37
26 41
26 43
26 44
26 45
26 47
26 48
26 52
26 55
26 56
26 57
26 58
26 60
26 62
26 63
26 65
26 67
26 69
26 72
26 75
26 76
26 79
26 80
26 82
26 83
26 84
26 85
26 88
26 89
26 90
26 95
26 102
26 104
26 105
26 106
26 107
26 108
26 111
26 112
26 113
26 114
26 115
26 118
26 119
26 121
26 122
26 123
26 126
26 129
26 130
26 131
26 133
26 135
26 140
26 142
26 143
26 145
26 146
26 147
26 148
26 150
26 153
26 156
26 157
26 158
26 160
26 163
26 165
26 167
26 169
26 170
26 171
26 173
26 179
26 182
26 184
27 29
27 32
27 33
27 34
27 36
27 37
27 38
27 39
27 41
27 49
27 50
27 52
27 54
27 55
27 56
27 57
27 59
27 60
27 61
27 65
27 70
27 71
27 72
27 73
27 75
27 76
27 78
27 79
27 82
27 84
27 90
27 92
27 93
27 97
27 102
27 105
27 107
27 108
27 111
27 113
27 114
27 115
27 117
27 118
27 123
27 125
27 126
27 127
27 131
27 136
27 142
27 143
27 145
27 152
27 154
27 155
27 156
27 158
27 159
27 161
27 163
27 164
27 165
27 167
27 169
27 172
27 174
27 179
27 184
28 34
28 37
28 38
28 40
28 41
28 42
28 44
28 45
28 46
28 47
28 48
28 52
28 53
28 54
28 55
28 58
28 59
28 61
28 63
28 66
28 67
28 68
28 71
28 74
28 75
28 77
28 80
28 81
28 85
28 88
28 91
28 92
28 94
28 96
28 97
28 98
28 99
28 100
28 101
28 103
28 104
28 105
28 108
28 110
28 112
28 115
28 118
28 119
28 120
28 121
28 122
28 123
28 124
28 125
28 129
28 132
28 133
28 134
28 137
28 142
28 145
28 151
28 155
28 156
28 158
28 161
28 162
28 164
28 172
28 175
28 180
28 183
28 184
29 30
29 33
29 34
29 35
29 38
29 41
29 42
29 43
29 46
29 47
29 49
29 52
29 53
29 54
29 58
29 59
29 61
29 62
29 63
29 64
29 65
29 66
29 68
29 69
29 73
29 78
29 79
29 82
29 83
29 85
29 87
29 90
29 93
29 96
29 98
29 99
29 101
29 105
29 107
29 108
29 110
29 112
29 115
29 117
29 118
29 121
29 125
29 126
29 127
29 128
29 129
29 130
29 132
29 134
29 137
29 140
29 142
29 143
29 145
29 146
29 148
29 151
29 155
29 158
29 160
29 161
29 166
29 169
29 171
29 172
29 175
29 176
29 177
29 178
29 179
29 182
29 183
30 32
30 33
30 34
30 36
30 38
30 39
30 41
30 43
30 44
30 45
30 46
30 48
30 50
30 51
30 52
30 53
30 56
30 57
30 58
30 60
30 62
30 65
30 66
30 68
30 71
30 73
30 78
30 80
30 81
30 82
30 84
30 85
30 86
30 87
30 89
30 95
30 96
30 100
30 101
30 102
30 104
30 107
30 109
30 110
30 111
30 119
30 122
30 123
30 130
30 131
30 139
30 140
30 143
30 144
30 146
30 147
30 149
30 150
30 152
30 157
30 161
30 162
30 165
30 167
30 168
30 171
30 178
30 180
30 181
31 35
31 36
31 37
31 39
31 40
31 43
31 45
31 48
31 51
31 54
31 55
31 56
31 59
31 60
31 61
31 64
31 65
31 66
31 72
31 76
31 77
31 79
31 82
31 83
31 85
31 86
31 88
31 90
31 95
31 99
31 100
31 104
31 106
31 109
31 111
31 113
31 117
31 121
31 122
31 124
31 125
31 126
31 127
31 128
31 131
31 132
31 133
31 137
31 141
31 145
31 147
31 148
31 149
31 151
31 152
31 153
31 157
31 158
31 159
31 162
31 164
31 166
31 167
31 169
31 171
31 172
31 179
31 180
31 181
31 182
31 183
32 33
32 35
32 36
32 37
32 40
32 44
32 47
32 48
32 50
32 51
32 52
32 53
32 55
32 57
32 58
32 60
32 67
32 69
32 72
32 74
32 75
32 77
32 79
32 80
32 90
32 92
32 95
32 96
32 97
32 99
32 100
32 101
32 105
32 106
32 109
32 110
32 111
32 112
32 114
32 116
32 117
32 118
32 120
32 126
32 127
32 131
32 134
32 137
32 138
32 140
32 141
32 142
32 143
32 144
32 146
32 150
32 151
32 152
32 153
32 157
32 162
32 166
32 167
32 168
32 169
32 171
32 172
32 174
32 176
32 178
32 181
32 182
32 183
33 34
33 36
33 38
33 42
33 45
33 47
33 51
33 54
33 56
33 57
33 58
33 59
33 60
33 62
33 63
33 65
33 66
33 69
33 70
33 72
33 73
33 76
33 78
33 79
33 80
33 81
33 83
33 86
33 88
33 90
33 93
33 97
33 98
33 100
33 101
33 105
33 106
33 107
33 109
33 110
33 111
33 112
33 113
33 115
33 116
33 119
33 120
33 122
33 123
33 128
33 130
33 131
33 132
33 133
33 136
33 137
33 138
33 144
33 147
33 148
33 149
33 150
33 151
33 153
33 156
33 158
33 160
33 167
33 168
33 169
33 170
33 172
33 173
33 175
33 178
33 179
33 183
34 35
34 36
34 39
34 40
34 42
34 43
34 44
34 47
34 49
34 51
34 53
34 54
34 55
34 56
34 58
34 60
34 61
34 62
34 64
34 67
34 69
34 70
34 72
34 74
34 76
34 80
34 81
34 82
34 83
34 84
34 87
34 88
34 89
34 90
34 92
34 94
34 95
34 96
34 99
34 100
34 102
34 103
34 104
34 105
34 106
34 108
34 109
34 110
34 111
34 112
34 113
34 116
34 117
34 122
34 123
34 124
34 125
34 131
34 133
34 134
34 139
34 140
34 141
34 142
34 144
34 146
34 147
34 148
34 149
34 150
34 154
34 156
34 159
34 161
34 162
34 168
34 169
34 170
34 171
34 173
34 174
34 175
34 177
34 178
34 179
34 180
35 37
35 38
35 39
35 42
35 43
35 48
35 52
35 54
35 58
35 59
35 60
35 61
35 62
35 63
35 66
35 67
35 69
35 70
35 71
35 73
35 74
35 75
35 80
35 81
35 88
35 89
35 95
35 96
35 97
35 102
35 103
35 104
35 106
35 108
35 111
35 112
35 113
35 117
35 118
35 119
35 120
35 121
35 122
35 125
35 126
35 128
35 129
35 130
35 132
35 133
35 135
35 137
35 139
35 146
35 149
35 150
35 154
35 158
35 159
35 160
35 164
35 171
35 172
35 175
35 176
35 178
35 181
35 182
35 183
35 184
36 37
36 40
36 42
36 46
36 50
36 51
36 52
36 53
36 54
36 55
36 56
36 57
36 58
36 59
36 62
36 65
36 66
36 69
36 70
36 75
36 76
36 77
36 80
36 82
36 83
36 89
36 91
36 92
36 95
36 96
36 97
36 98
36 103
36 106
36 107
36 108
36 110
36 111
36 112
36 115
36 116
36 117
36 118
36 119
36 120
36 123
36 125
36 126
36 127
36 130
36 133
36 134
36 136
36 138
36 139
36 143
36 146
36 147
36 149
36 151
36 153
36 154
36 160
36 161
36 162
36 164
36 169
36 170
36 175
36 176
36 177
36 178
36 179
36 181
36 182
36 184
37 39
37 41
37 50
37 54
37 57
37 58
37 59
37 60
37 61
37 62
37 63
37 64
37 65
37 69
37 70
37 72
37 73
37 77
37 79
37 80
37 81
37 85
37 89
37 97
37 99
37 100
37 103
37 105
37 109
37 110
37 111
37 113
37 114
37 118
37 119
37 120
37 128
37 129
37 131
37 132
37 133
37 136
37 138
37 142
37 146
37 147
37 149
37 151
37 152
37 156
37 158
37 159
37 163
37 164
37 168
37 170
37 174
37 178
37 180
37 182
37 184
38 41
38 42
38 43
38 45
38 47
38 48
38 50
38 51
38 52
38 55
38 56
38 57
38 59
38 63
38 65
38 69
38 71
38 73
38 74
38 76
38 77
38 82
38 83
38 84
38 85
38 88
38 89
38 90
38 91
38 92
38 95
38 96
38 99
38 100
38 103
38 104
38 106
38 111
38 112
38 113
38 114
38 115
38 117
38 118
38 120
38 121
38 124
38 125
38 126
38 130
38 131
38 132
38 133
38 135
38 136
38 139
38 141
38 142
38 148
38 152
38 153
38 154
38 155
38 156
38 159
38 161
38 163
38 167
38 169
38 172
38 174
38 178
38 181
38 182
38 183
38 184
39 41
39 42
39 43
39 44
39 46
39 47
39 48
39 49
39 52
39 53
39 54
39 55
39 57
39 63
39 64
39 68
39 69
39 71
39 74
39 78
39 80
39 82
39 83
39 84
39 85
39 86
39 89
39 90
39 91
39 93
39 94
39 95
39 96
39 97
39 98
39 99
39 100
39 101
39 103
39 104
39 105
39 107
39 108
39 109
39 110
39 111
39 112
39 115
39 123
39 124
39 125
39 128
39 131
39 133
39 137
39 138
39 139
39 140
39 142
39 143
39 146
39 147
39 148
39 150
39 153
39 154
39 157
39 158
39 160
39 164
39 165
39 166
39 167
39 168
39 169
39 170
39 173
39 177
39 181
39 183
39 184
40 41
40 43
40 46
40 47
40 49
40 51
40 53
40 54
40 55
40 56
40 57
40 59
40 60
40 61
40 62
40 65
40 66
40 67
40 68
40 69
40 71
40 75
40 77
40 78
40 79
40 81
40 82
40 85
40 87
40 88
40 91
40 92
40 93
40 94
40 95
40 97
40 98
40 99
40 100
40 101
40 102
40 104
40 110
40 113
40 116
40 121
40 122
40 123
40 124
40 125
40 126
40 127
40 128
40 130
40 131
40 133
40 136
40 137
40 138
40 139
40 141
40 142
40 143
40 145
40 146
40 147
40 149
40 150
40 151
40 152
40 154
40 155
40 156
40 157
40 158
40 159
40 160
40 161
40 162
40 164
40 166
40 168
40 171
40 172
40 173
40 174
40 176
40 178
40 179
40 180
40 181
40 182
40 184
41 42
41 45
41 48
41 51
41 54
41 55
41 56
41 57
41 58
41 59
41 60
41 61
41 62
41 67
41 69
41 70
41 71
41 74
41 76
41 78
41 81
41 83
41 84
41 88
41 89
41 90
41 94
41 95
41 97
41 101
41 104
41 105
41 110
41 111
41 113
41 115
41 117
41 118
41 120
41 122
41 123
41 130
41 131
41 133
41 134
41 135
41 139
41 140
41 143
41 150
41 154
41 156
41 163
41 165
41 167
41 168
41 170
41 172
41 176
41 178
41 179
41 180
41 183
41 184
42 43
42 47
42 48
42 50
42 51
42 52
42 56
42 58
42 59
42 60
42 63
42 64
42 68
42 69
42 74
42 75
42 77
42 78
42 86
42 87
42 97
42 98
42 99
42 105
42 108
42 110
42 111
42 116
42 119
42 120
42 122
42 124
42 126
42 128
42 129
42 131
42 133
42 134
42 135
42 137
42 143
42 144
42 145
42 147
42 148
42 149
42 151
42 153
42 155
42 156
42 158
42 160
42 170
42 172
42 173
42 175
42 179
42 181
42 182
42 183
43 44
43 45
43 46
43 48
43 50
43 51
43 53
43 54
43 55
43 57
43 60
43 62
43 65
43 68
43 70
43 72
43 73
43 75
43 76
43 77
43 79
43 81
43 83
43 84
43 87
43 89
43 92
43 93
43 94
43 95
43 100
43 102
43 104
43 106
43 107
43 110
43 111
43 114
43 116
43 117
43 118
43 120
43 121
43 122
43 123
43 124
43 125
43 127
43 128
43 131
43 134
43 135
43 137
43 139
43 145
43 151
43 153
43 154
43 155
43 156
43 158
43 160
43 163
43 164
43 165
43 168
43 169
43 172
43 173
43 176
43 179
43 184
44 46
44 48
44 49
44 52
44 53
44 56
44 57
44 59
44 60
44 62
44 63
44 66
44 69
44 70
44 81
44 86
44 87
44 90
44 91
44 92
44 96
44 97
44 98
44 99
44 100
44 105
44 108
44 112
44 115
44 118
44 119
44 120
44 121
44 122
44 123
44 124
44 125
44 127
44 128
44 131
44 133
44 134
44 135
44 137
44 138
44 139
44 141
44 143
44 145
44 152
44 154
44 155
44 156
44 158
44 159
44 161
44 163
44 164
44 165
44 166
44 170
44 172
44 173
44 174
44 175
44 176
44 178
44 180
44 181
44 183
45 46
45 47
45 48
45 50
45 51
45 52
45 54
45 55
45 58
45 59
45 64
45 65
45 66
45 67
45 70
45 72
45 73
45 74
45 76
45 77
45 80
45 83
45 87
45 88
45 90
45 92
45 93
45 97
45 98
45 100
45 101
45 103
45 104
45 105
45 106
45 109
45 111
45 112
45 114
45 117
45 121
45 131
45 132
45 133
45 134
45 135
45 139
45 140
45 141
45 142
45 144
45 145
45 146
45 147
45 148
45 149
45 152
45 162
45 163
45 167
45 168
45 172
45 178
45 179
45 181
45 182
45 183
46 50
46 52
46 53
46 56
46 58
46 59
46 61
46 62
46 64
46 65
46 66
46 67
46 70
46 71
46 72
46 73
46 74
46 75
46 76
46 77
46 80
46 81
46 82
46 84
46 85
46 86
46 87
46 89
46 90
46 91
46 93
46 95
46 98
46 100
46 101
46 102
46 105
46 107
46 108
46 109
46 110
46 111
46 113
46 115
46 117
46 119
46 120
46 121
46 122
46 123
46 126
46 129
46 133
46 136
46 137
46 138
46 143
46 144
46 153
46 154
46 160
46 163
46 164
46 168
46 169
46 170
46 172
46 175
46 178
46 180
46 182
47 48
47 49
47 50
47 51
47 52
47 53
47 55
47 58
47 59
47 61
47 63
47 64
47 65
47 66
47 67
47 68
47 73
47 76
47 77
47 85
47 87
47 88
47 90
47 93
47 97
47 98
47 103
47 104
47 108
47 109
47 110
47 111
47 113
47 115
47 116
47 118
47 119
47 120
47 122
47 127
47 131
47 133
47 138
47 141
47 143
47 144
47 145
47 146
47 147
47 149
47 150
47 151
47 153
47 154
47 155
47 157
47 158
47 160
47 161
47 162
47 163
47 164
47 170
47 172
47 174
47 177
47 180
47 182
47 184
48 50
48 51
48 54
48 55
48 57
48 60
48 63
48 64
48 66
48 67
48 69
48 70
48 71
48 74
48 75
48 77
48 82
48 83
48 84
48 85
48 87
48 89
48 90
48 91
48 93
48 95
48 96
48 97
48 98
48 99
48 100
48 101
48 106
48 109
48 110
48 113
48 117
48 118
48 119
48 120
48 125
48 126
48 127
48 128
48 130
48 135
48 136
48 137
48 138
48 140
48 144
48 147
48 148
48 150
48 153
48 154
48 157
48 158
48 160
48 163
48 165
48 167
48 168
48 170
48 171
48 172
48 175
48 178
48 179
48 180
48 182
48 184
49 50
49 53
49 54
49 55
49 56
49 63
49 64
49 65
49 66
49 69
49 70
49 71
49 72
49 74
49 75
49 78
49 79
49 80
49 82
49 83
49 84
49 85
49 89
49 90
49 94
49 95
49 97
49 98
49 101
49 102
49 104
49 105
49 106
49 108
49 109
49 110
49 111
49 113
49 115
49 118
49 119
49 121
49 123
49 125
49 126
49 127
49 129
49 133
49 135
49 136
49 138
49 139
49 141
49 144
49 145
49 146
49 147
49 148
49 149
49 150
49 151
49 154
49 157
49 158
49 159
49 161
49 162
49 165
49 166
49 168
49 169
49 172
49 173
49 175
49 176
49 177
49 180
49 181
49 182
49 184
50 52
50 53
50 54
50 55
50 59
50 60
50 61
50 63
50 65
50 66
50 69
50 70
50 71
50 72
50 73
50 77
50 78
50 80
50 85
50 87
50 89
50 90
50 95
50 96
50 97
50 99
50 101
50 104
50 105
50 107
50 109
50 110
50 112
50 113
50 114
50 117
50 118
50 120
50 121
50 132
50 135
50 138
50 140
50 141
50 142
50 143
50 145
50 149
50 150
50 152
50 154
50 155
50 157
50 158
50 160
50 161
50 162
50 166
50 167
50 169
50 174
50 175
50 181
50 182
51 52
51 54
51 56
51 63
51 64
51 65
51 67
51 68
51 69
51 70
51 74
51 77
51 79
51 81
51 85
51 87
51 90
51 92
51 94
51 97
51 98
51 100
51 106
51 107
51 109
51 110
51 111
51 113
51 114
51 115
51 116
51 117
51 118
51 121
51 122
51 123
51 124
51 126
51 127
51 129
51 132
51 134
51 135
51 136
51 137
51 138
51 139
51 143
51 144
51 147
51 148
51 149
51 150
51 153
51 154
51 158
51 159
51 160
51 161
51 163
51 165
51 166
51 168
51 170
51 171
51 172
51 173
51 175
51 182
51 183
51 184
52 54
52 56
52 57
52 58
52 61
52 62
52 63
52 66
52 70
52 73
52 75
52 79
52 80
52 81
52 83
52 86
52 88
52 90
52 92
52 93
52 95
52 96
52 97
52 100
52 103
52 104
52 105
52 107
52 109
52 112
52 114
52 116
52 117
52 118
52 119
52 120
52 121
52 122
52 123
52 129
52 132
52 133
52 134
52 135
52 137
52 138
52 139
52 141
52 143
52 144
52 145
52 155
52 159
52 160
52 162
52 163
52 164
52 166
52 170
52 171
52 172
52 177
52 179
52 180
52 181
52 182
53 54
53 56
53 58
53 59
53 60
53 62
53 63
53 68
53 69
53 70
53 74
53 76
53 79
53 82
53 83
53 85
53 91
53 93
53 95
53 97
53 98
53 99
53 103
53 106
53 109
53 113
53 114
53 117
53 119
53 122
53 133
53 134
53 135
53 136
53 139
53 140
53 141
53 143
53 145
53 147
53 149
53 151
53 154
53 156
53 158
53 165
53 166
53 167
53 169
53 172
53 180
54 56
54 61
54 62
54 64
54 65
54 66
54 67
54 70
54 71
54 72
54 73
54 74
54 78
54 79
54 81
54 82
54 84
54 87
54 89
54 93
54 94
54 95
54 100
54 101
54 105
54 108
54 109
54 110
54 114
54 115
54 116
54 120
54 122
54 123
54 124
54 125
54 127
54 130
54 132
54 134
54 136
54 139
54 142
54 143
54 145
54 150
54 151
54 154
54 155
54 156
54 157
54 158
54 159
54 160
54 161
54 163
54 165
54 168
54 169
54 173
54 174
54 175
54 176
54 177
54 178
54 181
55 56
55 58
55 59
55 64
55 67
55 71
55 73
55 75
55 77
55 78
55 81
55 85
55 86
55 88
55 89
55 92
55 94
55 97
55 98
55 99
55 100
55 103
55 104
55 105
55 109
55 111
55 112
55 113
55 120
55 121
55 122
55 123
55 124
55 126
55 128
55 129
55 130
55 131
55 132
55 133
55 139
55 140
55 141
55 142
55 144
55 145
55 146
55 149
55 152
55 153
55 156
55 157
55 160
55 161
55 163
55 164
55 169
55 171
55 172
55 174
55 175
55 179
55 183
56 58
56 60
56 64
56 65
56 67
56 68
56 69
56 73
56 75
56 77
56 82
56 84
56 87
56 89
56 90
56 91
56 93
56 94
56 97
56 99
56 100
56 105
56 109
56 110
56 111
56 113
56 116
56 117
56 120
56 121
56 123
56 124
56 125
56 126
56 130
56 131
56 133
56 134
56 135
56 136
56 137
56 142
56 143
56 144
56 145
56 147
56 148
56 149
56 150
56 152
56 153
56 154
56 156
56 159
56 160
56 161
56 170
56 173
56 174
56 175
56 176
56 177
56 180
56 181
56 182
56 183
56 184
57 59
57 65
57 66
57 67
57 68
57 71
57 72
57 74
57 77
57 79
57 82
57 83
57 85
57 86
57 87
57 88
57 90
57 92
57 95
57 96
57 98
57 102
57 103
57 104
57 105
57 106
57 108
57 109
57 111
57 112
57 113
57 114
57 119
57 121
57 122
57 123
57 124
57 126
57 127
57 128
57 129
57 130
57 132
57 135
57 137
57 138
57 140
57 148
57 149
57 152
57 153
57 156
57 160
57 161
57 162
57 163
57 167
57 168
57 170
57 171
57 174
57 178
57 179
57 182
57 183
57 184
58 59
58 62
58 63
58 65
58 66
58 67
58 69
58 70
58 71
58 73
58 75
58 76
58 77
58 78
58 79
58 81
58 82
58 86
58 89
58 91
58 92
58 94
58 96
58 97
58 100
58 104
58 106
58 107
58 108
58 111
58 112
58 114
58 115
58 116
58 123
58 124
58 126
58 127
58 130
58 131
58 133
58 138
58 139
58 140
58 143
58 144
58 146
58 148
58 149
58 151
58 152
58 154
58 156
58 158
58 159
58 160
58 161
58 162
58 164
58 166
58 170
58 172
58 176
58 177
58 180
58 181
58 182
58 183
58 184
59 62
59 63
59 65
59 66
59 68
59 69
59 70
59 72
59 73
59 74
59 77
59 79
59 81
59 84
59 85
59 86
59 87
59 88
59 91
59 92
59 94
59 95
59 99
59 102
59 103
59 106
59 107
59 110
59 111
59 114
59 115
59 116
59 117
59 119
59 120
59 124
59 125
59 128
59 129
59 130
59 131
59 133
59 134
59 135
59 139
59 144
59 145
59 150
59 151
59 152
59 153
59 157
59 163
59 165
59 167
59 168
59 170
59 171
59 174
59 175
59 177
59 178
59 179
59 183
60 62
60 63
60 64
60 65
60 67
60 68
60 69
60 74
60 76
60 77
60 78
60 79
60 81
60 82
60 83
60 84
60 86
60 88
60 90
60 92
60 94
60 95
60 96
60 98
60 102
60 106
60 111
60 112
60 113
60 115
60 116
60 120
60 122
60 124
60 125
60 127
60 129
60 131
60 132
60 133
60 134
60 135
60 136
60 138
60 139
60 140
60 143
60 144
60 145
60 146
60 148
60 150
60 151
60 154
60 155
60 156
60 157
60 158
60 163
60 164
60 168
60 170
60 173
60 177
60 178
60 181
60 183
61 63
61 64
61 65
61 66
61 67
61 70
61 71
61 73
61 74
61 75
61 77
61 78
61 84
61 85
61 86
61 91
61 92
61 94
61 95
61 96
61 97
61 98
61 100
61 101
61 106
61 107
61 108
61 111
61 114
61 119
61 121
61 124
61 128
61 129
61 131
61 132
61 134
61 135
61 137
61 139
61 142
61 144
61 145
61 147
61 148
61 149
61 153
61 154
61 156
61 157
61 158
61 159
61 161
61 166
61 170
61 172
61 173
61 175
61 180
62 63
62 65
62 67
62 69
62 70
62 72
62 75
62 77
62 78
62 79
62 80
62 81
62 83
62 85
62 87
62 92
62 96
62 97
62 98
62 100
62 102
62 103
62 105
62 110
62 112
62 115
62 118
62 121
62 125
62 129
62 132
62 133
62 134
62 142
62 147
62 148
62 149
62 151
62 152
62 154
62 155
62 157
62 159
62 160
62 161
62 163
62 164
62 165
62 166
62 168
62 169
62 173
62 175
62 178
62 180
62 181
62 183
63 64
63 67
63 72
63 73
63 74
63 75
63 76
63 78
63 82
63 83
63 89
63 92
63 93
63 94
63 96
63 99
63 100
63 101
63 104
63 107
63 111
63 112
63 113
63 115
63 118
63 121
63 124
63 127
63 130
63 131
63 134
63 135
63 137
63 138
63 139
63 140
63 141
63 143
63 147
63 148
63 149
63 150
63 156
63 162
63 164
63 165
63 166
63 169
63 171
63 173
63 175
63 176
63 177
63 178
63 180
63 181
63 183
64 68
64 69
64 73
64 74
64 75
64 77
64 80
64 81
64 83
64 85
64 90
64 91
64 92
64 93
64 100
64 101
64 103
64 105
64 107
64 109
64 110
64 112
64 113
64 118
64 119
64 121
64 122
64 124
64 127
64 128
64 129
64 130
64 131
64 133
64 141
64 142
64 143
64 144
64 146
64 150
64 151
64 154
64 155
64 156
64 157
64 161
64 162
64 163
64 164
64 171
64 175
64 176
64 180
64 182
65 67
65 70
65 72
65 74
65 76
65 78
65 80
65 82
65 83
65 87
65 88
65 90
65 91
65 93
65 94
65 96
65 98
65 101
65 104
65 105
65 106
65 107
65 108
65 111
65 113
65 114
65 116
65 117
65 118
65 121
65 123
65 125
65 126
65 128
65 129
65 131
65 133
65 135
65 137
65 138
65 141
65 147
65 148
65 151
65 154
65 161
65 162
65 163
65 165
65 167
65 169
65 170
65 172
65 174
65 175
65 181
65 184
66 67
66 68
66 69
66 70
66 72
66 77
66 78
66 81
66 82
66 84
66 87
66 90
66 91
66 94
66 95
66 96
66 97
66 100
66 101
66 104
66 106
66 108
66 111
66 113
66 114
66 116
66 118
66 119
66 120
66 122
66 125
66 127
66 130
66 131
66 135
66 137
66 138
66 140
66 141
66 142
66 143
66 144
66 152
66 154
66 155
66 156
66 160
66 162
66 163
66 165
66 166
66 167
66 169
66 170
66 171
66 173
66 174
66 176
66 177
66 178
66 182
66 183
66 184
67 68
67 70
67 71
67 75
67 76
67 77
67 79
67 82
67 83
67 87
67 90
67 91
67 93
67 94
67 95
67 96
67 97
67 98
67 99
67 108
67 110
67 111
67 112
67 114
67 118
67 119
67 122
67 123
67 124
67 126
67 127
67 128
67 132
67 133
67 135
67 136
67 137
67 138
67 139
67 141
67 144
67 146
67 147
67 148
67 151
67 153
67 154
67 156
67 157
67 160
67 172
67 173
67 176
67 177
67 181
67 184
68 69
68 71
68 74
68 77
68 79
68 80
68 86
68 91
68 92
68 93
68 94
68 96
68 98
68 99
68 104
68 105
68 106
68 108
68 110
68 115
68 117
68 122
68 123
68 124
68 128
68 129
68 131
68 133
68 134
68 137
68 138
68 141
68 144
68 145
68 147
68 149
68 152
68 153
68 156
68 158
68 161
68 162
68 164
68 167
68 168
68 170
68 174
68 175
68 177
68 179
68 181
68 182
69 70
69 71
69 72
69 73
69 74
69 75
69 76
69 78
69 80
69 81
69 82
69 85
69 86
69 88
69 89
69 91
69 92
69 95
69 96
69 98
69 100
69 105
69 107
69 108
69 110
69 111
69 113
69 118
69 119
69 120
69 122
69 125
69 126
69 129
69 131
69 133
69 136
69 138
69 140
69 143
69 144
69 145
69 146
69 147
69 148
69 150
69 152
69 156
69 158
69 161
69 162
69 164
69 165
69 166
69 167
69 169
69 171
69 176
69 178
69 179
69 182
69 183
70 72
70 75
70 78
70 80
70 81
70 83
70 87
70 88
70 90
70 93
70 95
70 97
70 98
70 100
70 103
70 104
70 111
70 114
70 119
70 120
70 121
70 122
70 123
70 125
70 126
70 128
70 132
70 133
70 135
70 140
70 141
70 143
70 146
70 147
70 149
70 150
70 153
70 155
70 160
70 161
70 162
70 168
70 170
70 173
70 174
70 176
70 177
70 179
70 181
70 183
71 73
71 74
71 78
71 82
71 86
71 91
71 92
71 95
71 97
71 98
71 102
71 105
71 106
71 108
71 110
71 111
71 114
71 117
71 119
71 121
71 123
71 124
71 126
71 127
71 128
71 129
71 133
71 134
71 136
71 138
71 139
71 141
71 143
71 146
71 147
71 150
71 153
71 154
71 158
71 160
71 162
71 163
71 164
71 165
71 166
71 167
71 169
71 170
71 172
71 175
71 177
71 178
71 179
71 180
71 181
72 74
72 75
72 77
72 78
72 82
72 83
72 84
72 85
72 88
72 89
72 92
72 93
72 94
72 95
72 97
72 99
72 100
72 101
72 103
72 104
72 107
72 110
72 115
72 123
72 125
72 129
72 131
72 132
72 133
72 138
72 139
72 140
72 143
72 144
72 147
72 153
72 155
72 156
72 157
72 159
72 160
72 161
72 163
72 165
72 169
72 171
72 172
72 173
72 174
72 176
72 177
72 179
72 182
73 76
73 78
73 79
73 80
73 81
73 84
73 87
73 89
73 90
73 96
73 99
73 103
73 104
73 105
73 106
73 107
73 108
73 109
73 111
73 114
73 117
73 119
73 120
73 121
73 122
73 124
73 125
73 126
73 128
73 129
73 136
73 137
73 138
73 139
73 140
73 141
73 142
73 143
73 144
73 145
73 154
73 157
73 159
73 161
73 163
73 165
73 166
73 167
73 173
73 174
73 175
73 176
73 177
73 180
74 75
74 77
74 78
74 80
74 81
74 87
74 88
74 90
74 92
74 96
74 97
74 98
74 99
74 100
74 106
74 107
74 108
74 109
74 111
74 114
74 115
74 116
74 118
74 119
74 121
74 124
74 125
74 126
74 127
74 128
74 129
74 131
74 132
74 133
74 134
74 139
74 140
74 143
74 145
74 146
74 152
74 154
74 155
74 157
74 158
74 159
74 160
74 162
74 164
74 166
74 168
74 169
74 170
74 172
74 175
74 176
74 178
74 179
74 180
74 183
74 184
75 77
75 81
75 82
75 84
75 88
75 91
75 93
75 94
75 96
75 97
75 98
75 99
75 100
75 101
75 103
75 104
75 105
75 107
75 111
75 113
75 114
75 115
75 118
75 120
75 121
75 122
75 124
75 125
75 128
75 133
75 135
75 136
75 137
75 139
75 140
75 141
75 143
75 152
75 154
75 155
75 157
75 161
75 167
75 169
75 173
75 175
75 177
75 178
75 182
75 183
75 184
76 82
76 83
76 84
76 86
76 92
76 94
76 95
76 97
76 98
76 99
76 101
76 102
76 104
76 105
76 107
76 110
76 111
76 117
76 120
76 121
76 125
76 127
76 132
76 133
76 134
76 142
76 145
76 146
76 149
76 152
76 153
76 156
76 158
76 160
76 161
76 162
76 164
76 165
76 168
76 169
76 170
76 171
76 172
76 174
76 175
76 176
76 178
76 182
76 183
77 79
77 81
77 86
77 87
77 89
77 95
77 96
77 98
77 101
77 102
77 104
77 107
77 108
77 110
77 111
77 114
77 115
77 116
77 117
77 119
77 120
77 122
77 124
77 125
77 126
77 130
77 136
77 142
77 145
77 147
77 149
77 153
77 155
77 156
77 158
77 159
77 162
77 163
77 165
77 166
77 168
77 170
77 171
77 174
77 175
77 177
77 179
77 181
77 183
78 79
78 81
78 86
78 88
78 89
78 90
78 93
78 96
78 97
78 98
78 100
78 101
78 108
78 109
78 110
78 112
78 113
78 114
78 115
78 116
78 117
78 118
78 119
78 127
78 128
78 130
78 135
78 138
78 139
78 140
78 143
78 146
78 147
78 148
78 150
78 151
78 152
78 155
78 156
78 162
78 164
78 168
78 169
78 172
78 173
78 174
78 178
78 179
78 181
78 183
79 82
79 83
79 85
79 86
79 87
79 88
79 89
79 92
79 93
79 97
79 99
79 100
79 104
79 105
79 107
79 108
79 109
79 110
79 111
79 113
79 114
79 115
79 118
79 119
79 120
79 121
79 124
79 126
79 130
79 131
79 132
79 133
79 134
79 136
79 137
79 140
79 142
79 143
79 144
79 145
79 146
79 150
79 151
79 153
79 157
79 158
79 160
79 162
79 163
79 164
79 166
79 169
79 170
79 172
79 174
79 175
79 176
79 178
79 180
79 182
79 184
80 81
80 82
80 83
80 85
80 86
80 88
80 91
80 95
80 96
80 97
80 98
80 99
80 100
80 102
80 104
80 105
80 107
80 108
80 109
80 114
80 115
80 116
80 117
80 119
80 121
80 122
80 123
80 126
80 128
80 129
80 130
80 131
80 132
80 133
80 134
80 136
80 139
80 142
80 148
80 149
80 150
80 153
80 154
80 155
80 157
80 160
80 161
80 162
80 164
80 165
80 169
80 170
80 171
80 172
80 173
80 174
80 178
80 183
81 82
81 86
81 90
81 93
81 100
81 101
81 102
81 104
81 105
81 107
81 109
81 111
81 112
81 114
81 116
81 120
81 122
81 125
81 126
81 127
81 131
81 132
81 134
81 137
81 140
81 143
81 146
81 147
81 151
81 153
81 157
81 162
81 163
81 165
81 166
81 170
81 171
81 172
81 173
81 175
81 177
81 180
81 181
81 183
81 184
82 85
82 88
82 89
82 90
82 92
82 94
82 95
82 98
82 99
82 101
82 102
82 103
82 105
82 107
82 108
82 112
82 113
82 114
82 115
82 117
82 120
82 123
82 124
82 125
82 126
82 132
82 133
82 137
82 138
82 139
82 142
82 144
82 145
82 147
82 148
82 152
82 153
82 156
82 157
82 158
82 161
82 163
82 164
82 165
82 167
82 170
82 171
82 173
82 176
82 180
82 182
82 183
83 87
83 89
83 92
83 93
83 95
83 97
83 99
83 100
83 102
83 103
83 104
83 106
83 109
83 110
83 111
83 112
83 118
83 119
83 120
83 123
83 124
83 128
83 130
83 131
83 132
83 134
83 135
83 138
83 140
83 145
83 147
83 148
83 149
83 152
83 158
83 159
83 162
83 163
83 164
83 165
83 167
83 169
83 172
83 173
83 176
83 179
83 180
83 181
83 183
84 87
84 88
84 90
84 92
84 93
84 94
84 98
84 99
84 101
84 102
84 104
84 105
84 108
84 110
84 111
84 112
84 113
84 114
84 117
84 118
84 124
84 126
84 127
84 128
84 131
84 133
84 134
84 135
84 137
84 138
84 141
84 142
84 144
84 147
84 149
84 153
84 156
84 158
84 160
84 162
84 163
84 164
84 166
84 167
84 169
84 173
84 177
84 178
84 179
84 180
84 181
84 184
85 88
85 91
85 93
85 95
85 96
85 98
85 100
85 101
85 102
85 103
85 104
85 107
85 108
85 111
85 114
85 115
85 116
85 117
85 118
85 119
85 122
85 125
85 128
85 129
85 130
85 137
85 141
85 142
85 143
85 145
85 147
85 152
85 153
85 155
85 157
85 159
85 162
85 165
85 166
85 169
85 170
85 171
85 174
85 175
85 176
85 177
86 88
86 90
86 93
86 95
86 96
86 97
86 103
86 104
86 105
86 106
86 109
86 111
86 113
86 116
86 118
86 120
86 122
86 123
86 124
86 125
86 127
86 130
86 131
86 132
86 135
86 138
86 139
86 144
86 145
86 146
86 148
86 151
86 156
86 157
86 158
86 164
86 165
86 166
86 167
86 168
86 169
86 170
86 171
86 172
86 174
86 178
86 179
86 180
86 183
87 88
87 89
87 91
87 92
87 95
87 96
87 97
87 98
87 100
87 106
87 109
87 111
87 112
87 113
87 115
87 117
87 128
87 132
87 135
87 136
87 139
87 140
87 141
87 142
87 143
87 145
87 146
87 150
87 154
87 157
87 158
87 165
87 166
87 169
87 170
87 171
87 173
87 175
87 176
87 178
87 179
87 180
88 91
88 92
88 93
88 95
88 98
88 99
88 105
88 106
88 110
88 111
88 112
88 113
88 114
88 115
88 116
88 118
88 119
88 122
88 123
88 124
88 126
88 127
88 130
88 131
88 133
88 136
88 137
88 138
88 140
88 141
88 142
88 143
88 146
88 147
88 148
88 153
88 155
88 156
88 157
88 159
88 160
88 161
88 163
88 164
88 166
88 168
88 170
88 171
88 172
88 174
88 177
88 178
88 179
88 180
88 181
88 184
89 91
89 92
89 93
89 96
89 98
89 99
89 100
89 101
89 104
89 105
89 108
89 109
89 110
89 113
89 116
89 117
89 118
89 119
89 120
89 121
89 125
89 131
89 132
89 137
89 140
89 141
89 142
89 144
89 146
89 147
89 149
89 150
89 151
89 153
89 158
89 159
89 160
89 161
89 162
89 163
89 164
89 165
89 167
89 171
89 173
89 175
89 179
89 181
89 184
90 92
90 94
90 95
90 100
90 101
90 102
90 103
90 104
90 105
90 106
90 107
90 109
90 112
90 115
90 118
90 119
90 122
90 125
90 126
90 128
90 129
90 130
90 131
90 132
90 133
90 136
90 140
90 141
90 145
90 146
90 147
90 148
90 149
90 150
90 152
90 154
90 155
90 156
90 158
90 162
90 163
90 164
90 169
90 173
90 174
90 176
90 178
90 179
90 180
90 181
90 182
91 92
91 93
91 99
91 101
91 103
91 106
91 109
91 113
91 115
91 123
91 126
91 128
91 131
91 134
91 135
91 141
91 142
91 143
91 144
91 146
91 147
91 148
91 150
91 151
91 152
91 153
91 155
91 156
91 157
91 158
91 160
91 161
91 162
91 163
91 167
91 170
91 171
91 172
91 174
91 179
91 182
91 183
92 96
92 97
92 98
92 101
92 103
92 106
92 107
92 108
92 110
92 111
92 112
92 113
92 114
92 116
92 118
92 119
92 123
92 124
92 125
92 126
92 128
92 132
92 134
92 135
92 140
92 146
92 150
92 152
92 155
92 160
92 166
92 167
92 168
92 170
92 171
92 177
92 181
92 183
92 184
93 94
93 95
93 98
93 100
93 102
93 105
93 111
93 113
93 116
93 117
93 119
93 120
93 124
93 126
93 127
93 128
93 129
93 130
93 132
93 134
93 138
93 139
93 142
93 148
93 149
93 153
93 155
93 156
93 157
93 158
93 161
93 163
93 168
93 170
93 171
93 172
93 175
93 181
93 183
93 184
94 96
94 97
94 98
94 99
94 100
94 101
94 102
94 103
94 105
94 108
94 109
94 110
94 111
94 112
94 113
94 115
94 117
94 118
94 125
94 126
94 127
94 128
94 129
94 130
94 131
94 132
94 135
94 138
94 139
94 142
94 143
94 145
94 147
94 150
94 151
94 152
94 153
94 154
94 156
94 158
94 159
94 161
94 170
94 171
94 173
94 174
94 175
94 176
94 177
94 178
94 179
94 183
94 184
95 97
95 103
95 104
95 105
95 108
95 109
95 110
95 111
95 112
95 113
95 114
95 118
95 120
95 124
95 127
95 128
95 130
95 133
95 134
95 138
95 139
95 141
95 142
95 147
95 148
95 151
95 152
95 153
95 156
95 158
95 159
95 161
95 162
95 163
95 164
95 169
95 170
95 171
95 176
95 177
95 178
95 179
95 180
95 181
95 182
95 183
95 184
96 97
96 99
96 100
96 101
96 102
96 103
96 108
96 111
96 120
96 123
96 124
96 127
96 129
96 130
96 132
96 133
96 136
96 140
96 141
96 142
96 144
96 145
96 146
96 157
96 159
96 160
96 161
96 162
96 163
96 164
96 166
96 169
96 171
96 174
96 176
96 177
96 178
96 180
96 182
96 183
97 101
97 103
97 106
97 108
97 109
97 111
97 112
97 113
97 115
97 117
97 118
97 119
97 121
97 122
97 123
97 124
97 125
97 127
97 129
97 130
97 133
97 136
97 137
97 139
97 140
97 141
97 142
97 148
97 149
97 150
97 153
97 155
97 157
97 159
97 162
97 163
97 164
97 166
97 167
97 169
97 172
97 173
97 174
97 176
97 177
97 180
97 181
97 183
98 99
98 100
98 102
98 103
98 107
98 109
98 114
98 116
98 118
98 120
98 121
98 122
98 123
98 124
98 125
98 128
98 129
98 130
98 131
98 132
98 135
98 136
98 137
98 139
98 140
98 141
98 142
98 143
98 144
98 146
98 148
98 149
98 150
98 152
98 154
98 160
98 163
98 165
98 166
98 168
98 170
98 172
98 176
98 177
98 178
98 179
98 183
98 184
99 100
99 101
99 102
99 105
99 108
99 109
99 112
99 114
99 115
99 116
99 118
99 119
99 120
99 121
99 122
99 125
99 126
99 129
99 130
99 132
99 135
99 136
99 137
99 141
99 142
99 143
99 144
99 148
99 149
99 150
99 151
99 154
99 155
99 156
99 157
99 158
99 160
99 163
99 164
99 166
99 170
99 174
99 175
99 176
99 179
99 180
99 182
99 183
99 184
100 101
100 105
100 108
100 109
100 110
100 111
100 114
100 115
100 116
100 117
100 119
100 124
100 127
100 130
100 135
100 136
100 138
100 139
100 141
100 142
100 145
100 146
100 148
100 149
100 150
100 152
100 153
100 154
100 155
100 157
100 158
100 160
100 161
100 163
100 164
100 165
100 167
100 168
100 169
100 174
100 175
100 176
100 178
100 181
100 182
100 183
101 105
101 106
101 107
101 109
101 110
101 111
101 114
101 121
101 124
101 125
101 126
101 130
101 137
101 138
101 140
101 142
101 143
101 147
101 148
101 149
101 150
101 151
101 157
101 158
101 159
101 160
101 162
101 164
101 167
101 169
101 170
101 173
101 175
101 177
101 180
101 181
101 182
101 183
102 103
102 104
102 105
102 106
102 108
102 109
102 110
102 112
102 114
102 115
102 117
102 118
102 120
102 123
102 125
102 133
102 137
102 143
102 145
102 146
102 147
102 148
102 149
102 154
102 155
102 156
102 158
102 160
102 161
102 163
102 164
102 167
102 172
102 176
102 177
102 179
102 180
102 182
102 183
103 104
103 109
103 111
103 113
103 114
103 115
103 116
103 117
103 118
103 119
103 120
103 122
103 124
103 127
103 134
103 135
103 136
103 137
103 138
103 141
103 142
103 144
103 145
103 146
103 148
103 149
103 153
103 154
103 158
103 166
103 171
103 172
103 173
103 176
103 178
103 180
103 182
104 105
104 106
104 108
104 112
104 119
104 120
104 122
104 123
104 125
104 127
104 128
104 130
104 131
104 132
104 133
104 134
104 135
104 137
104 140
104 141
104 145
104 148
104 152
104 154
104 157
104 158
104 161
104 163
104 165
104 167
104 169
104 171
104 172
104 173
104 174
104 177
104 178
104 180
104 182
104 184
105 106
105 107
105 110
105 111
105 112
105 113
105 116
105 117
105 118
105 123
105 126
105 127
105 128
105 129
105 130
105 131
105 132
105 134
105 135
105 137
105 138
105 139
105 142
105 150
105 152
105 154
105 155
105 156
105 157
105 160
105 162
105 164
105 169
105 172
105 175
105 176
105 177
105 179
105 180
105 182
105 184
106 107
106 109
106 110
106 111
106 115
106 116
106 117
106 118
106 121
106 123
106 124
106 127
106 128
106 129
106 131
106 133
106 134
106 136
106 138
106 140
106 143
106 144
106 145
106 146
106 148
106 149
106 150
106 152
106 154
106 159
106 160
106 161
106 162
106 163
106 165
106 168
106 169
106 174
106 177
106 181
106 184
107 108
107 110
107 111
107 112
107 114
107 115
107 118
107 119
107 120
107 122
107 128
107 130
107 131
107 135
107 136
107 137
107 140
107 142
107 145
107 148
107 149
107 154
107 156
107 158
107 159
107 162
107 163
107 164
107 165
107 169
107 171
107 172
107 174
107 176
107 178
107 179
107 182
107 183
108 111
108 112
108 113
108 114
108 116
108 117
108 119
108 123
108 126
108 127
108 130
108 135
108 138
108 139
108 140
108 141
108 142
108 143
108 144
108 145
108 148
108 149
108 150
108 153
108 155
108 156
108 157
108 159
108 161
108 162
108 163
108 166
108 168
108 169
108 171
108 179
108 181
108 182
108 183
108 184
109 110
109 112
109 113
109 114
109 115
109 116
109 120
109 121
109 122
109 125
109 126
109 129
109 131
109 132
109 134
109 135
109 136
109 137
109 138
109 139
109 140
109 141
109 142
109 149
109 150
109 154
109 160
109 162
109 163
109 165
109 166
109 169
109 170
109 171
109 173
109 178
109 180
110 112
110 114
110 115
110 122
110 123
110 124
110 132
110 133
110 135
110 137
110 138
110 140
110 146
110 148
110 150
110 151
110 152
110 153
110 156
110 160
110 162
110 163
110 167
110 169
110 172
110 176
110 177
110 178
110 179
110 180
110 184
111 115
111 116
111 117
111 119
111 120
111 121
111 125
111 128
111 130
111 131
111 136
111 137
111 138
111 139
111 140
111 141
111 142
111 143
111 144
111 145
111 147
111 148
111 149
111 150
111 154
111 157
111 159
111 161
111 163
111 164
111 165
111 166
111 168
111 169
111 170
111 171
111 177
111 181
111 184
112 113
112 115
112 116
112 117
112 119
112 121
112 122
112 125
112 127
112 128
112 130
112 132
112 134
112 135
112 139
112 141
112 143
112 146
112 148
112 152
112 154
112 155
112 156
112 157
112 158
112 159
112 160
112 161
112 162
112 163
112 165
112 166
112 167
112 172
112 178
112 182
112 183
113 118
113 121
113 124
113 129
113 130
113 132
113 135
113 137
113 139
113 140
113 143
113 144
113 145
113 146
113 150
113 151
113 154
113 155
113 156
113 158
113 160
113 161
113 162
113 163
113 164
113 171
113 172
113 174
113 176
113 177
113 179
113 181
114 119
114 121
114 122
114 123
114 124
114 128
114 132
114 134
114 135
114 142
114 143
114 145
114 147
114 153
114 155
114 156
114 158
114 160
114 161
114 162
114 163
114 164
114 167
114 168
114 171
114 175
114 183
114 184
115 117
115 118
115 120
115 121
115 123
115 124
115 125
115 126
115 128
115 133
115 135
115 136
115 138
115 140
115 141
115 142
115 145
115 147
115 150
115 151
115 154
115 155
115 157
115 159
115 160
115 164
115 165
115 166
115 167
115 168
115 169
115 170
115 171
115 173
115 174
115 175
115 178
115 181
115 182
115 184
116 118
116 123
116 124
116 126
116 128
116 129
116 134
116 136
116 137
116 139
116 142
116 143
116 146
116 150
116 151
116 153
116 154
116 155
116 159
116 163
116 170
116 171
116 172
116 173
116 175
116 176
116 177
116 178
116 181
116 182
116 183
117 118
117 120
117 121
117 124
117 125
117 128
117 130
117 131
117 135
117 136
117 137
117 138
117 141
117 145
117 148
117 150
117 154
117 155
117 160
117 161
117 163
117 164
117 165
117 168
117 169
117 172
117 173
117 179
117 180
117 181
117 182
117 184
118 119
118 123
118 126
118 127
118 130
118 135
118 139
118 140
118 142
118 143
118 144
118 145
118 146
118 148
118 151
118 152
118 153
118 154
118 155
118 157
118 163
118 164
118 165
118 167
118 168
118 169
118 175
118 176
118 177
118 180
118 182
118 183
119 122
119 125
119 127
119 128
119 129
119 130
119 133
119 134
119 135
119 140
119 141
119 148
119 150
119 154
119 155
119 156
119 159
119 162
119 163
119 164
119 165
119 167
119 169
119 170
119 172
119 174
119 175
119 177
119 178
119 179
119 181
120 124
120 125
120 126
120 130
120 132
120 135
120 137
120 138
120 139
120 140
120 141
120 143
120 145
120 147
120 148
120 152
120 154
120 155
120 158
120 160
120 162
120 164
120 165
120 167
120 168
120 171
120 172
120 175
120 176
120 178
120 179
120 184
121 122
121 125
121 128
121 129
121 130
121 132
121 140
121 145
121 149
121 150
121 151
121 154
121 158
121 159
121 168
121 170
121 171
121 173
121 174
121 175
121 177
121 180
121 181
121 182
121 183
121 184
122 125
122 127
122 129
122 132
122 133
122 135
122 136
122 137
122 138
122 139
122 142
122 144
122 148
122 149
122 154
122 156
122 158
122 159
122 160
122 163
122 164
122 168
122 172
122 173
122 177
122 178
122 181
122 182
122 184
123 126
123 133
123 136
123 137
123 138
123 139
123 140
123 142
123 144
123 145
123 147
123 151
123 155
123 156
123 160
123 161
123 162
123 163
123 165
123 168
123 169
123 171
123 173
123 175
123 181
123 184
124 127
124 128
124 131
124 133
124 136
124 138
124 140
124 141
124 145
124 147
124 148
124 149
124 152
124 154
124 158
124 160
124 165
124 167
124 170
124 177
124 180
125 126
125 127
125 128
125 131
125 132
125 137
125 139
125 140
125 141
125 143
125 144
125 150
125 155
125 157
125 159
125 161
125 162
125 165
125 168
125 169
125 171
125 172
125 173
125 174
125 175
125 177
125 178
125 179
125 180
125 181
125 183
126 129
126 130
126 131
126 134
126 135
126 137
126 139
126 140
126 141
126 143
126 146
126 147
126 148
126 153
126 154
126 155
126 156
126 157
126 158
126 161
126 163
126 166
126 168
126 170
126 171
126 172
126 176
126 179
126 180
126 181
127 128
127 131
127 136
127 137
127 138
127 139
127 141
127 144
127 145
127 146
127 148
127 154
127 156
127 162
127 167
127 168
127 169
127 172
127 174
127 175
127 176
127 177
127 181
127 183
128 129
128 132
128 134
128 135
128 139
128 141
128 144
128 145
128 146
128 147
128 150
128 153
128 154
128 157
128 159
128 163
128 167
128 168
128 169
128 170
128 176
128 177
128 180
129 130
129 132
129 133
129 134
129 135
129 141
129 144
129 148
129 151
129 152
129 153
129 155
129 158
129 160
129 162
129 172
129 173
129 176
129 177
129 178
129 184
130 135
130 137
130 138
130 139
130 143
130 145
130 147
130 148
130 149
130 150
130 153
130 154
130 155
130 156
130 157
130 158
130 159
130 161
130 164
130 165
130 166
130 169
130 170
130 171
130 173
130 175
130 177
130 181
130 183
130 184
131 132
131 133
131 137
131 138
131 141
131 145
131 148
131 149
131 151
131 153
131 154
131 157
131 158
131 159
131 161
131 163
131 164
131 168
131 173
131 176
131 177
131 179
131 182
131 183
132 137
132 138
132 139
132 140
132 141
132 144
132 145
132 147
132 150
132 151
132 152
132 153
132 154
132 157
132 158
132 161
132 164
132 167
132 169
132 170
132 171
132 173
132 174
132 175
132 176
132 178
132 180
132 183
132 184
133 134
133 137
133 138
133 143
133 147
133 148
133 150
133 151
133 152
133 153
133 157
133 158
133 160
133 161
133 162
133 163
133 165
133 170
133 173
133 174
133 175
133 176
133 177
133 179
133 180
133 182
133 184
134 135
134 136
134 139
134 141
134 142
134 145
134 151
134 155
134 162
134 163
134 164
134 165
134 167
134 168
134 169
134 170
134 171
134 172
134 173
134 174
134 175
134 176
134 177
134 178
134 179
134 181
134 182
134 183
135 136
135 138
135 140
135 142
135 146
135 147
135 149
135 151
135 153
135 154
135 156
135 159
135 160
135 162
135 166
135 167
135 168
135 169
135 170
135 173
135 182
136 137
136 139
136 141
136 144
136 145
136 146
136 148
136 149
136 155
136 157
136 158
136 161
136 164
136 165
136 167
136 170
136 172
136 175
136 176
136 180
136 182
136 183
137 141
137 142
137 143
137 144
137 145
137 148
137 149
137 150
137 153
137 154
137 155
137 156
137 159
137 161
137 162
137 165
137 166
137 168
137 169
137 174
137 175
137 176
137 181
137 182
137 184
138 142
138 143
138 147
138 148
138 150
138 152
138 154
138 158
138 161
138 162
138 163
138 164
138 165
138 166
138 167
138 168
138 169
138 174
138 175
138 176
138 179
138 180
138 181
138 182
138 183
139 140
139 143
139 146
139 147
139 150
139 151
139 152
139 157
139 161
139 171
139 173
139 174
139 177
139 178
139 180
139 181
139 182
139 183
140 141
140 143
140 144
140 145
140 149
140 155
140 156
140 157
140 160
140 163
140 164
140 166
140 171
140 176
140 178
140 182
140 184
141 142
141 143
141 144
141 149
141 150
141 152
141 154
141 157
141 158
141 162
141 163
141 164
141 165
141 166
141 169
141 173
141 174
141 175
141 176
141 178
141 179
141 182
141 183
141 184
142 144
142 146
142 147
142 148
142 153
142 155
142 158
142 160
142 164
142 166
142 167
142 168
142 169
142 171
142 172
142 174
142 176
142 178
142 180
143 144
143 146
143 147
143 148
143 149
143 150
143 151
143 154
143 155
143 162
143 163
143 164
143 166
143 167
143 170
143 172
143 173
143 174
143 176
143 177
143 179
143 180
143 181
143 182
143 183
143 184
144 145
144 146
144 147
144 150
144 151
144 152
144 153
144 155
144 156
144 157
144 160
144 161
144 165
144 166
144 172
144 173
144 175
144 177
144 179
144 181
144 184
145 146
145 147
145 151
145 153
145 156
145 157
145 158
145 159
145 160
145 161
145 162
145 163
145 169
145 173
145 174
145 175
145 176
145 177
145 178
145 180
145 181
145 183
146 147
146 152
146 153
146 156
146 157
146 158
146 163
146 165
146 166
146 169
146 170
146 172
146 173
146 174
146 176
146 177
146 178
146 181
146 182
147 148
147 150
147 152
147 153
147 154
147 156
147 158
147 161
147 162
147 163
147 166
147 168
147 169
147 174
147 175
147 176
147 177
147 178
147 180
148 149
148 152
148 153
148 154
148 155
148 157
148 158
148 159
148 161
148 163
148 165
148 166
148 167
148 169
148 175
148 180
148 182
148 183
148 184
149 152
149 153
149 155
149 157
149 158
149 159
149 160
149 162
149 163
149 164
149 165
149 168
149 172
149 174
149 176
149 177
149 178
149 182
149 183
150 153
150 155
150 156
150 159
150 170
150 171
150 174
150 178
150 179
150 180
150 183
150 184
151 153
151 154
151 159
151 160
151 164
151 165
151 166
151 168
151 171
151 175
151 176
151 177
151 181
151 183
152 154
152 155
152 158
152 161
152 162
152 163
152 164
152 167
152 168
152 169
152 171
152 177
152 178
152 179
152 180
152 181
152 182
152 183
153 155
153 157
153 158
153 159
153 161
153 162
153 163
153 164
153 166
153 167
153 169
153 171
153 172
153 175
153 177
153 178
153 179
153 180
153 181
153 184
154 157
154 160
154 162
154 163
154 165
154 167
154 168
154 170
154 172
154 174
154 175
154 176
154 178
154 179
155 156
155 157
155 158
155 160
155 161
155 162
155 163
155 164
155 165
155 168
155 170
155 171
155 172
155 175
155 177
155 180
155 181
155 182
155 183
156 157
156 160
156 163
156 164
156 165
156 166
156 167
156 169
156 170
156 171
156 174
156 176
156 179
156 181
156 183
156 184
157 158
157 159
157 160
157 165
157 167
157 169
157 171
157 172
157 175
157 177
157 183
157 184
158 159
158 160
158 164
158 167
158 168
158 169
158 171
158 177
158 179
158 180
158 181
158 182
158 183
159 161
159 162
159 163
159 165
159 166
159 168
159 172
159 174
159 177
159 180
159 182
159 183
160 161
160 163
160 166
160 168
160 169
160 170
160 172
160 173
160 177
160 182
161 164
161 165
161 166
161 167
161 171
161 172
161 173
161 174
161 178
161 180
161 181
161 183
161 184
162 164
162 167
162 168
162 169
162 171
162 172
162 174
162 177
162 178
162 179
162 181
162 183
162 184
163 164
163 165
163 166
163 172
163 173
163 175
163 176
163 178
163 180
163 182
163 184
164 166
164 170
164 171
164 172
164 173
164 174
164 177
164 179
164 180
164 181
164 182
164 184
165 166
165 168
165 169
165 170
165 171
165 175
165 177
165 178
165 179
165 182
165 184
166 167
166 170
166 179
166 180
166 182
166 183
166 184
167 170
167 171
167 173
167 179
167 182
167 184
168 169
168 171
168 172
168 173
168 174
168 175
168 176
168 178
168 181
169 174
169 175
169 176
169 177
169 180
170 172
170 173
170 174
170 177
170 179
170 180
170 182
171 173
171 176
171 178
171 182
171 183
171 184
172 175
172 178
172 180
172 181
172 182
172 184
173 175
173 176
173 180
173 183
173 184
174 175
174 180
174 183
175 181
175 182
175 184
176 184
177 178
177 179
177 182
178 179
178 180
178 181
178 182
178 184
179 180
179 182
179 183
179 184
180 181
180 182
180 184
181 182
181 183
182 183
183 184
