175 5393
0 1
0 6
0 18
0 23
0 24
0 30
0 31
0 35
0 36
0 38
0 44
0 48
0 49
0 51
0 55
0 57
0 62
0 69
0 70
0 74
0 81
0 83
0 84
0 89
0 91
0 96
0 97
0 98
0 99
0 105
0 106
0 109
0 111
0 112
0 114
0 118
0 120
0 121
0 124
0 125
0 126
0 127
0 128
0 129
0 136
0 137
0 143
0 144
0 146
0 148
0 149
0 151
0 153
0 154
0 155
0 157
0 158
0 160
0 165
1 3
1 7
1 9
1 10
1 18
1 19
1 21
1 22
1 24
1 27
1 29
1 36
1 39
1 45
1 48
1 50
1 53
1 58
1 61
1 63
1 66
1 68
1 69
1 71
1 75
1 82
1 83
1 85
1 89
1 90
1 100
1 105
1 107
1 113
1 115
1 117
1 119
1 121
1 123
1 128
1 129
1 130
1 131
1 133
1 136
1 138
1 142
1 151
1 156
1 159
1 160
1 162
1 172
1 174
2 11
2 13
2 15
2 17
2 19
2 20
2 23
2 26
2 27
2 28
2 30
2 33
2 43
2 46
2 47
2 48
2 49
2 51
2 53
2 59
2 60
2 62
2 63
2 70
2 71
2 72
2 74
2 75
2 77
2 91
2 95
2 97
2 98
2 99
2 102
2 115
2 116
2 117
2 118
2 119
2 125
2 127
2 129
2 130
2 141
2 142
2 144
2 149
2 150
2 155
2 157
2 160
2 162
2 164
2 167
2 169
2 171
2 172
2 174
3 11
3 12
3 16
3 19
3 21
3 22
3 28
3 33
3 34
3 38
3 39
3 42
3 47
3 48
3 49
3 51
3 52
3 54
3 56
3 59
3 62
3 65
3 66
3 69
3 73
3 75
3 76
3 77
3 78
3 80
3 83
3 85
3 87
3 88
3 91
3 94
3 104
3 109
3 111
3 115
3 119
3 120
3 121
3 127
3 129
3 132
3 133
3 137
3 138
3 140
3 141
3 142
3 145
3 146
3 147
3 150
3 154
3 156
3 158
3 160
3 162
3 166
3 167
3 168
3 171
4 10
4 15
4 18
4 20
4 25
4 26
4 27
4 28
4 33
4 35
4 36
4 41
4 43
4 46
4 48
4 49
4 50
4 57
4 63
4 73
4 79
4 80
4 81
4 85
4 86
4 87
4 88
4 90
4 92
4 94
4 95
4 99
4 103
4 105
4 109
4 110
4 117
4 118
4 128
4 131
4 134
4 135
4 136
4 142
4 148
4 150
4 152
4 157
4 171
4 172
4 173
5 7
5 8
5 18
5 19
5 22
5 23
5 27
5 28
5 30
5 38
5 40
5 42
5 43
5 45
5 51
5 52
5 54
5 58
5 60
5 63
5 66
5 67
5 68
5 70
5 74
5 79
5 80
5 82
5 83
5 86
5 91
5 95
5 96
5 97
5 100
5 101
5 103
5 105
5 107
5 108
5 111
5 113
5 114
5 118
5 120
5 123
5 127
5 128
5 131
5 135
5 136
5 140
5 141
5 147
5 162
5 163
5 164
5 166
5 169
5 170
5 171
5 173
5 174
6 8
6 11
6 12
6 16
6 24
6 25
6 38
6 39
6 40
6 43
6 44
6 45
6 46
6 49
6 52
6 58
6 61
6 64
6 65
6 67
6 69
6 91
6 99
6 100
6 102
6 103
6 104
6 109
6 114
6 118
6 123
6 124
6 126
6 127
6 128
6 129
6 134
6 136
6 138
6 142
6 145
6 147
6 152
6 159
6 162
6 171
7 9
7 11
7 12
7 14
7 18
7 19
7 25
7 29
7 31
7 33
7 36
7 41
7 46
7 47
7 48
7 50
7 51
7 53
7 54
7 55
7 58
7 60
7 63
7 64
7 68
7 70
7 72
7 74
7 76
7 78
7 80
7 83
7 87
7 89
7 92
7 100
7 104
7 105
7 108
7 112
7 115
7 116
7 117
7 118
7 123
7 126
7 127
7 128
7 132
7 135
7 140
7 147
7 152
7 153
7 154
7 157
7 161
7 162
7 167
7 171
7 172
8 9
8 12
8 15
8 16
8 17
8 24
8 31
8 32
8 33
8 38
8 40
8 42
8 51
8 53
8 55
8 60
8 61
8 63
8 67
8 69
8 77
8 80
8 82
8 83
8 86
8 88
8 92
8 95
8 97
8 99
8 100
8 101
8 102
8 103
8 109
8 112
8 113
8 115
8 120
8 123
8 124
8 130
8 132
8 138
8 144
8 146
8 147
8 150
8 153
8 157
8 162
8 164
8 166
8 174
9 11
9 12
9 13
9 16
9 20
9 22
9 26
9 30
9 34
9 36
9 37
9 41
9 42
9 46
9 47
9 48
9 51
9 52
9 57
9 58
9 60
9 61
9 62
9 66
9 67
9 69
9 72
9 73
9 83
9 85
9 88
9 90
9 93
9 96
9 97
9 100
9 101
9 107
9 108
9 109
9 110
9 112
9 115
9 116
9 117
9 125
9 130
9 133
9 134
9 135
9 136
9 137
9 138
9 141
9 142
9 144
9 148
9 150
9 151
9 152
9 154
9 156
9 157
9 159
9 160
9 162
9 163
9 164
9 165
9 166
9 167
9 168
9 172
9 173
10 15
10 18
10 20
10 25
10 26
10 28
10 31
10 32
10 34
10 39
10 43
10 44
10 45
10 49
10 50
10 52
10 55
10 58
10 59
10 63
10 64
10 65
10 70
10 73
10 77
10 80
10 81
10 83
10 89
10 90
10 92
10 93
10 95
10 96
10 102
10 106
10 107
10 108
10 109
10 116
10 118
10 122
10 123
10 126
10 129
10 134
10 138
10 139
10 146
10 151
10 155
10 162
10 164
10 165
10 169
10 170
10 172
10 173
10 174
11 12
11 15
11 17
11 19
11 20
11 22
11 27
11 29
11 33
11 36
11 38
11 39
11 40
11 43
11 47
11 49
11 53
11 54
11 59
11 67
11 68
11 76
11 80
11 83
11 88
11 90
11 101
11 106
11 109
11 110
11 114
11 115
11 125
11 131
11 133
11 135
11 140
11 141
11 142
11 143
11 145
11 146
11 147
11 153
11 154
11 156
11 157
11 160
11 161
11 163
11 164
11 168
12 13
12 22
12 32
12 33
12 37
12 44
12 47
12 48
12 49
12 50
12 51
12 52
12 54
12 55
12 58
12 59
12 63
12 65
12 66
12 67
12 72
12 73
12 75
12 77
12 78
12 84
12 87
12 90
12 94
12 106
12 108
12 112
12 113
12 115
12 116
12 117
12 118
12 124
12 137
12 139
12 146
12 147
12 153
12 154
12 155
12 165
12 167
12 169
12 171
13 15
13 17
13 20
13 22
13 23
13 31
13 32
13 34
13 35
13 37
13 38
13 40
13 42
13 50
13 52
13 53
13 55
13 58
13 60
13 63
13 64
13 67
13 70
13 73
13 74
13 76
13 79
13 81
13 83
13 84
13 86
13 90
13 91
13 93
13 94
13 95
13 100
13 101
13 103
13 104
13 105
13 109
13 110
13 111
13 118
13 122
13 123
13 129
13 132
13 133
13 139
13 147
13 149
13 150
13 151
13 154
13 161
13 166
13 170
13 173
13 174
14 17
14 21
14 27
14 28
14 38
14 39
14 41
14 42
14 43
14 44
14 50
14 58
14 59
14 61
14 62
14 64
14 66
14 68
14 69
14 70
14 73
14 75
14 76
14 79
14 80
14 83
14 84
14 86
14 87
14 90
14 91
14 92
14 94
14 102
14 103
14 106
14 110
14 111
14 112
14 114
14 118
14 122
14 124
14 125
14 127
14 129
14 131
14 133
14 134
14 139
14 140
14 143
14 146
14 147
14 148
14 149
14 151
14 154
14 155
14 164
14 168
14 169
14 174
15 16
15 22
15 23
15 30
15 31
15 34
15 42
15 44
15 45
15 47
15 55
15 56
15 57
15 58
15 59
15 60
15 62
15 68
15 70
15 71
15 73
15 77
15 79
15 81
15 85
15 88
15 89
15 91
15 94
15 98
15 100
15 102
15 109
15 110
15 111
15 116
15 129
15 132
15 138
15 139
15 142
15 143
15 150
15 151
15 153
15 160
15 168
15 169
15 170
15 172
16 18
16 21
16 22
16 23
16 24
16 25
16 27
16 29
16 31
16 33
16 34
16 41
16 42
16 43
16 58
16 60
16 61
16 63
16 69
16 71
16 74
16 75
16 76
16 81
16 83
16 84
16 85
16 87
16 89
16 90
16 95
16 97
16 105
16 106
16 109
16 110
16 113
16 114
16 115
16 116
16 120
16 130
16 133
16 137
16 140
16 146
16 147
16 151
16 153
16 160
16 163
16 164
16 167
16 169
16 170
16 171
16 174
17 18
17 21
17 24
17 35
17 37
17 38
17 44
17 45
17 49
17 51
17 52
17 53
17 55
17 62
17 63
17 73
17 75
17 77
17 78
17 79
17 80
17 83
17 85
17 89
17 93
17 104
17 109
17 113
17 117
17 123
17 128
17 130
17 132
17 133
17 134
17 135
17 138
17 139
17 141
17 142
17 143
17 144
17 152
17 154
17 158
17 164
17 165
17 169
17 171
17 172
17 174
18 22
18 23
18 24
18 27
18 37
18 40
18 42
18 43
18 44
18 45
18 46
18 52
18 55
18 58
18 61
18 62
18 66
18 69
18 71
18 72
18 74
18 76
18 80
18 82
18 83
18 90
18 93
18 95
18 96
18 98
18 99
18 100
18 102
18 106
18 109
18 111
18 112
18 113
18 116
18 121
18 136
18 137
18 138
18 142
18 145
18 151
18 155
18 159
18 160
18 161
18 164
18 166
18 172
18 173
19 28
19 31
19 37
19 40
19 41
19 42
19 43
19 47
19 53
19 56
19 58
19 60
19 63
19 66
19 67
19 68
19 69
19 74
19 79
19 82
19 84
19 88
19 90
19 91
19 92
19 93
19 98
19 101
19 104
19 106
19 109
19 110
19 111
19 113
19 114
19 116
19 117
19 118
19 123
19 125
19 126
19 127
19 128
19 132
19 134
19 135
19 138
19 140
19 141
19 145
19 148
19 149
19 152
19 156
19 158
19 159
19 160
19 161
19 162
19 168
19 172
19 173
20 29
20 30
20 32
20 36
20 40
20 41
20 43
20 44
20 45
20 46
20 52
20 64
20 66
20 77
20 78
20 84
20 86
20 88
20 92
20 93
20 94
20 95
20 98
20 100
20 101
20 105
20 107
20 108
20 112
20 117
20 121
20 123
20 124
20 129
20 130
20 134
20 136
20 139
20 140
20 141
20 142
20 144
20 147
20 150
20 152
20 153
20 154
20 156
20 160
20 162
20 165
20 167
20 168
20 171
20 172
21 23
21 25
21 28
21 29
21 35
21 37
21 43
21 45
21 46
21 49
21 51
21 52
21 53
21 59
21 60
21 63
21 64
21 66
21 67
21 71
21 74
21 76
21 79
21 83
21 86
21 87
21 88
21 90
21 93
21 96
21 105
21 107
21 110
21 115
21 118
21 119
21 120
21 122
21 123
21 124
21 126
21 130
21 133
21 140
21 141
21 143
21 144
21 150
21 152
21 153
21 156
21 157
21 159
21 166
21 170
21 171
21 173
22 23
22 26
22 28
22 29
22 30
22 33
22 34
22 41
22 43
22 44
22 47
22 48
22 53
22 55
22 57
22 60
22 63
22 64
22 68
22 72
22 75
22 77
22 78
22 81
22 83
22 85
22 87
22 92
22 93
22 94
22 95
22 96
22 100
22 104
22 106
22 107
22 108
22 110
22 112
22 115
22 116
22 117
22 118
22 121
22 122
22 123
22 128
22 129
22 133
22 137
22 139
22 144
22 150
22 160
22 161
22 162
22 163
22 164
22 165
22 167
22 169
22 172
22 173
23 25
23 26
23 28
23 30
23 33
23 34
23 38
23 43
23 46
23 49
23 50
23 56
23 57
23 58
23 61
23 62
23 68
23 69
23 70
23 72
23 73
23 76
23 78
23 84
23 85
23 90
23 94
23 95
23 103
23 106
23 108
23 109
23 111
23 116
23 117
23 118
23 123
23 124
23 127
23 130
23 134
23 138
23 145
23 146
23 148
23 157
23 158
23 160
23 161
23 162
23 164
23 167
23 173
24 28
24 29
24 30
24 31
24 32
24 34
24 38
24 40
24 41
24 42
24 45
24 49
24 54
24 55
24 56
24 62
24 64
24 65
24 66
24 67
24 71
24 72
24 76
24 81
24 82
24 83
24 87
24 89
24 94
24 102
24 103
24 104
24 105
24 108
24 110
24 113
24 114
24 116
24 121
24 122
24 124
24 126
24 127
24 130
24 134
24 136
24 141
24 143
24 146
24 147
24 148
24 149
24 150
24 152
24 153
24 155
24 156
24 160
24 162
24 168
24 169
24 171
24 173
25 28
25 29
25 30
25 33
25 35
25 36
25 38
25 39
25 40
25 43
25 44
25 45
25 46
25 47
25 54
25 55
25 56
25 57
25 59
25 61
25 62
25 63
25 64
25 66
25 70
25 71
25 76
25 79
25 80
25 81
25 82
25 84
25 86
25 90
25 92
25 93
25 97
25 103
25 105
25 107
25 109
25 116
25 117
25 118
25 121
25 124
25 127
25 129
25 132
25 137
25 138
25 142
25 148
25 150
25 152
25 166
25 167
25 169
26 29
26 34
26 35
26 36
26 37
26 38
26 41
26 52
26 55
26 58
26 59
26 60
26 62
26 63
26 64
26 67
26 68
26 71
26 72
26 78
26 83
26 86
26 97
26 98
26 99
26 100
26 102
26 103
26 111
26 112
26 116
26 128
26 131
26 134
26 137
26 140
26 143
26 144
26 147
26 148
26 149
26 158
26 159
26 160
26 162
26 167
26 168
26 169
26 170
26 172
27 30
27 40
27 42
27 47
27 48
27 52
27 66
27 68
27 73
27 76
27 86
27 87
27 89
27 91
27 96
27 98
27 99
27 100
27 102
27 103
27 104
27 107
27 108
27 121
27 122
27 125
27 130
27 132
27 133
27 137
27 138
27 139
27 144
27 149
27 151
27 153
27 154
27 155
27 158
27 160
27 164
27 165
27 166
27 169
27 170
27 173
27 174
28 29
28 31
28 32
28 38
28 39
28 43
28 44
28 51
28 52
28 55
28 57
28 66
28 69
28 70
28 79
28 83
28 88
28 92
28 96
28 97
28 98
28 99
28 102
28 103
28 104
28 109
28 110
28 112
28 113
28 115
28 131
28 132
28 133
28 134
28 135
28 136
28 141
28 144
28 146
28 149
28 150
28 152
28 155
28 158
28 162
28 165
28 167
28 170
29 30
29 31
29 38
29 40
29 42
29 48
29 50
29 51
29 53
29 54
29 55
29 56
29 57
29 59
29 61
29 62
29 63
29 70
29 80
29 86
29 87
29 91
29 92
29 93
29 95
29 96
29 99
29 100
29 101
29 102
29 103
29 109
29 118
29 126
29 128
29 132
29 137
29 139
29 143
29 145
29 146
29 147
29 149
29 150
29 151
29 152
29 153
29 155
29 158
29 161
29 170
30 33
30 36
30 39
30 40
30 41
30 43
30 44
30 48
30 49
30 50
30 53
30 54
30 56
30 61
30 66
30 68
30 69
30 71
30 74
30 78
30 79
30 80
30 83
30 86
30 88
30 91
30 94
30 96
30 98
30 105
30 107
30 108
30 111
30 112
30 113
30 114
30 115
30 116
30 118
30 119
30 120
30 128
30 129
30 134
30 136
30 140
30 143
30 147
30 149
30 150
30 152
30 153
30 154
30 159
30 161
30 162
30 167
31 32
31 34
31 35
31 37
31 38
31 43
31 44
31 46
31 47
31 52
31 62
31 63
31 67
31 69
31 79
31 85
31 88
31 94
31 96
31 97
31 99
31 101
31 102
31 104
31 108
31 114
31 117
31 118
31 119
31 121
31 129
31 131
31 134
31 136
31 146
31 154
31 157
31 158
31 160
31 162
31 163
31 168
31 170
32 35
32 36
32 38
32 39
32 46
32 47
32 49
32 53
32 54
32 57
32 60
32 63
32 66
32 67
32 70
32 71
32 75
32 85
32 86
32 87
32 89
32 90
32 92
32 93
32 95
32 102
32 109
32 110
32 111
32 113
32 114
32 122
32 125
32 127
32 129
32 138
32 139
32 142
32 147
32 150
32 167
32 168
32 170
33 35
33 38
33 43
33 50
33 52
33 53
33 54
33 57
33 58
33 63
33 65
33 71
33 75
33 85
33 89
33 95
33 97
33 98
33 102
33 105
33 106
33 117
33 124
33 125
33 126
33 128
33 129
33 130
33 132
33 135
33 141
33 142
33 148
33 149
33 150
33 155
33 158
33 162
33 164
33 168
33 172
34 35
34 36
34 42
34 47
34 49
34 59
34 60
34 64
34 65
34 68
34 72
34 74
34 75
34 81
34 82
34 83
34 84
34 85
34 87
34 88
34 90
34 101
34 104
34 110
34 111
34 113
34 117
34 118
34 119
34 121
34 123
34 125
34 126
34 129
34 133
34 134
34 137
34 138
34 150
34 151
34 158
34 159
34 160
34 161
34 170
34 172
34 174
35 37
35 41
35 42
35 45
35 48
35 51
35 53
35 57
35 58
35 60
35 61
35 63
35 66
35 68
35 69
35 76
35 80
35 82
35 87
35 88
35 93
35 95
35 98
35 99
35 100
35 101
35 106
35 107
35 108
35 110
35 112
35 116
35 117
35 119
35 120
35 125
35 126
35 127
35 132
35 133
35 141
35 143
35 151
35 160
35 165
35 167
35 169
35 170
35 171
35 173
35 174
36 48
36 49
36 52
36 54
36 56
36 57
36 58
36 62
36 65
36 71
36 72
36 74
36 86
36 87
36 91
36 93
36 95
36 98
36 103
36 106
36 108
36 110
36 117
36 119
36 120
36 122
36 124
36 125
36 127
36 128
36 132
36 133
36 134
36 140
36 145
36 147
36 154
36 155
36 156
36 158
36 163
36 167
36 168
37 38
37 42
37 43
37 45
37 54
37 57
37 58
37 60
37 61
37 64
37 66
37 67
37 71
37 73
37 77
37 78
37 79
37 80
37 83
37 85
37 86
37 96
37 97
37 98
37 104
37 106
37 110
37 117
37 119
37 122
37 123
37 124
37 127
37 128
37 129
37 136
37 140
37 141
37 142
37 144
37 146
37 148
37 156
37 159
37 160
37 161
37 162
37 164
37 169
37 171
38 40
38 41
38 44
38 45
38 47
38 50
38 53
38 56
38 57
38 59
38 60
38 64
38 66
38 74
38 75
38 77
38 80
38 81
38 84
38 87
38 89
38 90
38 94
38 95
38 97
38 99
38 100
38 105
38 108
38 114
38 118
38 119
38 121
38 124
38 126
38 127
38 141
38 143
38 144
38 146
38 147
38 150
38 157
38 169
38 174
39 44
39 47
39 48
39 51
39 53
39 54
39 56
39 60
39 62
39 63
39 65
39 66
39 68
39 69
39 71
39 73
39 75
39 79
39 81
39 83
39 85
39 94
39 99
39 101
39 106
39 107
39 113
39 114
39 115
39 123
39 130
39 132
39 137
39 139
39 144
39 145
39 147
39 148
39 152
39 161
39 163
39 165
39 167
39 170
39 173
40 43
40 44
40 48
40 50
40 52
40 56
40 58
40 64
40 69
40 74
40 76
40 80
40 81
40 85
40 87
40 91
40 94
40 96
40 97
40 100
40 102
40 104
40 110
40 112
40 115
40 118
40 120
40 126
40 127
40 129
40 130
40 132
40 135
40 139
40 141
40 147
40 149
40 150
40 152
40 156
40 157
40 162
40 165
40 167
40 168
40 173
40 174
41 52
41 57
41 58
41 59
41 63
41 64
41 65
41 66
41 67
41 71
41 72
41 73
41 76
41 77
41 79
41 82
41 87
41 88
41 90
41 94
41 97
41 98
41 99
41 105
41 107
41 108
41 111
41 114
41 116
41 118
41 122
41 123
41 125
41 126
41 127
41 131
41 137
41 145
41 146
41 148
41 149
41 151
41 158
41 163
41 165
41 171
41 172
42 44
42 47
42 48
42 50
42 53
42 54
42 58
42 61
42 62
42 63
42 64
42 68
42 69
42 71
42 72
42 79
42 80
42 82
42 84
42 86
42 89
42 90
42 91
42 93
42 94
42 96
42 104
42 106
42 112
42 114
42 117
42 119
42 120
42 123
42 126
42 131
42 135
42 137
42 139
42 151
42 154
42 155
42 156
42 157
42 159
42 163
42 171
42 174
43 44
43 45
43 47
43 55
43 57
43 60
43 63
43 64
43 67
43 72
43 73
43 75
43 78
43 85
43 88
43 90
43 95
43 101
43 104
43 105
43 106
43 109
43 110
43 112
43 115
43 116
43 117
43 118
43 127
43 134
43 139
43 145
43 147
43 153
43 159
43 160
43 162
43 163
43 164
43 166
43 170
44 46
44 49
44 51
44 53
44 56
44 70
44 74
44 75
44 76
44 79
44 81
44 92
44 94
44 97
44 101
44 102
44 105
44 109
44 111
44 114
44 115
44 118
44 123
44 126
44 128
44 137
44 138
44 140
44 142
44 144
44 146
44 147
44 149
44 150
44 157
44 160
44 162
44 163
44 164
44 165
44 166
44 170
44 172
45 46
45 48
45 53
45 54
45 60
45 62
45 63
45 66
45 67
45 75
45 77
45 80
45 82
45 84
45 87
45 88
45 93
45 98
45 101
45 102
45 103
45 105
45 111
45 115
45 116
45 117
45 120
45 123
45 127
45 128
45 131
45 135
45 137
45 139
45 141
45 146
45 149
45 151
45 153
45 154
45 156
45 157
45 161
45 162
45 167
45 170
45 172
46 50
46 61
46 63
46 65
46 66
46 67
46 68
46 71
46 74
46 80
46 84
46 85
46 89
46 92
46 103
46 104
46 105
46 107
46 109
46 111
46 116
46 117
46 118
46 120
46 121
46 123
46 124
46 125
46 131
46 133
46 135
46 145
46 151
46 153
46 155
46 156
46 157
46 160
46 161
46 162
46 168
46 170
47 48
47 49
47 56
47 57
47 58
47 61
47 62
47 63
47 66
47 67
47 73
47 77
47 80
47 82
47 87
47 88
47 94
47 96
47 101
47 102
47 106
47 108
47 110
47 112
47 116
47 119
47 121
47 128
47 132
47 136
47 137
47 142
47 144
47 147
47 148
47 149
47 153
47 163
47 165
47 166
47 173
47 174
48 49
48 61
48 68
48 71
48 77
48 79
48 83
48 95
48 96
48 99
48 102
48 104
48 113
48 114
48 115
48 117
48 118
48 122
48 128
48 129
48 132
48 134
48 135
48 136
48 138
48 139
48 140
48 141
48 142
48 150
48 153
48 155
48 157
48 160
48 161
48 163
48 166
48 167
48 170
48 173
49 51
49 54
49 56
49 62
49 64
49 70
49 71
49 75
49 77
49 86
49 92
49 104
49 107
49 108
49 110
49 117
49 119
49 122
49 129
49 131
49 134
49 135
49 138
49 140
49 141
49 144
49 145
49 147
49 148
49 150
49 151
49 152
49 153
49 155
49 159
49 161
49 165
49 166
49 173
50 51
50 55
50 57
50 58
50 59
50 62
50 63
50 66
50 71
50 73
50 77
50 80
50 84
50 86
50 87
50 88
50 91
50 98
50 101
50 107
50 109
50 115
50 116
50 120
50 121
50 123
50 127
50 129
50 134
50 135
50 136
50 139
50 144
50 147
50 149
50 151
50 152
50 154
50 165
50 166
50 167
50 168
50 172
50 173
51 55
51 58
51 59
51 60
51 63
51 65
51 66
51 67
51 68
51 76
51 78
51 79
51 82
51 83
51 88
51 90
51 99
51 101
51 104
51 105
51 110
51 111
51 114
51 117
51 118
51 124
51 125
51 129
51 130
51 132
51 133
51 134
51 139
51 140
51 142
51 145
51 146
51 148
51 150
51 151
51 154
51 155
51 156
51 157
51 159
51 162
51 166
51 167
51 169
51 172
51 174
52 53
52 58
52 59
52 62
52 65
52 70
52 72
52 73
52 74
52 77
52 79
52 82
52 85
52 89
52 92
52 94
52 97
52 103
52 105
52 107
52 110
52 112
52 114
52 115
52 116
52 118
52 120
52 123
52 126
52 129
52 131
52 137
52 141
52 144
52 146
52 150
52 154
52 155
52 157
52 159
52 161
52 162
52 166
52 168
52 171
52 173
53 55
53 56
53 64
53 65
53 67
53 70
53 72
53 73
53 75
53 80
53 86
53 87
53 89
53 95
53 96
53 97
53 100
53 104
53 106
53 108
53 111
53 112
53 118
53 120
53 121
53 124
53 131
53 134
53 139
53 140
53 141
53 144
53 148
53 150
53 154
53 155
53 156
53 158
53 168
53 171
53 174
54 56
54 60
54 61
54 63
54 64
54 69
54 70
54 71
54 77
54 78
54 81
54 82
54 84
54 91
54 93
54 94
54 96
54 99
54 100
54 105
54 106
54 107
54 116
54 118
54 124
54 125
54 128
54 129
54 130
54 132
54 133
54 135
54 137
54 142
54 144
54 148
54 152
54 153
54 155
54 157
54 158
54 163
54 164
54 166
54 168
54 169
54 173
54 174
55 60
55 62
55 64
55 65
55 66
55 67
55 68
55 71
55 74
55 79
55 84
55 85
55 86
55 87
55 88
55 89
55 91
55 94
55 96
55 97
55 98
55 103
55 104
55 106
55 108
55 109
55 111
55 112
55 113
55 114
55 119
55 120
55 124
55 125
55 126
55 128
55 133
55 136
55 139
55 140
55 141
55 145
55 146
55 150
55 152
55 155
55 156
55 159
55 162
55 169
55 172
55 174
56 59
56 63
56 64
56 66
56 68
56 69
56 73
56 76
56 78
56 79
56 82
56 87
56 89
56 90
56 94
56 98
56 99
56 101
56 103
56 106
56 107
56 109
56 110
56 111
56 112
56 115
56 117
56 118
56 119
56 121
56 122
56 123
56 125
56 127
56 129
56 131
56 132
56 133
56 134
56 135
56 143
56 147
56 148
56 149
56 150
56 154
56 157
56 160
56 161
56 162
56 167
56 168
56 169
56 173
57 64
57 67
57 70
57 80
57 81
57 82
57 84
57 87
57 88
57 94
57 101
57 102
57 103
57 105
57 106
57 108
57 110
57 116
57 118
57 120
57 124
57 127
57 129
57 131
57 132
57 134
57 137
57 139
57 140
57 141
57 143
57 145
57 146
57 150
57 152
57 154
57 160
57 163
57 165
57 167
57 169
57 172
57 174
58 60
58 62
58 66
58 72
58 78
58 79
58 82
58 85
58 96
58 98
58 99
58 100
58 102
58 104
58 105
58 107
58 121
58 122
58 123
58 124
58 125
58 132
58 133
58 134
58 135
58 136
58 143
58 145
58 147
58 148
58 158
58 161
58 166
58 169
58 171
58 172
59 60
59 61
59 62
59 63
59 64
59 67
59 71
59 72
59 74
59 77
59 80
59 84
59 86
59 88
59 89
59 90
59 91
59 92
59 96
59 97
59 102
59 103
59 110
59 112
59 114
59 115
59 118
59 119
59 121
59 124
59 125
59 126
59 127
59 130
59 134
59 135
59 142
59 143
59 144
59 147
59 151
59 152
59 153
59 155
59 158
59 160
59 161
59 162
59 163
59 165
59 167
59 168
59 169
59 170
59 172
59 173
60 61
60 64
60 67
60 71
60 72
60 76
60 77
60 85
60 88
60 89
60 95
60 97
60 100
60 103
60 104
60 108
60 109
60 115
60 116
60 117
60 118
60 120
60 121
60 122
60 125
60 126
60 127
60 128
60 130
60 131
60 139
60 140
60 141
60 145
60 146
60 147
60 149
60 154
60 157
60 160
60 164
60 168
61 64
61 65
61 69
61 77
61 79
61 82
61 86
61 88
61 89
61 90
61 92
61 96
61 98
61 100
61 105
61 108
61 110
61 113
61 117
61 120
61 125
61 126
61 127
61 132
61 133
61 134
61 138
61 149
61 152
61 161
61 162
61 169
61 171
61 172
62 64
62 65
62 69
62 70
62 73
62 75
62 83
62 85
62 86
62 87
62 93
62 94
62 98
62 100
62 103
62 114
62 116
62 117
62 118
62 119
62 120
62 124
62 128
62 129
62 131
62 134
62 137
62 139
62 145
62 150
62 151
62 156
62 160
62 161
62 163
62 169
62 172
62 174
63 67
63 71
63 79
63 86
63 87
63 97
63 98
63 103
63 107
63 112
63 113
63 114
63 115
63 124
63 125
63 128
63 139
63 142
63 146
63 151
63 153
63 154
63 155
63 156
63 158
63 161
63 164
63 166
63 168
63 174
64 65
64 72
64 73
64 76
64 84
64 86
64 87
64 91
64 95
64 96
64 100
64 101
64 109
64 110
64 111
64 115
64 116
64 123
64 124
64 130
64 131
64 140
64 141
64 144
64 151
64 153
64 154
64 156
64 159
64 168
64 169
64 170
64 173
65 66
65 72
65 73
65 74
65 75
65 78
65 79
65 80
65 81
65 82
65 83
65 87
65 90
65 91
65 94
65 101
65 104
65 107
65 110
65 113
65 114
65 115
65 120
65 123
65 125
65 127
65 128
65 129
65 134
65 135
65 137
65 139
65 140
65 141
65 142
65 143
65 145
65 147
65 150
65 154
65 157
65 163
65 164
65 165
65 167
65 170
65 174
66 68
66 70
66 76
66 80
66 81
66 82
66 83
66 84
66 91
66 97
66 98
66 99
66 101
66 102
66 104
66 108
66 111
66 112
66 113
66 115
66 117
66 119
66 122
66 123
66 124
66 126
66 135
66 137
66 145
66 146
66 154
66 155
66 158
66 160
66 164
66 165
66 169
66 170
66 173
67 72
67 74
67 77
67 79
67 80
67 83
67 85
67 90
67 93
67 95
67 97
67 100
67 101
67 102
67 103
67 105
67 106
67 110
67 114
67 116
67 122
67 126
67 128
67 130
67 133
67 135
67 138
67 144
67 145
67 147
67 153
67 157
67 159
67 165
67 166
67 167
67 170
67 171
67 172
67 173
67 174
68 73
68 74
68 77
68 78
68 79
68 80
68 86
68 91
68 93
68 103
68 106
68 107
68 109
68 110
68 111
68 112
68 113
68 114
68 116
68 122
68 125
68 126
68 128
68 129
68 130
68 131
68 133
68 139
68 141
68 143
68 144
68 147
68 150
68 152
68 154
68 156
68 165
68 168
68 169
68 170
68 171
69 70
69 73
69 78
69 80
69 81
69 86
69 96
69 98
69 100
69 103
69 106
69 108
69 109
69 110
69 120
69 125
69 126
69 127
69 129
69 130
69 131
69 132
69 137
69 138
69 139
69 141
69 147
69 148
69 149
69 150
69 151
69 161
69 165
69 166
69 169
69 171
69 172
70 73
70 76
70 78
70 79
70 80
70 81
70 83
70 95
70 98
70 101
70 103
70 104
70 106
70 107
70 108
70 110
70 115
70 116
70 122
70 125
70 128
70 131
70 132
70 134
70 137
70 153
70 156
70 158
70 159
70 166
70 167
70 168
70 174
71 75
71 77
71 78
71 80
71 82
71 86
71 89
71 96
71 98
71 99
71 102
71 104
71 107
71 112
71 113
71 116
71 117
71 119
71 122
71 127
71 129
71 130
71 134
71 145
71 148
71 152
71 157
71 158
71 159
71 160
71 164
71 165
71 168
71 170
72 74
72 77
72 80
72 81
72 85
72 87
72 90
72 95
72 98
72 99
72 101
72 102
72 104
72 107
72 111
72 113
72 116
72 118
72 126
72 129
72 133
72 137
72 138
72 140
72 142
72 148
72 149
72 154
72 155
72 166
72 167
72 168
72 171
73 75
73 77
73 78
73 81
73 82
73 86
73 87
73 90
73 92
73 97
73 98
73 99
73 104
73 106
73 108
73 113
73 119
73 121
73 124
73 125
73 126
73 140
73 141
73 142
73 143
73 145
73 147
73 148
73 159
73 160
73 161
73 162
73 171
73 173
74 79
74 81
74 83
74 88
74 89
74 90
74 92
74 93
74 94
74 96
74 100
74 105
74 111
74 114
74 118
74 120
74 132
74 134
74 135
74 136
74 137
74 138
74 142
74 143
74 144
74 147
74 150
74 151
74 152
74 160
74 166
74 169
74 170
74 172
74 174
75 78
75 83
75 92
75 93
75 94
75 95
75 96
75 104
75 105
75 112
75 113
75 115
75 117
75 127
75 128
75 130
75 131
75 134
75 135
75 137
75 138
75 141
75 144
75 148
75 150
75 151
75 152
75 153
75 154
75 157
75 159
75 162
75 163
75 166
75 172
76 80
76 81
76 87
76 88
76 94
76 96
76 99
76 100
76 102
76 103
76 106
76 108
76 113
76 117
76 118
76 121
76 131
76 136
76 137
76 140
76 145
76 147
76 148
76 149
76 150
76 153
76 159
76 162
76 165
76 166
76 168
76 172
77 80
77 81
77 84
77 85
77 86
77 88
77 93
77 96
77 98
77 105
77 106
77 107
77 113
77 116
77 119
77 125
77 127
77 129
77 130
77 132
77 133
77 139
77 144
77 146
77 148
77 154
77 159
77 160
77 163
77 164
78 79
78 81
78 89
78 90
78 91
78 98
78 105
78 106
78 112
78 115
78 116
78 119
78 122
78 127
78 131
78 134
78 138
78 139
78 140
78 142
78 146
78 148
78 150
78 151
78 155
78 160
78 162
78 163
78 164
78 165
78 171
78 173
79 85
79 87
79 88
79 90
79 92
79 93
79 94
79 97
79 99
79 100
79 102
79 103
79 106
79 107
79 111
79 113
79 115
79 119
79 132
79 133
79 143
79 144
79 145
79 146
79 152
79 159
79 164
79 167
79 168
79 171
79 173
79 174
80 81
80 82
80 90
80 93
80 95
80 98
80 100
80 101
80 103
80 104
80 108
80 111
80 113
80 114
80 117
80 118
80 120
80 125
80 126
80 130
80 131
80 132
80 138
80 141
80 142
80 144
80 145
80 146
80 147
80 148
80 151
80 153
80 159
80 162
80 164
80 166
80 167
80 168
80 169
80 170
81 85
81 87
81 91
81 92
81 93
81 102
81 108
81 110
81 112
81 113
81 117
81 118
81 123
81 129
81 130
81 131
81 134
81 137
81 138
81 139
81 142
81 148
81 151
81 155
81 156
81 159
81 160
81 162
81 163
81 167
81 169
81 173
81 174
82 83
82 85
82 86
82 94
82 95
82 104
82 108
82 117
82 118
82 121
82 124
82 135
82 140
82 141
82 148
82 151
82 152
82 153
82 156
82 157
82 161
82 163
82 165
82 166
82 167
82 170
82 172
83 86
83 87
83 91
83 92
83 96
83 99
83 104
83 106
83 110
83 111
83 112
83 113
83 115
83 121
83 122
83 125
83 130
83 133
83 135
83 136
83 137
83 139
83 143
83 149
83 150
83 152
83 170
83 171
83 172
83 173
83 174
84 85
84 86
84 87
84 94
84 99
84 101
84 102
84 105
84 111
84 112
84 114
84 115
84 119
84 123
84 124
84 125
84 129
84 130
84 132
84 139
84 142
84 143
84 144
84 146
84 147
84 150
84 151
84 157
84 160
84 162
84 165
84 168
84 172
84 174
85 88
85 89
85 92
85 94
85 99
85 101
85 103
85 108
85 109
85 115
85 123
85 124
85 126
85 128
85 132
85 135
85 145
85 146
85 151
85 153
85 156
85 157
85 159
85 160
85 163
85 165
85 166
85 167
85 169
85 170
86 87
86 90
86 92
86 94
86 96
86 99
86 101
86 105
86 108
86 114
86 123
86 124
86 129
86 130
86 133
86 135
86 136
86 137
86 145
86 146
86 147
86 149
86 154
86 159
86 163
86 165
86 172
86 174
87 88
87 89
87 92
87 93
87 95
87 96
87 97
87 101
87 105
87 106
87 108
87 110
87 111
87 118
87 119
87 122
87 123
87 124
87 125
87 127
87 128
87 129
87 134
87 136
87 139
87 145
87 146
87 147
87 149
87 152
87 156
87 157
87 160
87 162
87 164
87 165
87 168
87 170
88 89
88 90
88 93
88 96
88 97
88 99
88 103
88 105
88 106
88 112
88 113
88 117
88 119
88 125
88 127
88 131
88 134
88 139
88 142
88 143
88 148
88 154
88 159
88 160
88 162
88 166
88 167
88 170
89 92
89 94
89 96
89 97
89 101
89 108
89 112
89 116
89 121
89 123
89 126
89 127
89 130
89 131
89 135
89 137
89 138
89 141
89 143
89 145
89 151
89 152
89 157
89 162
89 164
89 166
89 168
89 170
90 94
90 96
90 97
90 104
90 108
90 116
90 117
90 120
90 123
90 124
90 125
90 126
90 127
90 130
90 131
90 133
90 135
90 139
90 142
90 144
90 145
90 146
90 151
90 152
90 153
90 154
90 157
90 159
90 160
90 165
90 166
90 168
90 170
90 172
90 173
90 174
91 93
91 102
91 104
91 105
91 106
91 112
91 113
91 117
91 124
91 129
91 131
91 132
91 135
91 136
91 137
91 138
91 140
91 142
91 144
91 145
91 146
91 147
91 150
91 151
91 152
91 157
91 158
91 160
91 162
91 163
91 164
91 165
91 167
91 170
91 172
91 174
92 93
92 96
92 97
92 102
92 103
92 105
92 106
92 109
92 110
92 111
92 113
92 114
92 116
92 119
92 121
92 122
92 129
92 140
92 155
92 157
92 158
92 165
92 167
92 170
92 171
92 173
93 95
93 96
93 97
93 98
93 103
93 104
93 106
93 109
93 112
93 118
93 121
93 123
93 125
93 126
93 127
93 130
93 131
93 134
93 136
93 137
93 142
93 143
93 144
93 145
93 146
93 148
93 153
93 157
93 162
93 163
93 166
93 169
93 170
93 171
93 173
93 174
94 95
94 96
94 97
94 103
94 106
94 108
94 112
94 122
94 123
94 127
94 131
94 132
94 133
94 140
94 141
94 143
94 144
94 146
94 151
94 155
94 156
94 157
94 158
94 163
94 168
94 169
94 170
94 171
94 173
94 174
95 98
95 100
95 102
95 109
95 110
95 111
95 112
95 114
95 117
95 118
95 119
95 120
95 122
95 125
95 128
95 139
95 140
95 143
95 144
95 149
95 150
95 152
95 155
95 157
95 158
95 159
95 161
95 163
95 164
95 166
95 167
95 168
95 173
95 174
96 98
96 100
96 102
96 103
96 104
96 107
96 109
96 110
96 120
96 122
96 123
96 124
96 125
96 129
96 131
96 135
96 137
96 138
96 142
96 144
96 145
96 148
96 156
96 159
96 163
96 165
96 166
96 167
96 169
96 170
96 171
96 173
97 99
97 103
97 106
97 108
97 109
97 110
97 114
97 116
97 118
97 121
97 123
97 124
97 125
97 126
97 129
97 130
97 134
97 135
97 136
97 140
97 141
97 142
97 144
97 146
97 148
97 151
97 152
97 153
97 155
97 156
97 157
97 158
97 162
97 164
97 165
97 170
98 99
98 101
98 102
98 104
98 107
98 110
98 112
98 113
98 121
98 123
98 128
98 129
98 135
98 137
98 139
98 140
98 142
98 145
98 146
98 148
98 151
98 152
98 154
98 157
98 158
98 162
98 165
98 170
98 172
98 174
99 100
99 105
99 108
99 109
99 111
99 116
99 122
99 123
99 129
99 131
99 134
99 135
99 139
99 141
99 144
99 148
99 149
99 152
99 153
99 154
99 155
99 156
99 157
99 161
99 167
99 170
99 173
100 104
100 110
100 111
100 115
100 116
100 117
100 118
100 119
100 120
100 122
100 124
100 126
100 127
100 128
100 130
100 131
100 132
100 133
100 134
100 135
100 136
100 137
100 138
100 139
100 144
100 146
100 148
100 149
100 150
100 151
100 152
100 158
100 160
100 174
101 102
101 106
101 110
101 112
101 116
101 117
101 118
101 120
101 122
101 123
101 131
101 136
101 137
101 138
101 139
101 142
101 144
101 148
101 152
101 153
101 158
101 159
101 160
101 161
101 164
101 166
102 109
102 110
102 111
102 112
102 113
102 116
102 117
102 118
102 119
102 120
102 122
102 123
102 124
102 132
102 133
102 136
102 139
102 141
102 144
102 157
102 161
102 163
102 165
102 168
102 170
102 172
102 173
102 174
103 105
103 106
103 111
103 112
103 116
103 117
103 127
103 129
103 133
103 134
103 139
103 142
103 144
103 148
103 149
103 151
103 153
103 155
103 157
103 165
104 105
104 106
104 109
104 111
104 117
104 118
104 121
104 122
104 125
104 132
104 137
104 139
104 140
104 143
104 144
104 148
104 149
104 150
104 155
104 160
104 161
104 163
104 164
104 166
104 168
104 170
104 172
105 107
105 109
105 110
105 112
105 119
105 121
105 122
105 124
105 125
105 127
105 129
105 130
105 131
105 132
105 133
105 135
105 144
105 145
105 146
105 147
105 150
105 152
105 153
105 157
105 159
105 160
105 162
105 165
105 167
105 171
106 111
106 114
106 116
106 117
106 120
106 121
106 123
106 127
106 132
106 134
106 136
106 138
106 145
106 149
106 150
106 153
106 154
106 155
106 164
106 166
106 168
106 172
107 108
107 109
107 110
107 111
107 114
107 116
107 118
107 122
107 124
107 125
107 126
107 133
107 138
107 139
107 147
107 149
107 150
107 156
107 157
107 158
107 159
107 160
107 162
107 164
107 169
107 171
107 174
108 110
108 111
108 114
108 115
108 116
108 122
108 123
108 124
108 128
108 131
108 132
108 134
108 135
108 138
108 143
108 145
108 146
108 147
108 151
108 161
108 163
108 167
108 168
108 174
109 110
109 111
109 117
109 118
109 122
109 129
109 131
109 135
109 143
109 144
109 145
109 149
109 150
109 152
109 153
109 155
109 161
109 162
109 163
109 165
109 166
109 167
109 171
110 113
110 114
110 118
110 119
110 120
110 122
110 129
110 132
110 135
110 140
110 143
110 148
110 149
110 158
110 159
110 161
110 164
110 166
110 170
110 173
111 116
111 118
111 119
111 120
111 123
111 128
111 132
111 136
111 140
111 145
111 146
111 153
111 155
111 158
111 161
111 163
111 165
111 170
111 171
111 172
111 173
112 115
112 118
112 119
112 121
112 122
112 123
112 124
112 128
112 130
112 131
112 141
112 147
112 150
112 153
112 159
112 164
112 166
112 167
112 168
112 169
112 174
113 114
113 115
113 117
113 119
113 120
113 123
113 129
113 130
113 132
113 134
113 137
113 139
113 141
113 142
113 148
113 156
113 158
113 161
113 163
113 164
113 167
113 169
113 170
113 171
114 115
114 120
114 121
114 122
114 123
114 125
114 126
114 128
114 131
114 134
114 148
114 155
114 156
115 116
115 119
115 120
115 129
115 147
115 148
115 153
115 154
115 161
115 162
115 163
115 165
115 171
116 117
116 118
116 122
116 125
116 126
116 127
116 129
116 131
116 141
116 144
116 147
116 156
116 162
116 164
116 165
116 167
116 169
116 170
116 172
116 174
117 127
117 131
117 133
117 137
117 141
117 142
117 148
117 149
117 150
117 151
117 152
117 153
117 155
117 156
117 164
117 172
117 173
118 121
118 123
118 125
118 126
118 127
118 135
118 141
118 145
118 147
118 151
118 153
118 155
118 161
118 163
118 165
118 166
118 169
118 173
119 121
119 126
119 128
119 129
119 135
119 136
119 139
119 141
119 143
119 149
119 151
119 157
119 160
119 163
119 165
119 170
120 123
120 125
120 131
120 141
120 142
120 144
120 146
120 152
120 153
120 154
120 156
120 158
120 161
120 173
120 174
121 122
121 123
121 129
121 130
121 132
121 133
121 134
121 136
121 142
121 144
121 146
121 147
121 149
121 150
121 151
121 154
121 157
121 161
121 163
121 166
121 171
121 173
122 123
122 124
122 126
122 133
122 136
122 137
122 139
122 142
122 146
122 149
122 155
122 162
122 169
122 172
122 174
123 125
123 128
123 130
123 131
123 132
123 134
123 138
123 139
123 141
123 144
123 155
123 157
123 172
123 174
124 125
124 127
124 130
124 131
124 133
124 135
124 137
124 138
124 139
124 140
124 141
124 143
124 146
124 147
124 152
124 153
124 156
124 159
124 160
124 163
124 167
124 168
124 169
124 171
125 127
125 129
125 140
125 149
125 150
125 151
125 155
125 167
125 169
125 170
125 172
126 127
126 128
126 134
126 135
126 136
126 139
126 140
126 143
126 144
126 148
126 149
126 150
126 155
126 156
126 157
126 158
126 159
126 160
126 161
126 162
126 163
126 166
126 167
126 168
126 169
126 170
126 172
127 130
127 132
127 137
127 140
127 146
127 150
127 155
127 156
127 162
127 166
127 170
127 171
127 172
128 129
128 130
128 131
128 133
128 136
128 137
128 139
128 142
128 153
128 155
128 158
128 159
128 160
128 161
128 162
128 163
128 165
128 167
128 168
129 130
129 133
129 135
129 147
129 152
129 153
129 154
129 155
129 156
129 158
129 163
129 168
129 169
130 131
130 134
130 135
130 137
130 144
130 149
130 151
130 152
130 158
130 164
130 165
130 166
130 167
130 169
130 170
131 132
131 143
131 144
131 149
131 150
131 151
131 154
131 155
131 156
131 161
131 166
131 168
131 170
131 171
132 134
132 137
132 140
132 143
132 144
132 145
132 148
132 149
132 150
132 151
132 153
132 154
132 155
132 156
132 158
132 160
132 165
132 168
132 170
132 171
132 172
132 173
133 135
133 136
133 137
133 140
133 141
133 142
133 144
133 147
133 157
133 161
133 162
133 167
133 169
133 170
134 135
134 136
134 137
134 138
134 148
134 151
134 153
134 155
134 159
134 162
134 164
134 165
134 170
134 171
134 173
134 174
135 136
135 138
135 142
135 144
135 146
135 149
135 150
135 154
135 155
135 160
135 162
135 163
135 167
135 169
135 174
136 138
136 141
136 142
136 145
136 146
136 147
136 148
136 150
136 156
136 162
136 163
136 167
136 168
136 173
136 174
137 140
137 142
137 145
137 149
137 153
137 154
137 164
137 165
137 166
137 167
137 169
137 172
137 173
137 174
138 143
138 146
138 153
138 157
138 158
138 159
138 160
138 164
138 166
138 167
138 169
138 172
139 144
139 145
139 155
139 156
139 157
139 158
139 160
139 161
139 162
139 170
139 173
139 174
140 144
140 147
140 148
140 152
140 157
140 159
140 163
140 165
140 168
140 170
140 172
140 173
141 143
141 147
141 151
141 155
141 156
141 157
141 159
141 163
141 164
141 167
142 146
142 147
142 148
142 149
142 150
142 153
142 154
142 159
142 164
142 165
142 166
142 167
142 168
142 170
142 172
143 147
143 148
143 151
143 153
143 154
143 157
143 160
143 169
143 170
143 171
143 172
144 145
144 146
144 149
144 150
144 154
144 156
144 164
144 168
144 169
144 170
144 171
144 172
144 173
145 146
145 150
145 163
145 164
145 165
145 168
145 173
146 153
146 155
146 160
146 165
146 166
146 170
146 172
146 174
147 154
147 157
147 160
147 165
147 167
147 168
147 171
147 172
147 173
148 155
148 156
148 158
148 160
148 162
148 165
148 167
148 168
148 169
148 171
148 174
149 150
149 151
149 157
149 162
149 164
149 165
149 171
150 155
150 156
150 159
150 162
150 167
150 168
150 170
150 172
151 155
151 156
151 160
151 165
151 166
151 167
151 168
151 169
151 172
151 174
152 153
152 154
152 155
152 162
152 164
152 168
153 154
153 156
153 159
153 161
153 162
153 165
153 167
153 168
154 155
154 156
154 157
154 159
154 165
154 166
154 167
154 168
154 169
154 171
155 160
155 162
155 167
155 168
155 171
156 161
156 165
156 166
156 173
157 158
157 159
157 160
157 161
157 163
157 169
157 171
157 172
158 161
158 164
158 165
158 166
158 169
158 173
159 161
159 162
159 165
159 168
159 170
159 174
160 161
160 166
160 167
160 168
160 169
161 162
161 166
161 168
161 170
161 171
161 172
162 163
162 164
162 165
162 166
162 168
162 170
163 166
163 167
163 171
163 172
163 173
163 174
164 166
164 167
164 171
165 166
165 171
167 168
167 169
167 172
169 170
169 171
169 172
169 173
170 171
170 172
170 173
171 173
171 174
