165 8795
0 1
0 3
0 6
0 7
0 8
0 9
0 10
0 11
0 12
0 13
0 14
0 15
0 16
0 17
0 18
0 19
0 20
0 21
0 26
0 28
0 29
0 31
0 32
0 34
0 35
0 36
0 37
0 38
0 39
0 40
0 42
0 43
0 45
0 46
0 47
0 49
0 50
0 51
0 52
0 53
0 54
0 57
0 59
0 60
0 61
0 63
0 64
0 65
0 67
0 68
0 69
0 70
0 71
0 72
0 75
0 79
0 80
0 82
0 83
0 84
0 85
0 86
0 88
0 89
0 90
0 92
0 94
0 95
0 96
0 97
0 99
0 100
0 103
0 105
0 106
0 113
0 116
0 117
0 119
0 123
0 124
0 126
0 127
0 129
0 131
0 132
0 133
0 136
0 137
0 138
0 140
0 141
0 142
0 144
0 146
0 148
0 149
0 150
0 152
0 154
0 155
0 156
0 157
0 160
0 161
0 162
0 164
1 2
1 4
1 5
1 6
1 7
1 10
1 12
1 13
1 14
1 16
1 17
1 18
1 21
1 22
1 23
1 24
1 27
1 30
1 32
1 33
1 34
1 36
1 37
1 38
1 40
1 43
1 45
1 46
1 48
1 49
1 52
1 53
1 54
1 56
1 58
1 60
1 62
1 63
1 69
1 73
1 74
1 75
1 76
1 77
1 78
1 79
1 81
1 82
1 84
1 86
1 87
1 89
1 91
1 92
1 93
1 97
1 99
1 100
1 101
1 102
1 103
1 104
1 105
1 106
1 107
1 108
1 109
1 110
1 111
1 113
1 114
1 115
1 118
1 119
1 120
1 121
1 122
1 123
1 124
1 125
1 126
1 127
1 128
1 133
1 134
1 135
1 137
1 138
1 139
1 140
1 141
1 143
1 146
1 148
1 153
1 154
1 156
1 158
1 159
1 160
1 161
1 164
2 3
2 5
2 6
2 7
2 8
2 9
2 10
2 11
2 12
2 14
2 15
2 16
2 18
2 19
2 20
2 21
2 24
2 25
2 27
2 28
2 29
2 30
2 31
2 32
2 33
2 34
2 36
2 38
2 41
2 42
2 44
2 45
2 46
2 47
2 50
2 52
2 53
2 54
2 55
2 56
2 57
2 58
2 59
2 60
2 61
2 63
2 65
2 66
2 67
2 69
2 72
2 73
2 74
2 75
2 76
2 77
2 80
2 81
2 84
2 85
2 86
2 89
2 90
2 91
2 92
2 98
2 99
2 100
2 101
2 104
2 105
2 106
2 108
2 109
2 110
2 111
2 113
2 114
2 115
2 116
2 117
2 118
2 120
2 124
2 125
2 129
2 132
2 134
2 135
2 136
2 138
2 139
2 141
2 142
2 144
2 145
2 146
2 147
2 148
2 149
2 152
2 153
2 154
2 155
2 156
2 157
2 158
2 159
2 160
2 162
2 163
2 164
3 4
3 5
3 6
3 8
3 10
3 11
3 12
3 13
3 14
3 15
3 17
3 18
3 19
3 21
3 25
3 28
3 29
3 30
3 31
3 33
3 34
3 37
3 38
3 39
3 41
3 43
3 44
3 46
3 48
3 49
3 50
3 52
3 53
3 54
3 58
3 59
3 60
3 62
3 64
3 68
3 69
3 70
3 71
3 72
3 75
3 76
3 77
3 78
3 79
3 80
3 82
3 83
3 84
3 85
3 86
3 87
3 88
3 89
3 91
3 92
3 93
3 95
3 98
3 99
3 100
3 105
3 106
3 107
3 108
3 109
3 110
3 111
3 112
3 114
3 115
3 116
3 117
3 118
3 120
3 122
3 124
3 125
3 126
3 127
3 128
3 130
3 131
3 132
3 133
3 134
3 137
3 138
3 139
3 140
3 141
3 142
3 143
3 145
3 146
3 150
3 152
3 153
3 154
3 156
3 158
3 159
3 160
3 162
3 163
3 164
4 5
4 6
4 7
4 8
4 9
4 10
4 11
4 12
4 13
4 14
4 18
4 21
4 23
4 24
4 28
4 33
4 35
4 36
4 38
4 40
4 42
4 43
4 45
4 46
4 48
4 50
4 52
4 53
4 54
4 55
4 56
4 58
4 59
4 60
4 61
4 62
4 64
4 65
4 66
4 67
4 69
4 71
4 73
4 74
4 75
4 79
4 80
4 82
4 83
4 84
4 85
4 86
4 88
4 89
4 92
4 93
4 94
4 95
4 98
4 99
4 100
4 102
4 103
4 104
4 106
4 107
4 109
4 110
4 111
4 112
4 113
4 114
4 115
4 117
4 118
4 119
4 121
4 122
4 123
4 124
4 125
4 126
4 127
4 128
4 132
4 133
4 134
4 135
4 137
4 138
4 141
4 143
4 144
4 145
4 148
4 149
4 151
4 152
4 153
4 154
4 155
4 156
4 160
4 161
4 162
4 164
5 7
5 8
5 9
5 11
5 13
5 17
5 18
5 20
5 21
5 22
5 24
5 25
5 27
5 32
5 33
5 34
5 36
5 37
5 38
5 39
5 40
5 41
5 46
5 48
5 49
5 51
5 55
5 56
5 59
5 60
5 61
5 62
5 63
5 65
5 66
5 68
5 69
5 70
5 74
5 78
5 80
5 81
5 82
5 83
5 84
5 87
5 88
5 89
5 90
5 91
5 93
5 94
5 95
5 96
5 97
5 98
5 99
5 101
5 103
5 105
5 106
5 107
5 109
5 110
5 112
5 113
5 114
5 115
5 120
5 124
5 129
5 132
5 140
5 142
5 143
5 144
5 145
5 147
5 148
5 149
5 151
5 152
5 154
5 156
5 159
5 162
5 163
5 164
6 11
6 13
6 14
6 15
6 16
6 18
6 19
6 21
6 23
6 24
6 25
6 26
6 27
6 28
6 31
6 32
6 33
6 36
6 40
6 41
6 43
6 44
6 46
6 47
6 48
6 49
6 50
6 51
6 54
6 55
6 57
6 60
6 61
6 62
6 63
6 66
6 72
6 74
6 76
6 78
6 79
6 80
6 82
6 87
6 88
6 89
6 90
6 91
6 93
6 94
6 95
6 96
6 97
6 100
6 102
6 105
6 106
6 108
6 109
6 110
6 113
6 115
6 116
6 118
6 119
6 121
6 123
6 124
6 125
6 126
6 127
6 130
6 131
6 132
6 134
6 138
6 139
6 141
6 142
6 143
6 145
6 147
6 149
6 150
6 153
6 154
6 155
6 156
6 158
6 161
6 162
6 163
6 164
7 10
7 11
7 14
7 16
7 17
7 19
7 20
7 21
7 22
7 23
7 25
7 26
7 27
7 28
7 29
7 30
7 31
7 32
7 34
7 35
7 37
7 39
7 41
7 43
7 45
7 46
7 47
7 48
7 49
7 51
7 52
7 53
7 54
7 55
7 58
7 61
7 62
7 63
7 65
7 66
7 67
7 68
7 69
7 71
7 72
7 74
7 76
7 77
7 78
7 79
7 81
7 83
7 84
7 86
7 88
7 89
7 90
7 91
7 92
7 94
7 95
7 96
7 97
7 100
7 102
7 104
7 106
7 107
7 108
7 109
7 110
7 111
7 113
7 115
7 116
7 119
7 120
7 122
7 123
7 124
7 125
7 128
7 129
7 131
7 132
7 133
7 134
7 135
7 137
7 138
7 140
7 141
7 142
7 143
7 144
7 145
7 148
7 151
7 152
7 154
7 156
7 157
7 158
7 159
7 160
7 161
7 163
7 164
8 11
8 12
8 13
8 14
8 15
8 17
8 18
8 20
8 21
8 22
8 24
8 25
8 27
8 30
8 31
8 34
8 35
8 37
8 40
8 42
8 43
8 44
8 47
8 48
8 49
8 51
8 52
8 53
8 54
8 56
8 58
8 59
8 60
8 64
8 68
8 71
8 73
8 75
8 76
8 78
8 80
8 81
8 82
8 83
8 84
8 86
8 87
8 89
8 90
8 91
8 92
8 93
8 94
8 95
8 97
8 100
8 101
8 104
8 105
8 106
8 109
8 110
8 111
8 112
8 113
8 114
8 115
8 117
8 118
8 119
8 122
8 123
8 124
8 126
8 127
8 129
8 130
8 131
8 133
8 134
8 135
8 136
8 137
8 138
8 139
8 145
8 146
8 147
8 148
8 150
8 151
8 152
8 154
8 155
8 157
8 158
8 159
8 161
8 162
9 10
9 11
9 15
9 19
9 20
9 24
9 25
9 26
9 27
9 30
9 32
9 33
9 34
9 36
9 37
9 38
9 39
9 40
9 41
9 42
9 43
9 44
9 47
9 48
9 50
9 51
9 52
9 54
9 56
9 58
9 59
9 60
9 61
9 62
9 64
9 65
9 66
9 68
9 69
9 74
9 77
9 78
9 79
9 80
9 81
9 82
9 83
9 84
9 85
9 86
9 87
9 90
9 92
9 93
9 94
9 95
9 96
9 97
9 98
9 99
9 100
9 101
9 102
9 104
9 105
9 107
9 108
9 110
9 111
9 112
9 115
9 116
9 117
9 120
9 121
9 124
9 125
9 127
9 129
9 130
9 134
9 135
9 138
9 142
9 143
9 144
9 146
9 147
9 148
9 149
9 150
9 151
9 152
9 153
9 154
9 157
9 159
9 160
9 161
9 162
9 163
9 164
10 11
10 14
10 16
10 20
10 21
10 24
10 25
10 28
10 29
10 30
10 31
10 32
10 34
10 35
10 39
10 42
10 43
10 44
10 45
10 47
10 48
10 49
10 51
10 52
10 53
10 55
10 57
10 58
10 59
10 60
10 61
10 62
10 65
10 69
10 70
10 72
10 73
10 75
10 76
10 77
10 80
10 82
10 83
10 84
10 85
10 90
10 92
10 93
10 94
10 95
10 97
10 98
10 99
10 100
10 101
10 102
10 104
10 105
10 106
10 108
10 109
10 110
10 113
10 114
10 116
10 117
10 120
10 121
10 122
10 125
10 126
10 127
10 129
10 131
10 134
10 135
10 138
10 139
10 141
10 143
10 145
10 146
10 147
10 150
10 153
10 154
10 155
10 157
10 158
10 159
10 161
10 162
10 163
11 13
11 16
11 21
11 22
11 23
11 24
11 25
11 27
11 28
11 32
11 36
11 39
11 42
11 44
11 46
11 47
11 48
11 49
11 50
11 52
11 53
11 58
11 59
11 61
11 62
11 63
11 64
11 65
11 66
11 67
11 69
11 70
11 72
11 73
11 76
11 77
11 78
11 79
11 81
11 82
11 83
11 84
11 85
11 88
11 89
11 90
11 92
11 93
11 94
11 95
11 97
11 98
11 99
11 104
11 105
11 106
11 107
11 110
11 111
11 113
11 116
11 118
11 119
11 120
11 121
11 122
11 123
11 126
11 128
11 129
11 130
11 131
11 133
11 134
11 135
11 137
11 139
11 140
11 144
11 145
11 147
11 148
11 149
11 150
11 151
11 154
11 155
11 158
11 159
11 161
11 163
12 14
12 15
12 17
12 18
12 19
12 20
12 21
12 23
12 24
12 25
12 28
12 29
12 30
12 31
12 32
12 33
12 34
12 35
12 36
12 38
12 39
12 40
12 42
12 43
12 45
12 46
12 47
12 50
12 51
12 53
12 54
12 55
12 58
12 60
12 62
12 63
12 66
12 67
12 69
12 71
12 74
12 75
12 76
12 78
12 79
12 80
12 81
12 83
12 85
12 88
12 89
12 90
12 92
12 93
12 95
12 98
12 99
12 100
12 104
12 105
12 106
12 107
12 108
12 110
12 112
12 113
12 115
12 116
12 117
12 119
12 121
12 122
12 123
12 124
12 126
12 127
12 128
12 129
12 130
12 131
12 133
12 134
12 137
12 139
12 141
12 142
12 143
12 144
12 145
12 147
12 148
12 151
12 154
12 155
12 158
12 159
12 160
12 161
12 162
12 163
13 14
13 16
13 17
13 18
13 19
13 23
13 26
13 27
13 29
13 30
13 33
13 37
13 38
13 39
13 40
13 41
13 42
13 43
13 44
13 45
13 46
13 47
13 48
13 49
13 50
13 51
13 52
13 53
13 54
13 55
13 56
13 58
13 61
13 62
13 63
13 64
13 65
13 67
13 69
13 70
13 71
13 72
13 74
13 76
13 77
13 78
13 79
13 80
13 81
13 82
13 83
13 85
13 86
13 88
13 89
13 90
13 92
13 93
13 94
13 98
13 100
13 102
13 104
13 105
13 107
13 108
13 109
13 111
13 112
13 114
13 117
13 119
13 123
13 124
13 125
13 126
13 131
13 132
13 133
13 134
13 135
13 136
13 137
13 138
13 139
13 141
13 143
13 144
13 146
13 148
13 149
13 150
13 151
13 152
13 155
13 157
13 159
13 164
14 17
14 18
14 19
14 21
14 22
14 23
14 24
14 27
14 28
14 31
14 32
14 33
14 37
14 38
14 40
14 41
14 42
14 43
14 44
14 48
14 49
14 51
14 52
14 53
14 54
14 55
14 56
14 57
14 58
14 60
14 61
14 63
14 66
14 67
14 69
14 70
14 71
14 72
14 73
14 74
14 75
14 76
14 78
14 80
14 81
14 82
14 83
14 84
14 87
14 89
14 90
14 91
14 94
14 95
14 96
14 98
14 99
14 100
14 101
14 102
14 104
14 106
14 108
14 109
14 111
14 112
14 113
14 115
14 116
14 117
14 119
14 120
14 121
14 123
14 125
14 126
14 127
14 129
14 130
14 131
14 133
14 135
14 137
14 138
14 142
14 143
14 144
14 148
14 149
14 151
14 152
14 153
14 155
14 156
14 157
14 158
14 159
14 160
14 161
14 163
14 164
15 16
15 17
15 18
15 19
15 20
15 22
15 26
15 27
15 28
15 29
15 31
15 32
15 33
15 34
15 35
15 36
15 37
15 38
15 39
15 41
15 42
15 44
15 48
15 49
15 50
15 51
15 53
15 54
15 56
15 58
15 61
15 62
15 64
15 65
15 67
15 69
15 70
15 71
15 72
15 73
15 74
15 76
15 77
15 78
15 81
15 82
15 83
15 84
15 87
15 88
15 89
15 90
15 93
15 94
15 96
15 98
15 100
15 101
15 102
15 103
15 104
15 105
15 109
15 110
15 111
15 112
15 113
15 114
15 115
15 116
15 118
15 121
15 122
15 123
15 124
15 125
15 126
15 127
15 128
15 129
15 130
15 131
15 133
15 138
15 139
15 140
15 142
15 144
15 145
15 146
15 147
15 148
15 149
15 152
15 153
15 155
15 156
15 158
15 159
15 161
15 162
15 163
16 17
16 19
16 22
16 23
16 25
16 29
16 30
16 34
16 35
16 36
16 37
16 38
16 39
16 40
16 41
16 49
16 52
16 54
16 55
16 57
16 60
16 61
16 62
16 63
16 64
16 66
16 69
16 71
16 72
16 73
16 75
16 76
16 77
16 78
16 79
16 80
16 81
16 82
16 83
16 84
16 88
16 89
16 91
16 93
16 94
16 95
16 96
16 97
16 99
16 100
16 101
16 102
16 105
16 115
16 116
16 117
16 118
16 119
16 120
16 122
16 123
16 125
16 126
16 127
16 130
16 132
16 133
16 139
16 141
16 144
16 145
16 146
16 148
16 153
16 154
16 155
16 156
16 157
16 158
16 160
16 163
16 164
17 18
17 19
17 21
17 22
17 23
17 24
17 25
17 27
17 29
17 30
17 33
17 34
17 35
17 36
17 37
17 38
17 40
17 42
17 43
17 44
17 46
17 47
17 50
17 54
17 55
17 56
17 57
17 60
17 61
17 62
17 64
17 65
17 68
17 70
17 72
17 73
17 75
17 76
17 78
17 79
17 80
17 81
17 82
17 83
17 84
17 85
17 86
17 87
17 88
17 89
17 90
17 91
17 93
17 94
17 96
17 98
17 99
17 100
17 101
17 102
17 103
17 104
17 106
17 108
17 109
17 110
17 111
17 112
17 113
17 114
17 115
17 117
17 121
17 125
17 126
17 127
17 128
17 129
17 131
17 132
17 134
17 135
17 137
17 139
17 140
17 142
17 143
17 144
17 145
17 146
17 147
17 149
17 150
17 151
17 152
17 153
17 154
17 156
17 157
17 158
17 159
17 160
17 162
17 164
18 19
18 21
18 22
18 23
18 24
18 25
18 26
18 27
18 28
18 29
18 31
18 32
18 33
18 35
18 36
18 37
18 38
18 40
18 42
18 43
18 45
18 47
18 48
18 49
18 51
18 52
18 53
18 56
18 57
18 58
18 60
18 63
18 64
18 65
18 67
18 70
18 71
18 72
18 73
18 76
18 77
18 78
18 79
18 81
18 82
18 84
18 85
18 87
18 88
18 89
18 90
18 91
18 93
18 96
18 99
18 100
18 101
18 102
18 103
18 106
18 108
18 109
18 111
18 113
18 115
18 117
18 118
18 120
18 124
18 125
18 126
18 127
18 128
18 130
18 131
18 132
18 133
18 134
18 136
18 137
18 140
18 141
18 143
18 144
18 145
18 147
18 148
18 149
18 152
18 154
18 157
18 159
18 160
18 163
19 20
19 21
19 23
19 24
19 26
19 27
19 28
19 29
19 30
19 31
19 32
19 33
19 34
19 42
19 43
19 44
19 45
19 46
19 47
19 48
19 49
19 53
19 55
19 56
19 58
19 59
19 61
19 62
19 64
19 66
19 67
19 70
19 73
19 74
19 75
19 78
19 79
19 80
19 81
19 82
19 83
19 84
19 85
19 86
19 87
19 89
19 90
19 92
19 94
19 96
19 98
19 105
19 106
19 107
19 108
19 109
19 110
19 111
19 112
19 116
19 117
19 118
19 119
19 124
19 126
19 128
19 129
19 130
19 131
19 132
19 133
19 134
19 135
19 136
19 139
19 141
19 142
19 144
19 145
19 147
19 149
19 151
19 152
19 153
19 154
19 155
19 156
19 157
19 158
19 159
19 160
19 162
19 164
20 22
20 25
20 27
20 28
20 31
20 33
20 34
20 35
20 36
20 37
20 38
20 39
20 41
20 42
20 43
20 44
20 45
20 47
20 48
20 49
20 50
20 51
20 52
20 53
20 55
20 56
20 58
20 59
20 61
20 62
20 63
20 64
20 65
20 66
20 67
20 68
20 69
20 70
20 71
20 72
20 74
20 76
20 78
20 80
20 81
20 82
20 83
20 84
20 85
20 86
20 87
20 88
20 89
20 90
20 91
20 92
20 93
20 94
20 95
20 96
20 100
20 101
20 102
20 103
20 104
20 105
20 106
20 108
20 109
20 110
20 111
20 114
20 115
20 116
20 117
20 120
20 123
20 124
20 125
20 128
20 129
20 130
20 131
20 132
20 134
20 136
20 138
20 139
20 140
20 142
20 144
20 146
20 147
20 148
20 151
20 152
20 154
20 155
20 159
20 160
20 162
20 163
20 164
21 23
21 24
21 26
21 27
21 28
21 29
21 30
21 31
21 32
21 34
21 35
21 38
21 41
21 47
21 48
21 51
21 52
21 53
21 54
21 58
21 60
21 63
21 64
21 67
21 70
21 71
21 73
21 74
21 75
21 77
21 79
21 80
21 83
21 84
21 85
21 86
21 91
21 93
21 96
21 97
21 101
21 103
21 104
21 105
21 106
21 108
21 109
21 110
21 111
21 112
21 115
21 116
21 118
21 121
21 128
21 129
21 133
21 135
21 137
21 138
21 140
21 144
21 146
21 147
21 149
21 150
21 151
21 152
21 153
21 156
21 157
21 159
21 160
21 161
21 163
22 23
22 24
22 25
22 27
22 28
22 30
22 34
22 35
22 36
22 38
22 39
22 43
22 44
22 45
22 46
22 49
22 50
22 51
22 52
22 54
22 55
22 56
22 57
22 58
22 59
22 63
22 64
22 67
22 68
22 69
22 70
22 73
22 75
22 76
22 79
22 82
22 83
22 84
22 86
22 87
22 89
22 90
22 91
22 93
22 94
22 95
22 96
22 97
22 101
22 102
22 103
22 104
22 105
22 106
22 107
22 108
22 109
22 110
22 111
22 112
22 113
22 116
22 117
22 118
22 119
22 120
22 122
22 123
22 124
22 125
22 127
22 128
22 131
22 134
22 136
22 138
22 139
22 140
22 141
22 142
22 143
22 144
22 145
22 146
22 147
22 148
22 149
22 150
22 151
22 152
22 153
22 154
22 155
22 157
22 159
22 160
22 163
22 164
23 24
23 26
23 30
23 32
23 33
23 34
23 35
23 37
23 39
23 40
23 42
23 43
23 44
23 45
23 47
23 50
23 51
23 53
23 55
23 56
23 57
23 58
23 60
23 61
23 63
23 64
23 66
23 67
23 68
23 69
23 71
23 72
23 73
23 75
23 77
23 78
23 79
23 80
23 81
23 82
23 83
23 85
23 86
23 87
23 88
23 89
23 90
23 91
23 92
23 93
23 95
23 96
23 97
23 98
23 102
23 103
23 105
23 106
23 107
23 108
23 111
23 112
23 113
23 116
23 117
23 122
23 123
23 124
23 127
23 130
23 131
23 132
23 133
23 134
23 135
23 136
23 137
23 138
23 139
23 141
23 142
23 144
23 145
23 146
23 148
23 151
23 152
23 153
23 154
23 156
23 157
23 159
23 160
23 161
23 163
23 164
24 25
24 26
24 27
24 28
24 29
24 31
24 32
24 34
24 36
24 37
24 38
24 40
24 42
24 43
24 45
24 46
24 49
24 50
24 51
24 52
24 53
24 54
24 55
24 56
24 57
24 61
24 62
24 64
24 66
24 68
24 70
24 72
24 74
24 76
24 77
24 79
24 80
24 81
24 82
24 83
24 84
24 88
24 90
24 91
24 92
24 95
24 97
24 98
24 99
24 101
24 102
24 103
24 104
24 106
24 107
24 111
24 113
24 114
24 115
24 117
24 118
24 120
24 124
24 128
24 131
24 132
24 134
24 135
24 136
24 137
24 138
24 139
24 141
24 142
24 143
24 145
24 146
24 147
24 148
24 149
24 150
24 151
24 153
24 155
24 156
24 158
24 159
24 160
24 161
24 164
25 26
25 27
25 28
25 29
25 30
25 31
25 32
25 33
25 34
25 35
25 37
25 39
25 41
25 42
25 45
25 46
25 47
25 49
25 50
25 51
25 52
25 53
25 54
25 55
25 56
25 57
25 58
25 59
25 62
25 63
25 64
25 65
25 67
25 70
25 71
25 73
25 74
25 75
25 77
25 78
25 79
25 80
25 81
25 82
25 84
25 85
25 88
25 89
25 91
25 93
25 95
25 96
25 97
25 98
25 99
25 100
25 101
25 104
25 105
25 106
25 108
25 109
25 110
25 112
25 113
25 114
25 115
25 118
25 119
25 120
25 121
25 122
25 123
25 124
25 125
25 126
25 127
25 131
25 132
25 133
25 134
25 135
25 136
25 137
25 138
25 140
25 141
25 143
25 146
25 147
25 148
25 150
25 153
25 154
25 155
25 156
25 157
25 160
25 161
25 163
25 164
26 27
26 29
26 30
26 31
26 32
26 33
26 34
26 35
26 36
26 37
26 38
26 39
26 40
26 44
26 46
26 47
26 48
26 49
26 50
26 51
26 52
26 55
26 57
26 58
26 59
26 60
26 62
26 63
26 64
26 65
26 67
26 69
26 70
26 71
26 72
26 74
26 79
26 80
26 81
26 83
26 84
26 85
26 86
26 88
26 91
26 92
26 94
26 95
26 96
26 98
26 99
26 100
26 101
26 103
26 105
26 106
26 109
26 111
26 112
26 114
26 115
26 119
26 120
26 123
26 124
26 126
26 127
26 128
26 130
26 131
26 132
26 138
26 139
26 144
26 145
26 146
26 147
26 148
26 150
26 152
26 153
26 157
26 160
26 162
26 164
27 28
27 29
27 30
27 31
27 32
27 34
27 35
27 36
27 37
27 38
27 39
27 41
27 42
27 43
27 44
27 45
27 47
27 48
27 49
27 51
27 52
27 54
27 55
27 58
27 59
27 60
27 61
27 62
27 63
27 64
27 66
27 67
27 68
27 69
27 70
27 71
27 74
27 77
27 78
27 79
27 82
27 83
27 88
27 89
27 90
27 91
27 92
27 93
27 95
27 98
27 99
27 100
27 101
27 102
27 103
27 104
27 105
27 106
27 108
27 109
27 110
27 112
27 114
27 115
27 116
27 117
27 119
27 122
27 123
27 124
27 126
27 127
27 129
27 130
27 133
27 134
27 141
27 142
27 143
27 144
27 145
27 146
27 148
27 149
27 151
27 152
27 153
27 154
27 157
27 158
27 160
27 161
27 163
27 164
28 29
28 32
28 33
28 34
28 37
28 38
28 39
28 42
28 44
28 45
28 46
28 47
28 49
28 52
28 55
28 56
28 58
28 59
28 60
28 63
28 64
28 66
28 67
28 68
28 69
28 70
28 71
28 72
28 73
28 74
28 75
28 76
28 77
28 78
28 79
28 80
28 81
28 83
28 88
28 89
28 90
28 91
28 92
28 93
28 94
28 96
28 98
28 101
28 102
28 103
28 104
28 105
28 106
28 108
28 109
28 110
28 111
28 112
28 113
28 114
28 119
28 120
28 121
28 122
28 124
28 125
28 126
28 129
28 130
28 131
28 132
28 133
28 134
28 135
28 136
28 137
28 139
28 140
28 141
28 142
28 143
28 146
28 148
28 149
28 152
28 154
28 156
28 158
28 160
28 163
28 164
29 30
29 31
29 34
29 35
29 36
29 37
29 38
29 39
29 41
29 43
29 44
29 45
29 46
29 49
29 50
29 51
29 53
29 54
29 56
29 57
29 58
29 59
29 63
29 64
29 65
29 66
29 67
29 69
29 70
29 71
29 72
29 74
29 75
29 78
29 80
29 81
29 83
29 84
29 87
29 88
29 89
29 91
29 92
29 93
29 94
29 95
29 97
29 100
29 101
29 102
29 104
29 109
29 110
29 113
29 114
29 116
29 117
29 118
29 119
29 120
29 121
29 122
29 125
29 127
29 128
29 131
29 133
29 135
29 136
29 137
29 139
29 141
29 142
29 143
29 145
29 146
29 147
29 148
29 149
29 151
29 153
29 155
29 156
29 157
29 158
29 159
29 160
29 163
29 164
30 33
30 34
30 35
30 36
30 37
30 38
30 39
30 40
30 41
30 42
30 44
30 45
30 46
30 47
30 48
30 51
30 56
30 58
30 59
30 60
30 61
30 62
30 65
30 66
30 67
30 69
30 70
30 71
30 73
30 74
30 76
30 77
30 78
30 80
30 81
30 82
30 84
30 88
30 89
30 91
30 92
30 93
30 96
30 98
30 99
30 100
30 101
30 103
30 104
30 105
30 106
30 107
30 113
30 114
30 116
30 117
30 119
30 120
30 121
30 122
30 123
30 124
30 125
30 126
30 127
30 128
30 129
30 131
30 132
30 133
30 134
30 135
30 136
30 137
30 138
30 139
30 141
30 142
30 143
30 145
30 146
30 147
30 151
30 152
30 153
30 154
30 156
30 159
30 160
30 162
30 163
30 164
31 32
31 34
31 35
31 36
31 39
31 41
31 43
31 44
31 45
31 46
31 47
31 49
31 50
31 51
31 54
31 55
31 56
31 57
31 58
31 59
31 61
31 63
31 64
31 65
31 67
31 68
31 69
31 70
31 71
31 73
31 74
31 77
31 78
31 79
31 81
31 82
31 83
31 84
31 86
31 87
31 88
31 89
31 90
31 92
31 93
31 94
31 96
31 98
31 99
31 100
31 101
31 102
31 103
31 104
31 106
31 107
31 108
31 112
31 113
31 115
31 116
31 117
31 118
31 119
31 122
31 123
31 126
31 127
31 128
31 129
31 130
31 131
31 132
31 134
31 135
31 136
31 138
31 139
31 140
31 141
31 142
31 143
31 146
31 147
31 150
31 151
31 153
31 154
31 155
31 156
31 157
31 158
31 159
31 161
31 162
31 163
31 164
32 33
32 34
32 35
32 36
32 38
32 39
32 40
32 43
32 44
32 45
32 47
32 48
32 49
32 50
32 51
32 52
32 54
32 56
32 58
32 59
32 62
32 64
32 65
32 66
32 67
32 68
32 69
32 70
32 74
32 75
32 77
32 78
32 79
32 81
32 82
32 84
32 88
32 89
32 90
32 92
32 93
32 96
32 97
32 99
32 101
32 103
32 106
32 109
32 110
32 111
32 112
32 114
32 115
32 116
32 117
32 118
32 120
32 121
32 122
32 123
32 126
32 127
32 128
32 129
32 130
32 132
32 133
32 134
32 135
32 141
32 142
32 145
32 146
32 147
32 148
32 151
32 152
32 153
32 155
32 156
32 158
32 160
32 161
32 164
33 34
33 35
33 37
33 39
33 42
33 43
33 44
33 46
33 48
33 50
33 52
33 54
33 58
33 59
33 60
33 61
33 64
33 66
33 67
33 68
33 69
33 72
33 73
33 74
33 76
33 78
33 79
33 80
33 81
33 83
33 84
33 85
33 86
33 87
33 88
33 89
33 93
33 94
33 95
33 96
33 97
33 98
33 99
33 101
33 102
33 103
33 104
33 110
33 113
33 114
33 116
33 117
33 119
33 121
33 123
33 125
33 126
33 127
33 128
33 129
33 130
33 131
33 132
33 134
33 136
33 138
33 142
33 143
33 144
33 145
33 147
33 148
33 149
33 150
33 151
33 152
33 155
33 158
33 160
33 161
33 162
33 163
34 36
34 37
34 38
34 40
34 41
34 45
34 46
34 48
34 50
34 52
34 53
34 54
34 58
34 60
34 61
34 63
34 65
34 67
34 68
34 69
34 71
34 72
34 73
34 74
34 76
34 77
34 80
34 81
34 83
34 84
34 85
34 87
34 88
34 90
34 92
34 96
34 97
34 98
34 99
34 100
34 102
34 103
34 104
34 105
34 106
34 107
34 109
34 110
34 112
34 113
34 115
34 117
34 118
34 119
34 120
34 122
34 123
34 124
34 125
34 126
34 127
34 128
34 129
34 131
34 132
34 133
34 134
34 136
34 137
34 138
34 139
34 142
34 143
34 145
34 146
34 148
34 150
34 151
34 152
34 153
34 154
34 155
34 156
34 157
34 158
34 159
34 160
34 161
34 162
34 163
34 164
35 37
35 39
35 40
35 41
35 42
35 44
35 45
35 46
35 48
35 49
35 51
35 52
35 53
35 54
35 55
35 56
35 57
35 59
35 61
35 63
35 66
35 67
35 68
35 70
35 71
35 72
35 73
35 74
35 76
35 78
35 79
35 80
35 82
35 83
35 85
35 86
35 88
35 89
35 90
35 91
35 93
35 94
35 96
35 97
35 98
35 99
35 101
35 103
35 105
35 107
35 108
35 111
35 113
35 115
35 117
35 119
35 120
35 121
35 122
35 123
35 125
35 127
35 128
35 129
35 131
35 132
35 133
35 134
35 144
35 146
35 148
35 149
35 150
35 152
35 153
35 154
35 155
35 156
35 157
35 158
35 159
35 161
35 162
35 164
36 37
36 38
36 40
36 41
36 42
36 43
36 45
36 48
36 55
36 57
36 58
36 62
36 63
36 65
36 67
36 69
36 71
36 72
36 73
36 74
36 75
36 77
36 78
36 79
36 80
36 81
36 82
36 84
36 86
36 87
36 88
36 93
36 95
36 98
36 99
36 100
36 103
36 105
36 106
36 108
36 109
36 110
36 111
36 112
36 114
36 116
36 118
36 122
36 123
36 124
36 125
36 126
36 127
36 128
36 129
36 131
36 132
36 133
36 134
36 140
36 141
36 142
36 143
36 145
36 147
36 148
36 149
36 150
36 151
36 152
36 154
36 155
36 156
36 157
36 160
36 162
36 164
37 38
37 39
37 43
37 44
37 45
37 46
37 47
37 48
37 49
37 50
37 51
37 53
37 55
37 56
37 58
37 60
37 61
37 63
37 64
37 65
37 66
37 68
37 69
37 72
37 73
37 74
37 76
37 78
37 79
37 81
37 83
37 84
37 87
37 88
37 90
37 91
37 92
37 94
37 95
37 97
37 98
37 99
37 101
37 102
37 103
37 104
37 105
37 109
37 113
37 114
37 117
37 119
37 122
37 125
37 127
37 128
37 130
37 131
37 132
37 133
37 134
37 136
37 137
37 139
37 140
37 141
37 143
37 145
37 146
37 147
37 152
37 153
37 156
37 157
37 158
37 160
37 161
37 162
37 164
38 39
38 40
38 42
38 43
38 44
38 45
38 53
38 54
38 56
38 57
38 59
38 60
38 61
38 62
38 63
38 64
38 65
38 68
38 69
38 71
38 72
38 73
38 75
38 76
38 77
38 78
38 81
38 82
38 83
38 85
38 92
38 93
38 94
38 95
38 96
38 98
38 99
38 103
38 104
38 105
38 106
38 108
38 111
38 112
38 113
38 115
38 116
38 117
38 118
38 119
38 125
38 127
38 128
38 129
38 131
38 132
38 133
38 134
38 135
38 136
38 137
38 138
38 139
38 140
38 142
38 143
38 144
38 149
38 150
38 151
38 152
38 153
38 155
38 156
38 158
38 160
38 161
38 162
38 163
38 164
39 42
39 44
39 45
39 46
39 47
39 49
39 51
39 53
39 58
39 59
39 60
39 63
39 64
39 67
39 68
39 71
39 72
39 74
39 76
39 77
39 78
39 81
39 82
39 83
39 87
39 90
39 93
39 95
39 96
39 98
39 99
39 101
39 102
39 103
39 104
39 106
39 109
39 110
39 111
39 112
39 113
39 114
39 115
39 116
39 118
39 119
39 121
39 122
39 123
39 125
39 126
39 127
39 129
39 130
39 131
39 133
39 134
39 135
39 137
39 138
39 139
39 140
39 141
39 143
39 144
39 148
39 149
39 150
39 151
39 152
39 156
39 157
39 158
39 160
39 162
39 164
40 41
40 43
40 44
40 45
40 49
40 50
40 51
40 52
40 53
40 54
40 55
40 56
40 58
40 59
40 61
40 64
40 66
40 68
40 69
40 70
40 71
40 72
40 73
40 75
40 77
40 78
40 80
40 82
40 84
40 87
40 91
40 92
40 93
40 94
40 95
40 96
40 97
40 98
40 99
40 100
40 101
40 102
40 103
40 105
40 106
40 108
40 110
40 114
40 115
40 116
40 117
40 119
40 120
40 121
40 125
40 126
40 127
40 128
40 129
40 131
40 137
40 138
40 139
40 140
40 144
40 145
40 146
40 147
40 148
40 149
40 150
40 152
40 153
40 154
40 155
40 157
40 158
40 159
40 160
40 161
40 162
40 163
41 42
41 43
41 44
41 45
41 46
41 47
41 50
41 52
41 54
41 55
41 56
41 57
41 58
41 59
41 61
41 62
41 64
41 66
41 67
41 69
41 71
41 72
41 73
41 74
41 77
41 78
41 79
41 81
41 82
41 83
41 84
41 85
41 86
41 87
41 88
41 89
41 90
41 91
41 92
41 93
41 94
41 95
41 96
41 97
41 98
41 99
41 100
41 101
41 102
41 105
41 107
41 109
41 110
41 114
41 115
41 117
41 118
41 119
41 120
41 121
41 125
41 126
41 127
41 129
41 131
41 132
41 133
41 134
41 135
41 136
41 137
41 138
41 139
41 142
41 143
41 144
41 145
41 147
41 148
41 151
41 152
41 154
41 155
41 160
41 163
41 164
42 43
42 44
42 45
42 46
42 47
42 48
42 49
42 51
42 53
42 56
42 57
42 58
42 60
42 61
42 63
42 64
42 65
42 66
42 67
42 68
42 70
42 73
42 74
42 77
42 78
42 79
42 80
42 81
42 84
42 85
42 86
42 87
42 89
42 90
42 91
42 92
42 93
42 94
42 95
42 97
42 98
42 99
42 100
42 101
42 102
42 103
42 104
42 108
42 109
42 110
42 111
42 115
42 116
42 117
42 118
42 119
42 120
42 121
42 123
42 124
42 126
42 127
42 131
42 133
42 135
42 136
42 138
42 139
42 140
42 141
42 142
42 145
42 146
42 147
42 148
42 149
42 153
42 154
42 155
42 156
42 157
42 158
42 159
42 160
42 161
42 163
42 164
43 45
43 47
43 48
43 50
43 51
43 52
43 53
43 54
43 56
43 59
43 60
43 61
43 65
43 66
43 67
43 68
43 69
43 70
43 71
43 72
43 74
43 75
43 76
43 78
43 79
43 80
43 81
43 82
43 83
43 84
43 87
43 88
43 89
43 90
43 91
43 93
43 94
43 96
43 97
43 99
43 101
43 102
43 104
43 106
43 107
43 109
43 110
43 111
43 113
43 114
43 116
43 117
43 118
43 122
43 124
43 125
43 126
43 130
43 131
43 132
43 135
43 136
43 137
43 138
43 142
43 143
43 144
43 146
43 148
43 149
43 150
43 152
43 153
43 155
43 156
43 157
43 158
43 159
43 160
43 161
43 162
43 163
44 45
44 46
44 48
44 52
44 53
44 58
44 61
44 65
44 66
44 67
44 69
44 70
44 71
44 74
44 75
44 76
44 79
44 80
44 82
44 84
44 85
44 87
44 88
44 89
44 90
44 92
44 94
44 96
44 99
44 101
44 103
44 106
44 108
44 109
44 110
44 111
44 113
44 114
44 115
44 117
44 119
44 121
44 124
44 125
44 126
44 127
44 128
44 129
44 131
44 133
44 137
44 138
44 141
44 142
44 143
44 144
44 146
44 147
44 150
44 152
44 156
44 157
44 161
44 162
44 164
45 46
45 47
45 49
45 50
45 51
45 56
45 60
45 64
45 65
45 68
45 69
45 70
45 71
45 72
45 74
45 76
45 77
45 78
45 79
45 81
45 82
45 84
45 85
45 87
45 88
45 89
45 90
45 91
45 92
45 93
45 94
45 95
45 96
45 97
45 99
45 100
45 102
45 103
45 104
45 105
45 107
45 108
45 110
45 112
45 113
45 114
45 115
45 117
45 119
45 120
45 122
45 124
45 126
45 128
45 131
45 133
45 134
45 135
45 136
45 137
45 138
45 139
45 140
45 141
45 143
45 144
45 147
45 148
45 149
45 150
45 151
45 153
45 154
45 157
45 158
45 159
45 160
45 161
45 163
45 164
46 48
46 50
46 53
46 54
46 55
46 56
46 58
46 59
46 61
46 62
46 64
46 68
46 69
46 70
46 71
46 72
46 75
46 76
46 78
46 80
46 81
46 82
46 83
46 85
46 88
46 90
46 92
46 93
46 95
46 96
46 97
46 99
46 100
46 101
46 102
46 103
46 104
46 105
46 106
46 108
46 110
46 112
46 114
46 115
46 116
46 118
46 119
46 120
46 122
46 124
46 126
46 127
46 128
46 129
46 130
46 132
46 134
46 135
46 137
46 138
46 139
46 140
46 144
46 145
46 146
46 147
46 151
46 153
46 154
46 156
46 158
46 159
46 161
46 162
46 164
47 49
47 50
47 51
47 52
47 53
47 54
47 55
47 56
47 58
47 59
47 60
47 64
47 65
47 66
47 67
47 68
47 69
47 70
47 71
47 73
47 75
47 76
47 77
47 78
47 79
47 80
47 81
47 82
47 83
47 86
47 88
47 89
47 90
47 91
47 92
47 93
47 94
47 95
47 96
47 97
47 98
47 99
47 100
47 101
47 102
47 103
47 105
47 106
47 108
47 109
47 110
47 111
47 115
47 117
47 118
47 119
47 120
47 121
47 122
47 125
47 126
47 127
47 128
47 129
47 130
47 131
47 132
47 133
47 135
47 137
47 139
47 140
47 142
47 144
47 145
47 146
47 147
47 149
47 150
47 151
47 153
47 154
47 155
47 156
47 159
47 160
47 161
47 162
48 49
48 50
48 51
48 53
48 54
48 55
48 56
48 58
48 60
48 61
48 62
48 64
48 65
48 66
48 67
48 68
48 69
48 70
48 71
48 72
48 73
48 75
48 76
48 77
48 79
48 82
48 83
48 86
48 87
48 89
48 90
48 91
48 94
48 96
48 97
48 98
48 101
48 102
48 103
48 104
48 106
48 109
48 110
48 115
48 117
48 119
48 120
48 121
48 122
48 124
48 125
48 126
48 127
48 128
48 129
48 130
48 132
48 133
48 134
48 135
48 136
48 137
48 139
48 140
48 141
48 142
48 145
48 146
48 147
48 148
48 150
48 154
48 155
48 156
48 159
48 160
48 161
48 164
49 50
49 51
49 52
49 53
49 54
49 55
49 59
49 60
49 61
49 62
49 63
49 66
49 67
49 76
49 77
49 78
49 79
49 81
49 82
49 85
49 88
49 90
49 91
49 93
49 94
49 95
49 96
49 98
49 99
49 100
49 102
49 103
49 106
49 108
49 109
49 110
49 113
49 114
49 115
49 116
49 117
49 119
49 120
49 121
49 122
49 125
49 126
49 127
49 128
49 129
49 131
49 134
49 135
49 137
49 139
49 142
49 145
49 146
49 149
49 150
49 151
49 152
49 154
49 156
49 158
49 159
49 160
49 162
49 163
50 51
50 53
50 55
50 56
50 57
50 58
50 59
50 62
50 63
50 65
50 66
50 68
50 69
50 70
50 71
50 72
50 75
50 76
50 77
50 78
50 79
50 83
50 86
50 87
50 89
50 91
50 95
50 97
50 101
50 103
50 105
50 106
50 108
50 111
50 112
50 113
50 114
50 116
50 118
50 119
50 120
50 121
50 123
50 124
50 125
50 126
50 127
50 128
50 133
50 136
50 137
50 139
50 140
50 143
50 145
50 147
50 149
50 150
50 151
50 152
50 154
50 156
50 157
50 159
50 162
50 163
50 164
51 52
51 54
51 57
51 58
51 59
51 60
51 62
51 65
51 66
51 67
51 70
51 71
51 72
51 73
51 74
51 76
51 78
51 79
51 80
51 81
51 83
51 85
51 86
51 88
51 89
51 90
51 91
51 94
51 95
51 98
51 99
51 100
51 103
51 108
51 109
51 110
51 111
51 113
51 114
51 115
51 116
51 119
51 121
51 122
51 123
51 127
51 128
51 129
51 130
51 132
51 135
51 136
51 138
51 140
51 141
51 143
51 144
51 145
51 146
51 149
51 151
51 152
51 154
51 156
51 157
51 158
51 159
51 161
51 163
51 164
52 55
52 56
52 57
52 58
52 59
52 60
52 62
52 63
52 65
52 68
52 69
52 71
52 73
52 76
52 77
52 79
52 80
52 81
52 82
52 83
52 84
52 85
52 87
52 88
52 89
52 91
52 92
52 93
52 94
52 95
52 96
52 97
52 99
52 102
52 104
52 105
52 106
52 107
52 108
52 109
52 110
52 111
52 112
52 113
52 114
52 115
52 116
52 119
52 121
52 122
52 124
52 125
52 128
52 129
52 130
52 131
52 132
52 134
52 136
52 139
52 141
52 142
52 144
52 146
52 148
52 149
52 151
52 154
52 155
52 157
52 158
52 159
52 161
52 162
53 54
53 55
53 57
53 58
53 59
53 60
53 61
53 62
53 64
53 65
53 66
53 68
53 69
53 71
53 72
53 73
53 75
53 77
53 78
53 79
53 80
53 81
53 83
53 84
53 85
53 89
53 90
53 91
53 92
53 93
53 94
53 95
53 96
53 97
53 98
53 99
53 100
53 105
53 107
53 108
53 110
53 111
53 112
53 113
53 115
53 120
53 121
53 123
53 124
53 126
53 127
53 128
53 129
53 131
53 132
53 133
53 134
53 135
53 136
53 137
53 138
53 139
53 141
53 142
53 143
53 146
53 147
53 148
53 152
53 153
53 154
53 155
53 158
53 159
53 161
53 164
54 55
54 57
54 58
54 59
54 60
54 61
54 62
54 63
54 64
54 67
54 69
54 70
54 71
54 74
54 75
54 76
54 77
54 78
54 79
54 80
54 81
54 82
54 83
54 84
54 85
54 87
54 89
54 90
54 92
54 94
54 95
54 97
54 101
54 103
54 104
54 108
54 109
54 110
54 111
54 112
54 113
54 114
54 116
54 117
54 119
54 120
54 122
54 124
54 125
54 128
54 129
54 130
54 132
54 133
54 135
54 137
54 138
54 139
54 140
54 141
54 143
54 145
54 146
54 147
54 148
54 149
54 155
54 156
54 157
54 158
54 159
54 162
54 163
54 164
55 56
55 57
55 58
55 59
55 60
55 61
55 62
55 63
55 64
55 65
55 66
55 68
55 70
55 71
55 72
55 73
55 79
55 80
55 81
55 82
55 83
55 85
55 86
55 87
55 89
55 90
55 92
55 93
55 94
55 95
55 97
55 98
55 99
55 100
55 101
55 104
55 105
55 106
55 108
55 110
55 113
55 115
55 116
55 118
55 120
55 121
55 122
55 123
55 126
55 128
55 130
55 132
55 135
55 137
55 138
55 139
55 142
55 143
55 146
55 147
55 148
55 149
55 151
55 152
55 153
55 154
55 155
55 156
55 157
55 158
55 161
55 162
55 163
55 164
56 57
56 58
56 61
56 62
56 63
56 64
56 65
56 66
56 68
56 69
56 70
56 71
56 73
56 74
56 75
56 76
56 78
56 79
56 81
56 84
56 85
56 86
56 87
56 88
56 91
56 95
56 96
56 98
56 100
56 104
56 105
56 106
56 110
56 111
56 112
56 113
56 116
56 119
56 120
56 123
56 126
56 127
56 129
56 130
56 131
56 132
56 133
56 136
56 138
56 139
56 140
56 141
56 142
56 144
56 146
56 150
56 151
56 152
56 155
56 156
56 157
56 161
56 162
56 164
57 59
57 61
57 62
57 64
57 68
57 69
57 70
57 71
57 72
57 73
57 75
57 77
57 78
57 79
57 82
57 84
57 86
57 87
57 88
57 89
57 90
57 91
57 93
57 94
57 95
57 99
57 101
57 103
57 104
57 106
57 107
57 108
57 109
57 110
57 113
57 114
57 116
57 120
57 122
57 123
57 124
57 126
57 128
57 132
57 134
57 135
57 136
57 138
57 140
57 141
57 142
57 144
57 145
57 146
57 149
57 150
57 151
57 153
57 155
57 156
57 157
57 159
57 160
57 161
57 163
57 164
58 62
58 63
58 64
58 65
58 66
58 67
58 69
58 73
58 74
58 75
58 76
58 77
58 78
58 79
58 80
58 81
58 83
58 84
58 86
58 87
58 88
58 89
58 90
58 92
58 94
58 95
58 96
58 98
58 99
58 100
58 102
58 104
58 105
58 107
58 111
58 112
58 113
58 117
58 118
58 119
58 120
58 122
58 123
58 124
58 126
58 128
58 129
58 130
58 131
58 134
58 135
58 136
58 137
58 138
58 139
58 142
58 143
58 144
58 145
58 146
58 147
58 148
58 149
58 150
58 152
58 153
58 154
58 157
58 159
58 160
58 161
58 162
58 163
58 164
59 60
59 61
59 62
59 63
59 64
59 65
59 66
59 68
59 69
59 71
59 72
59 74
59 76
59 77
59 78
59 79
59 84
59 85
59 86
59 88
59 91
59 94
59 95
59 96
59 97
59 98
59 99
59 101
59 102
59 104
59 105
59 106
59 107
59 108
59 109
59 110
59 111
59 112
59 113
59 114
59 115
59 117
59 118
59 119
59 120
59 124
59 126
59 127
59 128
59 129
59 130
59 133
59 134
59 135
59 138
59 139
59 140
59 142
59 144
59 146
59 148
59 149
59 150
59 151
59 152
59 153
59 155
59 157
59 158
59 159
59 160
59 161
59 163
59 164
60 61
60 62
60 64
60 65
60 66
60 68
60 69
60 70
60 71
60 73
60 75
60 78
60 79
60 80
60 82
60 83
60 85
60 86
60 88
60 91
60 92
60 93
60 94
60 95
60 96
60 97
60 98
60 99
60 100
60 101
60 102
60 103
60 104
60 105
60 106
60 107
60 111
60 112
60 114
60 115
60 116
60 117
60 120
60 121
60 122
60 123
60 124
60 125
60 126
60 128
60 130
60 131
60 132
60 133
60 134
60 135
60 137
60 138
60 139
60 140
60 141
60 142
60 143
60 144
60 149
60 150
60 151
60 152
60 155
60 156
60 159
60 162
61 62
61 63
61 64
61 65
61 66
61 69
61 70
61 71
61 74
61 75
61 76
61 78
61 79
61 80
61 82
61 83
61 84
61 85
61 86
61 87
61 88
61 89
61 94
61 96
61 97
61 98
61 99
61 100
61 101
61 102
61 105
61 107
61 111
61 113
61 116
61 117
61 119
61 120
61 122
61 123
61 124
61 125
61 126
61 127
61 128
61 131
61 132
61 133
61 134
61 136
61 138
61 139
61 140
61 142
61 144
61 145
61 146
61 147
61 148
61 149
61 151
61 152
61 155
61 156
61 157
61 159
61 160
61 162
61 163
61 164
62 63
62 64
62 65
62 66
62 67
62 70
62 72
62 73
62 74
62 75
62 77
62 78
62 81
62 82
62 84
62 86
62 87
62 88
62 92
62 94
62 95
62 96
62 97
62 98
62 101
62 102
62 103
62 106
62 108
62 110
62 111
62 112
62 117
62 118
62 119
62 121
62 122
62 123
62 124
62 125
62 127
62 128
62 129
62 132
62 133
62 134
62 135
62 136
62 137
62 138
62 139
62 141
62 142
62 143
62 144
62 145
62 147
62 148
62 150
62 152
62 153
62 154
62 157
62 158
62 159
62 160
62 161
62 163
63 64
63 65
63 66
63 67
63 68
63 69
63 70
63 73
63 79
63 80
63 81
63 82
63 83
63 84
63 85
63 86
63 87
63 88
63 89
63 90
63 91
63 92
63 93
63 94
63 96
63 97
63 99
63 100
63 101
63 103
63 104
63 108
63 109
63 110
63 111
63 112
63 113
63 114
63 116
63 117
63 118
63 119
63 124
63 125
63 128
63 129
63 130
63 131
63 134
63 135
63 136
63 138
63 139
63 141
63 142
63 144
63 147
63 148
63 149
63 151
63 152
63 153
63 154
63 155
63 157
63 159
63 160
63 161
63 162
63 163
63 164
64 65
64 66
64 68
64 69
64 70
64 71
64 72
64 73
64 74
64 77
64 78
64 80
64 81
64 82
64 83
64 89
64 91
64 92
64 93
64 94
64 95
64 96
64 97
64 98
64 99
64 100
64 101
64 102
64 108
64 109
64 111
64 114
64 116
64 119
64 120
64 121
64 122
64 123
64 124
64 125
64 126
64 127
64 128
64 131
64 132
64 133
64 134
64 137
64 138
64 139
64 140
64 141
64 143
64 144
64 145
64 146
64 147
64 148
64 152
64 153
64 155
64 156
64 157
64 159
64 160
64 161
64 162
64 163
65 69
65 71
65 73
65 74
65 75
65 76
65 77
65 78
65 79
65 80
65 81
65 82
65 84
65 86
65 89
65 90
65 91
65 92
65 95
65 96
65 98
65 99
65 100
65 101
65 102
65 105
65 106
65 107
65 108
65 111
65 112
65 114
65 115
65 116
65 117
65 118
65 119
65 120
65 123
65 129
65 130
65 131
65 132
65 133
65 134
65 138
65 140
65 141
65 142
65 143
65 144
65 146
65 147
65 148
65 150
65 153
65 154
65 157
65 158
65 160
65 162
65 164
66 67
66 68
66 69
66 70
66 71
66 72
66 76
66 78
66 81
66 84
66 86
66 87
66 90
66 91
66 93
66 96
66 97
66 98
66 100
66 102
66 103
66 106
66 107
66 112
66 113
66 115
66 116
66 117
66 118
66 119
66 120
66 121
66 122
66 123
66 124
66 126
66 128
66 129
66 132
66 133
66 135
66 136
66 137
66 138
66 140
66 141
66 142
66 144
66 145
66 146
66 147
66 148
66 149
66 150
66 151
66 152
66 153
66 154
66 157
66 158
66 162
67 68
67 69
67 71
67 72
67 73
67 74
67 76
67 77
67 83
67 84
67 85
67 86
67 88
67 90
67 91
67 93
67 94
67 96
67 97
67 98
67 99
67 100
67 101
67 102
67 103
67 104
67 106
67 107
67 108
67 109
67 111
67 112
67 113
67 114
67 115
67 116
67 117
67 119
67 122
67 123
67 127
67 128
67 132
67 133
67 134
67 140
67 141
67 142
67 143
67 145
67 146
67 149
67 150
67 151
67 153
67 154
67 156
67 158
67 160
67 161
67 162
67 163
67 164
68 70
68 71
68 73
68 76
68 78
68 82
68 83
68 84
68 85
68 87
68 88
68 90
68 92
68 95
68 96
68 97
68 98
68 99
68 100
68 103
68 104
68 106
68 108
68 109
68 111
68 113
68 114
68 116
68 117
68 120
68 122
68 124
68 125
68 126
68 127
68 128
68 130
68 131
68 132
68 133
68 134
68 135
68 137
68 138
68 139
68 141
68 142
68 144
68 145
68 146
68 147
68 148
68 149
68 151
68 152
68 153
68 155
68 157
68 158
68 159
68 160
68 161
68 163
69 70
69 71
69 72
69 74
69 76
69 78
69 79
69 81
69 82
69 83
69 85
69 86
69 87
69 89
69 91
69 94
69 95
69 96
69 97
69 98
69 99
69 100
69 101
69 103
69 105
69 107
69 110
69 111
69 112
69 113
69 114
69 115
69 117
69 118
69 119
69 120
69 121
69 126
69 127
69 128
69 129
69 130
69 131
69 132
69 137
69 140
69 141
69 142
69 143
69 149
69 150
69 151
69 154
69 156
69 158
69 159
69 163
69 164
70 71
70 73
70 74
70 76
70 78
70 81
70 82
70 84
70 85
70 87
70 90
70 91
70 92
70 93
70 97
70 98
70 99
70 101
70 103
70 104
70 105
70 106
70 107
70 108
70 109
70 111
70 112
70 114
70 116
70 117
70 118
70 119
70 121
70 123
70 124
70 125
70 127
70 129
70 134
70 135
70 136
70 138
70 142
70 145
70 146
70 147
70 148
70 149
70 150
70 151
70 152
70 154
70 155
70 157
70 158
70 159
70 161
70 162
70 163
70 164
71 72
71 73
71 74
71 75
71 76
71 78
71 81
71 83
71 84
71 86
71 87
71 88
71 89
71 90
71 91
71 92
71 95
71 96
71 98
71 104
71 105
71 106
71 107
71 108
71 113
71 114
71 115
71 117
71 118
71 119
71 120
71 121
71 122
71 125
71 127
71 130
71 131
71 135
71 136
71 138
71 139
71 140
71 141
71 143
71 145
71 148
71 149
71 150
71 151
71 153
71 157
71 160
71 162
71 163
71 164
72 74
72 76
72 77
72 80
72 81
72 83
72 87
72 88
72 89
72 90
72 92
72 95
72 96
72 98
72 99
72 101
72 102
72 103
72 109
72 111
72 113
72 114
72 115
72 116
72 117
72 118
72 119
72 122
72 123
72 124
72 125
72 126
72 129
72 131
72 132
72 133
72 134
72 136
72 137
72 140
72 141
72 142
72 143
72 144
72 146
72 147
72 148
72 149
72 150
72 151
72 152
72 157
72 158
72 160
72 163
72 164
73 75
73 77
73 82
73 83
73 86
73 87
73 88
73 89
73 90
73 91
73 92
73 93
73 94
73 97
73 98
73 99
73 100
73 104
73 107
73 108
73 109
73 110
73 111
73 113
73 117
73 118
73 119
73 120
73 124
73 125
73 127
73 128
73 131
73 134
73 135
73 137
73 138
73 139
73 140
73 142
73 147
73 148
73 149
73 151
73 153
73 156
73 157
73 158
73 159
73 160
73 161
73 162
73 163
73 164
74 75
74 76
74 77
74 80
74 81
74 82
74 83
74 84
74 85
74 86
74 87
74 88
74 89
74 90
74 92
74 93
74 95
74 99
74 101
74 103
74 105
74 106
74 107
74 108
74 110
74 111
74 112
74 113
74 114
74 117
74 120
74 122
74 123
74 124
74 125
74 126
74 127
74 129
74 130
74 131
74 132
74 133
74 134
74 137
74 138
74 140
74 141
74 142
74 143
74 145
74 146
74 147
74 148
74 149
74 150
74 151
74 154
74 156
74 157
74 159
74 161
74 163
75 77
75 79
75 80
75 81
75 82
75 85
75 87
75 89
75 90
75 92
75 93
75 94
75 96
75 99
75 100
75 101
75 102
75 105
75 106
75 107
75 108
75 110
75 111
75 112
75 113
75 114
75 117
75 119
75 122
75 123
75 124
75 125
75 126
75 127
75 128
75 129
75 130
75 131
75 137
75 139
75 140
75 141
75 142
75 143
75 144
75 146
75 147
75 148
75 149
75 150
75 152
75 153
75 154
75 155
75 159
75 161
75 162
75 163
75 164
76 79
76 80
76 82
76 83
76 84
76 85
76 86
76 89
76 90
76 95
76 97
76 98
76 99
76 100
76 102
76 103
76 104
76 105
76 108
76 111
76 112
76 113
76 114
76 116
76 117
76 119
76 120
76 121
76 124
76 125
76 126
76 129
76 130
76 134
76 136
76 138
76 139
76 141
76 142
76 143
76 144
76 145
76 146
76 147
76 148
76 149
76 152
76 154
76 157
76 160
76 161
76 162
76 163
76 164
77 79
77 80
77 81
77 82
77 83
77 84
77 86
77 87
77 88
77 89
77 90
77 91
77 92
77 93
77 95
77 97
77 98
77 102
77 103
77 104
77 105
77 107
77 108
77 109
77 111
77 112
77 113
77 114
77 117
77 122
77 123
77 124
77 128
77 129
77 130
77 132
77 133
77 134
77 135
77 136
77 138
77 139
77 141
77 142
77 144
77 145
77 147
77 148
77 150
77 152
77 154
77 160
77 161
77 164
78 79
78 80
78 81
78 82
78 83
78 84
78 85
78 88
78 90
78 93
78 96
78 97
78 98
78 100
78 101
78 102
78 103
78 104
78 105
78 108
78 109
78 110
78 112
78 113
78 114
78 116
78 117
78 118
78 119
78 121
78 123
78 125
78 127
78 128
78 129
78 130
78 132
78 133
78 136
78 137
78 138
78 139
78 141
78 142
78 146
78 147
78 148
78 150
78 151
78 153
78 155
78 156
78 157
78 158
78 159
78 161
78 163
78 164
79 80
79 81
79 82
79 83
79 84
79 85
79 86
79 88
79 90
79 91
79 92
79 93
79 95
79 96
79 97
79 100
79 102
79 108
79 109
79 110
79 111
79 112
79 115
79 116
79 120
79 121
79 122
79 124
79 125
79 127
79 130
79 131
79 132
79 133
79 134
79 135
79 136
79 137
79 140
79 141
79 143
79 145
79 146
79 149
79 150
79 152
79 155
79 156
79 159
79 160
79 161
79 162
79 163
80 82
80 85
80 86
80 91
80 94
80 96
80 97
80 98
80 99
80 100
80 101
80 102
80 103
80 104
80 105
80 107
80 111
80 112
80 113
80 114
80 115
80 116
80 117
80 118
80 121
80 125
80 126
80 127
80 133
80 134
80 136
80 137
80 138
80 140
80 141
80 143
80 145
80 146
80 147
80 148
80 149
80 150
80 151
80 152
80 153
80 156
80 157
80 159
80 160
80 161
80 162
80 163
80 164
81 82
81 83
81 84
81 85
81 87
81 88
81 89
81 92
81 93
81 94
81 97
81 98
81 99
81 100
81 101
81 103
81 105
81 106
81 108
81 109
81 110
81 111
81 112
81 113
81 114
81 117
81 119
81 120
81 121
81 122
81 124
81 125
81 129
81 131
81 132
81 133
81 134
81 135
81 137
81 138
81 139
81 142
81 143
81 145
81 146
81 149
81 150
81 151
81 152
81 153
81 154
81 155
81 156
81 157
81 159
81 160
81 162
81 163
81 164
82 83
82 84
82 87
82 88
82 90
82 91
82 92
82 94
82 95
82 96
82 99
82 100
82 102
82 106
82 107
82 108
82 110
82 111
82 112
82 113
82 114
82 116
82 117
82 118
82 119
82 121
82 122
82 123
82 126
82 127
82 132
82 133
82 134
82 137
82 138
82 139
82 140
82 143
82 144
82 146
82 148
82 150
82 153
82 154
82 156
82 157
82 159
83 84
83 85
83 86
83 91
83 94
83 95
83 97
83 98
83 100
83 101
83 102
83 103
83 104
83 105
83 106
83 108
83 109
83 110
83 111
83 112
83 113
83 115
83 116
83 117
83 118
83 119
83 120
83 121
83 123
83 129
83 130
83 132
83 133
83 135
83 136
83 139
83 142
83 143
83 146
83 148
83 149
83 151
83 152
83 155
83 156
83 158
83 161
83 162
83 163
84 85
84 86
84 87
84 89
84 92
84 93
84 94
84 95
84 96
84 97
84 98
84 99
84 100
84 101
84 104
84 105
84 108
84 109
84 110
84 112
84 113
84 114
84 115
84 116
84 117
84 118
84 119
84 120
84 121
84 123
84 124
84 127
84 128
84 129
84 131
84 132
84 133
84 135
84 136
84 137
84 138
84 139
84 142
84 143
84 144
84 146
84 147
84 148
84 149
84 152
84 161
84 162
84 163
84 164
85 86
85 90
85 93
85 94
85 95
85 97
85 100
85 101
85 104
85 105
85 107
85 108
85 109
85 110
85 111
85 112
85 113
85 114
85 117
85 120
85 123
85 125
85 127
85 128
85 129
85 131
85 132
85 133
85 134
85 135
85 136
85 137
85 138
85 142
85 143
85 145
85 147
85 148
85 151
85 152
85 153
85 154
85 155
85 156
85 158
85 160
85 162
85 164
86 87
86 90
86 91
86 93
86 94
86 96
86 98
86 99
86 100
86 101
86 102
86 103
86 104
86 106
86 107
86 109
86 111
86 112
86 113
86 114
86 115
86 116
86 117
86 119
86 120
86 121
86 123
86 124
86 125
86 129
86 130
86 132
86 135
86 136
86 137
86 138
86 139
86 140
86 142
86 143
86 145
86 146
86 147
86 148
86 149
86 152
86 155
86 156
86 157
86 158
86 159
86 160
86 162
86 163
87 89
87 90
87 92
87 93
87 94
87 95
87 97
87 98
87 101
87 104
87 106
87 107
87 109
87 116
87 117
87 119
87 121
87 122
87 123
87 124
87 125
87 126
87 127
87 129
87 130
87 131
87 133
87 134
87 137
87 140
87 141
87 142
87 143
87 144
87 146
87 149
87 150
87 151
87 152
87 153
87 154
87 155
87 156
87 157
87 159
87 161
87 162
87 163
87 164
88 91
88 93
88 94
88 95
88 97
88 99
88 101
88 102
88 103
88 104
88 105
88 106
88 107
88 108
88 110
88 111
88 112
88 113
88 115
88 116
88 117
88 118
88 119
88 120
88 121
88 122
88 123
88 124
88 126
88 127
88 128
88 130
88 131
88 132
88 133
88 134
88 136
88 137
88 139
88 140
88 141
88 142
88 143
88 144
88 145
88 146
88 147
88 148
88 150
88 152
88 154
88 155
88 156
88 158
88 160
88 162
88 163
88 164
89 92
89 94
89 95
89 96
89 97
89 99
89 100
89 102
89 103
89 104
89 105
89 106
89 107
89 109
89 110
89 112
89 113
89 114
89 115
89 116
89 117
89 118
89 119
89 120
89 121
89 122
89 125
89 127
89 130
89 131
89 132
89 133
89 135
89 138
89 139
89 140
89 141
89 143
89 145
89 146
89 151
89 152
89 154
89 155
89 160
89 161
89 162
89 164
90 91
90 92
90 99
90 100
90 101
90 102
90 103
90 104
90 105
90 106
90 108
90 109
90 110
90 111
90 112
90 113
90 114
90 115
90 116
90 118
90 121
90 122
90 123
90 124
90 125
90 126
90 127
90 128
90 129
90 130
90 135
90 137
90 139
90 140
90 143
90 144
90 145
90 148
90 149
90 150
90 151
90 152
90 153
90 154
90 157
90 158
90 159
90 161
90 162
90 163
90 164
91 92
91 93
91 95
91 96
91 97
91 99
91 101
91 102
91 103
91 104
91 105
91 106
91 107
91 108
91 109
91 110
91 112
91 114
91 115
91 116
91 118
91 119
91 120
91 121
91 123
91 124
91 127
91 128
91 129
91 134
91 136
91 137
91 138
91 139
91 140
91 141
91 143
91 144
91 145
91 146
91 148
91 149
91 150
91 151
91 152
91 153
91 154
91 155
91 160
91 161
91 162
91 163
91 164
92 93
92 94
92 95
92 97
92 98
92 99
92 101
92 103
92 104
92 105
92 106
92 107
92 111
92 113
92 114
92 115
92 116
92 119
92 120
92 121
92 122
92 123
92 125
92 126
92 127
92 128
92 132
92 133
92 134
92 135
92 138
92 139
92 140
92 141
92 146
92 149
92 150
92 151
92 153
92 154
92 155
92 156
92 157
92 159
92 162
92 164
93 94
93 95
93 96
93 97
93 98
93 100
93 101
93 102
93 104
93 105
93 108
93 109
93 110
93 111
93 112
93 117
93 119
93 120
93 122
93 123
93 125
93 126
93 129
93 130
93 131
93 133
93 134
93 136
93 137
93 138
93 139
93 140
93 141
93 142
93 144
93 148
93 149
93 150
93 151
93 152
93 155
93 156
93 157
93 158
93 160
93 161
93 162
93 163
93 164
94 95
94 96
94 97
94 98
94 99
94 100
94 101
94 102
94 103
94 106
94 107
94 109
94 114
94 115
94 118
94 119
94 120
94 122
94 123
94 124
94 125
94 130
94 136
94 137
94 139
94 140
94 141
94 142
94 145
94 146
94 147
94 148
94 149
94 150
94 151
94 153
94 156
94 158
94 159
94 160
94 162
94 163
94 164
95 97
95 103
95 105
95 107
95 109
95 112
95 115
95 116
95 117
95 119
95 120
95 122
95 123
95 124
95 130
95 132
95 133
95 134
95 135
95 137
95 140
95 141
95 142
95 143
95 146
95 147
95 148
95 149
95 151
95 152
95 153
95 154
95 156
95 157
95 160
95 162
95 163
95 164
96 98
96 99
96 103
96 104
96 105
96 109
96 110
96 112
96 113
96 114
96 115
96 116
96 117
96 118
96 121
96 123
96 124
96 125
96 127
96 129
96 130
96 131
96 132
96 133
96 136
96 137
96 138
96 140
96 143
96 144
96 145
96 146
96 148
96 149
96 150
96 152
96 153
96 154
96 155
96 156
96 157
96 159
96 160
96 161
96 164
97 98
97 99
97 100
97 102
97 103
97 104
97 105
97 106
97 107
97 108
97 109
97 110
97 111
97 112
97 114
97 115
97 116
97 117
97 119
97 120
97 121
97 122
97 123
97 126
97 127
97 129
97 130
97 132
97 134
97 135
97 141
97 143
97 145
97 147
97 148
97 149
97 150
97 151
97 154
97 157
97 158
97 160
97 161
97 162
97 163
97 164
98 99
98 100
98 101
98 103
98 105
98 106
98 108
98 111
98 113
98 116
98 117
98 118
98 121
98 123
98 124
98 128
98 129
98 131
98 132
98 134
98 135
98 136
98 137
98 140
98 141
98 142
98 143
98 144
98 146
98 147
98 148
98 150
98 151
98 152
98 153
98 157
98 159
98 160
98 161
98 163
98 164
99 101
99 102
99 104
99 106
99 111
99 112
99 113
99 114
99 115
99 117
99 118
99 119
99 120
99 127
99 128
99 129
99 132
99 133
99 134
99 136
99 137
99 139
99 145
99 148
99 151
99 152
99 154
99 155
99 156
99 157
99 160
99 162
100 105
100 106
100 107
100 108
100 111
100 113
100 114
100 115
100 120
100 121
100 123
100 124
100 125
100 126
100 127
100 131
100 133
100 134
100 135
100 136
100 137
100 139
100 140
100 141
100 143
100 145
100 146
100 150
100 151
100 155
100 157
100 158
100 160
100 162
100 164
101 102
101 104
101 105
101 106
101 107
101 108
101 109
101 113
101 114
101 116
101 120
101 122
101 124
101 126
101 127
101 128
101 130
101 132
101 135
101 136
101 137
101 139
101 140
101 141
101 142
101 144
101 145
101 146
101 147
101 149
101 150
101 151
101 152
101 154
101 155
101 156
101 157
101 158
101 160
101 161
102 104
102 105
102 106
102 107
102 109
102 110
102 111
102 112
102 114
102 115
102 116
102 120
102 121
102 123
102 125
102 126
102 127
102 128
102 129
102 130
102 131
102 132
102 133
102 135
102 136
102 137
102 138
102 140
102 144
102 145
102 146
102 147
102 149
102 150
102 151
102 152
102 153
102 157
102 158
102 159
102 161
102 162
102 164
103 104
103 107
103 108
103 109
103 110
103 114
103 115
103 116
103 120
103 122
103 123
103 124
103 125
103 126
103 127
103 128
103 129
103 131
103 134
103 135
103 137
103 138
103 139
103 140
103 141
103 143
103 145
103 146
103 147
103 148
103 149
103 150
103 151
103 152
103 153
103 154
103 155
103 157
103 158
103 159
103 161
103 164
104 105
104 106
104 107
104 109
104 110
104 111
104 112
104 113
104 114
104 115
104 116
104 120
104 121
104 122
104 126
104 127
104 128
104 131
104 134
104 135
104 136
104 137
104 140
104 141
104 142
104 143
104 144
104 145
104 148
104 149
104 150
104 151
104 152
104 154
104 155
104 156
104 157
104 158
104 161
105 106
105 107
105 108
105 109
105 110
105 111
105 113
105 114
105 115
105 117
105 118
105 119
105 121
105 122
105 124
105 125
105 131
105 132
105 135
105 137
105 139
105 144
105 146
105 150
105 151
105 152
105 153
105 156
105 158
105 159
105 160
105 161
105 162
105 163
106 107
106 108
106 109
106 110
106 112
106 114
106 115
106 116
106 117
106 120
106 121
106 122
106 123
106 124
106 125
106 126
106 129
106 130
106 131
106 132
106 133
106 135
106 138
106 139
106 142
106 144
106 145
106 146
106 148
106 149
106 150
106 151
106 154
106 156
106 158
106 159
106 161
106 162
106 164
107 109
107 110
107 111
107 113
107 116
107 118
107 119
107 121
107 124
107 125
107 126
107 127
107 128
107 130
107 131
107 132
107 134
107 135
107 136
107 137
107 138
107 139
107 140
107 141
107 143
107 144
107 147
107 150
107 152
107 153
107 154
107 155
107 156
107 158
107 159
107 160
107 163
107 164
108 109
108 110
108 111
108 113
108 114
108 115
108 116
108 117
108 119
108 120
108 121
108 122
108 123
108 126
108 127
108 128
108 129
108 130
108 131
108 136
108 137
108 138
108 139
108 140
108 144
108 145
108 146
108 147
108 148
108 149
108 156
108 157
108 158
108 161
108 162
109 110
109 113
109 114
109 115
109 116
109 117
109 118
109 119
109 121
109 123
109 124
109 125
109 126
109 127
109 128
109 129
109 130
109 131
109 132
109 133
109 134
109 135
109 137
109 139
109 142
109 144
109 145
109 146
109 147
109 149
109 150
109 152
109 154
109 158
109 161
109 162
109 163
109 164
110 113
110 114
110 115
110 116
110 117
110 118
110 119
110 120
110 123
110 124
110 125
110 128
110 129
110 132
110 133
110 134
110 136
110 138
110 139
110 140
110 141
110 145
110 146
110 148
110 149
110 150
110 151
110 153
110 155
110 158
110 161
110 162
110 163
110 164
111 112
111 116
111 117
111 118
111 120
111 121
111 122
111 123
111 127
111 128
111 129
111 131
111 135
111 136
111 137
111 139
111 140
111 141
111 142
111 145
111 146
111 147
111 148
111 149
111 151
111 156
111 158
111 159
111 161
111 162
112 113
112 114
112 115
112 117
112 120
112 121
112 123
112 124
112 125
112 127
112 128
112 129
112 131
112 132
112 133
112 134
112 136
112 138
112 140
112 141
112 144
112 145
112 146
112 147
112 148
112 150
112 152
112 153
112 156
112 157
112 158
112 162
112 163
113 116
113 120
113 121
113 123
113 124
113 125
113 126
113 128
113 132
113 133
113 134
113 135
113 136
113 138
113 139
113 141
113 142
113 143
113 144
113 145
113 147
113 149
113 150
113 151
113 152
113 154
113 156
113 159
113 160
113 163
113 164
114 115
114 117
114 118
114 120
114 121
114 123
114 124
114 125
114 126
114 129
114 130
114 131
114 132
114 133
114 135
114 136
114 137
114 138
114 139
114 140
114 143
114 144
114 145
114 146
114 147
114 148
114 149
114 150
114 156
114 158
114 159
114 160
114 163
114 164
115 117
115 118
115 120
115 121
115 122
115 124
115 125
115 126
115 127
115 129
115 130
115 133
115 134
115 137
115 139
115 140
115 141
115 143
115 146
115 147
115 148
115 149
115 150
115 151
115 154
115 155
115 158
115 160
115 161
115 162
115 163
115 164
116 118
116 120
116 121
116 122
116 123
116 125
116 126
116 129
116 130
116 131
116 132
116 133
116 134
116 135
116 136
116 137
116 139
116 140
116 141
116 143
116 144
116 145
116 147
116 148
116 149
116 150
116 151
116 153
116 154
116 157
116 159
116 161
116 162
116 163
117 118
117 119
117 120
117 121
117 122
117 127
117 128
117 129
117 131
117 132
117 133
117 136
117 137
117 138
117 139
117 140
117 141
117 145
117 146
117 147
117 150
117 153
117 154
117 155
117 156
117 157
117 158
117 159
117 160
117 161
117 163
118 119
118 120
118 122
118 124
118 126
118 128
118 129
118 130
118 132
118 133
118 134
118 135
118 136
118 137
118 138
118 139
118 140
118 141
118 142
118 144
118 145
118 146
118 147
118 148
118 149
118 150
118 152
118 156
118 157
118 158
118 159
118 160
118 162
118 164
119 120
119 122
119 125
119 127
119 128
119 129
119 134
119 135
119 136
119 137
119 139
119 140
119 142
119 143
119 144
119 145
119 148
119 149
119 153
119 154
119 155
119 156
119 157
119 158
119 159
119 160
119 161
119 162
119 163
120 121
120 124
120 125
120 128
120 129
120 130
120 131
120 133
120 134
120 136
120 137
120 138
120 139
120 141
120 143
120 146
120 148
120 149
120 151
120 153
120 154
120 157
120 159
120 160
120 161
120 162
120 164
121 123
121 125
121 127
121 128
121 132
121 133
121 136
121 139
121 141
121 143
121 144
121 147
121 150
121 151
121 154
121 155
121 157
121 158
121 159
121 160
121 161
121 164
122 124
122 126
122 127
122 128
122 129
122 130
122 133
122 136
122 137
122 139
122 141
122 144
122 145
122 148
122 152
122 154
122 155
122 156
122 157
122 160
122 163
123 126
123 130
123 132
123 133
123 134
123 135
123 136
123 137
123 138
123 140
123 142
123 143
123 144
123 145
123 146
123 148
123 149
123 150
123 151
123 152
123 153
123 155
123 156
123 158
123 159
123 161
123 162
123 164
124 126
124 129
124 130
124 131
124 132
124 133
124 134
124 135
124 136
124 138
124 139
124 141
124 142
124 143
124 145
124 147
124 148
124 149
124 151
124 154
124 155
124 156
124 157
124 158
124 160
124 162
124 163
124 164
125 127
125 128
125 130
125 132
125 133
125 135
125 136
125 137
125 138
125 139
125 140
125 141
125 142
125 143
125 145
125 147
125 148
125 149
125 151
125 152
125 153
125 154
125 155
125 156
125 157
125 158
125 159
125 161
125 162
125 163
125 164
126 128
126 129
126 132
126 133
126 134
126 137
126 139
126 140
126 142
126 143
126 146
126 148
126 150
126 151
126 152
126 157
126 158
126 161
126 162
126 164
127 128
127 131
127 132
127 134
127 135
127 140
127 141
127 142
127 144
127 145
127 146
127 147
127 148
127 150
127 151
127 154
127 156
127 157
127 161
127 163
128 129
128 130
128 131
128 132
128 133
128 134
128 135
128 137
128 139
128 140
128 141
128 144
128 145
128 147
128 148
128 150
128 155
128 158
128 159
128 160
128 161
128 162
129 130
129 131
129 133
129 134
129 136
129 137
129 138
129 139
129 140
129 142
129 144
129 145
129 146
129 147
129 148
129 151
129 153
129 154
129 155
129 157
129 158
129 159
129 161
129 163
130 131
130 132
130 134
130 135
130 136
130 137
130 138
130 143
130 144
130 147
130 148
130 150
130 152
130 153
130 154
130 155
130 156
130 157
130 158
130 159
130 160
130 161
130 162
130 164
131 132
131 133
131 134
131 137
131 138
131 139
131 141
131 142
131 144
131 145
131 146
131 147
131 149
131 150
131 151
131 152
131 153
131 155
131 156
131 157
131 158
131 159
131 160
131 161
131 162
131 164
132 134
132 135
132 136
132 137
132 138
132 141
132 142
132 144
132 147
132 149
132 152
132 153
132 154
132 155
132 156
132 157
132 158
132 159
132 161
132 162
132 163
132 164
133 134
133 135
133 136
133 138
133 139
133 141
133 143
133 144
133 145
133 146
133 148
133 151
133 152
133 153
133 154
133 156
133 158
133 159
133 162
133 163
133 164
134 135
134 136
134 137
134 138
134 139
134 140
134 141
134 142
134 143
134 145
134 146
134 148
134 151
134 152
134 153
134 154
134 160
134 161
134 162
135 136
135 138
135 139
135 141
135 145
135 146
135 150
135 151
135 152
135 153
135 154
135 155
135 156
135 158
135 159
135 160
135 161
135 162
135 164
136 137
136 138
136 139
136 140
136 141
136 142
136 143
136 144
136 146
136 147
136 150
136 151
136 152
136 153
136 154
136 155
136 157
136 158
136 159
136 160
136 161
136 162
137 138
137 139
137 140
137 141
137 144
137 145
137 146
137 149
137 150
137 151
137 153
137 155
137 156
137 160
137 161
137 164
138 142
138 146
138 147
138 150
138 151
138 153
138 155
138 156
138 157
138 159
138 160
138 161
138 162
139 140
139 141
139 143
139 145
139 146
139 147
139 150
139 153
139 154
139 155
139 156
139 157
139 158
139 160
139 161
140 141
140 142
140 144
140 145
140 146
140 147
140 151
140 152
140 155
140 158
140 159
140 161
140 162
140 163
140 164
141 142
141 143
141 144
141 145
141 146
141 147
141 148
141 151
141 152
141 153
141 154
141 156
141 157
141 158
141 159
141 160
141 163
141 164
142 143
142 144
142 146
142 147
142 150
142 151
142 152
142 154
142 155
142 156
142 158
142 159
142 160
142 162
142 164
143 144
143 145
143 146
143 149
143 151
143 152
143 153
143 154
143 155
143 157
143 161
143 162
143 164
144 145
144 146
144 147
144 148
144 154
144 155
144 157
144 158
144 160
144 161
144 162
144 163
145 147
145 148
145 149
145 150
145 152
145 153
145 154
145 155
145 156
145 157
145 158
145 159
145 161
145 162
145 163
145 164
146 147
146 149
146 150
146 151
146 152
146 153
146 154
146 155
146 156
146 157
146 158
146 159
146 161
146 163
146 164
147 148
147 149
147 151
147 152
147 153
147 155
147 156
147 157
147 158
147 159
147 160
147 163
147 164
148 149
148 151
148 152
148 153
148 154
148 156
148 157
148 158
148 159
148 160
148 161
148 162
148 163
148 164
149 150
149 151
149 152
149 153
149 154
149 155
149 156
149 158
149 159
149 162
149 164
150 155
150 157
150 158
150 159
150 160
150 161
150 163
150 164
151 154
151 156
151 158
151 159
151 161
151 162
151 163
151 164
152 153
152 155
152 156
152 158
152 159
152 160
152 163
152 164
153 155
153 157
153 158
153 159
153 161
153 162
153 164
154 156
154 157
154 158
154 159
154 160
154 161
154 162
154 164
155 157
155 158
155 162
155 163
156 157
156 158
156 159
156 162
156 163
157 158
157 160
157 161
157 162
157 164
158 160
158 161
158 162
158 164
159 160
159 162
159 163
159 164
160 161
160 162
160 163
160 164
161 162
161 164
162 163
162 164
163 164
