215 2360
0 10
0 26
0 33
0 35
0 37
0 68
0 85
0 89
0 97
0 114
0 137
0 138
0 139
0 145
0 167
0 170
0 180
0 190
0 205
0 206
1 4
1 5
1 26
1 31
1 33
1 36
1 46
1 51
1 65
1 67
1 87
1 88
1 98
1 118
1 125
1 135
1 150
1 154
1 155
1 156
1 157
1 182
1 191
1 200
1 201
1 202
2 4
2 8
2 27
2 30
2 32
2 36
2 45
2 48
2 50
2 54
2 59
2 82
2 89
2 105
2 122
2 123
2 124
2 126
2 128
2 146
2 150
2 156
2 169
2 172
2 177
2 185
2 188
2 191
2 197
2 203
3 5
3 10
3 29
3 32
3 34
3 35
3 51
3 53
3 57
3 62
3 117
3 125
3 133
3 146
3 168
3 171
3 173
3 175
3 190
3 197
3 212
3 214
4 19
4 31
4 32
4 47
4 56
4 62
4 119
4 130
4 133
4 141
4 154
4 156
4 165
4 168
4 175
4 177
4 197
5 7
5 17
5 64
5 79
5 80
5 85
5 98
5 123
5 129
5 131
5 133
5 145
5 146
5 162
5 165
5 172
5 179
5 201
5 203
5 204
5 205
5 211
6 7
6 17
6 21
6 32
6 39
6 51
6 53
6 54
6 74
6 84
6 86
6 134
6 139
6 152
6 160
6 164
6 193
6 195
6 201
6 210
7 12
7 22
7 29
7 63
7 64
7 70
7 76
7 91
7 103
7 136
7 140
7 159
7 166
7 170
7 174
7 181
7 187
8 10
8 45
8 81
8 92
8 93
8 95
8 109
8 127
8 128
8 129
8 135
8 137
8 149
8 152
8 158
8 163
8 164
8 165
8 177
8 190
8 191
8 202
8 207
8 210
8 213
9 12
9 45
9 61
9 78
9 83
9 86
9 88
9 98
9 105
9 108
9 146
9 147
9 153
9 159
9 167
9 186
9 187
10 20
10 30
10 36
10 38
10 63
10 68
10 76
10 81
10 91
10 106
10 116
10 120
10 141
10 146
10 147
10 153
10 171
10 202
10 204
11 16
11 21
11 23
11 26
11 41
11 45
11 65
11 78
11 82
11 85
11 127
11 131
11 137
11 158
11 159
11 172
11 190
11 202
11 208
12 18
12 21
12 40
12 71
12 80
12 94
12 98
12 102
12 107
12 108
12 119
12 163
12 164
12 198
12 207
12 213
13 19
13 27
13 29
13 44
13 53
13 72
13 73
13 77
13 114
13 136
13 140
13 143
13 152
13 153
13 156
13 161
13 174
13 211
14 28
14 33
14 37
14 40
14 47
14 49
14 50
14 54
14 68
14 80
14 83
14 95
14 119
14 137
14 139
14 142
14 149
14 154
14 183
14 186
14 187
14 189
14 196
14 202
14 203
15 17
15 23
15 32
15 39
15 62
15 73
15 77
15 91
15 132
15 134
15 143
15 164
15 168
15 170
15 171
15 188
15 208
16 19
16 21
16 26
16 34
16 61
16 64
16 67
16 80
16 104
16 127
16 137
16 145
16 152
16 153
16 158
16 161
16 166
16 187
16 209
17 25
17 26
17 37
17 42
17 53
17 67
17 72
17 74
17 93
17 98
17 117
17 118
17 119
17 126
17 129
17 134
17 155
17 162
17 179
17 186
17 193
18 38
18 47
18 68
18 89
18 90
18 110
18 119
18 123
18 130
18 135
18 136
18 138
18 141
18 156
18 169
18 182
18 189
18 190
18 195
19 34
19 38
19 41
19 42
19 52
19 68
19 85
19 103
19 117
19 127
19 137
19 153
19 155
19 162
19 164
19 169
19 178
19 179
19 187
19 200
19 210
20 38
20 53
20 55
20 67
20 80
20 84
20 88
20 93
20 102
20 105
20 108
20 121
20 127
20 138
20 141
20 147
20 150
20 157
20 165
20 166
20 174
20 188
20 203
20 208
20 209
21 26
21 33
21 35
21 37
21 43
21 44
21 76
21 90
21 91
21 98
21 107
21 108
21 122
21 134
21 138
21 145
21 147
21 156
21 160
21 172
21 177
22 33
22 34
22 38
22 39
22 41
22 48
22 96
22 105
22 106
22 107
22 109
22 111
22 163
22 165
22 192
22 213
23 34
23 38
23 42
23 46
23 73
23 90
23 92
23 94
23 97
23 100
23 103
23 113
23 119
23 135
23 140
23 141
23 144
23 158
23 168
23 171
23 175
23 212
24 25
24 26
24 46
24 56
24 57
24 62
24 73
24 75
24 88
24 90
24 95
24 104
24 105
24 110
24 127
24 131
24 132
24 134
24 140
24 144
24 152
24 155
24 161
24 193
24 197
24 198
24 205
25 40
25 42
25 50
25 54
25 57
25 66
25 68
25 73
25 83
25 86
25 98
25 120
25 123
25 130
25 157
25 160
25 161
25 162
25 165
25 171
25 182
25 186
25 192
25 201
25 207
26 35
26 36
26 46
26 53
26 86
26 98
26 99
26 103
26 113
26 115
26 118
26 129
26 146
26 147
26 173
26 177
26 179
26 212
27 37
27 50
27 62
27 76
27 93
27 104
27 109
27 135
27 142
27 145
27 150
27 165
27 183
27 185
28 38
28 46
28 58
28 63
28 85
28 87
28 94
28 95
28 103
28 117
28 131
28 132
28 133
28 141
28 143
28 145
28 153
28 154
28 158
28 175
28 184
28 186
28 196
28 204
28 207
29 52
29 55
29 56
29 62
29 74
29 77
29 82
29 98
29 118
29 168
29 171
29 172
29 175
29 187
29 197
29 204
29 205
29 212
30 31
30 36
30 38
30 53
30 61
30 78
30 79
30 85
30 96
30 103
30 118
30 123
30 127
30 133
30 149
30 161
30 171
30 174
31 33
31 52
31 54
31 70
31 76
31 92
31 96
31 111
31 117
31 123
31 124
31 137
31 147
31 159
31 165
31 189
31 191
31 201
31 202
31 204
32 41
32 46
32 55
32 64
32 70
32 72
32 73
32 74
32 80
32 82
32 85
32 108
32 111
32 119
32 128
32 129
32 137
32 139
32 140
32 141
32 169
32 197
32 205
32 208
32 209
32 213
33 43
33 62
33 72
33 90
33 96
33 110
33 117
33 118
33 128
33 136
33 144
33 149
33 152
33 158
33 168
33 171
33 173
33 182
33 186
33 203
34 41
34 74
34 95
34 106
34 112
34 122
34 139
34 154
34 161
34 162
34 167
34 175
34 187
34 189
34 199
34 208
35 41
35 50
35 58
35 59
35 62
35 67
35 76
35 79
35 89
35 106
35 107
35 110
35 113
35 116
35 119
35 120
35 121
35 127
35 138
35 161
35 168
35 184
36 39
36 49
36 53
36 55
36 62
36 74
36 90
36 126
36 129
36 134
36 145
36 147
36 149
36 163
36 187
36 195
36 196
36 199
37 43
37 46
37 76
37 79
37 84
37 94
37 108
37 109
37 110
37 111
37 116
37 137
37 139
37 140
37 153
37 170
37 181
37 204
37 214
38 51
38 52
38 54
38 57
38 63
38 64
38 67
38 71
38 83
38 90
38 127
38 150
38 169
38 174
38 197
38 201
39 47
39 77
39 84
39 89
39 99
39 106
39 113
39 121
39 126
39 128
39 137
39 143
39 158
39 180
39 191
39 196
39 213
40 45
40 69
40 75
40 81
40 84
40 98
40 99
40 106
40 107
40 116
40 119
40 135
40 146
40 157
40 158
40 166
40 167
40 170
40 186
40 187
40 192
40 195
40 200
41 48
41 70
41 71
41 88
41 97
41 101
41 104
41 111
41 135
41 141
41 147
41 149
41 156
41 182
41 186
41 191
41 192
41 202
41 203
42 43
42 77
42 83
42 84
42 89
42 101
42 111
42 115
42 116
42 129
42 154
42 160
42 183
42 205
43 44
43 51
43 62
43 77
43 124
43 127
43 131
43 151
43 170
43 171
43 183
43 196
43 201
43 204
43 212
44 49
44 59
44 67
44 72
44 98
44 101
44 106
44 116
44 146
44 148
44 153
44 156
44 167
44 182
44 196
44 200
45 54
45 59
45 60
45 62
45 80
45 93
45 100
45 103
45 114
45 116
45 139
45 148
45 149
45 155
45 156
45 158
45 165
45 166
45 168
45 172
45 176
45 184
45 185
45 188
46 49
46 53
46 55
46 69
46 80
46 89
46 107
46 108
46 111
46 115
46 116
46 120
46 124
46 127
46 128
46 132
46 145
46 154
46 155
46 163
46 166
46 170
46 179
46 184
46 195
46 206
47 72
47 81
47 94
47 98
47 105
47 110
47 134
47 149
47 156
47 157
47 164
47 165
47 170
47 182
47 185
48 49
48 62
48 63
48 71
48 73
48 84
48 108
48 115
48 120
48 133
48 134
48 146
48 177
48 191
48 199
49 50
49 54
49 55
49 70
49 73
49 77
49 88
49 101
49 109
49 116
49 125
49 128
49 131
49 143
49 153
49 163
49 164
49 175
49 191
49 199
49 203
49 209
49 210
50 51
50 53
50 55
50 56
50 70
50 83
50 87
50 101
50 106
50 108
50 137
50 138
50 141
50 152
50 154
50 155
50 158
50 161
50 186
50 200
51 54
51 70
51 71
51 72
51 74
51 76
51 116
51 118
51 127
51 130
51 144
51 174
51 188
51 190
51 193
51 203
52 59
52 73
52 95
52 96
52 103
52 105
52 114
52 123
52 131
52 153
52 155
52 161
52 170
52 173
52 178
52 199
52 208
53 68
53 108
53 128
53 147
53 151
53 174
53 175
53 178
53 189
53 194
53 207
53 212
53 213
54 68
54 76
54 87
54 99
54 101
54 109
54 115
54 122
54 127
54 128
54 132
54 145
54 146
54 149
54 151
54 153
54 158
54 173
54 187
54 189
54 190
54 195
54 200
54 201
55 58
55 68
55 84
55 95
55 97
55 115
55 140
55 148
55 184
55 185
55 187
55 188
55 196
55 197
55 198
55 200
55 204
55 214
56 64
56 67
56 70
56 78
56 84
56 87
56 94
56 116
56 119
56 121
56 123
56 128
56 139
56 140
56 155
56 175
56 177
56 185
56 199
56 208
56 210
56 211
57 58
57 62
57 65
57 73
57 76
57 77
57 80
57 85
57 115
57 123
57 151
57 159
57 182
57 191
57 211
57 212
58 63
58 82
58 86
58 95
58 126
58 144
58 178
58 182
58 209
58 211
59 60
59 64
59 69
59 70
59 86
59 89
59 94
59 109
59 137
59 141
59 145
59 160
59 169
60 71
60 83
60 98
60 102
60 106
60 107
60 108
60 123
60 132
60 137
60 142
60 154
60 156
60 194
61 108
61 116
61 142
61 152
61 176
61 178
61 179
61 187
62 71
62 72
62 74
62 75
62 87
62 97
62 114
62 132
62 140
62 161
62 168
62 192
62 204
62 209
62 212
63 64
63 72
63 85
63 100
63 112
63 126
63 129
63 139
63 151
63 155
63 156
63 164
63 168
63 171
63 190
63 202
63 207
63 209
64 97
64 108
64 129
64 132
64 142
64 185
64 197
64 199
64 210
65 73
65 83
65 90
65 91
65 92
65 102
65 121
65 123
65 128
65 137
65 139
65 145
65 150
65 160
65 161
65 168
65 181
65 188
65 201
65 214
66 90
66 106
66 129
66 141
66 160
66 183
66 188
66 190
66 194
66 204
67 71
67 127
67 129
67 137
67 156
67 175
68 77
68 84
68 85
68 89
68 105
68 110
68 117
68 122
68 127
68 129
68 131
68 142
68 152
68 155
68 191
68 192
69 78
69 96
69 100
69 106
69 131
69 135
69 162
69 171
69 175
69 181
69 207
69 211
69 212
70 77
70 80
70 83
70 105
70 124
70 146
70 168
70 187
70 189
70 194
70 200
70 214
71 93
71 106
71 111
71 113
71 122
71 129
71 139
71 143
71 152
71 214
72 80
72 94
72 102
72 114
72 134
72 138
72 145
72 160
72 164
72 175
72 180
72 193
72 197
72 198
72 210
72 213
73 78
73 87
73 88
73 138
73 139
73 157
73 159
73 160
73 187
73 191
73 205
74 78
74 83
74 101
74 139
74 159
74 162
74 164
74 171
74 192
74 210
74 211
75 83
75 90
75 100
75 106
75 110
75 126
75 129
75 130
75 134
75 136
75 138
75 142
75 145
75 150
75 151
75 159
75 163
75 178
75 184
75 193
75 195
75 199
75 207
75 212
76 80
76 86
76 94
76 114
76 123
76 139
76 144
76 145
76 152
76 155
76 159
76 176
77 85
77 89
77 117
77 119
77 127
77 142
77 144
77 149
77 153
77 170
77 174
77 177
77 181
77 186
77 192
77 207
78 82
78 88
78 101
78 102
78 114
78 121
78 132
78 158
78 163
78 166
78 176
78 183
78 190
78 196
78 204
79 114
79 119
79 121
79 126
79 127
79 150
79 155
79 171
79 184
79 191
79 192
79 193
79 203
80 84
80 92
80 93
80 100
80 101
80 102
80 109
80 132
80 137
80 140
80 152
80 177
80 185
80 191
80 202
80 208
80 213
81 83
81 91
81 100
81 104
81 106
81 118
81 132
81 146
81 173
81 191
81 198
81 201
81 202
81 205
82 85
82 88
82 92
82 103
82 104
82 117
82 126
82 127
82 150
82 152
82 198
82 211
83 99
83 104
83 110
83 122
83 151
83 152
83 169
83 176
83 178
83 187
83 195
83 196
84 88
84 117
84 128
84 141
84 146
84 161
84 169
84 189
84 192
84 194
84 198
84 205
84 210
85 87
85 99
85 104
85 106
85 110
85 118
85 126
85 131
85 132
85 150
85 155
85 177
85 184
85 185
85 191
85 193
85 197
85 206
86 96
86 101
86 107
86 108
86 121
86 143
86 155
86 159
86 167
86 170
86 183
86 191
86 205
86 210
87 93
87 101
87 113
87 114
87 123
87 152
87 163
87 175
87 185
87 189
87 191
87 195
87 197
87 198
87 209
88 89
88 94
88 106
88 111
88 114
88 149
88 157
88 162
88 186
88 190
88 200
88 203
88 208
88 211
89 95
89 139
89 142
89 144
89 151
89 160
89 199
90 115
90 122
90 151
90 152
90 155
90 168
90 175
90 183
90 197
90 209
91 106
91 108
91 109
91 123
91 134
91 135
91 140
91 143
91 158
91 164
91 169
91 178
91 180
91 192
91 197
91 199
92 98
92 124
92 132
92 141
92 144
92 146
92 156
92 163
92 179
92 185
92 193
93 110
93 130
93 143
93 149
93 164
93 170
93 185
93 190
94 111
94 124
94 129
94 146
94 148
94 155
94 161
94 184
94 186
94 193
94 206
94 211
95 103
95 110
95 151
95 154
95 156
95 159
95 181
95 186
96 116
96 129
96 158
96 163
96 172
96 177
97 103
97 117
97 133
97 150
97 154
97 156
97 168
97 185
98 102
98 165
98 177
98 185
98 209
99 121
99 129
99 139
99 140
99 151
99 174
99 203
100 106
100 109
100 120
100 122
100 123
100 135
100 137
100 157
100 170
100 176
100 184
100 209
101 104
101 108
101 115
101 121
101 128
101 130
101 134
101 142
101 148
101 152
101 164
101 168
101 174
101 179
101 185
101 190
101 192
101 209
101 212
102 114
102 123
102 125
102 127
102 147
102 167
102 171
102 199
102 204
102 208
102 212
103 106
103 122
103 139
103 141
103 142
103 150
103 151
103 171
103 177
103 184
103 187
103 193
103 198
103 211
104 110
104 121
104 128
104 140
104 145
104 180
104 195
104 200
104 210
105 118
105 126
105 145
105 164
105 182
105 194
105 204
105 209
106 128
106 134
106 144
106 157
106 163
106 166
106 168
106 177
106 185
106 190
106 199
106 208
106 210
107 125
107 129
107 131
107 135
107 138
107 141
107 154
107 170
107 171
107 172
107 173
107 176
107 184
107 185
107 190
108 109
108 110
108 118
108 127
108 134
108 136
108 138
108 154
108 173
108 180
108 181
108 208
108 210
109 112
109 126
109 129
109 139
109 140
109 144
109 155
109 164
109 170
109 171
109 172
110 116
110 126
110 140
110 145
110 157
110 165
110 179
110 183
111 114
111 126
111 130
111 138
111 147
111 148
111 159
111 165
111 173
111 188
111 197
111 212
112 116
112 119
112 121
112 131
112 155
112 156
112 169
112 172
112 181
112 194
112 200
112 211
112 213
113 123
113 132
113 141
113 143
113 146
113 148
113 155
113 160
113 162
113 170
113 186
113 188
113 193
113 213
114 116
114 119
114 146
114 147
114 149
114 171
114 176
114 181
114 197
115 117
115 140
115 153
115 174
115 195
115 197
116 134
116 142
116 151
116 157
116 164
116 168
116 174
116 175
116 195
116 196
116 208
117 124
117 129
117 132
117 138
117 145
117 150
117 162
117 182
117 190
118 147
118 148
118 150
118 155
118 161
118 163
118 176
118 179
118 189
119 134
119 136
119 146
119 148
119 155
119 156
119 164
119 177
119 182
119 186
119 195
119 208
120 135
120 142
120 153
120 158
120 160
120 166
120 169
120 170
120 192
120 194
120 203
120 206
120 207
121 122
121 144
121 151
121 159
121 179
121 182
121 193
121 203
121 211
122 145
122 152
122 162
122 175
122 176
122 188
122 192
123 131
123 169
123 191
123 196
123 204
123 209
123 210
124 132
124 139
124 140
124 143
124 155
124 164
124 168
124 169
124 174
124 175
124 195
124 196
124 205
124 209
125 131
125 140
125 143
125 144
125 146
125 150
125 153
125 161
125 173
125 184
125 188
125 196
125 207
125 209
125 212
126 133
126 137
126 160
126 188
126 199
126 207
126 214
127 155
127 163
127 167
127 181
127 185
127 189
127 194
127 195
128 150
128 160
128 175
128 177
128 178
128 183
128 191
129 134
129 143
129 156
129 180
129 185
129 190
129 192
129 199
129 203
129 205
129 206
129 211
130 134
130 147
130 160
130 196
131 135
131 139
131 141
131 152
131 153
131 163
131 167
131 174
131 199
131 208
132 133
132 145
132 177
132 210
133 135
133 143
133 152
133 154
133 155
133 156
133 160
133 188
133 194
133 197
134 137
134 138
134 142
134 150
134 159
134 165
134 179
134 191
134 192
134 198
134 205
134 214
135 146
135 152
135 154
135 162
135 183
135 190
135 193
135 199
135 203
135 212
136 148
136 152
136 156
136 166
136 169
136 170
136 175
136 177
136 178
136 188
136 189
136 196
136 202
136 203
137 139
137 141
137 150
137 155
137 165
138 140
138 141
138 182
138 188
139 149
139 152
139 153
139 154
139 177
139 184
139 189
139 199
139 208
140 146
140 149
140 153
140 159
140 160
140 161
140 175
140 178
140 184
140 190
140 207
141 165
141 166
141 168
141 179
141 183
141 189
142 145
142 147
142 163
142 177
142 186
142 197
142 204
143 174
143 205
144 148
144 149
144 154
144 178
144 180
144 181
144 187
144 195
144 200
144 204
145 150
145 157
145 173
145 182
145 201
145 210
146 151
146 165
146 174
146 178
146 193
146 196
146 201
147 148
147 155
147 158
147 161
147 164
147 165
147 169
147 178
147 182
147 183
147 188
147 194
147 195
147 197
147 199
147 210
148 166
148 170
148 180
149 152
149 163
149 164
149 166
149 182
149 192
149 195
149 204
149 213
150 166
150 174
150 181
150 196
151 156
151 180
151 192
151 202
151 214
152 179
152 194
152 197
152 199
152 204
152 214
153 167
153 178
153 213
154 179
154 183
154 184
154 197
154 212
155 159
155 161
155 175
155 176
155 178
155 179
155 198
155 200
155 211
156 169
156 185
156 196
156 209
157 158
157 163
157 164
157 178
157 194
158 160
158 163
158 170
158 173
158 180
158 188
158 192
158 198
158 208
158 209
158 214
159 160
159 182
159 194
159 196
159 198
159 204
160 190
160 199
161 168
161 176
161 184
161 189
161 203
161 211
162 164
162 177
162 200
162 201
162 208
163 166
163 180
163 182
163 186
163 212
164 172
164 175
164 187
164 194
164 214
165 179
165 195
165 205
165 208
166 189
167 203
167 213
168 172
168 184
168 185
168 188
168 194
168 195
168 204
168 209
168 213
169 188
169 196
170 173
170 189
170 201
170 203
170 214
171 185
171 188
171 207
172 201
173 175
173 179
173 186
173 188
173 197
173 204
174 189
174 192
174 198
174 201
174 209
175 182
175 184
175 185
175 192
175 198
176 178
176 186
176 188
176 193
176 198
176 202
177 183
177 201
178 188
178 189
178 191
178 194
178 201
178 203
178 210
178 212
178 213
179 189
179 193
179 195
179 200
179 204
179 205
179 210
179 211
180 190
180 196
180 199
180 203
180 205
180 210
180 211
181 192
181 198
182 207
182 212
183 195
183 202
184 214
186 188
187 193
187 203
187 210
188 196
188 201
188 208
188 210
188 212
188 214
189 192
189 202
189 205
189 209
190 199
191 201
191 204
191 213
192 197
192 199
194 203
195 197
195 203
195 207
195 208
197 198
197 200
197 214
198 208
198 213
198 214
199 201
199 207
199 210
201 203
202 207
203 209
204 208
205 208
205 210
206 209
207 213
212 214
