20 116
0 1
0 8
0 9
0 11
0 12
0 13
0 14
0 15
0 17
1 2
1 3
1 6
1 8
1 9
1 11
1 12
1 13
1 14
1 15
1 16
1 18
2 8
2 9
2 10
2 11
2 12
2 13
2 14
2 15
2 17
2 19
3 4
3 5
3 7
3 8
3 10
3 11
3 13
3 14
3 16
3 18
3 19
4 5
4 6
4 7
4 8
4 9
4 11
4 12
4 13
4 14
4 18
5 6
5 9
5 10
5 11
5 12
5 14
5 15
5 17
6 7
6 9
6 10
6 11
6 12
6 13
6 16
6 17
6 18
6 19
7 10
7 11
7 12
7 16
7 18
7 19
8 10
8 11
8 12
8 16
8 17
8 19
9 10
9 11
9 14
9 16
9 17
9 19
10 12
10 14
10 16
10 18
10 19
11 13
11 15
11 16
11 18
11 19
12 13
12 15
12 17
12 18
12 19
13 14
13 15
13 18
13 19
14 16
14 19
15 17
15 18
15 19
16 18
16 19
17 19
18 19
