45 480
0 4
0 5
0 11
0 14
0 16
0 17
0 18
0 20
0 21
0 27
0 28
0 29
0 32
0 34
0 38
0 39
0 41
0 42
0 43
1 3
1 4
1 5
1 6
1 7
1 9
1 10
1 12
1 13
1 14
1 18
1 19
1 21
1 28
1 30
1 31
1 33
1 34
1 35
1 36
1 37
1 38
1 40
1 42
1 43
2 5
2 6
2 7
2 8
2 9
2 12
2 13
2 15
2 22
2 23
2 24
2 29
2 33
2 34
2 36
2 38
2 39
2 42
2 43
3 4
3 6
3 7
3 8
3 10
3 15
3 21
3 22
3 25
3 26
3 27
3 28
3 29
3 30
3 31
3 32
3 33
3 34
3 35
3 37
3 39
3 40
3 41
3 42
3 43
4 5
4 6
4 10
4 12
4 14
4 15
4 16
4 18
4 21
4 22
4 25
4 26
4 27
4 28
4 29
4 30
4 31
4 32
4 35
4 37
4 40
4 41
5 11
5 12
5 15
5 19
5 20
5 26
5 30
5 31
5 32
5 34
5 38
5 42
5 43
5 44
6 11
6 13
6 17
6 18
6 19
6 20
6 23
6 24
6 27
6 28
6 34
6 36
6 37
6 39
6 40
6 42
6 43
6 44
7 10
7 16
7 18
7 21
7 22
7 25
7 27
7 30
7 31
7 32
7 33
7 39
8 9
8 11
8 12
8 13
8 14
8 16
8 17
8 18
8 19
8 21
8 24
8 27
8 29
8 30
8 34
8 35
8 36
8 37
8 39
8 41
8 44
9 10
9 11
9 12
9 13
9 14
9 15
9 16
9 20
9 23
9 24
9 25
9 30
9 31
9 32
9 34
9 36
9 39
10 11
10 15
10 17
10 20
10 21
10 23
10 24
10 25
10 29
10 30
10 31
10 34
10 36
10 37
10 41
10 42
10 43
10 44
11 15
11 22
11 24
11 25
11 27
11 28
11 29
11 30
11 31
11 32
11 34
11 35
11 36
11 39
11 41
11 42
11 43
11 44
12 17
12 20
12 22
12 23
12 25
12 29
12 32
12 33
12 34
12 35
12 36
12 38
12 40
12 41
12 42
12 43
13 14
13 17
13 22
13 23
13 24
13 25
13 26
13 29
13 31
13 32
13 34
13 40
13 41
13 42
13 44
14 15
14 19
14 22
14 23
14 25
14 26
14 29
14 34
14 36
14 37
14 38
14 40
14 41
14 42
14 44
15 17
15 18
15 20
15 21
15 22
15 24
15 30
15 32
15 33
15 34
15 35
15 40
15 41
15 42
16 18
16 19
16 20
16 21
16 22
16 23
16 24
16 25
16 27
16 29
16 30
16 31
16 37
16 39
16 40
17 19
17 22
17 23
17 25
17 27
17 31
17 37
17 38
17 40
17 43
17 44
18 21
18 23
18 24
18 28
18 29
18 30
18 31
18 34
18 35
18 36
18 37
18 39
18 41
18 42
18 43
19 21
19 26
19 27
19 34
19 38
19 42
20 23
20 24
20 26
20 27
20 28
20 30
20 31
20 32
20 33
20 34
20 35
20 40
20 41
21 25
21 26
21 27
21 28
21 29
21 32
21 34
21 38
21 39
21 40
21 41
21 44
22 24
22 27
22 30
22 31
22 32
22 33
22 35
22 36
22 41
22 42
22 43
22 44
23 25
23 27
23 28
23 30
23 36
23 38
23 39
23 40
23 42
24 25
24 26
24 27
24 29
24 30
24 35
24 38
24 40
24 41
24 42
24 43
25 26
25 27
25 31
25 34
25 36
25 37
25 38
25 39
26 27
26 31
26 32
26 35
26 40
26 41
26 43
27 28
27 31
27 32
27 34
27 35
27 36
27 37
27 42
28 29
28 30
28 31
28 33
28 34
28 41
28 44
29 30
29 31
29 32
29 33
29 34
29 35
29 37
29 38
29 44
30 32
30 33
30 34
30 35
30 36
30 37
30 38
30 43
31 34
31 37
31 43
31 44
32 33
32 35
32 36
32 38
32 41
32 42
32 44
33 36
33 40
34 36
34 37
34 42
34 43
35 36
35 37
35 39
35 40
35 41
35 43
36 39
36 41
36 44
37 38
37 39
37 40
37 41
38 40
38 42
38 43
39 40
39 41
39 42
39 43
40 41
41 43
41 44
42 43
