50 247
0 6
0 9
0 10
0 13
0 14
0 24
0 26
0 27
0 28
0 30
0 34
0 35
0 40
0 41
0 44
1 10
1 12
1 15
1 16
1 25
1 26
1 27
1 34
1 39
1 40
2 3
2 7
2 9
2 11
2 13
2 18
2 21
2 26
2 35
2 36
2 43
3 5
3 17
3 20
3 30
3 33
3 43
3 48
4 7
4 18
4 24
4 33
4 39
4 44
4 48
5 13
5 14
5 15
5 16
5 37
5 40
6 12
6 14
6 16
6 18
6 20
6 24
6 32
6 42
6 44
7 8
7 12
7 14
7 20
7 21
7 29
7 41
7 43
7 45
7 46
8 10
8 13
8 15
8 28
8 29
8 30
8 32
8 39
9 10
9 16
9 18
9 19
9 26
9 31
9 37
9 39
10 13
10 15
10 20
10 23
10 27
10 30
10 31
10 32
10 39
10 41
10 47
11 20
11 22
11 26
11 32
11 34
11 40
12 13
12 20
12 23
12 25
12 27
12 31
12 36
12 39
12 41
12 48
13 17
13 22
13 23
13 25
13 27
13 33
13 37
13 39
13 40
13 41
13 47
13 49
14 16
14 24
14 25
14 33
14 34
14 49
15 16
15 22
15 24
15 28
15 29
15 32
15 35
15 37
15 38
15 39
16 19
16 20
16 28
16 29
16 35
16 41
16 48
17 29
17 31
17 41
18 24
18 27
18 33
18 34
18 35
18 37
19 23
19 31
19 33
19 36
19 48
20 27
20 28
20 32
20 34
20 38
20 39
20 45
20 48
21 32
21 44
22 33
22 41
22 44
23 28
23 30
23 36
23 37
23 41
24 26
24 29
24 37
24 40
24 41
24 43
25 28
25 35
25 36
25 41
25 44
25 49
26 27
26 35
26 38
26 42
26 45
27 28
27 33
27 43
27 44
28 32
28 42
29 31
29 33
29 37
29 38
29 46
30 41
30 46
31 44
31 48
32 33
32 41
33 38
33 41
33 44
33 45
34 36
34 40
35 42
35 45
35 49
36 38
37 38
37 46
38 44
38 49
39 45
39 48
40 43
40 45
40 46
40 49
42 44
43 45
44 45
44 48
44 49
45 47
45 48
46 48
