60 352
0 3
0 5
0 9
0 10
0 17
0 18
0 20
0 25
0 30
0 32
0 35
0 37
0 38
0 39
0 45
0 48
1 3
1 4
1 12
1 20
1 21
1 51
1 54
1 58
2 8
2 15
2 18
2 19
2 20
2 37
2 41
2 54
2 55
3 4
3 10
3 16
3 17
3 18
3 19
3 29
3 38
3 41
3 57
4 6
4 8
4 15
4 16
4 17
4 20
4 24
4 36
4 41
4 45
4 46
4 50
5 9
5 10
5 13
5 19
5 24
5 25
5 39
5 43
5 45
5 51
5 54
5 59
6 10
6 14
6 18
6 32
6 33
6 34
6 38
6 39
6 40
6 54
6 55
6 57
7 11
7 14
7 18
7 21
7 22
7 24
7 25
7 27
7 34
7 41
7 43
7 44
7 58
8 16
8 18
8 28
8 33
8 34
8 36
8 38
8 40
8 42
8 45
8 51
8 55
8 56
9 11
9 16
9 22
9 28
9 29
9 32
9 42
9 44
9 45
9 51
9 58
10 11
10 12
10 19
10 24
10 29
10 36
10 41
10 42
10 45
10 49
10 50
10 53
10 56
11 14
11 16
11 20
11 23
11 27
11 28
11 33
11 35
11 36
11 40
12 16
12 17
12 45
12 49
12 51
12 54
12 55
12 58
13 15
13 17
13 18
13 22
13 36
13 39
13 56
14 17
14 22
14 27
14 44
14 49
14 51
14 54
15 22
15 31
15 38
15 40
15 44
15 45
16 17
16 23
16 27
16 32
16 34
16 40
16 54
16 55
17 20
17 25
17 26
17 33
17 35
17 38
17 48
17 53
17 54
17 58
18 21
18 23
18 28
18 29
18 30
18 31
18 33
18 41
18 47
18 50
18 54
18 57
19 20
19 22
19 24
19 26
19 34
19 50
20 30
20 52
21 23
21 25
21 32
21 36
21 40
21 42
21 43
21 44
21 50
21 56
22 23
22 25
22 27
22 28
22 48
22 49
22 51
22 57
23 25
23 35
23 45
23 46
23 47
23 49
23 50
23 55
23 56
24 26
24 31
24 32
24 33
24 35
24 36
24 40
24 44
25 27
25 38
25 54
25 55
25 56
26 36
26 37
26 38
26 44
27 32
27 33
27 35
27 51
27 59
28 32
28 35
28 37
28 38
28 42
28 43
28 44
28 46
28 48
28 50
28 53
29 31
29 33
29 34
29 41
29 43
29 48
29 55
30 39
30 41
30 43
30 46
30 48
30 50
30 55
31 56
31 59
32 36
32 37
32 51
32 52
32 58
33 36
33 42
33 45
33 47
33 53
33 54
34 37
34 46
34 53
34 57
34 58
35 39
35 45
35 46
35 59
36 37
36 43
36 53
36 56
37 40
37 41
37 43
37 48
37 52
37 59
38 40
38 45
38 46
38 54
39 48
39 50
39 53
39 54
40 43
40 48
40 56
40 59
41 45
41 50
41 59
42 43
42 44
42 47
42 52
43 48
43 54
44 46
44 48
45 49
45 52
45 57
46 52
46 53
47 48
47 50
48 51
48 53
48 54
48 58
49 55
50 55
52 55
52 59
53 55
54 58
58 59
