60 851
0 2
0 4
0 7
0 8
0 13
0 15
0 16
0 18
0 21
0 22
0 23
0 25
0 26
0 29
0 30
0 31
0 33
0 34
0 37
0 38
0 43
0 44
0 45
0 47
0 48
0 49
0 50
0 53
0 54
0 55
0 59
1 2
1 3
1 7
1 8
1 10
1 11
1 12
1 14
1 16
1 17
1 19
1 20
1 21
1 23
1 31
1 34
1 37
1 40
1 43
1 44
1 45
1 53
1 56
1 58
2 6
2 8
2 10
2 12
2 13
2 14
2 16
2 17
2 18
2 22
2 28
2 29
2 30
2 32
2 33
2 34
2 36
2 39
2 41
2 44
2 46
2 48
2 51
2 53
2 54
2 56
2 59
3 4
3 6
3 10
3 11
3 12
3 13
3 14
3 16
3 17
3 18
3 21
3 22
3 24
3 25
3 27
3 29
3 31
3 33
3 35
3 37
3 39
3 40
3 41
3 42
3 43
3 45
3 46
3 47
3 49
3 51
3 54
3 56
4 6
4 9
4 10
4 13
4 14
4 15
4 17
4 18
4 19
4 20
4 21
4 23
4 25
4 26
4 30
4 32
4 34
4 36
4 38
4 40
4 41
4 43
4 44
4 47
4 48
4 49
4 50
4 56
4 59
5 6
5 8
5 11
5 13
5 14
5 15
5 16
5 20
5 21
5 23
5 24
5 25
5 27
5 35
5 36
5 38
5 40
5 41
5 44
5 45
5 46
5 47
5 48
5 51
5 55
5 56
5 57
6 7
6 8
6 9
6 11
6 14
6 15
6 16
6 20
6 22
6 25
6 26
6 27
6 32
6 33
6 36
6 37
6 39
6 40
6 41
6 42
6 43
6 44
6 45
6 48
6 49
6 51
6 52
6 53
6 54
6 55
6 58
7 8
7 9
7 14
7 17
7 18
7 21
7 26
7 29
7 31
7 33
7 34
7 36
7 37
7 38
7 39
7 40
7 41
7 44
7 46
7 48
7 49
7 50
7 51
7 52
7 55
7 58
8 9
8 10
8 11
8 13
8 18
8 19
8 22
8 23
8 24
8 27
8 28
8 29
8 31
8 35
8 37
8 38
8 39
8 40
8 41
8 42
8 43
8 44
8 49
8 52
8 54
8 56
8 58
9 12
9 13
9 18
9 21
9 23
9 24
9 29
9 30
9 32
9 36
9 39
9 41
9 42
9 44
9 45
9 49
9 50
9 54
9 59
10 13
10 15
10 17
10 18
10 19
10 21
10 24
10 25
10 29
10 31
10 32
10 33
10 35
10 36
10 41
10 42
10 46
10 49
10 51
10 52
10 56
10 57
10 58
10 59
11 16
11 17
11 18
11 19
11 20
11 24
11 26
11 29
11 30
11 31
11 35
11 37
11 38
11 39
11 42
11 44
11 45
11 46
11 50
11 52
11 53
11 54
11 55
11 56
11 57
12 20
12 21
12 26
12 27
12 28
12 30
12 34
12 35
12 38
12 39
12 48
12 50
12 51
12 55
12 59
13 14
13 15
13 17
13 18
13 19
13 20
13 22
13 24
13 25
13 29
13 31
13 32
13 33
13 35
13 36
13 37
13 40
13 41
13 45
13 48
13 51
13 52
13 53
13 55
13 56
13 57
13 58
14 15
14 16
14 18
14 19
14 23
14 24
14 27
14 31
14 34
14 37
14 40
14 46
14 48
14 50
14 51
14 52
14 55
14 56
14 58
15 16
15 17
15 18
15 20
15 22
15 24
15 26
15 28
15 33
15 35
15 41
15 42
15 45
15 46
15 47
15 50
15 52
15 53
15 56
15 59
16 18
16 21
16 22
16 27
16 28
16 29
16 30
16 33
16 40
16 44
16 45
16 47
16 48
16 51
16 52
16 56
16 58
17 18
17 19
17 22
17 23
17 27
17 28
17 30
17 32
17 37
17 38
17 41
17 42
17 45
17 47
17 48
17 49
17 50
17 52
17 58
18 20
18 22
18 25
18 26
18 29
18 33
18 35
18 36
18 37
18 39
18 40
18 44
18 47
18 48
18 51
18 53
18 54
18 55
18 59
19 23
19 25
19 26
19 27
19 29
19 30
19 31
19 32
19 35
19 38
19 42
19 43
19 44
19 50
19 51
19 52
19 54
19 55
19 56
20 22
20 23
20 24
20 25
20 31
20 34
20 35
20 36
20 38
20 47
20 48
20 50
20 51
20 56
20 58
20 59
21 24
21 28
21 31
21 32
21 33
21 34
21 35
21 36
21 37
21 43
21 44
21 46
21 48
21 49
21 50
21 51
21 54
21 56
21 57
21 59
22 23
22 26
22 27
22 29
22 31
22 33
22 34
22 35
22 38
22 40
22 41
22 42
22 43
22 44
22 45
22 48
22 49
22 50
22 52
22 53
22 54
22 56
22 57
22 58
23 25
23 26
23 28
23 31
23 33
23 39
23 40
23 44
23 45
23 47
23 50
23 51
23 52
23 53
23 54
23 57
23 58
24 25
24 27
24 28
24 29
24 33
24 36
24 37
24 38
24 40
24 41
24 42
24 47
24 48
24 49
24 52
24 54
24 58
24 59
25 27
25 29
25 31
25 34
25 37
25 40
25 43
25 44
25 45
25 46
25 49
25 52
25 58
26 27
26 28
26 29
26 30
26 32
26 34
26 36
26 42
26 44
26 45
26 47
26 49
26 53
26 54
26 57
26 58
27 32
27 33
27 37
27 41
27 43
27 50
27 54
27 56
27 59
28 31
28 32
28 34
28 35
28 36
28 37
28 38
28 40
28 45
28 48
28 49
28 53
28 54
28 55
29 32
29 34
29 36
29 40
29 44
29 49
29 50
29 52
29 53
29 54
29 58
30 34
30 37
30 40
30 42
30 46
30 55
30 57
30 59
31 34
31 36
31 38
31 40
31 43
31 46
31 47
31 51
31 52
31 54
31 55
31 56
31 59
32 33
32 39
32 40
32 41
32 43
32 46
32 47
32 48
32 49
32 51
32 53
32 55
32 56
32 59
33 34
33 36
33 38
33 39
33 40
33 41
33 43
33 45
33 46
33 49
33 51
33 52
33 53
33 54
33 56
33 58
34 36
34 37
34 38
34 40
34 43
34 47
34 48
34 49
34 50
34 55
34 56
35 36
35 37
35 39
35 40
35 42
35 43
35 44
35 45
35 46
35 49
35 51
35 52
35 54
35 56
35 57
35 58
36 37
36 39
36 42
36 43
36 44
36 45
36 49
36 50
36 52
36 53
36 54
36 56
36 58
36 59
37 38
37 41
37 42
37 43
37 46
37 48
37 49
37 51
37 52
37 53
37 54
37 55
37 56
37 57
37 59
38 39
38 40
38 41
38 43
38 50
38 52
38 53
38 54
38 55
38 56
38 57
39 42
39 43
39 44
39 47
39 51
39 53
39 54
39 55
40 42
40 47
40 48
40 50
40 53
40 55
40 56
40 57
41 42
41 48
41 50
41 51
41 54
41 55
41 57
41 58
42 43
42 44
42 45
42 47
42 48
42 50
42 51
42 55
42 56
42 57
43 46
43 51
43 52
43 53
43 54
43 58
44 47
44 48
44 51
44 52
44 53
44 54
44 57
45 46
45 48
45 51
45 52
45 53
45 57
46 47
46 51
46 52
46 53
46 56
46 57
46 59
47 50
47 51
47 53
47 55
47 56
47 57
47 58
47 59
48 52
48 56
48 57
49 50
49 52
49 54
49 55
49 57
50 51
50 53
50 55
50 58
50 59
51 54
51 56
51 58
51 59
52 55
52 57
53 54
53 57
53 59
54 56
54 57
54 59
55 58
55 59
56 57
56 59
57 59
