60 192
0 27
0 29
0 46
0 54
1 15
1 24
1 39
1 45
2 8
2 30
2 35
2 38
3 6
3 10
3 13
3 22
3 23
3 24
3 27
3 37
3 49
3 54
3 58
3 59
4 6
4 14
4 21
4 22
4 44
5 28
5 29
5 38
5 50
5 56
6 20
6 23
6 34
6 36
6 39
6 45
6 54
7 27
7 50
8 11
8 29
8 31
8 42
9 10
9 32
9 40
9 46
9 52
9 55
10 11
10 12
10 41
10 45
10 50
11 22
11 23
11 27
11 45
11 51
12 15
12 44
12 45
12 49
12 57
13 16
13 23
13 27
13 31
13 48
13 56
13 59
14 17
14 27
14 39
14 54
15 29
15 32
15 33
15 39
15 54
16 23
16 24
16 26
16 29
16 39
16 43
16 53
16 56
17 21
17 26
17 27
17 38
17 42
18 27
18 38
18 44
18 59
19 23
19 34
19 38
19 49
19 57
20 26
20 38
20 42
20 54
21 39
21 41
21 44
21 46
21 56
22 29
22 30
22 33
22 42
22 49
22 59
23 47
23 48
23 49
23 51
24 31
24 36
24 50
24 56
25 49
25 50
25 58
26 29
26 34
26 39
26 43
26 53
26 57
27 30
27 41
27 53
27 59
28 33
28 36
28 39
28 41
28 52
28 59
29 34
29 45
29 46
30 31
30 48
30 54
30 56
31 40
32 36
32 46
32 53
33 48
34 39
34 42
35 44
35 45
35 50
35 53
36 50
36 57
36 59
37 58
38 39
38 41
38 47
38 49
38 56
39 42
40 44
40 48
41 51
41 59
42 46
42 56
43 55
43 56
44 52
46 57
48 57
49 50
49 53
53 57
57 59
58 59
