65 754
0 1
0 3
0 4
0 9
0 10
0 12
0 17
0 22
0 26
0 27
0 28
0 29
0 30
0 31
0 32
0 35
0 41
0 42
0 47
0 54
0 57
0 62
0 63
1 2
1 3
1 4
1 7
1 11
1 12
1 13
1 15
1 16
1 17
1 21
1 25
1 28
1 31
1 33
1 35
1 37
1 38
1 41
1 43
1 46
1 49
1 50
1 51
1 52
1 53
1 54
1 55
1 57
1 58
1 60
1 63
2 6
2 7
2 14
2 15
2 21
2 24
2 27
2 31
2 32
2 34
2 36
2 41
2 48
2 53
2 54
2 56
2 59
2 62
2 63
2 64
3 4
3 5
3 7
3 11
3 14
3 15
3 16
3 17
3 18
3 21
3 22
3 24
3 27
3 32
3 33
3 34
3 46
3 48
3 49
3 52
3 53
3 54
3 56
3 58
3 62
3 64
4 6
4 7
4 8
4 13
4 14
4 15
4 16
4 17
4 20
4 25
4 27
4 29
4 33
4 34
4 36
4 37
4 38
4 48
4 51
4 55
4 56
4 60
4 61
5 6
5 8
5 10
5 16
5 20
5 23
5 27
5 29
5 30
5 31
5 33
5 36
5 37
5 39
5 45
5 46
5 48
5 55
5 62
6 9
6 11
6 16
6 17
6 19
6 22
6 24
6 25
6 32
6 35
6 38
6 39
6 41
6 42
6 43
6 44
6 46
6 49
6 52
6 54
6 56
6 57
6 59
6 62
6 63
7 8
7 9
7 11
7 12
7 18
7 22
7 23
7 24
7 26
7 31
7 34
7 37
7 39
7 40
7 43
7 46
7 48
7 53
7 55
7 61
8 13
8 15
8 20
8 21
8 22
8 24
8 28
8 30
8 32
8 41
8 43
8 51
8 52
8 53
8 56
8 57
8 61
9 10
9 18
9 19
9 20
9 22
9 26
9 27
9 30
9 35
9 38
9 41
9 43
9 44
9 45
9 48
9 54
9 57
9 61
10 13
10 15
10 16
10 18
10 22
10 23
10 24
10 27
10 28
10 34
10 37
10 40
10 46
10 48
10 49
10 50
10 51
10 57
10 59
10 61
10 63
11 13
11 15
11 16
11 17
11 23
11 25
11 26
11 31
11 36
11 37
11 40
11 45
11 47
11 48
11 53
11 55
11 57
11 59
11 61
11 64
12 14
12 19
12 22
12 25
12 29
12 30
12 32
12 38
12 40
12 42
12 43
12 45
12 50
12 58
12 60
12 62
13 17
13 18
13 21
13 23
13 24
13 27
13 31
13 38
13 43
13 47
13 48
13 54
13 58
13 59
14 17
14 20
14 24
14 25
14 26
14 29
14 33
14 34
14 35
14 41
14 47
14 48
14 49
14 54
14 58
14 60
14 62
14 63
15 20
15 25
15 26
15 33
15 34
15 36
15 43
15 46
15 51
15 56
15 58
15 62
16 17
16 18
16 23
16 25
16 27
16 31
16 33
16 35
16 40
16 41
16 45
16 46
16 48
16 53
16 57
16 63
17 19
17 27
17 28
17 29
17 30
17 31
17 32
17 33
17 34
17 35
17 36
17 38
17 39
17 41
17 43
17 44
17 49
17 57
17 60
17 61
17 63
18 19
18 28
18 29
18 30
18 31
18 35
18 36
18 37
18 39
18 40
18 43
18 45
18 47
18 50
18 52
18 56
18 57
18 59
18 60
19 21
19 22
19 24
19 25
19 28
19 31
19 32
19 34
19 39
19 40
19 41
19 42
19 49
19 51
19 53
19 54
19 55
19 57
19 58
19 64
20 23
20 29
20 30
20 33
20 34
20 36
20 39
20 41
20 43
20 45
20 47
20 48
20 58
20 61
20 63
20 64
21 24
21 25
21 30
21 32
21 38
21 42
21 46
21 47
21 48
21 53
21 55
21 57
21 64
22 24
22 26
22 28
22 31
22 38
22 39
22 52
22 54
22 57
22 64
23 26
23 28
23 29
23 39
23 41
23 46
23 54
23 55
23 57
23 59
23 60
23 62
24 28
24 29
24 33
24 37
24 38
24 46
24 49
24 51
24 55
24 58
24 62
25 26
25 32
25 40
25 41
25 42
25 44
25 45
25 46
25 50
25 53
25 54
25 56
25 57
25 63
25 64
26 27
26 28
26 33
26 35
26 40
26 42
26 44
26 49
26 50
26 54
26 57
26 62
26 63
27 30
27 32
27 35
27 36
27 39
27 43
27 44
27 46
27 49
27 53
27 57
27 60
27 61
27 63
27 64
28 30
28 33
28 34
28 35
28 37
28 39
28 42
28 43
28 44
28 45
28 49
28 51
28 54
28 57
28 60
28 63
29 37
29 45
29 48
29 49
29 51
29 52
29 54
29 61
29 62
29 63
30 31
30 33
30 40
30 44
30 45
30 47
30 49
30 50
30 51
30 52
30 54
30 64
31 33
31 35
31 36
31 44
31 46
31 47
31 48
31 49
31 54
31 56
31 57
31 58
31 59
31 62
31 63
32 41
32 44
32 47
32 48
32 49
32 58
32 61
32 63
32 64
33 39
33 41
33 43
33 52
33 54
33 57
33 59
33 62
33 64
34 46
34 47
34 50
34 57
34 58
34 61
34 63
34 64
35 42
35 54
35 55
35 62
36 39
36 42
36 47
36 53
36 54
36 55
36 61
36 62
36 63
37 38
37 39
37 43
37 46
37 52
37 54
37 58
37 59
37 60
37 62
38 39
38 41
38 42
38 44
38 46
38 48
38 50
38 51
38 52
38 54
38 56
38 57
39 40
39 44
39 45
39 52
39 55
39 56
39 59
39 63
40 42
40 45
40 46
40 47
40 48
40 51
40 52
40 54
40 57
40 59
40 60
40 62
41 44
41 46
41 48
41 60
41 62
42 43
42 49
42 50
42 51
42 52
42 55
42 60
42 62
42 63
43 46
43 47
43 49
43 50
43 51
43 53
43 54
43 60
43 61
43 64
44 47
44 49
44 51
44 52
44 57
44 59
44 62
45 47
45 50
45 53
45 57
45 59
45 63
45 64
46 47
46 48
46 49
46 50
46 51
46 52
46 53
46 54
46 55
46 56
46 57
46 58
46 60
46 64
47 49
47 50
47 52
47 59
47 61
47 63
48 50
48 52
48 54
48 55
48 56
48 57
48 58
48 63
49 50
49 52
49 54
49 56
49 58
49 59
50 52
50 59
50 60
50 61
50 63
50 64
51 53
51 56
51 57
51 59
51 61
52 53
52 55
52 58
52 63
53 55
53 57
53 59
53 64
54 57
54 59
54 60
54 62
55 57
55 58
55 59
55 63
55 64
56 57
56 60
56 61
57 60
57 63
58 59
58 61
58 62
58 63
59 61
59 63
60 64
61 64
62 63
62 64
