60 538
0 1
0 6
0 7
0 8
0 13
0 15
0 19
0 22
0 23
0 27
0 29
0 32
0 36
0 38
0 39
0 41
0 44
0 54
0 56
1 2
1 10
1 12
1 17
1 18
1 21
1 22
1 25
1 27
1 29
1 31
1 34
1 35
1 36
1 37
1 41
1 46
1 47
1 50
1 52
1 54
1 56
2 10
2 11
2 16
2 26
2 27
2 28
2 30
2 36
2 37
2 46
2 48
2 49
2 50
2 54
3 7
3 8
3 10
3 11
3 15
3 17
3 18
3 22
3 26
3 27
3 29
3 30
3 31
3 32
3 34
3 35
3 43
3 45
3 47
3 48
3 51
3 54
3 55
3 57
3 59
4 5
4 8
4 11
4 12
4 17
4 18
4 22
4 23
4 24
4 26
4 31
4 32
4 36
4 46
4 50
4 51
4 55
4 56
4 57
5 6
5 10
5 11
5 17
5 19
5 21
5 24
5 26
5 27
5 29
5 32
5 34
5 36
5 39
5 43
5 44
5 54
5 56
5 57
6 8
6 10
6 23
6 24
6 37
6 45
6 49
6 51
6 53
6 55
6 57
7 9
7 16
7 20
7 22
7 30
7 33
7 35
7 37
7 48
7 49
7 51
7 53
7 54
7 57
7 58
7 59
8 10
8 13
8 16
8 23
8 26
8 28
8 30
8 31
8 41
8 45
8 46
8 48
8 50
8 54
8 56
8 59
9 13
9 17
9 19
9 21
9 22
9 26
9 30
9 32
9 33
9 38
9 46
9 49
9 50
9 54
9 59
10 12
10 14
10 19
10 20
10 21
10 25
10 30
10 35
10 38
10 41
10 44
10 52
10 58
11 15
11 18
11 20
11 22
11 23
11 25
11 28
11 32
11 36
11 41
11 42
11 43
11 47
11 49
11 55
11 59
12 14
12 17
12 20
12 22
12 23
12 25
12 26
12 28
12 29
12 33
12 37
12 43
12 47
12 52
12 53
12 54
12 55
12 58
13 18
13 22
13 23
13 28
13 31
13 33
13 35
13 37
13 40
13 44
13 52
13 53
13 55
13 57
14 31
14 38
14 41
14 44
14 45
14 47
14 53
14 56
14 58
15 18
15 19
15 20
15 25
15 26
15 27
15 34
15 35
15 37
15 39
15 41
15 45
15 47
15 50
15 54
15 55
15 57
16 17
16 21
16 23
16 24
16 29
16 30
16 37
16 40
16 43
16 47
16 54
16 56
17 18
17 19
17 20
17 21
17 23
17 31
17 36
17 41
17 46
17 47
17 49
17 50
17 53
17 59
18 19
18 23
18 24
18 25
18 27
18 28
18 30
18 34
18 37
18 39
18 45
18 46
18 47
18 53
18 59
19 24
19 27
19 31
19 37
19 39
19 41
19 42
19 48
19 59
20 24
20 25
20 27
20 31
20 40
20 42
20 47
20 49
20 53
20 54
20 58
21 25
21 40
21 42
21 43
21 48
21 51
21 52
22 23
22 25
22 26
22 29
22 32
22 39
22 41
22 42
22 45
22 48
22 54
22 55
23 25
23 35
23 38
23 44
23 53
23 54
23 55
23 56
24 26
24 27
24 28
24 30
24 40
24 53
24 54
24 56
24 58
24 59
25 27
25 32
25 33
25 38
25 41
25 43
25 46
25 52
25 55
25 58
26 27
26 29
26 30
26 34
26 36
26 37
26 38
26 44
26 45
26 47
26 51
26 52
26 53
26 58
27 29
27 35
27 38
27 39
27 42
27 48
27 50
27 55
27 56
28 30
28 32
28 37
28 39
28 47
28 51
28 53
28 58
29 30
29 33
29 47
29 48
29 52
29 53
29 58
30 32
30 36
30 37
30 40
30 43
30 51
30 54
30 58
30 59
31 36
31 37
31 42
31 44
31 46
31 51
31 52
32 33
32 40
32 42
32 45
32 48
32 54
32 57
32 59
33 38
33 41
33 44
33 45
33 47
33 50
33 51
34 37
34 39
34 40
34 43
34 46
34 52
34 55
34 58
35 37
35 46
35 55
36 37
36 44
36 46
36 47
36 50
36 51
36 55
36 56
36 58
36 59
37 41
37 46
37 48
37 51
37 52
38 39
38 42
38 47
38 54
38 55
39 40
39 42
39 43
39 46
39 54
39 56
39 59
40 43
40 44
40 50
40 53
40 57
41 42
41 44
41 51
41 52
41 55
42 43
42 47
42 48
42 53
42 55
42 57
43 44
43 45
43 53
44 45
44 46
44 47
44 52
44 56
45 47
45 48
45 52
45 53
45 55
45 56
45 57
45 59
46 50
46 52
46 55
47 51
47 56
47 57
48 50
48 51
48 58
49 50
49 52
49 57
49 58
50 52
51 52
51 54
51 56
51 57
52 53
53 54
53 55
53 56
53 58
55 56
55 57
55 58
55 59
57 59
