65 286
0 10
0 13
0 19
0 20
0 23
0 29
0 34
0 36
0 39
0 62
0 63
1 2
1 10
1 18
1 21
1 36
1 40
1 50
1 51
1 57
2 7
2 25
2 29
2 60
2 61
2 62
2 63
3 6
3 15
3 30
3 40
4 6
4 8
4 13
4 15
4 20
4 26
4 27
4 29
4 35
4 47
4 49
4 55
4 56
4 57
4 58
5 7
5 9
5 12
5 13
5 22
5 27
5 34
5 44
5 53
5 62
5 63
6 20
6 25
6 27
6 29
6 36
6 40
6 49
6 52
6 55
6 62
7 26
7 34
7 36
7 53
8 22
8 28
8 31
8 32
8 34
8 54
8 58
8 59
8 61
9 22
9 30
9 54
10 22
10 29
10 41
10 44
10 45
11 18
11 43
11 47
11 57
12 18
12 23
12 25
12 26
12 27
12 35
13 25
13 30
13 42
13 51
13 54
13 64
14 22
14 34
14 38
14 40
14 41
14 42
15 34
15 36
15 37
15 38
15 45
15 63
16 18
16 19
16 24
16 38
16 43
16 49
16 50
16 52
16 57
16 60
17 30
17 32
17 33
17 44
17 54
18 34
18 36
18 38
18 42
18 47
18 49
18 61
18 64
19 20
19 23
19 25
19 34
19 37
19 42
19 43
19 44
19 48
19 52
19 57
19 59
19 62
20 24
20 32
20 36
20 58
21 22
21 30
21 35
21 36
21 37
21 56
22 38
22 45
23 24
23 26
23 35
23 41
23 42
23 43
23 56
23 57
23 62
24 36
24 39
24 45
24 50
24 51
24 57
24 62
24 63
25 34
25 41
25 43
25 46
25 47
25 49
26 28
26 38
26 43
26 51
27 38
27 41
27 48
27 52
27 56
27 64
28 29
28 42
28 49
28 52
29 40
29 46
29 47
29 61
30 63
30 64
31 36
31 40
31 51
32 33
32 36
32 39
32 50
32 56
32 61
32 62
33 35
33 45
33 47
33 56
33 58
34 57
35 36
35 40
35 54
35 56
36 38
36 43
36 52
36 54
36 55
36 58
36 63
37 54
37 56
37 58
37 61
37 62
38 55
38 56
38 64
39 60
40 48
40 50
40 51
41 47
41 55
41 59
41 62
41 64
42 46
42 54
42 55
42 57
42 59
43 46
43 53
43 56
44 50
45 49
45 52
45 56
45 58
46 47
46 48
46 51
46 60
47 48
47 58
48 60
49 52
51 55
51 58
51 59
51 63
52 54
52 60
53 59
53 60
53 62
54 63
57 59
57 64
59 63
60 62
