70 982
0 3
0 4
0 14
0 16
0 18
0 22
0 25
0 26
0 27
0 28
0 29
0 30
0 33
0 34
0 39
0 40
0 41
0 42
0 44
0 45
0 46
0 47
0 48
0 51
0 53
0 55
0 57
0 62
0 64
0 65
0 66
0 69
1 2
1 3
1 6
1 9
1 13
1 14
1 16
1 17
1 21
1 23
1 24
1 25
1 26
1 28
1 31
1 34
1 40
1 44
1 45
1 47
1 57
1 58
1 59
1 64
1 67
2 3
2 8
2 10
2 11
2 13
2 15
2 16
2 20
2 21
2 22
2 23
2 24
2 25
2 26
2 28
2 36
2 37
2 40
2 41
2 44
2 45
2 52
2 54
2 58
2 60
2 62
2 66
2 68
2 69
3 5
3 12
3 13
3 15
3 19
3 23
3 25
3 27
3 30
3 31
3 32
3 33
3 34
3 35
3 38
3 39
3 40
3 41
3 42
3 49
3 53
3 61
3 65
3 67
3 68
4 8
4 12
4 16
4 17
4 18
4 20
4 29
4 36
4 37
4 38
4 39
4 42
4 43
4 45
4 46
4 47
4 48
4 49
4 50
4 51
4 52
4 54
4 56
4 57
4 58
4 60
4 64
5 6
5 8
5 10
5 13
5 14
5 15
5 19
5 23
5 25
5 26
5 31
5 33
5 34
5 35
5 38
5 43
5 45
5 50
5 51
5 54
5 56
5 67
5 68
6 14
6 15
6 17
6 22
6 27
6 34
6 37
6 41
6 42
6 43
6 45
6 47
6 48
6 51
6 52
6 53
6 56
6 57
6 59
6 60
6 64
7 8
7 12
7 15
7 18
7 25
7 26
7 27
7 32
7 34
7 37
7 38
7 39
7 43
7 45
7 46
7 47
7 48
7 59
7 60
7 62
7 67
7 69
8 10
8 11
8 13
8 17
8 19
8 20
8 25
8 29
8 30
8 31
8 34
8 37
8 38
8 46
8 48
8 55
8 56
8 58
8 61
8 62
8 69
9 11
9 19
9 22
9 32
9 35
9 38
9 39
9 40
9 46
9 47
9 49
9 51
9 52
9 55
9 57
9 58
9 59
9 61
9 63
9 64
9 67
10 13
10 15
10 19
10 20
10 22
10 26
10 27
10 30
10 35
10 41
10 42
10 44
10 47
10 48
10 50
10 51
10 52
10 53
10 55
10 60
10 63
10 64
10 65
10 66
10 67
11 13
11 14
11 15
11 16
11 18
11 21
11 26
11 28
11 29
11 30
11 33
11 38
11 39
11 43
11 47
11 49
11 53
11 55
11 57
11 59
11 61
11 64
11 67
11 68
12 13
12 16
12 17
12 18
12 21
12 23
12 24
12 26
12 27
12 31
12 33
12 34
12 35
12 38
12 40
12 43
12 44
12 47
12 50
12 51
12 57
12 60
12 61
12 65
12 67
12 68
13 14
13 25
13 26
13 28
13 30
13 31
13 34
13 35
13 38
13 39
13 40
13 44
13 48
13 50
13 51
13 54
13 60
13 61
13 68
14 15
14 19
14 20
14 29
14 30
14 31
14 32
14 33
14 34
14 40
14 42
14 45
14 47
14 49
14 50
14 51
14 53
14 56
14 57
14 58
14 59
14 61
14 63
14 65
14 66
14 67
14 69
15 21
15 22
15 24
15 31
15 32
15 34
15 39
15 45
15 46
15 48
15 49
15 50
15 53
15 54
15 60
15 61
15 62
15 67
16 20
16 24
16 25
16 26
16 27
16 28
16 36
16 40
16 41
16 43
16 44
16 48
16 49
16 50
16 51
16 55
16 56
16 61
16 63
16 64
16 65
17 21
17 22
17 23
17 24
17 25
17 26
17 28
17 29
17 31
17 33
17 35
17 36
17 37
17 38
17 41
17 42
17 44
17 49
17 52
17 54
17 58
17 59
17 60
17 64
17 67
17 68
18 19
18 22
18 23
18 24
18 26
18 29
18 36
18 39
18 41
18 42
18 43
18 44
18 52
18 54
18 58
18 63
18 64
18 66
18 69
19 23
19 25
19 27
19 28
19 29
19 31
19 33
19 34
19 37
19 41
19 42
19 44
19 47
19 49
19 53
19 55
19 56
19 57
19 58
19 59
19 60
19 61
19 62
19 63
19 64
19 65
20 21
20 22
20 25
20 26
20 27
20 28
20 31
20 34
20 37
20 39
20 43
20 44
20 45
20 46
20 48
20 50
20 51
20 56
20 57
20 58
20 61
20 62
20 63
20 64
20 66
20 68
21 22
21 23
21 24
21 25
21 26
21 29
21 30
21 32
21 35
21 36
21 37
21 39
21 40
21 41
21 43
21 44
21 46
21 47
21 48
21 49
21 53
21 55
21 57
21 59
21 60
21 68
22 34
22 35
22 37
22 42
22 43
22 44
22 46
22 52
22 53
22 55
22 60
22 65
23 24
23 27
23 28
23 29
23 31
23 34
23 41
23 44
23 45
23 46
23 47
23 52
23 53
23 55
23 57
23 67
23 68
24 25
24 26
24 28
24 30
24 31
24 32
24 33
24 34
24 35
24 37
24 39
24 40
24 41
24 44
24 47
24 52
24 54
24 57
24 59
24 60
24 62
24 64
24 65
24 66
24 67
24 68
25 28
25 29
25 31
25 34
25 40
25 43
25 47
25 52
25 54
25 55
25 61
25 62
25 66
26 27
26 30
26 31
26 36
26 38
26 41
26 42
26 47
26 52
26 58
26 59
26 61
26 62
26 63
26 64
27 31
27 36
27 37
27 38
27 39
27 42
27 43
27 44
27 47
27 60
27 61
27 64
27 65
27 69
28 33
28 35
28 36
28 38
28 40
28 41
28 43
28 47
28 49
28 50
28 54
28 57
28 58
28 59
28 60
28 61
28 66
29 34
29 36
29 40
29 45
29 48
29 49
29 50
29 52
29 53
29 55
29 56
29 58
29 59
29 63
29 68
29 69
30 33
30 36
30 37
30 39
30 46
30 49
30 50
30 52
30 53
30 54
30 55
30 58
30 59
30 61
30 63
30 64
30 69
31 34
31 35
31 36
31 37
31 38
31 40
31 41
31 44
31 46
31 50
31 51
31 52
31 53
31 55
31 56
31 60
31 67
31 68
32 33
32 35
32 37
32 43
32 50
32 53
32 54
32 60
32 62
32 64
33 34
33 35
33 36
33 38
33 41
33 42
33 46
33 49
33 52
33 53
33 55
33 57
33 58
33 61
33 64
33 65
33 67
34 36
34 39
34 40
34 41
34 43
34 44
34 47
34 51
34 52
34 55
34 58
34 61
34 63
34 65
34 69
35 36
35 37
35 41
35 45
35 47
35 52
35 59
35 60
35 62
35 67
35 68
36 37
36 41
36 43
36 49
36 53
36 58
36 61
36 65
36 66
37 43
37 44
37 47
37 48
37 49
37 52
37 55
37 58
37 62
37 63
37 64
37 65
37 68
38 39
38 40
38 45
38 46
38 47
38 48
38 50
38 52
38 57
38 58
38 67
38 68
39 43
39 44
39 47
39 49
39 54
39 57
39 59
39 61
39 62
39 63
39 65
40 41
40 42
40 43
40 44
40 47
40 48
40 49
40 52
40 56
40 58
40 59
40 68
40 69
41 45
41 46
41 51
41 52
41 54
41 56
41 58
41 62
41 64
41 68
41 69
42 44
42 45
42 46
42 51
42 52
42 53
42 58
42 64
42 65
42 67
42 68
42 69
43 45
43 48
43 51
43 52
43 53
43 55
43 60
43 68
43 69
44 46
44 47
44 49
44 55
44 60
44 61
44 62
44 65
44 67
44 68
45 46
45 49
45 51
45 52
45 53
45 54
45 58
45 61
45 62
45 65
45 67
46 49
46 51
46 53
46 55
46 56
46 57
46 61
46 65
47 48
47 51
47 52
47 55
47 56
47 57
47 59
47 60
47 62
47 65
47 67
47 69
48 49
48 51
48 53
48 58
48 66
49 51
49 52
49 53
49 59
49 62
49 65
49 68
50 52
50 54
50 55
50 57
50 63
50 64
50 65
50 67
50 68
51 52
51 54
51 55
51 57
51 58
51 61
51 63
51 64
51 65
51 66
51 68
52 54
52 57
52 59
52 61
52 62
52 64
52 67
52 68
53 54
53 59
53 62
53 64
53 65
53 67
53 69
54 55
54 57
54 61
54 64
54 69
55 56
55 60
55 61
55 62
55 63
55 68
56 58
56 59
56 60
56 61
56 64
56 68
56 69
57 58
57 59
57 61
57 62
57 63
57 64
57 65
57 68
58 59
58 60
58 66
58 68
59 60
59 61
59 62
59 65
59 66
59 67
59 68
60 61
60 63
60 64
60 66
60 67
61 63
61 66
61 68
61 69
62 64
62 65
63 64
63 67
64 65
64 66
64 69
65 66
66 69
67 68
68 69
