80 1453
0 1
0 2
0 3
0 5
0 6
0 8
0 9
0 10
0 11
0 14
0 15
0 18
0 23
0 24
0 25
0 29
0 32
0 33
0 36
0 37
0 39
0 43
0 45
0 46
0 52
0 56
0 59
0 60
0 64
0 65
0 66
0 68
0 73
0 74
0 76
1 2
1 3
1 4
1 5
1 7
1 10
1 11
1 12
1 13
1 14
1 16
1 18
1 22
1 26
1 29
1 32
1 33
1 34
1 43
1 46
1 49
1 50
1 53
1 57
1 58
1 59
1 61
1 64
1 66
1 69
1 73
1 75
1 76
1 77
1 78
2 3
2 4
2 5
2 6
2 9
2 10
2 12
2 15
2 17
2 18
2 20
2 22
2 23
2 24
2 26
2 30
2 33
2 34
2 35
2 36
2 39
2 40
2 42
2 48
2 50
2 51
2 53
2 56
2 57
2 58
2 59
2 60
2 62
2 65
2 67
2 72
2 76
2 79
3 7
3 8
3 11
3 12
3 13
3 14
3 17
3 19
3 22
3 25
3 27
3 28
3 29
3 33
3 37
3 41
3 44
3 46
3 48
3 50
3 52
3 53
3 59
3 60
3 62
3 63
3 65
3 66
3 67
3 68
3 69
3 71
3 72
3 73
3 75
3 76
3 77
3 78
4 5
4 8
4 9
4 10
4 12
4 17
4 20
4 21
4 22
4 25
4 26
4 27
4 32
4 34
4 35
4 39
4 40
4 41
4 42
4 45
4 49
4 53
4 54
4 55
4 58
4 60
4 63
4 64
4 67
4 70
4 72
4 73
4 77
5 7
5 8
5 10
5 11
5 12
5 13
5 14
5 16
5 19
5 22
5 25
5 28
5 31
5 35
5 36
5 39
5 42
5 44
5 49
5 53
5 55
5 58
5 59
5 62
5 66
5 72
5 73
5 74
5 76
5 77
5 78
5 79
6 7
6 9
6 11
6 12
6 13
6 14
6 15
6 16
6 17
6 21
6 22
6 24
6 25
6 27
6 30
6 31
6 32
6 36
6 37
6 38
6 39
6 40
6 41
6 43
6 46
6 48
6 50
6 55
6 61
6 64
6 67
6 71
6 73
6 75
6 76
6 78
7 8
7 9
7 13
7 14
7 15
7 16
7 18
7 21
7 22
7 25
7 32
7 34
7 36
7 37
7 40
7 43
7 47
7 48
7 49
7 53
7 63
7 64
7 65
7 66
7 69
7 70
7 71
8 11
8 15
8 17
8 19
8 24
8 25
8 26
8 27
8 28
8 29
8 34
8 35
8 36
8 37
8 39
8 41
8 43
8 44
8 45
8 50
8 51
8 53
8 54
8 55
8 56
8 61
8 62
8 65
8 66
8 68
8 72
8 73
8 74
8 75
8 78
9 11
9 13
9 16
9 17
9 20
9 24
9 25
9 27
9 28
9 29
9 32
9 33
9 34
9 35
9 36
9 39
9 41
9 43
9 44
9 45
9 50
9 51
9 52
9 55
9 56
9 65
9 68
9 69
9 73
9 74
9 75
9 78
9 79
10 12
10 14
10 15
10 17
10 18
10 22
10 26
10 27
10 32
10 34
10 36
10 37
10 40
10 45
10 46
10 47
10 53
10 60
10 66
10 72
10 73
10 74
10 77
11 13
11 17
11 18
11 25
11 28
11 31
11 32
11 33
11 34
11 37
11 38
11 41
11 45
11 46
11 50
11 51
11 54
11 55
11 57
11 58
11 60
11 63
11 64
11 65
11 66
11 67
11 68
11 70
11 72
11 74
12 13
12 14
12 15
12 16
12 17
12 20
12 22
12 23
12 24
12 25
12 32
12 33
12 34
12 35
12 38
12 39
12 40
12 42
12 43
12 44
12 45
12 51
12 53
12 56
12 57
12 58
12 60
12 66
12 67
12 68
12 69
12 70
12 71
12 73
12 76
12 77
12 78
12 79
13 15
13 22
13 23
13 25
13 28
13 29
13 31
13 36
13 37
13 41
13 42
13 45
13 47
13 48
13 49
13 52
13 53
13 54
13 57
13 58
13 59
13 60
13 62
13 63
13 64
13 66
13 68
13 69
13 70
13 72
13 73
13 74
13 75
13 78
13 79
14 17
14 21
14 25
14 27
14 30
14 34
14 35
14 36
14 38
14 39
14 41
14 42
14 47
14 48
14 52
14 54
14 55
14 56
14 60
14 66
14 67
14 68
14 78
15 16
15 17
15 18
15 20
15 21
15 24
15 25
15 27
15 30
15 35
15 37
15 38
15 45
15 46
15 47
15 49
15 51
15 53
15 54
15 58
15 59
15 62
15 63
15 65
15 67
15 68
15 70
15 72
15 73
15 74
15 77
15 78
16 18
16 19
16 20
16 21
16 24
16 25
16 28
16 30
16 31
16 32
16 34
16 35
16 37
16 38
16 41
16 43
16 45
16 46
16 47
16 53
16 54
16 56
16 57
16 58
16 60
16 65
16 71
16 74
16 75
17 18
17 19
17 20
17 22
17 23
17 24
17 26
17 30
17 34
17 35
17 37
17 39
17 40
17 42
17 43
17 44
17 45
17 46
17 48
17 49
17 50
17 54
17 55
17 56
17 60
17 61
17 62
17 64
17 66
17 67
17 70
17 72
17 73
17 75
17 77
18 19
18 20
18 22
18 23
18 25
18 26
18 27
18 28
18 30
18 31
18 32
18 35
18 38
18 39
18 40
18 42
18 46
18 48
18 51
18 52
18 53
18 54
18 56
18 57
18 59
18 61
18 64
18 65
18 67
18 69
18 73
18 75
19 20
19 21
19 22
19 23
19 24
19 25
19 29
19 31
19 32
19 35
19 37
19 38
19 39
19 41
19 43
19 46
19 49
19 50
19 52
19 54
19 57
19 58
19 60
19 61
19 62
19 63
19 64
19 68
19 69
19 70
19 72
19 74
19 75
19 76
20 23
20 26
20 30
20 31
20 33
20 37
20 39
20 42
20 45
20 46
20 48
20 49
20 50
20 52
20 53
20 55
20 57
20 61
20 62
20 63
20 64
20 66
20 67
20 70
20 74
20 75
20 76
20 78
21 22
21 23
21 27
21 29
21 30
21 31
21 32
21 33
21 35
21 37
21 38
21 40
21 44
21 51
21 54
21 56
21 58
21 67
21 68
21 70
21 73
21 74
21 78
21 79
22 24
22 25
22 26
22 29
22 33
22 36
22 37
22 40
22 46
22 52
22 54
22 55
22 60
22 61
22 62
22 67
22 69
22 74
22 75
22 78
22 79
23 25
23 32
23 37
23 42
23 50
23 51
23 52
23 53
23 54
23 56
23 59
23 62
23 63
23 64
23 65
23 67
23 68
23 70
23 71
23 76
23 77
24 27
24 28
24 29
24 36
24 37
24 39
24 42
24 44
24 46
24 47
24 50
24 52
24 54
24 56
24 58
24 59
24 61
24 62
24 64
24 65
24 66
24 74
24 75
24 77
25 26
25 28
25 30
25 32
25 33
25 35
25 38
25 39
25 44
25 46
25 51
25 52
25 55
25 61
25 65
25 68
25 69
25 72
25 73
25 74
25 75
25 76
25 77
25 78
26 28
26 31
26 32
26 34
26 42
26 45
26 48
26 50
26 54
26 56
26 58
26 63
26 65
26 68
26 69
26 70
26 72
26 77
27 28
27 30
27 31
27 35
27 36
27 40
27 42
27 51
27 52
27 53
27 56
27 58
27 61
27 62
27 64
27 65
27 70
27 71
27 72
27 73
27 79
28 30
28 31
28 33
28 34
28 35
28 36
28 40
28 41
28 42
28 43
28 46
28 47
28 48
28 50
28 61
28 62
28 63
28 65
28 66
28 67
28 68
28 71
28 73
28 75
28 76
28 78
29 30
29 31
29 35
29 36
29 39
29 40
29 42
29 43
29 45
29 48
29 51
29 53
29 57
29 58
29 59
29 61
29 63
29 64
29 67
29 70
29 74
29 77
30 34
30 35
30 38
30 39
30 40
30 43
30 44
30 46
30 47
30 48
30 49
30 50
30 54
30 55
30 60
30 61
30 64
30 67
30 68
30 69
30 70
30 73
30 76
30 79
31 32
31 33
31 34
31 37
31 39
31 41
31 45
31 46
31 50
31 51
31 54
31 56
31 58
31 59
31 60
31 67
31 70
31 71
31 72
31 74
31 75
31 76
31 78
32 35
32 36
32 38
32 39
32 41
32 42
32 43
32 45
32 48
32 51
32 53
32 54
32 55
32 63
32 64
32 66
32 67
32 68
32 72
32 74
32 75
32 76
32 78
33 36
33 41
33 43
33 45
33 46
33 47
33 49
33 51
33 52
33 53
33 55
33 56
33 57
33 59
33 63
33 65
33 66
33 69
33 71
33 72
33 75
33 76
33 77
34 35
34 36
34 38
34 40
34 44
34 45
34 46
34 47
34 49
34 54
34 55
34 56
34 61
34 62
34 65
34 67
34 69
34 71
34 73
34 74
34 76
35 37
35 38
35 44
35 45
35 47
35 50
35 51
35 53
35 55
35 59
35 61
35 62
35 63
35 67
35 71
35 75
35 79
36 37
36 38
36 44
36 47
36 48
36 49
36 52
36 54
36 55
36 59
36 61
36 62
36 63
36 65
36 71
36 72
36 73
36 76
36 79
37 41
37 42
37 46
37 47
37 49
37 50
37 51
37 56
37 58
37 69
37 71
37 72
37 74
37 75
37 78
37 79
38 40
38 41
38 42
38 43
38 44
38 46
38 50
38 57
38 62
38 63
38 64
38 65
38 68
38 72
38 75
38 76
38 77
38 78
39 44
39 47
39 50
39 51
39 53
39 55
39 56
39 57
39 59
39 60
39 61
39 63
39 66
39 67
39 70
39 71
39 74
39 76
39 77
40 41
40 42
40 43
40 48
40 55
40 56
40 58
40 61
40 64
40 66
40 67
40 69
40 70
40 71
40 73
40 76
40 78
40 79
41 42
41 47
41 48
41 49
41 50
41 51
41 52
41 54
41 57
41 58
41 61
41 62
41 64
41 66
41 67
41 69
41 70
41 71
41 75
41 78
42 45
42 47
42 52
42 57
42 61
42 63
42 65
42 66
42 67
42 69
42 70
42 74
43 44
43 45
43 48
43 49
43 50
43 54
43 57
43 58
43 66
43 69
43 71
43 76
43 77
44 46
44 47
44 49
44 51
44 54
44 55
44 57
44 60
44 63
44 67
44 71
44 73
44 76
44 77
45 46
45 48
45 49
45 50
45 51
45 52
45 54
45 56
45 60
45 62
45 63
45 64
45 65
45 66
45 68
45 72
45 74
45 75
45 76
45 79
46 49
46 50
46 51
46 52
46 53
46 54
46 56
46 57
46 58
46 63
46 71
46 72
46 73
46 76
46 77
46 79
47 48
47 52
47 54
47 56
47 65
47 67
47 68
47 69
47 70
47 71
47 73
47 74
47 75
47 76
48 50
48 51
48 55
48 57
48 58
48 62
48 64
48 67
48 68
48 72
48 75
48 77
48 79
49 50
49 51
49 52
49 53
49 54
49 55
49 57
49 59
49 60
49 61
49 62
49 68
49 69
49 70
49 71
49 75
49 76
49 77
49 79
50 51
50 53
50 54
50 56
50 60
50 61
50 64
50 65
50 67
50 69
50 70
50 72
50 79
51 53
51 54
51 55
51 56
51 59
51 61
51 63
51 66
51 68
51 69
51 70
51 72
51 75
51 76
51 77
51 78
52 54
52 55
52 60
52 61
52 62
52 63
52 65
52 68
52 70
52 71
52 73
52 74
52 77
52 79
53 57
53 58
53 60
53 62
53 67
53 68
53 69
53 71
53 76
53 77
53 79
54 58
54 60
54 61
54 65
54 68
54 69
54 70
54 71
54 74
54 76
54 77
54 78
54 79
55 57
55 59
55 62
55 68
55 69
55 70
55 71
55 72
55 74
56 60
56 61
56 62
56 63
56 65
56 66
56 67
56 68
56 70
56 75
56 76
57 59
57 60
57 67
57 69
57 71
57 72
57 76
57 77
57 78
58 61
58 64
58 65
58 66
58 68
58 70
58 73
58 77
58 78
59 61
59 63
59 64
59 68
59 69
59 73
59 75
59 76
60 62
60 63
60 64
60 66
60 69
60 70
60 71
60 72
60 75
60 77
60 78
61 63
61 65
61 66
61 69
61 70
61 73
61 74
61 75
61 78
62 64
62 65
62 68
62 73
62 76
62 77
62 78
63 69
63 72
63 74
63 76
63 79
64 68
64 69
64 70
64 71
64 74
64 77
64 79
65 66
65 67
65 68
65 69
65 70
65 71
65 73
65 75
65 76
65 77
65 79
66 67
66 68
66 72
66 74
66 76
66 77
67 68
67 76
67 78
68 69
68 75
68 76
68 78
68 79
69 70
69 71
69 72
69 74
69 76
70 71
70 72
70 73
70 74
70 75
70 77
70 78
70 79
71 76
71 77
71 78
72 75
72 76
72 79
73 74
73 75
73 76
73 77
73 78
74 75
74 77
74 79
75 76
75 77
75 78
77 79
78 79
