80 334
0 10
0 15
0 17
0 38
0 43
0 46
1 17
1 28
1 31
1 69
2 7
2 30
2 31
2 35
2 61
2 63
2 64
2 73
3 7
3 9
3 12
3 42
3 43
3 46
3 54
3 64
3 67
3 76
3 78
4 17
4 28
4 34
4 38
4 50
5 12
5 14
5 36
5 49
5 51
6 15
6 22
6 25
6 58
6 72
6 74
7 12
7 18
7 20
7 47
7 66
7 74
7 77
8 17
8 36
8 38
8 45
8 54
9 21
9 22
9 27
9 41
9 63
9 68
9 73
9 76
9 77
10 25
10 29
10 42
10 52
10 58
10 64
11 32
11 55
11 76
11 78
12 26
12 27
12 35
12 50
12 51
12 62
12 63
12 72
13 15
13 30
13 35
13 40
13 55
13 59
13 65
13 78
14 15
14 27
14 37
14 47
14 48
14 50
14 52
14 54
14 62
14 65
14 75
14 78
15 20
15 60
15 79
16 21
16 25
16 31
16 32
16 39
16 44
16 45
16 59
16 67
16 79
17 30
17 46
17 57
17 74
18 33
18 64
18 65
18 73
19 20
19 25
19 31
19 34
19 38
19 45
19 48
19 52
19 66
20 24
20 36
20 39
20 56
20 57
20 70
21 23
21 28
21 33
21 35
21 37
21 38
21 41
21 44
21 60
21 73
22 29
22 32
22 36
22 46
22 47
22 52
22 53
22 55
22 57
22 59
23 32
23 38
23 40
23 55
23 59
23 75
24 27
24 73
25 39
25 47
25 57
25 60
25 69
26 48
26 56
26 70
26 71
26 77
26 78
27 38
27 42
27 54
27 60
27 61
27 76
27 79
28 35
28 47
28 56
28 76
28 77
29 34
29 38
29 46
29 49
29 73
30 31
30 48
30 49
31 35
31 65
31 66
31 74
32 42
32 51
32 53
32 57
32 68
33 34
33 37
33 38
33 44
33 45
33 57
33 61
33 69
33 74
33 76
34 49
34 59
34 63
34 77
34 79
35 36
35 43
35 48
35 63
35 65
35 66
35 71
36 41
36 53
36 54
36 62
36 72
37 48
37 62
37 64
37 72
38 60
38 68
39 43
39 48
39 53
39 70
40 58
40 61
40 67
40 68
41 46
41 48
41 52
41 54
41 66
41 78
42 44
42 55
42 77
43 55
43 56
43 64
43 65
43 70
43 79
44 54
44 74
44 79
45 46
45 47
45 56
45 64
45 67
45 79
46 53
46 58
46 63
46 65
47 60
47 64
47 65
47 74
48 61
48 64
48 76
48 77
49 54
49 66
49 79
50 51
50 53
50 61
50 68
50 73
50 75
51 75
52 54
52 70
52 73
52 79
53 64
53 65
53 70
54 58
54 59
54 61
54 74
54 78
55 58
55 76
56 62
56 64
56 65
56 71
57 59
57 66
57 71
58 63
60 65
60 72
61 66
62 74
63 68
63 78
64 79
65 71
66 68
67 74
70 71
70 74
70 79
73 74
73 78
75 77
77 79
