80 771
0 6
0 10
0 11
0 14
0 17
0 20
0 21
0 23
0 30
0 35
0 37
0 38
0 40
0 42
0 49
0 50
0 52
0 59
0 60
0 73
0 77
1 14
1 21
1 25
1 29
1 33
1 41
1 42
1 45
1 47
1 50
1 53
1 60
1 63
1 65
1 68
1 70
1 76
2 7
2 8
2 9
2 11
2 18
2 22
2 24
2 26
2 28
2 31
2 36
2 37
2 38
2 42
2 43
2 45
2 54
2 55
2 57
2 63
2 70
2 71
2 73
2 74
2 75
2 79
3 7
3 9
3 10
3 11
3 18
3 21
3 22
3 31
3 38
3 40
3 43
3 44
3 45
3 70
3 72
3 76
3 79
4 17
4 19
4 29
4 32
4 34
4 43
4 51
4 52
4 53
4 54
4 60
4 62
4 67
4 72
4 76
5 9
5 15
5 27
5 35
5 43
5 44
5 48
5 51
5 55
5 62
5 78
6 10
6 15
6 23
6 25
6 32
6 33
6 48
6 70
6 73
6 76
6 77
7 12
7 13
7 14
7 16
7 23
7 24
7 25
7 27
7 31
7 32
7 33
7 35
7 37
7 41
7 44
7 48
7 50
7 55
7 56
7 57
7 59
7 68
7 74
7 77
7 79
8 9
8 11
8 12
8 14
8 15
8 24
8 26
8 32
8 38
8 53
8 54
8 57
8 71
8 74
8 79
9 12
9 17
9 23
9 24
9 28
9 30
9 32
9 36
9 39
9 44
9 50
9 52
9 61
9 63
9 66
10 17
10 19
10 21
10 22
10 23
10 27
10 28
10 35
10 43
10 47
10 53
10 55
10 56
10 57
10 62
10 64
10 68
10 70
10 76
11 13
11 17
11 18
11 23
11 24
11 25
11 27
11 30
11 32
11 34
11 35
11 47
11 56
11 57
11 59
11 69
11 72
11 75
11 77
12 14
12 19
12 25
12 27
12 29
12 36
12 44
12 46
12 47
12 54
12 57
12 58
12 59
12 66
12 69
12 77
13 14
13 15
13 16
13 17
13 18
13 32
13 34
13 38
13 46
13 48
13 50
13 55
13 69
13 70
13 71
14 29
14 31
14 34
14 38
14 42
14 46
14 49
14 51
14 52
14 55
14 65
14 69
15 16
15 21
15 22
15 23
15 27
15 32
15 33
15 34
15 42
15 45
15 46
15 49
15 64
15 68
16 17
16 18
16 19
16 31
16 32
16 33
16 34
16 41
16 48
16 51
16 54
16 55
16 58
16 63
16 64
16 72
16 77
16 79
17 24
17 27
17 38
17 50
17 54
17 58
17 62
17 69
17 71
18 20
18 22
18 29
18 30
18 37
18 45
18 46
18 48
18 52
18 54
18 64
18 66
18 74
18 77
19 28
19 35
19 36
19 38
19 43
19 44
19 46
19 51
19 52
19 59
19 64
19 76
19 77
19 78
19 79
20 22
20 24
20 36
20 47
20 50
20 51
20 52
20 59
20 65
20 69
20 72
21 28
21 31
21 36
21 39
21 43
21 45
21 46
21 48
21 50
21 51
21 54
21 56
21 62
21 66
21 70
21 71
21 73
21 76
22 29
22 30
22 37
22 42
22 45
22 50
22 51
22 52
22 61
22 72
23 26
23 30
23 31
23 32
23 35
23 36
23 42
23 45
23 48
23 52
23 53
23 60
23 61
23 64
23 70
23 73
23 76
23 77
24 26
24 28
24 33
24 38
24 46
24 48
24 49
24 52
24 54
24 56
24 61
24 62
24 66
24 70
24 75
24 76
25 29
25 32
25 41
25 44
25 46
25 48
25 59
25 60
25 63
25 65
25 66
25 70
25 73
25 75
26 27
26 29
26 32
26 33
26 35
26 40
26 45
26 50
26 55
26 67
26 68
26 69
26 72
26 74
26 77
26 78
26 79
27 37
27 39
27 46
27 51
27 57
27 58
27 61
27 63
27 64
27 65
27 70
27 72
27 78
28 31
28 33
28 44
28 45
28 46
28 47
28 50
28 53
28 60
28 63
28 64
28 67
28 68
28 71
28 78
29 39
29 40
29 44
29 47
29 49
29 53
29 54
29 56
29 64
29 72
30 32
30 33
30 34
30 46
30 50
30 52
30 53
30 56
30 59
30 60
30 65
30 66
30 67
30 76
31 33
31 35
31 36
31 45
31 48
31 53
31 54
31 55
31 59
31 62
31 65
31 69
31 78
31 79
32 39
32 42
32 44
32 45
32 46
32 47
32 55
32 56
32 59
32 60
32 66
32 79
33 40
33 41
33 42
33 47
33 49
33 50
33 57
33 63
33 69
33 70
33 76
33 78
34 46
34 56
34 60
34 66
34 69
34 70
34 71
34 72
35 36
35 41
35 44
35 45
35 48
35 56
35 60
35 62
35 68
35 70
35 73
35 74
35 76
36 37
36 40
36 49
36 50
36 52
36 53
36 54
36 61
36 62
36 63
36 66
36 68
36 75
37 40
37 49
37 52
37 53
37 56
37 59
37 64
37 65
37 66
37 69
37 73
37 75
38 40
38 41
38 52
38 54
38 64
38 69
39 44
39 46
39 47
39 49
39 51
39 53
39 62
39 64
40 44
40 46
40 48
40 49
40 53
40 55
40 64
40 65
40 67
40 68
40 70
40 74
40 77
41 47
41 48
41 49
41 54
41 59
41 62
41 70
41 73
42 43
42 44
42 54
42 56
42 64
42 65
42 71
42 72
42 75
42 79
43 48
43 49
43 55
43 59
43 67
43 75
43 76
44 49
44 53
44 61
44 65
44 66
44 67
44 69
44 74
44 75
45 48
45 53
45 55
45 59
45 60
45 61
45 62
45 66
45 70
45 71
45 77
46 50
46 55
46 56
46 59
46 62
46 66
46 73
47 48
47 53
47 70
47 74
47 78
48 50
48 59
48 60
48 63
48 69
48 70
48 78
48 79
49 50
49 54
49 58
49 59
49 61
49 63
49 65
49 67
49 74
49 77
50 53
50 58
50 73
50 75
50 77
51 55
51 56
51 57
51 60
51 61
51 67
51 68
51 69
51 74
52 53
52 59
52 60
52 62
52 65
52 67
52 70
52 73
52 74
52 75
52 76
52 78
53 57
53 58
53 67
53 71
53 77
54 55
54 62
54 65
54 67
54 68
54 73
54 76
54 78
55 58
55 68
55 71
55 72
55 77
56 58
56 61
56 68
56 69
56 70
56 72
56 73
56 75
57 63
57 64
57 71
57 74
58 59
58 61
58 63
58 64
58 67
58 68
58 69
59 61
59 63
59 71
59 76
59 77
59 79
61 62
62 63
62 66
62 67
62 68
62 79
63 65
63 69
63 74
64 72
64 76
64 77
64 78
65 72
65 74
65 75
65 78
66 69
66 73
67 70
67 76
68 70
68 72
69 71
69 73
69 78
69 79
70 73
70 78
70 79
71 73
71 78
73 76
74 77
75 78
77 79
