85 568
0 24
0 26
0 31
0 44
0 47
0 67
0 69
0 70
0 73
0 80
0 82
1 4
1 5
1 14
1 23
1 28
1 36
1 40
1 52
1 56
1 58
1 65
1 66
1 84
2 9
2 23
2 25
2 27
2 29
2 32
2 38
2 41
2 56
2 68
2 76
2 84
3 4
3 5
3 7
3 13
3 16
3 19
3 37
3 42
3 57
3 61
3 72
4 13
4 28
4 32
4 39
4 40
4 42
4 43
4 47
4 52
4 69
4 75
4 76
4 77
4 81
4 82
5 6
5 7
5 35
5 38
5 41
5 42
5 44
5 48
5 51
5 58
5 61
5 63
5 67
5 70
5 84
6 10
6 11
6 14
6 25
6 26
6 30
6 44
6 45
6 46
6 56
6 59
6 60
6 68
6 79
6 80
7 11
7 21
7 22
7 29
7 38
7 40
7 41
7 46
7 59
7 65
7 68
7 75
7 83
8 16
8 30
8 32
8 34
8 35
8 38
8 45
8 56
8 59
8 69
8 74
8 81
8 83
9 10
9 18
9 25
9 29
9 33
9 39
9 43
9 46
9 48
9 50
9 55
9 56
9 63
9 65
9 67
9 80
10 19
10 20
10 26
10 27
10 33
10 39
10 41
10 48
10 51
10 55
10 56
10 59
10 62
10 69
10 78
10 81
10 84
11 13
11 19
11 22
11 41
11 56
11 62
11 68
12 20
12 21
12 40
12 50
12 52
12 80
13 14
13 32
13 40
13 54
13 68
13 73
13 78
13 80
14 16
14 48
14 52
14 54
14 59
14 75
15 17
15 32
15 46
15 70
16 21
16 30
16 36
16 45
16 49
16 51
16 61
16 64
16 65
16 70
16 78
17 35
17 44
17 45
17 56
17 69
17 77
18 27
18 28
18 37
18 49
18 52
18 61
18 66
18 67
18 73
18 80
19 23
19 28
19 33
19 35
19 39
19 47
19 48
19 66
19 68
19 71
19 74
20 22
20 37
20 48
20 50
20 62
20 63
20 84
21 28
21 33
21 40
21 41
21 42
21 47
21 50
21 51
21 53
21 59
21 69
21 77
22 25
22 28
22 52
22 54
22 62
22 64
22 76
23 30
23 32
23 37
23 39
23 40
23 46
23 47
23 51
23 53
23 54
23 55
23 63
23 68
23 74
24 28
24 35
24 38
24 51
24 53
24 59
24 60
24 68
24 74
25 30
25 31
25 34
25 35
25 56
25 59
25 60
25 63
25 66
25 68
25 83
26 30
26 37
26 59
26 74
26 76
26 81
27 31
27 33
27 40
27 49
27 60
27 70
28 48
28 49
28 52
28 53
28 55
28 61
28 69
28 70
28 73
28 80
28 81
29 32
29 36
29 52
29 58
29 61
29 66
29 74
30 40
30 44
30 46
30 48
30 56
30 57
30 64
30 75
30 78
30 79
30 80
30 82
30 83
31 32
31 36
31 38
31 39
31 60
31 61
31 62
31 64
31 75
31 78
31 84
32 44
32 48
32 50
32 52
32 55
32 57
32 63
32 65
32 69
32 80
32 82
32 84
33 34
33 35
33 44
33 49
33 51
33 56
33 75
33 76
34 37
34 47
34 48
34 57
34 58
34 65
34 71
34 72
34 73
34 74
35 36
35 37
35 39
35 48
35 52
35 66
35 70
35 71
35 72
35 73
35 75
36 39
36 46
36 49
36 57
36 62
36 72
36 78
37 42
37 45
37 49
37 53
37 57
37 71
37 83
38 42
38 51
38 53
38 60
38 69
38 71
38 83
39 44
39 48
39 51
39 61
39 65
39 72
40 45
40 47
40 48
40 49
40 52
40 66
40 71
40 74
40 79
41 46
41 52
41 53
41 58
41 80
42 51
42 53
42 54
42 57
42 68
42 71
43 51
43 56
43 57
43 65
43 66
43 67
43 68
43 69
43 72
43 74
43 78
44 45
44 50
44 53
44 58
44 62
44 78
45 49
45 58
45 65
45 73
45 79
45 83
46 56
46 64
46 67
46 69
47 50
47 68
47 72
47 84
48 54
48 72
48 77
49 50
49 54
49 56
49 61
49 64
49 70
49 71
49 72
49 84
50 58
50 63
50 66
50 71
51 52
51 57
51 65
51 75
51 77
51 80
52 53
52 74
52 76
52 77
52 79
52 81
53 57
53 59
53 78
53 81
54 68
54 69
54 71
54 79
55 61
55 70
55 71
55 73
55 74
55 83
55 84
56 58
56 61
56 62
56 69
56 70
56 75
56 77
57 61
57 63
57 64
57 66
57 77
57 78
58 60
58 63
58 64
58 65
58 68
58 69
58 70
58 74
58 77
58 78
58 82
59 84
60 64
60 73
61 63
61 67
61 74
61 80
61 82
61 83
63 64
63 67
63 69
63 70
63 72
64 65
64 73
64 79
65 71
65 72
65 73
65 80
66 68
66 71
66 77
67 78
67 80
67 82
68 82
68 83
69 72
69 73
69 75
69 80
70 76
70 81
71 77
72 75
72 79
72 82
73 82
75 76
75 77
76 79
77 81
78 79
78 80
81 82
83 84
