90 1560
0 2
0 16
0 21
0 25
0 26
0 27
0 36
0 38
0 41
0 44
0 48
0 53
0 63
0 64
0 69
0 70
0 73
0 77
0 79
0 80
0 81
0 86
0 87
1 2
1 3
1 4
1 6
1 10
1 12
1 13
1 14
1 15
1 17
1 25
1 26
1 29
1 30
1 33
1 36
1 38
1 46
1 48
1 49
1 51
1 57
1 58
1 60
1 61
1 63
1 66
1 67
1 71
1 76
1 77
1 78
1 80
1 83
2 3
2 5
2 6
2 7
2 8
2 12
2 15
2 16
2 17
2 18
2 24
2 25
2 26
2 28
2 30
2 33
2 35
2 36
2 38
2 43
2 45
2 50
2 52
2 53
2 57
2 62
2 65
2 71
2 73
2 74
2 75
2 76
2 78
2 79
2 83
2 84
2 88
3 4
3 7
3 11
3 12
3 14
3 15
3 18
3 19
3 20
3 21
3 27
3 29
3 30
3 31
3 32
3 34
3 35
3 37
3 38
3 40
3 41
3 43
3 45
3 49
3 50
3 52
3 55
3 60
3 67
3 68
3 69
3 70
3 71
3 72
3 73
3 75
3 79
3 80
3 83
3 84
3 85
3 86
3 87
3 88
3 89
4 5
4 8
4 10
4 13
4 15
4 16
4 18
4 21
4 23
4 24
4 30
4 34
4 35
4 39
4 41
4 42
4 45
4 46
4 47
4 49
4 50
4 55
4 58
4 60
4 62
4 64
4 67
4 71
4 72
4 74
4 75
4 76
4 80
4 82
4 87
4 88
5 6
5 10
5 11
5 14
5 18
5 20
5 21
5 23
5 26
5 29
5 33
5 34
5 42
5 43
5 44
5 45
5 48
5 50
5 53
5 54
5 55
5 56
5 57
5 59
5 60
5 62
5 63
5 69
5 70
5 77
5 78
5 84
5 86
6 12
6 15
6 17
6 18
6 19
6 22
6 27
6 28
6 29
6 30
6 33
6 34
6 40
6 43
6 51
6 54
6 57
6 65
6 66
6 68
6 69
6 70
6 72
6 78
6 80
6 82
6 85
6 86
6 88
6 89
7 12
7 13
7 21
7 27
7 34
7 45
7 49
7 50
7 53
7 54
7 60
7 64
7 68
7 69
7 73
7 78
7 79
7 84
7 87
8 11
8 13
8 18
8 22
8 28
8 30
8 32
8 33
8 35
8 38
8 39
8 42
8 43
8 45
8 47
8 48
8 50
8 52
8 55
8 56
8 66
8 68
8 72
8 73
8 76
8 77
8 78
8 81
8 82
8 85
8 89
9 10
9 12
9 17
9 23
9 26
9 28
9 29
9 31
9 32
9 36
9 41
9 44
9 45
9 46
9 48
9 50
9 51
9 52
9 53
9 56
9 57
9 58
9 59
9 62
9 64
9 67
9 69
9 71
9 78
9 80
9 82
9 84
9 85
9 87
9 88
9 89
10 12
10 14
10 16
10 23
10 25
10 30
10 31
10 34
10 35
10 38
10 39
10 40
10 41
10 45
10 47
10 50
10 52
10 60
10 62
10 63
10 68
10 70
10 73
10 77
10 80
10 83
10 84
10 85
10 87
11 13
11 16
11 17
11 18
11 20
11 21
11 24
11 28
11 30
11 31
11 32
11 33
11 34
11 43
11 46
11 48
11 49
11 50
11 52
11 55
11 56
11 57
11 68
11 74
11 77
11 78
11 80
11 81
11 82
11 87
11 88
12 19
12 22
12 24
12 28
12 30
12 32
12 34
12 35
12 37
12 44
12 45
12 46
12 48
12 50
12 51
12 53
12 55
12 56
12 59
12 62
12 63
12 64
12 66
12 68
12 74
12 75
12 80
12 81
12 83
12 84
12 86
13 14
13 17
13 19
13 20
13 22
13 24
13 25
13 27
13 28
13 29
13 30
13 33
13 35
13 38
13 39
13 41
13 46
13 48
13 49
13 50
13 51
13 52
13 54
13 55
13 67
13 68
13 81
13 85
13 86
13 89
14 17
14 18
14 19
14 20
14 21
14 22
14 24
14 25
14 31
14 37
14 38
14 40
14 47
14 49
14 54
14 56
14 58
14 64
14 66
14 73
14 74
14 75
14 77
14 78
14 79
14 80
14 82
14 83
14 85
14 86
14 87
14 88
15 19
15 20
15 22
15 24
15 42
15 47
15 56
15 59
15 60
15 64
15 66
15 67
15 68
15 73
15 76
15 81
15 82
15 83
15 85
15 87
16 19
16 20
16 23
16 25
16 28
16 29
16 30
16 31
16 32
16 33
16 34
16 35
16 36
16 39
16 41
16 42
16 46
16 47
16 49
16 51
16 63
16 64
16 67
16 71
16 74
16 76
16 77
16 78
16 80
16 81
16 83
16 84
16 88
16 89
17 20
17 21
17 22
17 24
17 26
17 29
17 32
17 33
17 34
17 36
17 37
17 38
17 40
17 42
17 43
17 47
17 49
17 50
17 53
17 54
17 55
17 56
17 59
17 61
17 62
17 63
17 65
17 68
17 71
17 75
17 79
17 87
17 88
18 19
18 20
18 24
18 25
18 34
18 36
18 37
18 38
18 41
18 46
18 51
18 53
18 54
18 57
18 58
18 59
18 61
18 62
18 63
18 65
18 67
18 71
18 73
18 76
18 77
18 78
18 81
18 84
18 85
18 86
18 89
19 20
19 21
19 23
19 25
19 26
19 28
19 29
19 32
19 33
19 34
19 35
19 36
19 37
19 42
19 46
19 48
19 52
19 55
19 56
19 61
19 63
19 67
19 71
19 72
19 74
19 77
19 79
19 80
19 83
19 86
19 87
19 88
19 89
20 21
20 23
20 25
20 32
20 33
20 35
20 38
20 41
20 46
20 50
20 51
20 52
20 53
20 55
20 58
20 60
20 61
20 64
20 65
20 68
20 69
20 73
20 76
20 77
20 81
20 82
20 83
20 84
20 85
20 89
21 24
21 25
21 26
21 27
21 31
21 36
21 38
21 41
21 55
21 61
21 65
21 68
21 69
21 73
21 78
21 79
21 80
21 81
21 82
21 83
22 25
22 26
22 32
22 36
22 38
22 42
22 44
22 45
22 47
22 51
22 52
22 54
22 56
22 57
22 58
22 60
22 61
22 65
22 68
22 71
22 73
22 76
22 78
22 82
22 83
22 87
22 88
23 24
23 28
23 30
23 33
23 35
23 37
23 38
23 42
23 47
23 49
23 52
23 55
23 56
23 58
23 62
23 64
23 65
23 68
23 69
23 70
23 73
23 77
23 79
23 81
23 82
23 83
23 84
23 88
23 89
24 28
24 32
24 34
24 35
24 37
24 38
24 39
24 40
24 47
24 48
24 49
24 50
24 53
24 55
24 56
24 57
24 65
24 68
24 70
24 71
24 72
24 75
24 76
24 77
24 78
24 82
24 87
25 28
25 30
25 34
25 35
25 41
25 45
25 48
25 49
25 51
25 53
25 55
25 60
25 62
25 68
25 71
25 75
25 76
25 80
25 84
25 89
26 27
26 31
26 34
26 35
26 37
26 43
26 45
26 46
26 50
26 51
26 54
26 55
26 62
26 66
26 67
26 68
26 69
26 70
26 71
26 85
26 86
26 88
26 89
27 31
27 35
27 43
27 46
27 55
27 61
27 62
27 63
27 64
27 65
27 66
27 69
27 70
27 71
27 72
27 73
27 74
27 77
27 81
27 84
27 86
27 87
27 88
28 35
28 36
28 38
28 40
28 43
28 48
28 50
28 53
28 54
28 56
28 57
28 59
28 60
28 61
28 63
28 67
28 71
28 73
28 77
28 78
28 79
28 81
28 82
28 83
28 85
29 31
29 34
29 38
29 40
29 41
29 42
29 44
29 46
29 52
29 54
29 55
29 58
29 60
29 62
29 63
29 68
29 69
29 75
29 77
29 78
29 79
29 86
29 88
30 31
30 35
30 37
30 39
30 43
30 45
30 46
30 47
30 48
30 50
30 56
30 57
30 62
30 64
30 68
30 70
30 71
30 73
30 74
30 76
30 78
30 79
30 81
30 86
30 88
31 32
31 33
31 38
31 42
31 44
31 51
31 55
31 58
31 59
31 60
31 63
31 64
31 65
31 68
31 70
31 71
31 72
31 74
31 77
31 83
31 88
31 89
32 34
32 40
32 42
32 44
32 45
32 47
32 54
32 55
32 58
32 59
32 61
32 62
32 67
32 72
32 73
32 74
32 77
32 82
32 85
32 86
32 87
33 38
33 40
33 41
33 44
33 49
33 51
33 57
33 63
33 64
33 66
33 69
33 73
33 74
33 77
33 78
33 82
33 83
34 36
34 39
34 40
34 41
34 44
34 54
34 57
34 58
34 60
34 63
34 72
34 74
34 80
34 85
34 86
34 87
35 36
35 38
35 39
35 43
35 44
35 45
35 46
35 47
35 52
35 53
35 56
35 58
35 59
35 61
35 62
35 64
35 65
35 66
35 68
35 72
35 75
35 76
35 77
35 80
35 81
35 84
35 89
36 37
36 42
36 43
36 46
36 48
36 49
36 50
36 53
36 54
36 58
36 60
36 61
36 64
36 65
36 66
36 67
36 70
36 71
36 72
36 73
36 88
37 38
37 41
37 42
37 48
37 49
37 51
37 54
37 55
37 56
37 61
37 62
37 65
37 67
37 70
37 71
37 73
37 74
37 75
37 80
37 83
37 84
37 85
38 45
38 47
38 50
38 51
38 53
38 54
38 59
38 60
38 63
38 64
38 67
38 69
38 71
38 72
38 76
38 78
38 79
38 80
38 81
38 84
38 85
38 87
39 41
39 45
39 49
39 50
39 55
39 57
39 58
39 63
39 65
39 66
39 67
39 70
39 71
39 74
39 75
39 76
39 79
39 80
39 82
39 86
40 46
40 56
40 58
40 59
40 60
40 61
40 63
40 65
40 66
40 67
40 70
40 73
40 74
40 78
40 80
40 84
40 85
40 89
41 46
41 48
41 54
41 56
41 57
41 66
41 68
41 71
41 75
41 77
41 81
41 82
41 83
41 85
41 86
41 87
42 47
42 48
42 49
42 51
42 57
42 72
42 76
42 77
42 79
42 80
42 83
42 89
43 44
43 49
43 51
43 56
43 57
43 58
43 64
43 69
43 70
43 78
43 79
43 80
43 81
43 82
43 83
43 84
43 86
43 89
44 55
44 56
44 57
44 58
44 63
44 66
44 69
44 73
44 79
44 81
44 82
44 83
44 86
45 48
45 50
45 53
45 54
45 55
45 59
45 60
45 64
45 65
45 70
45 72
45 73
45 75
45 82
45 85
45 87
45 88
46 49
46 51
46 53
46 55
46 57
46 59
46 61
46 62
46 63
46 68
46 69
46 70
46 73
46 77
46 78
46 83
46 84
46 87
47 49
47 50
47 52
47 54
47 55
47 56
47 58
47 64
47 67
47 71
47 72
47 74
47 78
47 80
47 81
47 82
47 84
47 87
48 51
48 52
48 53
48 54
48 57
48 61
48 62
48 63
48 64
48 73
48 83
48 88
48 89
49 52
49 53
49 55
49 57
49 58
49 59
49 62
49 64
49 68
49 70
49 73
49 76
49 77
49 80
49 81
49 82
49 83
49 87
49 89
50 51
50 52
50 53
50 56
50 59
50 60
50 63
50 71
50 73
50 77
50 80
50 81
50 82
50 83
51 57
51 58
51 62
51 66
51 70
51 71
51 74
51 76
51 77
51 81
51 84
51 88
52 55
52 57
52 58
52 60
52 63
52 64
52 66
52 68
52 69
52 71
52 73
52 75
52 76
52 77
52 79
52 81
52 82
52 83
52 84
52 88
53 54
53 57
53 58
53 59
53 64
53 65
53 66
53 69
53 74
53 76
53 78
53 79
53 84
53 87
53 89
54 55
54 58
54 62
54 65
54 66
54 67
54 70
54 73
54 75
54 77
54 78
54 79
54 84
54 86
54 87
55 58
55 59
55 61
55 62
55 65
55 69
55 71
55 75
55 82
55 83
55 84
55 89
56 61
56 64
56 68
56 70
56 75
56 78
56 80
56 81
56 82
56 84
56 85
57 61
57 62
57 65
57 70
57 71
57 80
57 87
57 88
58 59
58 61
58 62
58 64
58 65
58 67
58 70
58 74
58 76
58 77
58 83
58 84
58 85
58 88
59 63
59 64
59 65
59 66
59 69
59 71
59 72
59 76
59 77
59 79
59 81
59 82
59 84
59 85
59 88
60 61
60 66
60 77
60 78
60 79
60 80
60 82
60 83
60 84
61 62
61 63
61 65
61 66
61 67
61 69
61 74
61 77
61 83
61 86
61 88
62 64
62 65
62 66
62 70
62 77
62 78
62 82
62 84
62 85
62 89
63 64
63 66
63 74
63 77
63 78
63 79
63 82
63 83
63 86
63 88
63 89
64 65
64 67
64 71
64 72
64 73
64 74
64 79
64 80
64 86
64 87
65 66
65 71
65 73
65 75
65 78
65 80
65 86
65 87
65 88
66 67
66 70
66 73
66 76
66 77
66 79
66 80
66 82
66 89
67 69
67 71
67 73
67 74
67 77
67 81
67 82
67 86
67 89
68 69
68 72
68 73
68 75
68 80
68 81
68 83
68 85
68 87
68 88
68 89
69 70
69 72
69 74
69 76
69 77
69 80
69 81
69 82
69 85
69 86
69 88
70 71
70 73
70 75
70 76
70 81
70 82
70 83
70 85
70 87
71 73
71 74
71 77
71 80
71 83
71 85
72 73
72 76
72 77
72 79
72 81
72 82
72 86
72 87
72 88
73 75
73 80
73 83
73 88
73 89
74 77
74 78
74 79
74 85
75 78
75 81
75 84
75 85
75 86
75 88
76 79
76 80
76 81
76 82
76 84
76 89
77 83
77 84
77 87
78 80
79 80
79 82
79 83
79 85
79 86
79 87
80 82
80 88
80 89
81 82
81 85
81 88
82 84
82 89
83 84
83 85
83 86
84 85
84 89
85 86
85 87
85 88
86 87
86 88
88 89
