90 826
0 1
0 2
0 4
0 6
0 10
0 12
0 22
0 24
0 28
0 34
0 40
0 42
0 43
0 46
0 50
0 55
0 59
0 62
0 63
0 71
0 72
0 74
0 76
0 77
0 79
0 82
0 86
1 5
1 6
1 12
1 17
1 19
1 30
1 35
1 38
1 39
1 44
1 47
1 49
1 56
1 57
1 67
1 74
1 80
1 84
2 5
2 6
2 23
2 26
2 27
2 28
2 38
2 39
2 40
2 45
2 47
2 50
2 53
2 66
2 77
2 81
2 82
2 84
3 4
3 5
3 9
3 14
3 25
3 26
3 28
3 36
3 37
3 38
3 45
3 50
3 53
3 58
3 59
3 66
3 67
3 69
3 76
3 78
3 81
3 84
3 89
4 6
4 19
4 25
4 26
4 29
4 30
4 41
4 45
4 47
4 49
4 51
4 52
4 56
4 57
4 62
4 68
4 75
4 84
5 6
5 7
5 12
5 15
5 17
5 19
5 36
5 41
5 42
5 43
5 45
5 47
5 50
5 52
5 53
5 58
5 59
5 62
5 65
5 66
5 74
5 77
5 82
5 89
6 10
6 20
6 30
6 36
6 38
6 40
6 41
6 61
6 73
6 76
6 78
7 8
7 19
7 25
7 29
7 40
7 51
7 52
7 65
7 69
7 74
7 83
7 87
7 88
8 13
8 18
8 34
8 45
8 46
8 61
8 62
8 64
8 68
8 74
8 75
8 78
8 82
8 89
9 10
9 15
9 16
9 19
9 26
9 27
9 28
9 29
9 34
9 44
9 53
9 57
9 59
9 60
9 74
9 76
9 87
10 16
10 17
10 18
10 19
10 21
10 29
10 37
10 44
10 48
10 49
10 50
10 61
10 66
10 76
10 84
10 89
11 15
11 17
11 19
11 32
11 40
11 53
11 55
11 58
11 63
11 65
11 69
11 70
11 76
11 77
11 85
11 88
12 15
12 18
12 22
12 25
12 28
12 52
12 58
12 69
12 72
12 75
12 77
12 80
12 81
12 83
12 88
13 27
13 29
13 30
13 37
13 45
13 46
13 48
13 49
13 63
13 70
13 74
13 77
13 79
13 81
13 82
13 86
14 19
14 21
14 22
14 24
14 29
14 31
14 32
14 35
14 42
14 46
14 53
14 54
14 57
14 61
14 64
14 65
14 67
14 71
14 78
14 89
15 23
15 24
15 28
15 29
15 46
15 48
15 49
15 52
15 58
15 66
15 67
15 71
15 74
15 79
15 82
15 85
15 89
16 17
16 19
16 36
16 47
16 56
16 62
16 73
16 77
16 80
16 83
16 84
16 87
17 19
17 24
17 28
17 29
17 35
17 38
17 67
17 70
17 82
17 84
17 85
17 87
18 19
18 23
18 33
18 39
18 43
18 46
18 50
18 51
18 53
18 64
18 66
18 70
18 71
18 78
18 86
18 88
18 89
19 29
19 39
19 41
19 55
19 57
19 72
19 78
19 87
19 89
20 26
20 27
20 35
20 48
20 52
20 53
20 56
20 57
20 58
20 61
20 69
20 76
20 82
21 23
21 24
21 28
21 29
21 30
21 31
21 32
21 36
21 40
21 41
21 51
21 55
21 73
21 75
21 78
21 81
21 88
22 23
22 28
22 29
22 31
22 34
22 41
22 45
22 46
22 53
22 58
22 64
22 71
22 72
22 77
22 82
22 85
22 89
23 24
23 29
23 37
23 38
23 40
23 42
23 43
23 45
23 50
23 59
23 61
23 75
23 82
23 85
23 87
23 88
24 33
24 37
24 44
24 47
24 51
24 63
24 65
24 67
24 74
24 78
24 82
25 27
25 33
25 36
25 47
25 53
25 57
25 66
25 78
26 31
26 37
26 39
26 42
26 43
26 45
26 48
26 50
26 55
26 58
26 62
26 64
26 65
26 75
26 78
26 79
26 82
26 83
26 87
27 29
27 34
27 37
27 40
27 43
27 47
27 48
27 56
27 58
27 59
27 69
27 71
27 76
27 82
27 84
27 85
28 29
28 33
28 43
28 55
28 59
28 68
28 70
28 72
28 73
28 74
28 82
28 86
29 36
29 48
29 51
29 54
29 56
29 60
29 66
29 72
29 73
29 75
29 84
29 88
30 31
30 34
30 42
30 43
30 49
30 50
30 59
30 60
30 61
30 71
30 81
30 82
30 86
30 89
31 37
31 41
31 65
31 74
31 89
32 33
32 41
32 42
32 44
32 46
32 55
32 63
32 65
32 69
32 75
32 83
32 85
33 34
33 35
33 40
33 59
33 64
33 66
33 76
33 77
33 80
33 81
33 84
33 87
34 39
34 45
34 52
34 53
34 57
34 58
34 64
34 75
34 78
34 81
34 82
34 85
35 40
35 43
35 53
35 55
35 62
35 63
35 66
35 67
35 76
35 87
35 89
36 52
36 54
36 68
36 78
36 79
36 84
36 87
37 40
37 41
37 42
37 44
37 52
37 60
37 61
37 71
37 76
37 78
37 82
38 39
38 43
38 45
38 48
38 53
38 69
38 70
38 76
38 78
38 81
38 82
38 88
39 45
39 53
39 63
39 69
39 78
40 49
40 55
40 56
40 60
40 61
40 62
40 63
40 65
40 66
40 72
40 73
40 79
40 83
40 85
41 43
41 44
41 46
41 49
41 50
41 52
41 56
41 66
41 74
41 84
41 85
41 88
42 43
42 51
42 52
42 69
42 76
42 78
42 81
42 82
42 88
43 46
43 51
43 53
43 55
43 58
43 60
43 64
43 70
43 77
43 82
44 50
44 51
44 52
44 55
44 60
44 64
44 66
44 68
44 89
45 55
45 64
45 76
45 84
46 65
46 69
46 70
46 71
46 74
46 80
46 81
46 84
46 89
47 48
47 50
47 53
47 65
47 67
47 70
47 71
47 73
47 75
47 83
47 84
47 85
48 52
48 55
48 58
48 60
48 65
48 66
48 79
48 83
49 52
49 60
49 72
49 74
49 85
50 53
50 54
50 62
50 67
50 70
50 87
51 57
51 59
51 63
51 65
51 77
51 87
52 59
52 60
52 66
52 67
52 72
52 80
52 81
52 87
52 88
52 89
53 63
53 65
53 74
53 75
53 80
53 87
54 65
54 73
54 80
54 83
55 56
55 63
55 67
55 72
55 73
55 74
55 78
55 81
55 87
55 88
56 62
56 64
56 76
56 77
56 81
56 88
57 58
57 65
57 68
57 75
57 80
57 82
57 86
58 89
59 60
59 61
59 72
59 73
59 75
59 80
59 82
59 87
60 64
60 67
60 72
60 78
60 79
60 81
60 84
60 86
61 63
61 65
61 75
61 83
61 84
61 87
62 65
62 67
62 73
62 79
62 80
62 83
62 89
63 65
63 75
63 86
64 72
64 78
64 83
64 84
64 86
65 67
65 76
65 82
65 83
65 85
65 89
66 69
66 73
66 78
66 81
66 85
66 89
67 68
67 73
67 79
67 83
67 86
68 72
68 75
68 76
68 77
68 85
69 70
69 73
69 86
69 87
69 88
70 71
70 75
70 77
70 82
70 85
70 88
71 82
71 85
71 87
72 75
72 80
72 82
72 87
73 74
73 81
73 84
73 86
73 87
74 80
74 81
74 87
75 77
75 79
76 80
76 85
78 79
79 85
79 86
79 89
81 88
81 89
83 87
83 88
84 85
84 87
85 87
85 88
86 87
87 89
