90 1829
0 1
0 2
0 5
0 14
0 17
0 20
0 21
0 22
0 23
0 27
0 28
0 29
0 30
0 34
0 35
0 36
0 37
0 38
0 39
0 40
0 41
0 42
0 43
0 46
0 47
0 50
0 53
0 54
0 60
0 63
0 64
0 66
0 67
0 68
0 69
0 71
0 73
0 74
0 77
0 79
0 80
0 87
0 89
1 4
1 5
1 6
1 7
1 9
1 11
1 14
1 17
1 18
1 19
1 22
1 23
1 30
1 33
1 35
1 36
1 39
1 42
1 43
1 50
1 51
1 57
1 58
1 63
1 66
1 67
1 68
1 71
1 72
1 73
1 75
1 77
1 78
1 81
1 83
1 87
1 89
2 7
2 9
2 12
2 13
2 20
2 21
2 23
2 24
2 26
2 29
2 32
2 34
2 36
2 37
2 39
2 40
2 41
2 47
2 49
2 50
2 52
2 53
2 55
2 59
2 64
2 65
2 66
2 67
2 72
2 76
2 78
2 83
2 84
2 86
2 88
3 5
3 8
3 10
3 12
3 14
3 21
3 26
3 32
3 33
3 34
3 35
3 36
3 37
3 38
3 40
3 44
3 45
3 46
3 47
3 51
3 52
3 53
3 57
3 58
3 60
3 62
3 63
3 66
3 67
3 70
3 73
3 76
3 81
3 84
3 85
3 87
3 88
4 6
4 7
4 10
4 11
4 12
4 13
4 15
4 16
4 21
4 22
4 28
4 32
4 34
4 36
4 37
4 40
4 41
4 42
4 44
4 45
4 46
4 47
4 48
4 49
4 50
4 52
4 53
4 59
4 60
4 66
4 68
4 71
4 72
4 73
4 76
4 77
4 79
4 82
4 83
4 84
4 85
4 86
4 87
5 6
5 7
5 8
5 13
5 14
5 16
5 20
5 21
5 22
5 23
5 26
5 27
5 28
5 33
5 34
5 36
5 38
5 41
5 44
5 45
5 46
5 47
5 49
5 50
5 53
5 54
5 56
5 61
5 63
5 65
5 67
5 68
5 71
5 74
5 78
5 79
5 81
5 86
5 87
5 88
6 10
6 12
6 13
6 16
6 22
6 23
6 24
6 28
6 29
6 31
6 32
6 34
6 36
6 41
6 42
6 44
6 46
6 47
6 49
6 51
6 52
6 53
6 57
6 60
6 61
6 66
6 67
6 70
6 71
6 74
6 79
6 81
6 84
6 86
7 8
7 11
7 12
7 15
7 16
7 17
7 18
7 19
7 20
7 27
7 28
7 29
7 32
7 34
7 35
7 41
7 42
7 45
7 47
7 49
7 50
7 51
7 53
7 57
7 58
7 63
7 65
7 68
7 72
7 75
7 79
7 82
7 83
7 85
7 88
8 9
8 11
8 12
8 13
8 19
8 20
8 22
8 26
8 27
8 29
8 30
8 32
8 35
8 41
8 42
8 47
8 48
8 49
8 54
8 57
8 66
8 67
8 69
8 70
8 72
8 73
8 74
8 75
8 76
8 77
8 80
8 81
8 84
8 85
8 88
8 89
9 11
9 13
9 14
9 15
9 17
9 20
9 21
9 25
9 26
9 28
9 32
9 35
9 38
9 39
9 41
9 42
9 43
9 44
9 46
9 48
9 49
9 50
9 51
9 52
9 53
9 54
9 56
9 57
9 58
9 65
9 66
9 67
9 69
9 71
9 73
9 75
9 76
9 80
9 83
9 84
9 88
10 11
10 17
10 18
10 20
10 21
10 23
10 24
10 25
10 26
10 27
10 28
10 30
10 31
10 32
10 33
10 37
10 38
10 40
10 49
10 51
10 52
10 56
10 58
10 60
10 61
10 62
10 63
10 64
10 65
10 68
10 71
10 72
10 74
10 76
10 78
10 79
10 80
10 85
10 88
10 89
11 13
11 14
11 15
11 17
11 19
11 20
11 21
11 22
11 25
11 30
11 31
11 32
11 35
11 36
11 37
11 40
11 41
11 43
11 45
11 47
11 49
11 50
11 53
11 57
11 58
11 59
11 61
11 65
11 67
11 69
11 73
11 76
11 77
11 80
11 84
11 89
12 13
12 14
12 15
12 17
12 19
12 23
12 24
12 27
12 28
12 30
12 31
12 34
12 38
12 42
12 44
12 45
12 48
12 53
12 54
12 55
12 58
12 61
12 62
12 65
12 66
12 67
12 68
12 70
12 71
12 78
12 81
12 82
12 84
12 85
12 89
13 15
13 18
13 19
13 21
13 24
13 25
13 28
13 30
13 34
13 38
13 39
13 41
13 50
13 51
13 55
13 56
13 59
13 60
13 61
13 62
13 64
13 68
13 70
13 71
13 74
13 75
13 76
13 78
13 79
13 80
13 82
13 83
13 84
13 85
13 87
14 15
14 17
14 18
14 19
14 21
14 22
14 26
14 27
14 28
14 31
14 35
14 38
14 39
14 40
14 41
14 43
14 47
14 48
14 49
14 50
14 51
14 54
14 55
14 61
14 65
14 67
14 69
14 71
14 73
14 74
14 75
14 76
14 80
14 82
14 85
14 86
14 88
15 19
15 22
15 24
15 25
15 26
15 28
15 34
15 35
15 39
15 41
15 42
15 45
15 47
15 48
15 50
15 53
15 56
15 57
15 60
15 61
15 62
15 65
15 66
15 67
15 68
15 70
15 71
15 72
15 74
15 75
15 78
15 79
15 80
15 81
15 83
15 85
15 88
16 18
16 19
16 22
16 23
16 24
16 26
16 27
16 28
16 29
16 32
16 33
16 40
16 41
16 42
16 43
16 45
16 48
16 51
16 53
16 54
16 55
16 62
16 63
16 64
16 66
16 67
16 69
16 73
16 75
16 76
16 79
16 82
16 84
16 86
16 88
17 20
17 23
17 24
17 26
17 28
17 29
17 30
17 31
17 32
17 38
17 39
17 42
17 45
17 48
17 53
17 57
17 59
17 61
17 63
17 64
17 66
17 67
17 68
17 72
17 73
17 74
17 75
17 76
17 77
17 79
17 80
17 81
17 82
17 85
17 86
17 87
17 88
18 19
18 20
18 23
18 24
18 25
18 27
18 28
18 32
18 36
18 39
18 43
18 44
18 46
18 48
18 50
18 62
18 64
18 68
18 72
18 73
18 76
18 77
18 78
18 81
18 82
18 86
18 87
19 20
19 22
19 25
19 27
19 31
19 34
19 38
19 39
19 40
19 43
19 45
19 55
19 57
19 59
19 60
19 61
19 66
19 67
19 68
19 70
19 72
19 74
19 76
19 78
19 79
19 80
19 81
19 83
19 86
19 87
19 89
20 21
20 22
20 25
20 27
20 29
20 35
20 36
20 37
20 38
20 40
20 42
20 44
20 45
20 46
20 47
20 48
20 49
20 50
20 51
20 55
20 56
20 57
20 59
20 61
20 62
20 64
20 65
20 67
20 68
20 69
20 70
20 75
20 78
20 79
20 81
20 83
20 85
20 86
21 24
21 25
21 29
21 30
21 31
21 34
21 37
21 38
21 40
21 41
21 42
21 43
21 49
21 51
21 53
21 58
21 64
21 74
21 77
21 79
21 85
21 87
22 24
22 25
22 27
22 29
22 30
22 31
22 33
22 37
22 38
22 39
22 40
22 41
22 43
22 44
22 54
22 55
22 57
22 59
22 60
22 61
22 64
22 70
22 71
22 72
22 80
22 83
22 86
22 87
22 88
22 89
23 25
23 26
23 27
23 29
23 33
23 37
23 39
23 40
23 42
23 43
23 44
23 45
23 48
23 49
23 50
23 51
23 53
23 54
23 59
23 60
23 62
23 63
23 66
23 68
23 70
23 71
23 73
23 74
23 76
23 78
23 80
23 83
23 85
23 86
24 26
24 28
24 34
24 35
24 37
24 40
24 42
24 43
24 48
24 50
24 51
24 52
24 53
24 56
24 57
24 58
24 59
24 60
24 61
24 62
24 64
24 66
24 69
24 76
24 77
24 79
24 80
24 81
24 82
24 83
24 84
24 86
24 87
25 26
25 36
25 37
25 38
25 39
25 41
25 42
25 43
25 47
25 48
25 50
25 56
25 59
25 65
25 68
25 76
25 78
25 79
25 83
25 87
25 88
26 27
26 28
26 30
26 31
26 32
26 36
26 37
26 39
26 40
26 42
26 44
26 45
26 46
26 48
26 49
26 50
26 51
26 52
26 53
26 55
26 59
26 61
26 66
26 67
26 69
26 70
26 76
26 77
26 78
26 79
26 81
26 83
26 85
27 35
27 36
27 37
27 39
27 40
27 42
27 45
27 47
27 50
27 54
27 58
27 60
27 63
27 64
27 68
27 72
27 74
27 76
27 78
27 80
27 82
27 83
27 84
27 87
27 88
27 89
28 29
28 31
28 34
28 37
28 38
28 39
28 45
28 48
28 50
28 56
28 57
28 59
28 60
28 61
28 63
28 64
28 65
28 66
28 68
28 71
28 72
28 73
28 75
28 76
28 77
28 78
28 81
28 82
28 86
29 30
29 34
29 35
29 38
29 40
29 45
29 46
29 47
29 51
29 52
29 56
29 59
29 62
29 64
29 65
29 67
29 70
29 73
29 79
29 80
29 82
29 83
29 89
30 37
30 40
30 43
30 44
30 46
30 47
30 52
30 53
30 56
30 58
30 59
30 61
30 63
30 64
30 69
30 70
30 73
30 77
30 81
30 82
30 83
30 84
30 85
30 86
30 87
30 88
31 39
31 41
31 42
31 43
31 47
31 49
31 51
31 53
31 59
31 60
31 61
31 65
31 67
31 70
31 71
31 72
31 73
31 77
31 78
31 79
31 81
31 82
31 84
31 86
31 87
32 36
32 37
32 38
32 40
32 42
32 43
32 48
32 54
32 60
32 62
32 66
32 77
32 78
32 81
32 82
32 84
32 87
32 89
33 34
33 35
33 37
33 38
33 40
33 45
33 47
33 52
33 55
33 57
33 61
33 64
33 65
33 66
33 67
33 72
33 74
33 78
33 82
33 87
34 36
34 37
34 39
34 40
34 41
34 42
34 44
34 45
34 47
34 51
34 55
34 56
34 57
34 58
34 60
34 61
34 62
34 64
34 67
34 73
34 74
34 77
34 82
34 83
34 85
34 87
34 88
34 89
35 36
35 37
35 38
35 40
35 41
35 42
35 46
35 48
35 52
35 62
35 68
35 69
35 74
35 75
35 78
35 79
35 81
35 86
36 38
36 41
36 42
36 43
36 47
36 48
36 49
36 57
36 58
36 60
36 61
36 64
36 66
36 69
36 71
36 73
36 74
36 75
36 76
36 78
36 80
36 83
36 84
36 85
36 88
37 39
37 44
37 45
37 46
37 49
37 51
37 52
37 56
37 58
37 59
37 60
37 63
37 68
37 71
37 72
37 73
37 74
37 75
37 76
37 82
37 84
37 85
37 86
37 88
38 40
38 41
38 43
38 44
38 47
38 48
38 49
38 50
38 54
38 56
38 57
38 58
38 61
38 64
38 65
38 66
38 67
38 68
38 69
38 70
38 72
38 74
38 75
38 77
38 80
38 81
38 84
38 86
38 88
39 41
39 44
39 47
39 48
39 51
39 53
39 56
39 61
39 62
39 65
39 66
39 69
39 71
39 75
39 76
39 79
39 80
39 82
39 85
39 86
39 87
40 41
40 42
40 43
40 44
40 45
40 46
40 48
40 49
40 50
40 51
40 52
40 54
40 56
40 58
40 59
40 60
40 61
40 62
40 63
40 65
40 68
40 69
40 70
40 71
40 75
40 78
40 80
40 81
40 82
40 83
40 84
40 87
40 89
41 44
41 45
41 46
41 48
41 52
41 55
41 57
41 59
41 60
41 61
41 62
41 65
41 70
41 74
41 76
41 77
41 78
41 81
41 82
41 84
41 85
41 86
41 87
41 89
42 44
42 47
42 50
42 52
42 53
42 55
42 56
42 61
42 69
42 70
42 72
42 73
42 79
42 80
42 82
42 83
42 84
42 87
42 88
42 89
43 47
43 49
43 51
43 54
43 55
43 56
43 57
43 60
43 61
43 62
43 64
43 65
43 67
43 68
43 70
43 71
43 72
43 73
43 75
43 76
43 86
43 87
43 88
43 89
44 53
44 55
44 56
44 59
44 61
44 62
44 65
44 70
44 71
44 72
44 73
44 74
44 75
44 82
44 83
44 84
44 86
44 89
45 48
45 50
45 51
45 53
45 55
45 59
45 60
45 61
45 63
45 67
45 69
45 70
45 76
45 77
45 79
45 80
45 82
45 84
45 86
45 87
45 88
46 47
46 51
46 52
46 54
46 55
46 57
46 58
46 59
46 60
46 62
46 63
46 65
46 67
46 68
46 69
46 72
46 74
46 76
46 78
46 80
46 82
46 89
47 48
47 59
47 60
47 66
47 71
47 72
47 74
47 79
47 81
47 82
47 84
47 86
47 87
47 88
48 49
48 50
48 51
48 53
48 55
48 56
48 58
48 59
48 60
48 63
48 64
48 66
48 68
48 74
48 75
48 77
48 78
48 82
48 85
48 88
48 89
49 52
49 53
49 56
49 62
49 65
49 66
49 69
49 71
49 72
49 74
49 81
49 87
50 53
50 54
50 55
50 56
50 60
50 65
50 69
50 72
50 75
50 76
50 77
50 79
50 86
50 87
50 89
51 53
51 54
51 55
51 56
51 57
51 59
51 60
51 62
51 67
51 70
51 71
51 72
51 75
51 76
51 78
51 86
51 88
52 54
52 55
52 60
52 61
52 63
52 64
52 66
52 67
52 68
52 69
52 72
52 74
52 76
52 79
52 84
52 85
52 86
53 55
53 57
53 64
53 65
53 68
53 69
53 70
53 73
53 74
53 75
53 77
53 80
53 81
53 84
53 85
53 88
53 89
54 55
54 57
54 59
54 61
54 63
54 64
54 65
54 66
54 67
54 68
54 69
54 70
54 72
54 78
54 81
54 83
54 85
54 86
54 87
54 89
55 56
55 57
55 58
55 60
55 61
55 62
55 66
55 69
55 73
55 75
55 78
55 79
55 80
55 82
55 83
55 85
55 87
55 88
55 89
56 60
56 67
56 68
56 74
56 75
56 78
56 81
56 83
56 84
56 86
57 58
57 59
57 60
57 63
57 67
57 71
57 77
57 78
57 79
57 82
57 83
57 87
58 60
58 61
58 62
58 66
58 67
58 69
58 70
58 71
58 73
58 74
58 76
58 78
58 80
58 83
59 64
59 65
59 67
59 69
59 74
59 75
59 78
59 86
59 87
59 89
60 61
60 63
60 64
60 65
60 66
60 72
60 75
60 76
60 79
60 82
60 83
60 84
60 87
60 89
61 62
61 63
61 64
61 66
61 70
61 71
61 76
61 78
61 80
61 82
61 83
61 84
61 85
61 88
61 89
62 63
62 65
62 66
62 68
62 71
62 74
62 76
62 77
62 79
62 81
62 83
62 84
62 85
62 89
63 68
63 69
63 71
63 74
63 77
63 81
63 83
63 86
64 67
64 68
64 70
64 71
64 74
64 76
64 77
64 78
64 80
64 81
64 83
64 88
65 66
65 68
65 69
65 71
65 73
65 75
65 76
65 77
65 79
65 80
65 83
65 88
65 89
66 68
66 69
66 70
66 71
66 74
66 75
66 76
66 77
66 78
66 80
66 81
66 83
66 84
66 86
66 87
66 88
66 89
67 68
67 70
67 71
67 73
67 74
67 75
67 76
67 77
67 80
67 81
67 82
67 83
68 70
68 71
68 73
68 74
68 76
68 77
68 81
68 82
68 83
68 85
68 88
69 70
69 75
69 77
69 80
69 81
69 82
69 83
69 84
69 86
69 87
69 89
70 71
70 72
70 73
70 80
70 81
70 82
70 84
70 86
71 76
71 77
71 78
71 79
71 84
71 86
71 87
71 88
71 89
72 73
72 75
72 77
72 78
72 79
72 80
72 81
72 84
72 85
73 74
73 75
73 76
73 80
73 81
73 82
73 84
73 85
73 87
74 79
74 80
74 82
74 83
74 85
74 86
74 89
75 80
75 84
75 87
76 77
76 79
76 80
76 81
76 86
76 87
76 88
77 80
77 82
77 83
77 86
77 88
77 89
78 80
78 84
78 88
79 81
79 83
79 87
79 89
80 85
80 86
80 87
81 83
81 86
81 88
81 89
82 83
82 85
82 86
82 88
83 86
83 87
83 89
84 85
84 87
84 88
84 89
85 87
86 87
86 89
87 88
87 89
