155 1232
0 0.7217952382455017
1 0.8493278375684123
2 -0.8402306405190259
3 0.5290415740879457
4 0.2614663477372281
5 0.2867119512121825
6 0.774377719801328
7 0.03344316910611744
8 0.736839823588856
9 0.8570714841867597
10 -0.5997098434131565
11 -0.6724949846908985
12 -0.05156572056772002
13 0.6333560742207787
14 0.08650033891810649
15 0.585141162972884
16 0.1871750894426223
17 0.9205037181765452
18 -0.6335980451500358
19 0.2561634696009587
20 0.7274574372819858
21 0.9572235458780962
22 0.03435472593697941
23 -0.3536553296626177
24 0.20080480767999842
25 0.7322291822644407
26 -0.8238016253400458
27 0.23574605608629562
28 -0.2858289644227232
29 0.8443727322114092
30 -0.6823734829256107
31 -0.01184801776450195
32 0.6783050615104032
33 0.49094226499744464
34 -0.9753893424820999
35 0.39979582797243274
36 0.17684472467295786
37 0.4789198649111186
38 0.006300274065148548
39 0.9573024320762695
40 0.28814329385785875
41 -0.3950892338343974
42 0.8040830644951371
43 0.06629385539983201
44 0.7117814874903683
45 0.5627875636122348
46 0.8427864933965079
47 0.8957226785470709
48 -0.47229686094366974
49 0.9198157781697771
50 0.6954484319650518
51 0.16508990989924088
52 0.4089438200746238
53 0.05474536443726552
54 -0.7936646196851636
55 -0.3725763924944925
56 -0.029716867751873766
57 0.6623986721551522
58 0.35887589011814747
59 -0.6575984589260018
60 -0.6011189065704696
61 0.26282941858361974
62 -0.7138432588330728
63 0.8456579953693575
64 -0.2823163128237969
65 -0.21704841416571696
66 -0.7480071360903333
67 0.8958966405599422
68 0.6492654414358177
69 0.28959501207117744
70 0.8935390258605969
71 0.967753972959615
72 0.08969646503250583
73 -0.30818590858466455
74 -0.09993517524596296
75 -0.9677857871446043
76 0.5753642627261282
77 -0.9645670360382952
78 -0.7984350257319714
79 -0.2712343794601362
80 -0.24075146510801915
81 0.5672428089272099
82 0.0036491468313437636
83 -0.6522537158046204
84 -0.7472602293874062
85 -0.18826542628388454
86 -0.6155165796805262
87 -0.8571231640206434
88 0.7053298428893708
89 0.1601958270284385
90 -0.038566922235426127
91 -0.7852212945082542
92 -0.1537660155197087
93 0.7485694735384343
94 0.7187198524870069
95 -0.07883660131496373
96 -0.04773272504335524
97 0.3125297594301426
98 0.67242382368528
99 -0.22504293545484755
100 0.8451329112189423
101 0.5783279707180498
102 0.8837729596576074
103 -0.5384778961431762
104 -0.07788663446179678
105 -0.11755204496723604
106 -0.38783469922735914
107 0.12634303607943664
108 0.8901125158474157
109 0.8691193490781404
110 0.7102706808850971
111 0.15895725640312475
112 0.27285459778009247
113 0.4804369300147573
114 -0.049819728875212244
115 -0.10081232698945741
116 -0.7941999335981607
117 0.6855418174990748
118 0.35173470521454053
119 0.9269187151735803
120 -0.9234821655917849
121 0.08229136988532737
122 -0.4848108266854818
123 0.78491965145647
124 0.08683415069723965
125 -0.6912766869616114
126 -0.24862056074853323
127 -0.4020585042295304
128 0.9619075600123221
129 0.8777392919794349
130 -0.08326814696780471
131 -0.05912995083309225
132 0.23581908035381072
133 -0.24171839615354584
134 0.10316084245037138
135 0.14184415721174415
136 -0.1648778156238433
137 -0.30870875875503545
138 0.11855150686849125
139 -0.7276021056642463
140 0.020832325362220683
141 0.7442101411456101
142 -0.8489718625957567
143 -0.03609874245931355
144 0.8725213502542077
145 -0.2782625040212372
146 -0.9552230607955505
147 0.054763206687082455
148 -0.2745578307931389
149 -0.3764386009044616
150 0.23256120465716434
151 0.7304285501080763
152 -0.9554945535910406
153 -0.14528892716016806
154 -0.24387115418090777
0 5 -0.5267041122524514
0 42 -0.0001822090370582341
0 45 0.8250350028819022
0 68 -0.07361053119071204
0 103 -0.41647621210688457
0 104 -0.5796381894905678
0 113 0.6587214305167866
1 3 0.35891227649368607
1 13 0.6337057217808981
1 46 0.7044621577318162
1 54 -0.4985765527720398
1 59 -0.0851187656029202
1 76 -0.5815721928501123
1 109 0.1563113136148715
1 111 0.42084036058121055
1 112 0.6571605484909357
1 145 0.029297814146511003
2 21 0.856423526540316
2 24 -0.6756195950088495
2 48 -0.7211072018235467
2 56 -0.10914547962208254
2 65 0.5738770243576083
2 67 0.9573320363866784
2 69 -0.39232096847644904
2 74 -0.8241408147855114
2 98 -0.6059444405663019
2 117 -0.8618208794716977
2 125 -0.5636522837347973
2 130 -0.8695219419482976
2 131 -0.24830801559719484
2 142 -0.07183067547447575
3 6 -0.25006632439795884
3 14 0.17999461750967538
3 32 0.5689530560605391
3 33 0.038596904604167426
3 42 0.01925336698539315
3 68 0.3888203125733394
3 74 -0.5135918649506175
3 80 0.7888175090204628
3 94 0.9231447950861058
3 95 0.3439695878348361
3 98 0.004229410282936996
3 114 -0.5734206535358237
3 129 -0.49758181109429334
3 134 0.5629373511126374
3 141 -0.04685136325754624
3 144 0.5076627760717936
4 11 0.7040109087505526
4 16 -0.28160815465112576
4 29 0.8724647758579025
4 32 -0.2506686565838314
4 43 -0.7414562506190041
4 44 -0.3816846905730513
4 48 0.4460968280220061
4 50 0.6616733929470708
4 72 0.47429803948158633
4 82 0.14725658437783928
4 84 0.5687637970380428
4 88 0.393521612011412
4 99 0.6775782008322533
4 103 0.18288039218743468
4 118 -0.6738377333855285
4 126 -0.5986535225621963
4 136 0.9271518895866848
4 150 0.4793168619679591
4 154 0.5599145219112083
5 11 0.7643407293980338
5 12 0.5437011811299122
5 16 -0.4140073332547771
5 19 -0.43185351080103906
5 31 -0.15450053813009856
5 34 -0.9455543878586425
5 38 -0.6179867908021948
5 48 -0.7904323661979811
5 63 -0.37979311797406345
5 73 0.6886394598073988
5 79 0.8834963830507581
5 82 0.6144439224125509
5 95 -0.9605341495479445
5 100 0.2439203483343224
5 102 -0.2690954465265285
5 113 0.6129569039978344
5 118 0.6125923662955077
5 120 -0.14718939538136788
5 135 0.09318296537292858
5 138 0.17983788423867453
6 9 -0.7809287164741512
6 10 -0.4119385550183854
6 16 0.1667551356414676
6 28 -0.05769052711301992
6 37 -0.6678885636426395
6 51 0.3525471428019489
6 74 -0.5639123422340253
6 85 -0.33654375718648977
6 87 -0.03512472123809984
6 98 -0.9214991833216886
6 105 0.5629877453965855
6 113 -0.9266248958306462
6 134 0.0419326827598927
6 142 0.0976605084416291
7 16 0.5729639113441403
7 22 0.43197936000439974
7 36 -0.40112720585226613
7 40 0.8776454522271442
7 50 0.7452310396574024
7 55 0.41408743843759455
7 65 -0.7830477162754299
7 75 -0.8371071553728204
7 81 -0.3010260863462557
7 98 -0.13428540061507466
7 100 0.7661541538762886
7 101 -0.7981765664968052
7 108 0.7923360063391587
7 110 0.061738377245120546
7 113 -0.21344008804240056
7 126 -0.8092929448851662
7 139 0.39498702379594164
7 140 -0.08143910462853965
7 147 -0.055280692540707
8 15 -0.20661533965061185
8 19 -0.7120828994487309
8 49 0.3387551026772453
8 52 0.5799489484404818
8 53 -0.592168334511985
8 54 -0.877263272432232
8 62 0.877928771777196
8 68 -0.23480564902669965
8 80 -0.34432486749343205
8 92 0.9398771833143063
8 148 0.4207713540098297
9 12 -0.4753481235235073
9 41 -0.9148628672603161
9 57 0.4402276285661968
9 91 -0.15466336072130482
9 101 0.21020169489296925
9 122 -0.2968737210778838
9 125 -0.7095313497723017
9 153 0.8527190202011339
10 33 -0.2030080975162767
10 35 0.16732196624072793
10 37 -0.9846675011653794
10 58 -0.9189666199282731
10 63 -0.10735337416045732
10 65 -0.48036038712509144
10 69 0.49558647720576543
10 73 -0.7505282938439362
10 76 0.22840038287487507
10 77 -0.9135061006429093
10 78 -0.40377834421188563
10 84 -0.8641480221408582
10 97 -0.7879628066479014
10 102 0.45084564799477733
10 146 0.05700487420143352
11 18 -0.021408103168662374
11 19 0.6183429764393902
11 27 -0.958487353334982
11 39 0.39233189508740485
11 40 0.9724452774963956
11 51 -0.004109998101704981
11 83 0.14551863301919066
11 84 0.8673873734068389
11 86 0.23870050304963564
11 90 0.14283970029200277
11 101 -0.1142284322655609
11 122 -0.1453619731093767
11 124 -0.3859617312700978
11 128 -0.40150878030135817
11 129 -0.7096785319099577
11 132 -0.44475129011208514
11 134 -0.061533972346097476
12 33 -0.25594039788429734
12 37 0.7527261485783276
12 45 0.9829376901477891
12 63 -0.00932905757440472
12 71 0.5741226778223627
12 78 -0.23031544373797685
12 103 0.03708338337180339
12 125 0.7923631177432335
12 126 -0.3787964007658333
12 131 0.7296164011737347
12 132 0.8756940870392766
12 138 0.15412029714787856
12 140 -0.6891146549515634
12 141 -0.330844790816623
13 27 -0.4480535144061635
13 28 0.38450457621661505
13 34 -0.38059937202056404
13 35 0.23183714160445734
13 38 0.8810575494653703
13 87 0.09732710200779393
13 91 0.5825457875970179
13 98 0.4086946964261362
13 112 -0.1845481177550825
13 126 -0.5384630325582744
13 132 0.9531248663635528
13 153 0.1075018553426188
14 23 0.31648667580523493
14 53 0.04885839084696819
14 59 -0.9017698546360542
14 61 -0.7008642569623087
14 83 -0.8757449978879523
14 85 0.1491981560087272
14 92 -0.8603119270967183
14 128 0.14966198589766622
14 129 -0.09982410351224713
14 152 -0.6612711721801743
14 154 -0.5576139153311752
15 27 -0.6006991078120187
15 43 -0.8356070852876001
15 60 -0.9499569017100473
15 64 -0.05328278261338992
15 65 0.0887224448301136
15 79 0.3811536930874
15 97 -0.3539742787918019
15 110 0.5239148414473744
15 112 0.537863487340634
15 123 -0.9633899430761077
15 130 -0.639789720875934
15 139 -0.6710324678989901
15 144 0.9971353272187014
15 151 0.04196472418950781
15 152 -0.8464904294784257
16 20 0.6528273462745637
16 54 -0.8231879110583977
16 66 -0.18836181249849315
16 87 -0.8531657505811281
16 92 -0.9989925537012341
16 95 -0.6202743189906119
16 96 0.5732598269647278
16 102 0.3547711015248707
16 112 -0.4467854068619752
16 119 -0.5462271879715115
16 131 0.08674383539652952
16 133 0.6906917614088137
16 139 -0.5124342755979561
16 146 0.7141879453296565
17 21 -0.9177534972733743
17 25 -0.26360791244515913
17 28 0.5903708623033632
17 30 0.4183434926037606
17 34 0.5719975014405594
17 58 -0.881526732086968
17 81 0.5870262828188006
17 88 0.6924228555101992
17 93 -0.7361704190555509
17 103 -0.9509120741681534
17 115 0.29991286075358836
17 139 -0.220115592805173
17 140 -0.12351307635984998
17 147 -0.7915986115646181
17 149 0.3133341802804126
17 153 0.07560035846957724
17 154 0.3512936875322292
18 36 -0.6261875995422916
18 41 -0.7755381121685929
18 42 0.7550678972361979
18 84 0.41149372595896594
18 91 -0.9251630630747678
18 92 -0.5257637156658257
18 95 -0.7650588113847347
18 96 0.9310278291106378
18 118 0.5134314835177831
18 131 -0.18676788777125108
19 27 0.9144056027541643
19 39 0.18248661370790753
19 57 -0.550260481541494
19 63 -0.6210399316707473
19 67 0.968749016040636
19 82 -0.5233275075199815
19 89 -0.28360424877142454
19 110 -0.25168112438955426
19 120 -0.09607496923342596
19 122 0.7874025191543428
19 126 0.8536294608615818
19 140 -0.7916220140913011
19 147 -0.48631562102381376
20 22 0.897328821674966
20 28 0.29535183172375645
20 49 -0.8888380291420441
20 58 -0.7716857062732474
20 73 0.5653001318240083
20 74 0.6909326484263385
20 80 0.111626736917388
20 84 0.5090469618006901
20 94 0.9928993470997287
20 95 -0.9686997681460032
20 99 0.09975094568743925
20 107 0.2508854481227232
20 139 -0.8999501010699855
20 140 -0.743198653434433
21 24 -0.7450920329614248
21 30 -0.4065855922289905
21 46 0.7583246976161635
21 51 0.731223464012748
21 53 7.436860325293893e-05
21 60 0.33649116179436467
21 72 0.9686804478540203
21 79 -0.9299193710239586
21 80 -0.0011393669888437596
21 124 0.853209001425641
21 128 -0.0403798520570231
21 137 0.25165696295505025
21 141 -0.3241831672232458
21 143 -0.9534030699744127
21 146 0.9702579392123851
22 29 -0.8588884010708873
22 32 -0.23403882339139526
22 33 -0.3329054764848638
22 34 0.43776695037504987
22 38 -0.10820919107007998
22 47 -0.8833766065892439
22 51 0.035764545395601255
22 66 -0.45106843742374036
22 79 0.22521935811364924
22 81 0.22151358711449087
22 83 0.42133804701037025
22 88 -0.5026242202953122
22 99 -0.2590990604998593
22 125 0.17283257459163304
22 136 0.21653078984345564
22 138 0.6257088469868162
22 146 0.6313482793891589
22 148 -0.7065703930420308
23 34 -0.2539197426448232
23 36 0.8381238429559708
23 37 -0.4231212961559514
23 43 -0.8471615905618057
23 56 -0.022228088134191415
23 73 -0.4178320792170336
23 84 -0.9237775377670503
23 94 -0.5837814384611495
23 106 0.30834480410737997
23 111 0.6195283050868741
23 122 -0.548856195159249
23 127 -0.032294003196724264
23 128 0.7785479796138852
23 129 -0.7084567695465698
23 146 -0.7137238211456682
23 147 0.898688961632166
23 153 -0.6009866064807075
24 25 -0.4347342871576383
24 30 -0.47170734507385625
24 41 -0.17139409655455706
24 50 -0.17531017447184483
24 53 0.9205559496668838
24 60 0.41805157593717346
24 69 0.9870002335150045
24 92 -0.016837931690538266
24 98 -0.24996018886097127
24 99 0.21725082198797652
24 101 0.7713257720358508
24 109 0.03071680875118976
24 133 -0.5287507823963113
24 140 -0.8272606957754396
24 149 0.6133742855274342
25 31 0.3962355352534064
25 38 0.6653922200293323
25 53 -0.14592610175896548
25 56 -0.062430471802199516
25 62 -0.34184339918651196
25 70 0.0038595602827433684
25 104 -0.9995777475955483
25 106 0.8220054259778655
25 112 0.28766267792016564
25 126 -0.605660460818666
25 133 -0.7854381949754743
25 140 -0.10625534836573247
25 152 -0.28903350316024223
26 27 -0.49355704164613856
26 51 -0.6781989041827936
26 53 0.3934932138012297
26 56 -0.6037970747436348
26 57 -0.7226864510089515
26 60 0.3596494068870535
26 68 -0.8710955395977198
26 79 -0.9712583017167042
26 95 0.3161788724404446
26 99 0.17317089322016166
26 103 0.077669653775301
26 112 0.5333097994648472
26 119 0.6258813801540635
26 124 0.47739190112447627
26 128 0.7550438030458619
26 131 -0.7340532154983339
26 138 0.5856095506172629
26 139 -0.9145553773878414
26 144 0.8069342834153928
26 146 -0.7786555981899759
27 31 0.6015967624636414
27 33 0.7345057201218028
27 36 0.5737320659254184
27 37 -0.1391293759716461
27 49 0.11174163583360297
27 50 -0.18656661098695504
27 56 0.7744648084794363
27 58 -0.7107762221903045
27 62 0.013256790398630702
27 64 0.4231893355776455
27 65 0.9510107400107617
27 66 0.012865776699567233
27 67 -0.14001343065582694
27 96 0.5533154500046231
27 99 0.509390796592825
27 105 -0.9003276454800573
27 129 0.16705484813594795
27 135 0.5771970607747017
27 141 0.004405761235961592
28 37 0.1486079931265556
28 49 0.3300252474923846
28 65 -0.08609494742990731
28 78 0.4656735960950604
28 84 -0.8231142469650616
28 90 -0.7952569144155879
28 91 0.21214262901737957
28 100 0.8261079890974881
28 101 -0.29822102329758193
28 102 0.3922259137578461
28 106 0.11445369066077338
28 135 -0.3060833236165037
28 140 -0.9575248502686937
28 152 0.6780363116664383
29 43 0.8093887146882257
29 49 0.9215333219731838
29 51 -0.7089825629912363
29 52 -0.25151053534801426
29 57 0.12406895665980744
29 60 0.7456351035472264
29 65 -0.08757156756208717
29 69 0.16933567472797484
29 79 -0.017983259407473362
29 102 -0.36827013785480034
29 106 -0.5094267600764959
29 112 0.9366853652810196
29 140 -0.6781802270241439
29 150 -0.4744077248656353
29 152 0.8434529507249391
30 36 -0.9115368427368191
30 46 0.639802718288446
30 47 0.940610464793967
30 49 0.32224271031756735
30 50 0.5525470293991739
30 52 0.15384785402023948
30 53 0.35682118623858416
30 59 0.941644928449523
30 60 -0.3308267824671163
30 69 -0.6406086734443144
30 81 0.07777634943928113
30 94 0.905726934384238
30 103 0.8189040865963984
30 122 -0.039077484701690146
31 38 -0.5749852494306436
31 40 0.3411363606729254
31 66 0.2510777004581113
31 80 0.7984076682322228
31 83 -0.06890177772629946
31 92 -0.4360939015881782
31 105 0.6040233461625799
31 106 0.5964950290868365
31 107 -0.7018174456569111
31 108 -0.4290049475354034
31 110 -0.07713032321237856
31 111 0.6489718730930418
31 112 -0.7548484962469366
31 122 -0.902656639817637
31 123 -0.03759316822054437
31 139 0.314468272240376
32 40 -0.08917179823224708
32 43 0.17560421976034823
32 51 0.2928321942226628
32 67 0.7503307763027567
32 81 0.6540673335127274
32 83 0.5197185030487892
32 87 0.590222861859033
32 103 -0.7462160090453434
32 108 0.5570224960796004
32 136 0.3957129642163304
32 144 0.9888623327293409
32 151 0.38784638407668615
32 153 -0.6246095596544232
33 44 -0.860316207516211
33 45 0.5612015290894747
33 57 0.5616538613175255
33 65 -0.10745736802769823
33 72 -0.44165810267792516
33 85 0.4823240568957612
33 102 0.7122176213516349
33 117 0.9547770209183719
33 124 -0.577731545989391
33 125 0.9514542738518279
33 137 -0.7698889105267639
33 147 -0.8650080223439516
33 151 0.4108081162034829
34 37 0.4890006696422804
34 66 -0.8197539493599018
34 79 0.6334810557824093
34 80 0.9548955935377414
34 84 -0.8202327725274068
34 120 -0.06845825414675444
34 126 -0.07675489509981537
34 129 -0.15984391229026929
34 131 0.47469135467012924
34 140 -0.14082172812569982
34 154 0.14477425024460788
35 38 -0.7014074157351442
35 51 -0.2689658640626682
35 72 -0.16022671297110924
35 74 0.537866241638659
35 82 0.6495522953649353
35 88 0.02199606435280943
35 92 -0.9285442572153884
35 95 0.6978102204990908
35 109 -0.006126220595521481
35 110 0.6658820189384522
35 139 -0.7094390871089022
35 140 -0.1847264196552496
35 142 -0.22340892090511733
35 149 0.8028764761558391
35 150 -0.7148091864592259
36 37 -0.27244674057302065
36 40 0.7508686860622884
36 54 -0.9341610766045227
36 60 0.0698962675824879
36 75 0.09459588028416333
36 77 0.9939775621196913
36 80 -0.6201396415068547
36 83 -0.277877869790381
36 86 -0.7481997977061712
36 98 -0.35004636644251663
36 100 0.553172454330402
36 124 0.743480881111827
36 128 0.7180714298996009
36 138 -0.2129660278299963
36 147 -0.9944092133824995
36 151 -0.7137048355658089
37 38 -0.19876983519491764
37 40 0.0955785380872407
37 41 0.1292259521233039
37 45 -0.12877496765476715
37 49 0.8376814565647281
37 55 0.4442048895846764
37 60 0.7373510392811544
37 67 -0.6215083301572597
37 68 -0.7581869735733107
37 95 0.6430943345552795
37 101 -0.3256873286201334
37 109 0.3219943412076467
37 124 0.8348354294067528
37 125 0.45965903222294524
37 139 -0.3423592233901136
37 143 -0.5729709287882412
37 144 0.6084250800248547
37 146 0.6122289478629641
37 150 -0.3813422737277874
38 44 0.935562892469789
38 61 -0.09976804972962716
38 80 -0.49149943293328247
38 83 0.9288460851475748
38 94 0.29298654287845505
38 104 -0.7191491500261038
38 110 0.3444568544281217
38 126 -0.24177930260418412
38 129 -0.9227763350304914
38 143 0.28350134237548885
38 144 0.11701274155062968
38 146 -0.5239153615295857
38 153 0.40037978953001585
39 44 0.4952933426450583
39 47 -0.378945911138203
39 66 0.9848038186609718
39 89 -0.05309068197413924
39 105 0.3292168011058001
39 120 -0.8828595619648094
39 124 -0.6427969593648717
39 125 -0.528873367941022
39 138 -0.5707622049393648
39 140 0.985638357543444
39 148 0.05895137881637469
39 150 -0.32100242579431715
40 41 0.13556130258609
40 43 0.9900090191956046
40 47 -0.3339070720769388
40 50 0.6443328893642002
40 69 0.4043885008016517
40 74 0.6887064269246588
40 87 0.6116929555371224
40 100 -0.4508008108892374
40 104 0.5649371877461076
40 108 0.14589370056023454
40 114 -0.783413198776667
40 135 0.17238157621872507
40 139 0.1766695605659676
40 142 0.021327012300500936
40 144 -0.3152465013846226
40 145 -0.13533423139830814
41 43 0.30026910784445926
41 51 -0.813682453701023
41 52 0.5764674972075821
41 61 -0.5520516885338254
41 66 -0.7709036731374079
41 77 -0.33443008172653155
41 84 -0.7834215418368076
41 90 -0.44659640949586765
41 94 -0.9730053589913708
41 107 -0.4029097286280847
41 111 0.4860162317335508
41 117 -0.006807299013045887
41 118 -0.33086351985970053
41 130 -0.3268939614195361
41 148 0.5820171666773402
42 59 0.8029006901884157
42 77 0.30832957801385885
42 84 0.06177057681137854
42 88 -0.7571219618169052
42 100 0.10741179567489345
42 121 -0.6493417585601806
42 137 -0.6230671242938388
42 148 0.04158687399996297
43 44 -0.6915911560278047
43 62 0.6243044765121375
43 82 -0.9212420004438548
43 104 -0.05515061989864267
43 124 0.402830706320356
43 129 -0.6914471934169448
43 137 -0.3517989920611275
43 141 -0.7848886375484625
43 144 -0.5306409882036098
43 153 0.06439772826462709
44 48 0.3411788758324421
44 70 -0.07477318047162007
44 86 0.7002850032208516
44 87 0.36337004189298705
44 94 0.1261802523533524
44 96 -0.5966710408773577
44 119 0.3923855309932831
44 126 0.901423187258874
44 131 -0.21207950093642736
44 132 0.4429631672813299
44 135 -0.9508494107529337
44 141 -0.6559697189588913
44 150 0.6280619363315207
45 47 -0.567378071534794
45 51 0.2737611451426516
45 57 0.46479127858650626
45 74 -0.7616474316287145
45 85 0.04198280241404362
45 87 0.4736286211997063
45 111 0.7064704778334026
45 116 0.5169669891831634
45 123 0.7053869903432237
45 124 0.2196057344537865
46 57 -0.841251608944682
46 97 0.4033315057450533
46 134 -0.8973173089880975
46 137 0.9482547110083663
46 147 -0.5841442983441751
46 153 -0.3025447439517741
46 154 -0.7023838991628355
47 53 -0.7463901244089477
47 65 0.08448187302955468
47 83 -0.9148428440808205
47 84 -0.47039497414979725
47 87 -0.2099012005149803
47 94 0.28815995270961814
47 99 0.1267151882696569
47 101 -0.5476724644244753
47 107 0.9909948747829556
47 132 -0.8828574542748784
47 139 -0.5924995742243386
47 142 -0.5184212129483092
47 148 -0.56115809542073
47 149 -0.6171351660424034
47 150 -0.9104961723150906
47 154 0.7752454854154149
48 51 -0.16789787938519263
48 56 -0.9384186763765676
48 57 -0.45267253255551654
48 60 0.8808377858558187
48 77 0.7872042811735331
48 78 -0.6323704943118005
48 95 -0.4712445851684892
48 113 0.4071917604299873
48 114 0.4459996152128869
48 131 0.6410608839419083
48 138 -0.8467854354015352
48 147 -0.6768400465199469
48 153 -0.2486312959497612
49 54 -0.9995937757704796
49 56 0.6644911026115887
49 65 -0.3533680419508203
49 75 -0.351241237500185
49 88 -0.2739192696684625
49 108 0.16821365383672382
49 118 -0.3707986972884927
49 134 0.01176889447515217
49 136 -0.41179828066109825
49 147 -0.502126935726148
49 152 -0.09225516704668268
50 51 0.1978668434678994
50 68 -0.8903519981861541
50 69 -0.9865740257692248
50 79 -0.4687534039505521
50 97 0.406610593405597
50 105 -0.2804527713824614
50 107 0.010897882189683683
50 110 -0.2983975730267512
51 55 -0.6771290874692697
51 57 0.49566803677613813
51 61 -0.9427959193571676
51 83 0.4407289230809657
51 111 -0.10907816067140574
51 127 0.9142872839700262
51 134 -0.5566694106520818
51 150 -0.9280576821274595
52 75 0.39491947651330106
52 81 -0.703392627126942
52 87 -0.07659322000093804
52 93 0.5809641614778094
52 126 -0.5646582056821556
52 129 0.9491121485275433
52 141 0.41037827764101387
53 81 -0.8174318889358994
53 83 -0.4043814072366283
53 84 -0.5687426666621387
53 95 0.45785589371421986
53 102 -0.4930311609293232
53 112 0.5014211393606545
53 116 -0.6141320533113013
53 121 0.35046493345149043
53 123 0.6148564857939796
53 130 0.042563224773123354
53 145 -0.7010550448687523
53 146 -0.6923137731248588
53 154 0.168886228212195
54 64 -0.9980026842966279
54 65 -0.22116219210543786
54 75 0.14276536629324799
54 79 -0.8000095577641793
54 87 -0.8378962546098498
54 94 -0.06899447184596696
54 109 0.5462022953939314
54 119 -0.8687460497875923
54 136 0.6936481517408843
55 66 0.06498533490911673
55 82 -0.05264716757806176
55 84 -0.8164892992656627
55 87 -0.9400050186752322
55 98 0.29831109894916197
55 109 0.8783521520051008
55 111 -0.4687977274572428
55 113 0.2904880371705558
55 126 0.15974532933102825
55 127 0.3127833360168488
55 135 0.7845088077744937
56 78 0.7201551737172207
56 81 -0.5216744926816588
56 106 -0.48556310835570127
56 107 0.4413027034303081
56 117 -0.3688486475954953
56 123 0.18201847484732991
56 126 -0.8571156034516703
56 132 -0.5888875748070275
56 135 0.14267842050542434
56 138 0.290099809725614
56 147 -0.9084748584827724
57 64 -0.9674591377362074
57 83 0.14684078047930837
57 100 -0.6440920340322425
57 135 -0.7378530195956698
57 136 0.2598566638848323
57 146 -0.6344365904084064
58 73 -0.7713404468128382
58 76 -0.3943906199388765
58 80 0.8304318031124678
58 82 -0.7290474524000692
58 85 -0.9475013855378587
58 93 0.3032171754550952
58 94 0.26099261005114616
58 100 0.9729358230131004
58 118 -0.7567103904463224
58 127 0.1876044418946261
58 134 -0.9901839971324
58 135 -0.6805765288090415
58 136 -0.8921264352035185
58 141 0.48162015565158756
58 150 -0.8143144448322428
58 153 -0.0664716551961011
58 154 -0.7571801564394429
59 61 -0.4812847758551926
59 91 -0.5378533674218064
59 92 0.32438336880563257
59 111 0.18153100699794167
59 122 -0.08736396317006712
59 123 0.9320173454313325
59 125 0.18501650417883098
59 134 0.2710507375896516
59 137 0.5612538888153356
59 142 0.31336616970623443
59 146 0.5924418531894815
60 76 0.9657551954401653
60 80 -0.8289353764309235
60 82 0.560975592056965
60 104 -0.4506672706324102
60 117 -0.39302579434990026
60 147 0.6057936419952288
61 81 0.33549416518573705
61 95 -0.6253333838258901
61 97 -0.3698191520375822
61 112 -0.20854999253254558
61 125 0.25676184321666407
61 126 0.6096274456959383
61 131 -0.1829648844883054
61 132 -0.2509302418351851
61 136 0.4695089329943605
61 153 -0.0809676091874052
62 91 0.9136025967545796
62 94 -0.9394140809316256
62 96 0.7369581968647039
62 99 -0.334505236818724
62 100 -0.5508907252154909
62 102 0.5829882117582821
62 106 0.9685360509430483
62 114 -0.43304330884008135
62 116 0.20710369531952888
62 119 0.015948557845804956
62 125 0.7091197866998231
62 135 0.5387826650447343
62 151 -0.09112201960435273
62 152 -0.8440793792127776
63 78 0.6927966666376719
63 97 0.8983218868090921
63 101 -0.14164929438638163
63 102 0.34319635572301355
63 104 -0.23251225477662163
63 114 -0.42859222382118367
63 118 0.6796443973203148
63 123 -0.034971745304213764
63 126 -0.9076052723610182
63 148 0.21107258680765995
64 65 0.4659264896308746
64 66 -0.8409475622563043
64 68 -0.20035733784899357
64 79 -0.14926986045125323
64 95 -0.5134371304775618
64 107 0.14060803904058483
64 117 -0.828697867279585
64 134 -0.2036893423026418
64 136 0.7777734621190573
64 138 -0.9860346273127811
64 146 0.7498115583397937
65 66 -0.3436985422464316
65 68 -0.9923745765841738
65 87 0.8153568838497731
65 88 -0.536954180534746
65 103 0.7680736415283551
65 117 0.612261904863461
65 124 -0.24652671816626026
65 129 -0.2981377438457471
65 140 0.07044638785565382
65 144 -0.16737367627559752
65 150 -0.5826238758801348
65 151 0.5303575468773678
66 71 0.6021655882831514
66 83 0.505657095481989
66 89 0.7306518389250516
66 91 -0.2608053850885783
66 93 -0.9020054918386475
66 94 -0.8595570988344701
66 112 0.2691768206514418
66 115 0.6887905951148943
66 118 -0.9202875765000533
66 122 -0.5495329434911302
66 141 0.6160518417885716
66 152 -0.7841100405704216
67 83 0.07932271369255273
67 104 -0.7985951766028316
67 117 0.5526183006148868
67 135 -0.9261486176841263
67 145 -0.819826113491122
68 76 -0.15510291160202283
68 81 -0.3389601240339122
68 112 0.3493070836368275
68 113 0.09056456327757512
68 123 -0.3302975012801779
68 136 -0.9583311696409793
68 137 0.48859733012347784
68 145 -0.6530749679915477
68 149 0.7410086228839077
69 78 -0.818979577093137
69 89 -0.13925451572607672
69 91 0.5459809745357138
69 103 0.5906913730798984
69 108 0.42544688638363737
69 111 -0.7812342641603118
69 114 -0.34973802611471383
69 127 -0.04319727179262456
69 128 0.9194300344020219
69 142 -0.9043148458294985
69 145 0.8605436566685669
69 150 -0.5480491564536556
70 78 0.37239232905003616
70 94 0.42095394937057695
70 96 -0.9524663355829843
70 98 -0.27711511040453063
70 126 -0.6145616209761675
71 72 0.22556174873386925
71 76 -0.984976100650881
71 87 -0.6274105014419522
71 94 0.13396856539433322
71 132 -0.7107920712668097
71 139 -0.548839481424487
71 145 0.5503851457210831
71 149 0.015441204918072327
72 74 -0.406096927458486
72 77 0.31425339512833617
72 87 -0.7776192218660984
72 95 0.02789163893421165
72 102 0.059060779029142196
72 115 -0.6830795974189079
72 126 0.2821788669356209
72 144 0.06165472781915571
73 80 0.20136525475885114
73 92 0.9349949997960476
73 113 0.17042079836178847
73 118 0.6685421666643867
73 122 -0.5419779066154331
73 134 -0.23753690610809897
73 137 0.5562291901554977
73 140 -0.5742772253482418
73 141 -0.04276346213548843
74 104 -0.011359183919331661
74 107 -0.21093988750496306
74 113 -0.9436274045222774
74 117 -0.16354217966993811
74 123 0.5505869133728514
74 131 -0.528973832827869
74 149 -0.6922962438924647
75 81 0.6528870577207744
75 83 -0.3996934724841865
75 84 -0.05323242092706604
75 122 0.22749181314460176
75 128 -0.9018584161213465
75 145 0.6253923713713867
75 146 -0.8731796585661442
76 77 0.8541996776315759
76 90 0.22166270836576119
76 99 -0.24867629548220926
76 112 0.7947494286303725
76 117 0.015329303855117882
76 119 0.7033794052924696
76 140 0.5231401273207839
76 142 0.8371880526192264
76 147 -0.5668979738825031
76 148 0.4072267331200614
76 154 0.32205932352410427
77 79 -0.7798129853378539
77 81 -0.23105188480845862
77 87 0.35843380953436577
77 91 -0.2542111266594551
77 96 0.01450219928170493
77 104 0.41856146507333825
77 124 0.769770974070467
78 84 0.20802241557698875
78 97 -0.7101811660261161
78 109 -0.85137444644687
78 135 -0.27418096875149955
78 145 0.01989981759664161
78 151 0.3201517737602504
79 82 -0.8361939145216462
79 92 -0.4001300620140862
79 94 -0.6905527001008944
79 96 -0.8569087924668917
79 116 -0.6760186452831665
79 121 -0.0475230069667949
79 122 -0.6957359894233921
79 125 -0.8289725973571189
80 81 0.3072929382039973
80 86 0.9674299535212594
80 89 0.048730841385782764
80 92 0.5920642934618838
80 105 0.8615406739530003
80 113 0.6976855492757741
80 116 0.2865117962251349
80 122 0.40763923281315484
80 124 0.8721617563236632
80 134 0.4249052678021583
80 141 0.3571167748568804
80 152 -0.45986715551755086
81 84 -0.018613327756449305
81 102 -0.6103409726832578
81 113 -0.5643150495998259
81 125 -0.5636840859659238
81 154 -0.38883593825476637
82 102 -0.9002084056539932
82 127 -0.27478287504344445
83 93 0.5804083181509987
83 96 0.20844181643657134
83 112 -0.40320743327114594
83 118 0.7739251745304478
83 130 0.2665791933560471
83 140 -0.7271003089501649
83 146 0.47446281784266287
83 149 -0.26066631781322
83 153 0.7739388893470296
84 86 0.5434479072550014
84 127 -0.35695602304434404
84 128 -0.953600594166438
84 136 -0.6098538506952098
84 141 -0.7903426773849693
84 142 -0.8930839367674936
84 146 0.29485819224645904
84 147 0.38403096948710624
84 149 0.220098122997874
85 87 -0.5668882146241241
85 90 -0.032422442587008105
85 101 0.3602066041661103
85 105 0.28696481972210375
85 118 0.8488722038855441
86 88 0.8879791540204467
86 101 -0.7038683865675508
86 103 -0.5827296810044851
86 112 0.20470703560307646
86 119 0.7644907585238558
86 131 -0.9221093239743263
86 136 -0.5048601347376498
86 151 0.6443494795589269
87 99 0.01589202113496979
87 148 0.20635568760257406
87 152 -0.5519301086496449
88 89 -0.8153837449522985
88 109 0.12828082200923885
88 121 -0.9853700075512783
88 130 -0.8920555029217643
88 145 0.6301480089584786
88 151 0.2425019082481632
88 154 -0.4466836939339329
89 103 0.7662948400082803
89 108 -0.3728632105234213
89 126 0.9038869664977671
89 138 0.8190222901451845
89 143 0.7908941650865549
89 145 0.7037851136388893
89 149 0.7524070927558719
90 91 0.7679530228256572
90 105 -0.27542540490230616
90 115 -0.42367148569625335
90 123 -0.5426972208751786
90 126 0.8451433662943839
90 136 -0.20754167708153592
90 142 0.25256956838155564
90 143 0.4105491454271881
91 92 -0.8814257202803661
91 132 -0.9490663411997731
91 136 -0.6092236403279676
91 152 0.28456213520333407
92 107 -0.9273888616529629
92 134 -0.7344295773482101
92 138 0.20849000224727665
92 143 -0.0011157499015423955
93 101 -0.45474027935777683
93 106 -0.49602433842785243
93 120 -0.48344770106591084
93 122 0.06294915057906914
93 133 0.29089380332663173
93 142 0.12734046057583925
93 151 0.013125286219457077
94 115 -0.3285148555907378
94 120 0.5148663660610724
94 122 0.33407114424612905
94 134 -0.7570723817567377
95 110 -0.5180859345281918
95 115 0.05861840013862962
95 134 -0.3829356650224425
95 147 0.8191546606606697
96 110 0.2617410618330358
96 123 0.1863410799577494
96 129 -0.2064611043551574
97 103 0.16496555604997432
97 107 0.900410593010911
97 134 0.8226314124484022
97 145 0.4463124168035344
97 153 0.37224582613707
98 104 0.7138837621026881
98 137 0.7317083779693601
98 139 0.07545266790188543
99 112 -0.012320776288984536
99 116 -0.2406861477750919
99 131 -0.31904561705249757
99 137 -0.7561047909064649
99 141 -0.12117799001383966
99 143 -0.24431543682635692
99 145 0.09515388664584479
100 110 -0.19510239812115815
100 113 0.3782982019755181
100 114 -0.04569860731979003
100 124 0.7914341719916609
100 132 0.05110169332825065
100 151 -0.7240226722721743
101 108 0.08297060890691688
101 122 -0.857125534779462
101 146 0.6214459962388914
102 121 -0.4150576810827553
102 126 0.6764694505233231
102 134 0.8075049960036043
102 137 0.39652391490016137
102 138 -0.34313961686733263
102 142 0.6670853957381688
103 120 0.8235202359358389
103 142 -0.005026912445798004
104 117 0.2963926068015257
104 130 0.4776053336167476
104 153 -0.36576857761205495
105 114 0.03183081180731895
105 126 0.9514894103447613
105 127 -0.666312534292024
106 113 -0.5786155944171927
106 116 -0.7793236648886253
106 126 0.356627557765965
106 128 0.6589028767124898
106 147 0.36228786448678596
106 151 -0.1982623206833818
107 131 0.7679191222777562
107 138 -0.16047138284969908
108 109 -0.617612032432094
108 114 -0.315378426287396
108 117 -0.9147414868505717
108 130 -0.9848905524221296
108 140 0.613450926008904
108 152 0.23987522989589816
109 120 0.27808767890419017
109 122 0.16749760625806354
110 115 -0.22979161746227694
110 122 0.014980040146251872
110 124 0.7849789542595538
111 128 -0.2804016238472078
111 141 0.6745196903321036
111 151 -0.7543284798763004
111 154 -0.2448248147161296
112 118 -0.9769219805670573
112 123 -0.7707386109215291
113 135 0.655821962276536
113 148 0.1692318487298765
113 151 -0.37412107213920565
113 153 -0.03343718918331051
114 135 0.32738657768170265
114 141 -0.006289691671729658
114 151 -0.7983081840564468
115 119 0.1313338430083626
115 120 0.06922503935824031
115 138 0.6507593284729829
115 144 0.19023035917668074
115 152 -0.28643809658941977
116 119 0.7064758633835546
116 130 -0.327142106434841
116 136 0.3466496856897838
117 121 0.028553543150978467
117 150 0.8600898391652805
118 124 0.44419203735316315
118 126 -0.05699860171670701
118 134 -0.31222453537062256
118 137 0.542383802817296
118 144 -0.8914532584003956
118 148 -0.843325307978424
118 153 0.7671094552879192
119 123 0.536463598328706
119 134 0.9960570629941632
119 136 0.9580668131105767
119 140 0.2878416484791828
120 144 0.8989682773567269
121 129 -0.40737784781161124
121 133 -0.915681048766873
122 126 0.20639303232746542
122 131 0.7696120703766021
122 140 0.21292459037168454
122 153 0.046495733147989826
123 135 -0.323238813229622
123 140 0.10377520458059886
123 147 0.4721157085830068
123 151 -0.03052393328978864
124 125 0.05534310616282201
124 126 -0.28519213387770614
125 131 0.49389687597909604
125 138 0.083114016270315
125 145 0.0935189444930864
125 146 0.7874173412187253
125 151 -0.7135602384871891
126 133 -0.3356757008780009
126 138 0.04729836349141592
126 144 0.07484165338272164
126 150 0.24134661814873115
127 136 0.7564645455419259
127 144 0.620848758903527
127 152 0.7583008011388259
128 133 0.8970681588744738
129 135 -0.5545378823380871
129 140 0.5521323356303562
129 148 -0.03506782206106407
129 153 0.9956492170354467
130 150 0.5897637465735865
130 153 0.6425214795346823
131 134 0.11553393874420381
131 135 -0.5641269720657167
131 138 -0.524037175812575
131 153 0.2910028051409097
132 144 -0.005155044955198473
132 154 0.6003685716757805
133 134 -0.760282590766284
133 143 -0.8600027683290465
133 149 0.1567820105230704
133 150 -0.4625334415965032
133 152 0.1574276958250549
134 148 -0.5172365788071118
134 151 -0.4782088426513196
135 138 0.005332384447091609
135 145 -0.6375033430056629
136 146 0.7640892606448513
136 149 -0.8762625464986853
137 151 0.5078755313553904
139 140 0.48054046354943414
139 141 0.9680415435062131
139 151 0.10969159566340925
140 143 -0.18559479729018658
140 151 0.9558261022321612
143 145 -0.7008787502295499
143 149 0.4416931368124277
143 153 0.5386393078974498
145 147 0.9538034602122969
145 149 0.4805939008774893
145 153 -0.08973163510445148
145 154 -0.9807740100977804
146 152 0.26756427252288817
146 154 0.8324327190901555
148 150 -0.02052575769298426
