145 3101
0 0.803483593877196
1 -0.9339834671531735
2 0.11758890339142858
3 -0.6846428429822542
4 0.9587899119814409
5 -0.8602359075954753
6 0.4243908316296219
7 -0.32329973384787736
8 -0.38258104308946983
9 0.4351097911120416
10 -0.8203645461879758
11 -0.15636017777235867
12 0.7315494899328425
13 0.5300026850172175
14 0.028235372868743003
15 -0.719913036312154
16 -0.003002188312375198
17 0.0013750646959127533
18 -0.06253980610625831
19 0.754319713657279
20 0.7945399105718371
21 -0.8537341772455125
22 -0.993973756249958
23 -0.8209293630352621
24 0.4604454263705877
25 0.1348703279679515
26 -0.9013073413108108
27 -0.7129600152110425
28 -0.5042681175233916
29 -0.7416524400641653
30 0.7095944161283101
31 0.35544640038350495
32 -0.08262033693430482
33 -0.37486141472300716
34 -0.7300692246429805
35 0.08616356610738496
36 -0.9320384016626015
37 -0.38892829291166287
38 -0.8064152761071184
39 0.7442283425308396
40 -0.24756073035033843
41 0.2879294669971244
42 0.5228440341350737
43 -0.6581525755599542
44 0.6082788592643971
45 -0.20985788879854028
46 -0.32182292771170995
47 0.5876264297516398
48 0.8147938379251483
49 -0.6844840067759665
50 0.04643966065003946
51 -0.2964091642516662
52 -0.38759813155996903
53 0.157971144676605
54 0.01964974416175358
55 -0.6409770741597649
56 0.2511371946401908
57 -0.0035468860076264264
58 -0.795630418666547
59 0.3401278455129664
60 -0.3986012365902134
61 -0.08023575978728936
62 0.5977585825660632
63 0.7105501213486514
64 -0.7050678068549081
65 -0.4496508685627292
66 0.8588701746095779
67 -0.06809577637814401
68 0.45774480416847796
69 0.052135876026730754
70 -0.2855808158029396
71 0.06783780074123791
72 -0.0461968356491389
73 0.6685078817849612
74 -0.2480168484260432
75 0.02448566941942909
76 -0.21430409130106898
77 -0.8312221753998963
78 0.4541835425986749
79 0.604482048540014
80 0.10278014819328551
81 0.5084459755287873
82 0.5607606212122904
83 0.030121764073270496
84 0.3077589168635524
85 -0.9232145253312756
86 -0.3902138539051121
87 0.35814392778535353
88 0.7106653608453646
89 0.33929674033020607
90 -0.8802567252052336
91 -0.6491537090867368
92 -0.8054701567084526
93 -0.23533511386989114
94 -0.15075108218954214
95 0.5373323257485176
96 0.7680940970926784
97 0.7899362353332104
98 0.5949350867493612
99 0.795896896746813
100 0.7799777594126951
101 -0.04206351716612411
102 0.9500497718222687
103 0.1137254512378929
104 0.08832010124175471
105 0.05788706320963799
106 0.8564060959843085
107 -0.2381400990699436
108 0.38379189249855683
109 0.9740014336899754
110 0.13645619700261058
111 -0.9187185748472799
112 0.8718458562146014
113 0.17362646576657803
114 -0.23607759070654732
115 -0.05494725978735926
116 0.5501244081645988
117 -0.1203117870182786
118 0.9004115151637095
119 0.01361696908105725
120 0.7338545220653541
121 -0.10514090916580154
122 -0.09947017155075422
123 0.09538861958375211
124 -0.8490216801695092
125 -0.7739029375382236
126 -0.050750427022562494
127 0.3475198494615037
128 0.09763459240727324
129 0.35972811819124195
130 -0.9364392199454923
131 -0.7308247884265833
132 -0.6241957127985698
133 0.7086419072339696
134 0.15445388568736784
135 0.8197393417065093
136 -0.8356375306794599
137 -0.7009994766604417
138 0.26674862350763173
139 0.19994378409699998
140 0.8188459178073639
141 0.7660110140312235
142 -0.2053215611624064
143 0.5553657580321409
144 -0.4162324818044514
0 10 0.035500273847110186
0 11 0.05052828111495522
0 25 -0.21126545082479598
0 26 -0.7032024940429857
0 30 -0.9314557556069625
0 33 -0.336975758071107
0 35 -0.8400771574276995
0 36 0.7268735748857595
0 39 0.22151368088124723
0 41 0.7084879129719177
0 45 0.22266679694571012
0 46 0.2863446326100425
0 51 0.6970687793408592
0 54 0.433765929133467
0 57 -0.8443076621744685
0 58 -0.1857457809719203
0 60 0.3215613869744425
0 66 -0.1599972632766098
0 74 -0.36519271939579623
0 75 0.4365669577780724
0 77 -0.8806519626990796
0 79 0.08358312553629799
0 88 -0.2415239228993291
0 93 -0.10313645872575572
0 95 -0.6691719339555497
0 96 0.846873573934678
0 99 0.13230965513441562
0 105 -0.0205110118500611
0 107 -0.35927689695667264
0 110 -0.29302233523395116
0 111 0.19312169573855376
0 113 -0.6272318401941315
0 116 0.41513631596239997
0 119 -0.3413480819369512
0 120 -0.5742231833300415
0 123 -0.6157994712270036
0 124 -0.7627172768135646
0 126 0.6473219598898823
0 130 -0.8567484503476335
0 131 -0.6098830234105184
0 135 0.9485620601548395
0 140 -0.8001076699432002
0 141 -0.6798771341701262
1 3 -0.010971538486756582
1 9 0.8578464388409981
1 11 0.6803213985310799
1 14 -0.16685980365018427
1 18 0.05046196435636108
1 23 0.7215662766814042
1 29 0.7162480654264038
1 30 -0.949509574509473
1 35 -0.29391500301247375
1 40 0.2515097003724889
1 42 0.18932504081038481
1 47 0.40535893696010783
1 48 0.8104820705147362
1 49 0.5913421952340616
1 51 -0.8658783840778632
1 53 0.9443645567207029
1 54 0.45358648912421273
1 56 0.6703541201554808
1 58 -0.45822049391849773
1 64 -0.8910674144196251
1 65 0.44559674698057994
1 66 -0.6926169791755101
1 69 0.22095465031057904
1 71 -0.5423622101665229
1 72 0.11686717524656598
1 80 -0.5168749362424792
1 81 0.2055987391378684
1 84 0.11080524573602024
1 86 0.427683500950917
1 87 -0.31664713113262155
1 88 -0.6473415263155045
1 90 -0.20936444531612008
1 93 -0.1047671319985648
1 95 -0.5757066553666428
1 96 0.33963493074003237
1 99 -0.9221929379631413
1 100 -0.6966772758901427
1 105 -0.40305439087041783
1 106 0.671101836956516
1 108 0.6696455568839745
1 109 0.5070067600655026
1 114 -0.0725831643755186
1 120 -0.30898406409113277
1 121 0.4802558882942696
1 129 0.523488281681413
1 134 0.2909515268718357
1 137 0.1095913423631032
1 138 -0.920022531470184
2 4 -0.6380177934928053
2 6 0.21703228093904214
2 10 -0.6321514191924107
2 17 -0.7499803424492393
2 18 0.2492968509138591
2 20 0.014764544729171769
2 24 0.449756186672138
2 25 -0.48300509220489274
2 27 -0.5748580820234914
2 30 0.22061297940814084
2 31 -0.5676141285745395
2 36 -0.26504306015059464
2 47 -0.3634866824896994
2 49 0.918589032106357
2 68 0.11881937279933874
2 69 0.430504353910502
2 70 0.40481216915479434
2 76 -0.008335529699400324
2 79 0.9906204147298321
2 80 -0.905883104260599
2 86 -0.18093571777091388
2 89 0.34622520328644346
2 100 -0.25896548706340394
2 102 -0.01210997819990367
2 104 0.590868510507464
2 105 -0.2751460298876709
2 120 0.45507590208909776
2 121 -0.8138009822540748
2 122 -0.4749368144177546
2 126 0.9971569891322511
2 128 -0.7796767930028761
2 129 0.918635221304519
2 135 -0.06730264885744441
2 139 -0.9682954960300181
2 141 0.15236959767795133
2 143 0.9351328029621371
3 4 -0.5078541073989293
3 11 -0.9820159366064243
3 12 -0.15787239727121727
3 13 -0.4978586231786013
3 20 0.38565735576443805
3 24 0.6771326813567704
3 25 -0.8791355947296557
3 30 -0.3365555502537807
3 34 0.7978653270628486
3 38 -0.5098883429845273
3 43 0.12325878010072522
3 46 0.3108358955959436
3 48 -0.2568076764114755
3 49 -0.9503697089923895
3 58 -0.9244844618877615
3 61 0.9822124286711664
3 63 -0.28733561362024873
3 72 0.16775960027175052
3 76 0.12412722796689923
3 79 -0.08367539154623027
3 81 0.7040625455640923
3 82 -0.9964413162181487
3 83 0.5579728812398261
3 88 0.463132771356046
3 92 0.47234414004465797
3 93 0.6583346566699486
3 97 0.5677986978594678
3 99 0.013353309913455957
3 103 -0.8881438165920355
3 105 0.003157487649110946
3 107 -0.7484207037368085
3 108 -0.606650385431567
3 117 0.9168853409275761
3 119 -0.8070834444983235
3 120 0.9204279328203875
3 125 -0.11679992025517638
3 128 0.7683949592893475
3 133 -0.8693122896974326
3 136 -0.837737805141771
4 8 -0.4959393056858872
4 15 0.3308743307939708
4 19 0.7589243421852596
4 21 -0.49633993107551366
4 23 -0.47862920864560676
4 25 0.7630993327878992
4 26 0.8838074596402099
4 27 0.9487936499537897
4 32 0.8571764900570293
4 34 -0.38031535044864473
4 35 0.6368067470949139
4 37 -0.6297005850845956
4 38 0.4928231683384354
4 40 -0.8793625429689218
4 43 -0.447800110953644
4 49 0.49403260697035
4 52 0.4755939488480829
4 55 0.48446478842241336
4 67 0.7346094199558866
4 70 0.46346645399742026
4 76 -0.3986514471317246
4 78 0.03259180034885012
4 79 -0.574901134647094
4 80 -0.4619811561676914
4 81 0.9480817929488621
4 82 0.612659232036888
4 84 -0.4534096376186558
4 88 -0.5426837290284654
4 94 -0.277867479594329
4 97 -0.42133331792025164
4 109 0.6729070547164353
4 110 -0.1455080351018716
4 116 0.9123520408335317
4 118 -0.40720185669145703
4 120 0.18067064076890915
4 121 -0.25574818248096864
4 123 -0.4488750663019707
4 129 0.23197206735148224
4 130 0.20566913106002538
4 142 0.13935334876011418
5 12 -0.9573176057628412
5 14 -0.19691687133295344
5 15 0.5885081123334879
5 16 0.3335750147740453
5 18 0.9822663039510118
5 21 0.09296497314268448
5 24 -0.16878091251514915
5 26 -0.3673368184739634
5 29 -0.22561201677732612
5 33 0.5841250899126107
5 35 -0.11188030509438218
5 41 0.5958595965277189
5 44 -0.019093811515549453
5 52 -0.6117172630104812
5 53 -0.6055115223071168
5 55 0.5041742292112836
5 61 0.7314843962380042
5 66 0.28034954753671393
5 70 0.7986290035577972
5 73 0.8454721937208682
5 74 -0.6866311402269358
5 75 0.08637131778208706
5 78 -0.18248201302547296
5 81 0.6574469112750041
5 84 0.15976560347750746
5 85 0.9126899609618457
5 89 -0.8320795311945488
5 95 -0.6691922438327098
5 100 0.4467714033659611
5 101 0.14249517060273664
5 102 -0.1411655327298551
5 104 -0.45435472868747184
5 105 -0.23025853690609654
5 111 -0.2731267190988469
5 114 -0.5754424843382948
5 116 0.8076369520069688
5 118 0.176072107058026
5 120 0.8813204115745883
5 122 -0.8347658732473224
5 128 -0.08397017697361808
5 135 0.1945079825629472
5 142 -0.7928562234559751
5 143 -0.9834129600106303
5 144 -0.7225606446821449
6 8 -0.9436168460523999
6 9 0.9564820528475333
6 11 -0.7266593712164706
6 12 -0.5171773697083211
6 13 -0.2666532467025329
6 14 0.6882028714997293
6 16 -0.6672004188996201
6 21 -0.8638937439234544
6 23 0.6271090092720686
6 24 0.33812418762539487
6 29 0.6125319474708115
6 31 -0.09404660868488857
6 33 0.848471708343332
6 35 -0.6600750037332654
6 36 -0.3182029687693222
6 39 0.7981293152954623
6 41 -0.05548088469662793
6 49 0.8153850517495993
6 55 -0.8676298125248039
6 56 0.9972122240653387
6 59 -0.6641702833134582
6 61 -0.04785165702891225
6 64 -0.6236205204309879
6 65 0.6662788156331398
6 68 -0.02348896827004543
6 71 -0.3899458271292573
6 72 -0.5399067866123308
6 80 0.12580901645164388
6 81 0.8418345044650548
6 84 0.28182373707754627
6 88 -0.7665038184517889
6 91 -0.5100317152843648
6 96 -0.7851526959083168
6 108 0.8892197300932405
6 111 -0.5842899251669644
6 113 -0.39079318323440804
6 116 -0.5013196009181808
6 117 -0.7580057748865938
6 119 0.369285363175196
6 132 0.5501532403509006
6 135 0.9432848134479332
7 11 0.8186320466503285
7 12 -0.9840899104043122
7 14 -0.6438351099901389
7 19 -0.9724304211196744
7 21 0.10049290676178368
7 40 0.34215053909534476
7 50 0.0884696947221213
7 52 0.06639627120369562
7 55 0.057199894790506356
7 56 -0.7752388877318312
7 58 -0.6686136788347481
7 59 -0.5725441663863777
7 62 0.346905376674979
7 64 -0.2222784589693747
7 65 0.08533660273181298
7 71 0.8143494243306306
7 73 -0.89832065029341
7 77 -0.7554518530259329
7 78 -0.3098727489333961
7 79 -0.6791168960571321
7 80 0.5570791934201273
7 81 0.7375253365864367
7 82 -0.07750473987761919
7 86 0.8046379423852015
7 87 -0.5341543226116781
7 95 0.590419725728665
7 100 -0.502029295733321
7 106 0.5074780659488534
7 113 0.033521507556371066
7 115 0.2981569275152016
7 119 -0.22738760504553723
7 122 -0.9491760951712942
7 127 -0.44759674429232255
7 130 -0.2166744214331653
7 136 0.6737041331130211
7 141 0.0890934162065058
7 144 0.9838349891238025
8 9 -0.44955531064355436
8 14 -0.41731580301753746
8 15 0.9202860496064711
8 18 0.2937308830587233
8 20 0.3073882970767525
8 21 -0.33282619058365515
8 22 -0.7987662756198235
8 27 -0.6016327070161671
8 29 0.22060613035605825
8 33 -0.6749943529626443
8 34 0.42439490307062977
8 38 -0.2912232868328164
8 41 -0.5000894352163434
8 46 -0.4470761122941387
8 47 0.9648974535442518
8 50 -0.036907738952994595
8 52 0.7730899849854211
8 55 -0.40576475245486976
8 59 -0.7806890940416278
8 60 0.33782711064805726
8 64 0.8011445892644091
8 65 0.41410345360461376
8 70 -0.8248488941318517
8 71 0.7022146755716898
8 73 -0.5448621688560484
8 74 0.9154746671584397
8 76 0.7973290174645253
8 81 0.4907543851253502
8 90 -0.9712621702069395
8 91 -0.8182352175654797
8 105 0.04840096288498863
8 117 0.036344689735611224
8 119 0.6316037878253025
8 122 -0.25174478590678584
8 127 -0.6585277202525472
8 130 0.6944466491652479
8 131 -0.027624370205682203
8 134 -0.01876048966282373
8 139 -0.14200613035153764
9 11 0.9935567469466953
9 21 0.8258690715766162
9 25 0.09584468260660461
9 28 0.6715148691017854
9 29 0.018215042663180636
9 31 0.5399220370465019
9 32 -0.23282529595418855
9 33 0.6492661490783389
9 36 -0.9177284696896923
9 41 0.2619426467003543
9 43 -0.1417212212142711
9 44 -0.5140360300760336
9 45 0.7864563445145005
9 46 0.16918349479077466
9 54 0.5990280275426496
9 56 -0.12934085283799512
9 57 0.32297120552291303
9 60 -0.7598038386992338
9 61 -0.9384738331376714
9 77 -0.5878034545088977
9 82 -0.10461315655649295
9 98 0.10028857627274346
9 102 0.11396159167204933
9 103 -0.8832761235884494
9 104 -0.22795915862264438
9 107 0.1999849774576279
9 113 -0.8256292656364304
9 119 0.5593468686900096
9 130 -0.23665431421955208
9 131 -0.8106652517485826
9 135 0.3145653221550979
9 136 0.8802449109809001
9 138 0.3812439060189321
9 141 -0.035924652566140525
9 142 -0.8009344703033461
9 143 -0.3414470098333542
9 144 -0.5155884527295094
10 17 0.9085352939712776
10 27 0.3569205093269492
10 31 -0.21049105712908345
10 33 -0.5902262782648808
10 36 -0.4228613749357202
10 40 0.25986579435661805
10 45 -0.4201993538458568
10 51 -0.2022538124588631
10 55 -0.6514344361014963
10 57 -0.617508612867248
10 59 0.8381561564287092
10 60 0.6311456940841149
10 65 0.6622541731960729
10 66 -0.7566406901718554
10 68 -0.8284196402652715
10 72 0.34849149730366435
10 78 0.005398825727350953
10 79 0.40541356614296453
10 80 -0.9156285580005601
10 83 0.11609719168475796
10 85 -0.1575377313150872
10 89 -0.35289162316017664
10 90 0.097211656085058
10 96 -0.250308088863352
10 97 -0.7336161769594323
10 103 -0.19038103158141162
10 107 0.5227540769485013
10 112 0.05694214249870777
10 120 -0.6332682433631871
10 124 0.007658629249891691
10 127 -0.34281673415806346
10 130 0.48617013383477303
10 131 0.08164068760902876
10 133 -0.3985112254029357
10 136 -0.4702003428662098
10 140 -0.8826355768285525
10 141 -0.42745592892211604
10 142 -0.5950779821758025
10 143 -0.6857179913144147
11 14 -0.799327692697531
11 18 0.30230806706378877
11 19 -0.7085068812993305
11 20 0.3388458284233238
11 24 0.9016899206990439
11 31 -0.4255755589646013
11 32 0.4408492911885089
11 35 -0.4960750076060352
11 43 0.1235425006921198
11 45 -0.14005472298596677
11 48 0.6392569274541222
11 49 -0.693187790083776
11 51 0.5163452426789632
11 56 0.43398867892649706
11 57 -0.30738284184404274
11 60 -0.13742395074944924
11 62 0.07681617525649531
11 65 0.4983028721487144
11 69 -0.9633890454054783
11 74 -0.07664062737074939
11 78 0.4414822432942349
11 89 0.6371157850523006
11 94 -0.2229942898259465
11 95 0.7667864343495443
11 100 -0.28632939355108245
11 101 -0.9827401431806484
11 102 0.7279530695433778
11 105 0.11686799271573611
11 107 -0.5124806946254286
11 110 0.29518415992328495
11 114 0.8234323591962214
11 116 0.4528230791196619
11 125 0.5793041834022228
11 126 0.18645798943140024
11 127 -0.06468716503588157
11 134 -0.5250519413723429
11 139 -0.25202456697706777
11 141 0.6279738995147239
12 15 0.24154876379635493
12 16 -0.975944597376051
12 18 -0.9918065181258069
12 19 -0.008387928185150662
12 24 0.29753779761102805
12 26 -0.6519929760805159
12 28 0.20139023130672684
12 32 0.9144295039817458
12 36 0.30444499246213286
12 37 0.7495906024057615
12 50 0.02574313008057083
12 51 -0.23418430523894007
12 52 0.6676453347736959
12 53 0.7892582254965148
12 57 0.16870466765420922
12 62 0.2243173409880257
12 65 -0.3478087397739422
12 69 0.7907597720792245
12 70 -0.46500475334099756
12 72 -0.1770336395055312
12 78 0.24927750822053119
12 80 0.7634783125824831
12 81 -0.2636691758985712
12 82 -0.008085485832906025
12 91 0.5387024881741158
12 92 0.009958490479688553
12 94 0.6701526147635604
12 98 0.6467724902762579
12 100 -0.34381261563127996
12 102 -0.4402137921385625
12 106 -0.9283723418274816
12 108 0.7832406037272142
12 112 -0.14239323114181368
12 115 0.6572931834148112
12 119 -0.30658352947569756
12 122 -0.6772109479309669
12 123 0.007895787980193525
12 125 -0.9457990907710383
12 126 0.3193262674402175
12 128 -0.7413315252879837
12 137 0.18698965219746233
12 143 -0.3922599862790508
13 14 -0.3386395893230585
13 15 0.7300341841634086
13 22 -0.6338130938947508
13 23 -0.7258753788645744
13 26 0.7834924197308639
13 31 -0.48765618797125065
13 37 0.399453403773087
13 38 0.7074492008358146
13 40 -0.6411138877924056
13 41 -0.8742511272176396
13 42 0.998517072934745
13 43 -0.6763819894932099
13 51 -0.8828175846455355
13 56 -0.9302303095778937
13 60 -0.18018867038850916
13 66 -0.7160829928637282
13 71 0.4802292473591412
13 72 -0.8224903732598232
13 77 0.44416212719643866
13 78 -0.21544893582041102
13 80 -0.023597607979291446
13 81 0.4491478230343504
13 86 0.5704780225853572
13 87 0.7461885556471184
13 88 -0.012392418305966935
13 92 -0.5023298505827467
13 94 0.8870630518637528
13 97 -0.6507776473751377
13 99 -0.30948797697788444
13 101 -0.45284667811820434
13 103 0.22275784501956752
13 105 0.767248546600793
13 107 0.1744668888355163
13 108 0.6201768258588234
13 109 0.9420870517158568
13 110 -0.9469798247905696
13 115 0.7901955362539839
13 116 0.7352989776271193
13 117 0.5740993901432256
13 120 -0.9358146936422824
13 122 0.6073182170084432
13 124 0.15927697711186073
13 125 0.5899226171876311
13 126 0.4262139889148946
13 129 -0.7102749214310904
13 134 -0.8048778401515646
13 135 -0.22748024534511457
13 136 0.03797921435634599
13 138 -0.6706361435367441
14 19 0.1545624726246808
14 20 0.5717177970187595
14 25 -0.17249478316525324
14 32 0.29908921950873935
14 34 -0.2890368798512539
14 37 0.896600169247703
14 39 0.35984020853521415
14 41 0.6417699643727997
14 42 -0.2611073618209694
14 43 -0.6855943959553301
14 44 -0.6929272298766964
14 45 0.8679720624398639
14 46 0.00686631361381318
14 47 -0.4960766856473593
14 48 0.6379743119249695
14 49 0.45249250702975274
14 53 0.04480661231864502
14 56 0.031097801103373568
14 59 -0.5450759959517739
14 65 -0.6450799691554683
14 68 0.2158873224969533
14 70 0.5189080909506163
14 71 0.6111066849992133
14 76 0.9745854896585
14 80 -0.08960140592380328
14 81 -0.5124113784666209
14 84 0.6309796518679756
14 89 0.07258929325978092
14 95 0.40986890268317255
14 96 0.01556361107810944
14 97 0.3091840244117827
14 100 -0.4896194842593957
14 103 -0.25419280579037173
14 106 0.4622312924655725
14 107 0.05198183847490245
14 117 -0.9639617464723651
14 119 -0.11678099935393238
14 121 0.5302193221863989
14 122 0.32043255276900395
14 124 0.09203047503256845
14 130 0.0865375339644805
14 131 -0.5587017285331257
14 132 -0.07074319604329649
14 135 -0.20915992006649464
14 136 0.7210025907135391
14 137 0.5491172664364319
15 16 -0.9856954884263252
15 18 -0.7430245179214146
15 28 -0.5224718634228771
15 30 0.7974191023948973
15 31 0.8679843211925262
15 33 0.8542242746015354
15 39 0.99870889760395
15 42 -0.6865951086660447
15 43 0.6116129551360754
15 44 0.45990490763239844
15 46 0.789743797243414
15 56 0.7379820230078973
15 57 -0.8177553357938137
15 66 0.832990982595464
15 67 0.39438534262639635
15 71 0.7585579691389444
15 77 -0.037815205640206795
15 78 -0.5632584926638433
15 86 -0.7768119777210889
15 88 -0.21241107421820038
15 89 0.1807623395763167
15 103 -0.24900837593651182
15 104 0.9423006931135975
15 105 0.09195036369108323
15 111 -0.5116369059705237
15 116 -0.7931639477514796
15 118 -0.5456521092946185
15 124 0.8364716085704067
15 126 -0.24744066600324532
15 128 0.354112795360251
15 130 0.33918447394767837
15 131 -0.7615889039504333
15 133 -0.7359677824665818
15 134 0.4207624018946967
15 142 -0.3609800872078006
15 143 -0.6843514192897169
16 17 0.8211217273020537
16 21 0.6088897510892575
16 24 0.34162923480612206
16 25 -0.5803466369529111
16 27 -0.29076736777861845
16 28 -0.7671110208463152
16 30 -0.7359283645895458
16 32 -0.44727740814342454
16 41 0.7428155223781128
16 46 -0.7718211499647178
16 52 0.7479661351006359
16 53 0.2855074632339709
16 58 0.5218231396516506
16 61 -0.053924672875476976
16 63 -0.9822087816159579
16 69 -0.7189156646614119
16 73 0.5469738658732561
16 75 0.7809725077400249
16 77 -0.9460099969841642
16 79 0.5098696169024077
16 86 -0.28668729806316184
16 87 0.8865152269660685
16 89 -0.44790626925762744
16 95 -0.4753973202578714
16 99 0.8792942426302572
16 104 0.21324281671239875
16 115 -0.08010496315018067
16 117 0.4780277567578757
16 118 -0.8751855043721417
16 120 0.6343943696090493
16 130 -0.6352158352020301
16 132 -0.5290000767055372
16 136 -0.360682979671185
17 18 -0.6237691967368257
17 19 0.2727144668956014
17 26 0.4567315167233539
17 28 0.9943089517308688
17 29 0.7250573285235833
17 32 0.6293802079614692
17 34 -0.16535579657577482
17 40 0.28749388848214985
17 41 0.46255977628400946
17 42 -0.8931159935879529
17 48 -0.027374051944545785
17 50 -0.9168328507161474
17 53 0.6518313428652418
17 55 0.8840150699981715
17 56 0.07910665585636045
17 57 0.17857553979461405
17 59 -0.6511051466849564
17 67 -0.6158724069293426
17 69 0.3195128351106473
17 79 -0.2605976130861096
17 91 0.7009781744861776
17 92 -0.43059194704162684
17 97 0.9151440384400955
17 99 -0.8002368158830142
17 101 -0.3923005444145369
17 107 -0.32117805672048294
17 108 -0.39517436269357686
17 115 0.004666527851586055
17 117 -0.02270074550057699
17 120 0.8756044435737318
17 121 -0.2007857294367157
17 122 0.49693265757399896
17 123 -0.5946247323027791
17 124 -0.25480969731911096
17 126 -0.47542761987834625
17 128 -0.5332726371684133
17 131 0.723310643272203
17 133 -0.022655664390794916
17 137 0.3797355695143696
17 139 -0.136601322758501
17 142 -0.248784412847473
17 143 0.05276537439804696
17 144 0.2594458933362165
18 20 -0.678012862572638
18 21 0.2266009257199717
18 26 0.34369748560961133
18 30 0.015425883736975843
18 31 -0.7639344389837515
18 33 -0.4658972620193107
18 42 0.9907018962129575
18 50 -0.8536902921057479
18 54 -0.4585991712397115
18 56 -0.6421495059416373
18 69 -0.5982831879749542
18 70 0.6581194176057843
18 71 -0.7922136948466549
18 74 -0.30048213988328065
18 77 0.633498930039271
18 80 -0.5790408499855626
18 81 -0.7677244377668193
18 83 -0.7538452260693342
18 98 0.7242472444158854
18 104 -0.3490126820232995
18 105 0.641025275515265
18 106 0.719469335465547
18 108 0.7365562465871809
18 109 0.438189259870553
18 110 -0.5729023758273843
18 114 -0.9255894823487383
18 124 0.31308441246283514
18 126 0.7488878271397359
18 129 0.2228575490351572
18 137 -0.2666710337606355
18 138 0.5729486706891778
18 139 0.7378687369819126
18 141 -0.4976442235710339
19 20 0.37494639104463756
19 30 0.26595591924487216
19 38 0.6475602006474075
19 39 -0.7554709004555868
19 42 0.29467991593426635
19 45 0.9666921849884522
19 47 0.8315271552743224
19 53 -0.5325966806460098
19 54 -0.16167462137732147
19 56 0.35312873362654207
19 59 0.0024825201646869743
19 63 0.6939638543581781
19 64 -0.4881100688812956
19 65 -0.17969756388705216
19 76 0.9818765538447125
19 84 -0.8131355557617175
19 85 0.931129652430486
19 90 -0.46277562628557156
19 91 -0.7251311848793325
19 96 0.10548249983388613
19 101 -0.5192020797191494
19 103 -0.060465326171172507
19 106 0.395772597635083
19 113 -0.8716250337636811
19 118 0.019673323578161206
19 119 -0.2946979378187917
19 121 0.16193815148378987
19 126 0.926380870489369
19 134 0.6770817184684461
19 135 0.29775413962200936
19 138 -0.4100393266088307
19 140 -0.32755278810482724
19 142 0.829089655815413
20 21 0.34586889059965653
20 22 -0.026586911817986003
20 25 -0.8909706700687197
20 26 -0.8549227555633936
20 27 0.635360714293399
20 31 -0.7090064460775514
20 32 0.12048117074219533
20 37 0.24058939969972504
20 38 -0.7735175491998967
20 40 0.9223040596602277
20 41 0.8586161668660799
20 47 -0.033155883062345515
20 48 0.19241107749569175
20 49 -0.557320648610351
20 53 0.841685436431723
20 55 0.07748595926445301
20 60 -0.13798684888172108
20 65 -0.9066655374604395
20 71 -0.09486126367445236
20 77 -0.39592622208634953
20 83 -0.8843401286705235
20 88 0.35721089097656344
20 96 0.6021380840798025
20 98 -0.9682632888998839
20 102 -0.3641789276987495
20 103 0.5343269508492994
20 109 0.7660749687357793
20 110 -0.5863203192164499
20 113 -0.6240479908169689
20 119 0.6864294484743603
20 121 0.7289725995182157
20 122 -0.9948676002741159
20 131 0.31703769533377457
20 135 -0.5252205664586505
20 136 0.8219515698278685
20 140 -0.9333350002727696
20 141 -0.6207999613526436
20 143 0.8920074550616435
21 22 0.8874879399763043
21 26 0.7555197332969452
21 29 -0.07947627493413445
21 31 -0.150476935729138
21 32 -0.15833655110369538
21 37 0.09701663878892175
21 38 -0.1615545420219895
21 43 0.5308075596557156
21 46 -0.7071311758951919
21 51 -0.7506295893843098
21 55 0.6780349853004553
21 57 0.8249171664380228
21 58 0.9589316000040724
21 60 -0.7735542982820525
21 62 0.2348635980734337
21 64 -0.3343544247622894
21 80 -0.30103018163370177
21 98 0.5612605095486014
21 103 -0.9181628162800335
21 107 -0.6685077622514997
21 111 0.6084792822220473
21 115 -0.5251608455354235
21 117 -0.7945000417153396
21 119 -0.5418902215422183
21 122 -0.4624084117905314
21 124 -0.44819930428923493
21 125 -0.06392368621272326
21 127 -0.039066661276382364
21 129 0.2083947054152009
21 130 0.4166248299312354
21 135 -0.5937978544012497
21 137 0.9708969651436337
22 23 -0.9408366202040648
22 25 -0.9894061992565977
22 27 -0.23947920890216823
22 28 -0.44502553988007443
22 30 0.8818458168386136
22 34 -0.44182858828134197
22 35 0.3064067286061858
22 39 -0.4397525770727537
22 42 -0.3525831536096944
22 53 0.22115705863845037
22 54 0.7666134415639752
22 58 -0.2857587045932348
22 62 0.007256738892906345
22 63 -0.5908808092938576
22 65 -0.02490061592755133
22 67 -0.27648763064673254
22 68 0.6874795295809224
22 73 -0.6222977886352608
22 80 0.6525706620892229
22 86 -0.41953946364532557
22 87 0.969796320999901
22 89 0.4965196140881294
22 90 -0.2799192108059976
22 91 -0.45011272195837315
22 92 0.8508393078879226
22 97 -0.08683862691687971
22 98 0.03944780036639561
22 101 -0.4850899419251291
22 102 0.7834015584077378
22 125 -0.1728725493867458
22 126 0.7470076265072665
22 127 0.563554030216721
22 128 0.34241829876302354
22 130 0.9369986996206836
22 135 -0.9949609122633019
22 139 0.401381101560385
22 143 0.5496640321469011
22 144 -0.5918633949594765
23 24 0.26481795486277226
23 26 -0.32672655137856466
23 27 -0.6752212108530109
23 30 0.40517439857721205
23 32 -0.10090154698896825
23 33 -0.16850612498812412
23 35 0.07639698336213607
23 36 -0.1804904071992095
23 38 0.42686763827958996
23 41 0.37167032967494706
23 48 0.6420004695801786
23 49 0.46438996786857145
23 50 0.17946944806342757
23 55 -0.820162823780543
23 56 -0.0790088318400155
23 58 -0.16059031860016515
23 60 0.18643622730742382
23 64 0.501837746009383
23 65 -0.5233846897101151
23 67 0.775252317368885
23 69 0.565587695901077
23 76 0.14473055915713373
23 77 0.4839624971433565
23 80 0.005010365804958727
23 83 0.5880747329905132
23 84 -0.9220858244024444
23 86 0.42595021346140216
23 87 -0.034595554812388185
23 89 0.7016325267849237
23 93 0.4534309572697306
23 101 -0.38116568001038154
23 102 -0.421749234320705
23 103 0.6001223298913616
23 105 -0.6470895150002367
23 106 -0.23227230268383958
23 109 -0.016791990623038933
23 110 -0.397357117843957
23 111 0.09772543705283532
23 112 -0.06652835743503926
23 120 -0.5034853105926063
23 121 -0.16977563582837196
23 127 -0.4074118318159319
23 130 -0.8293662507255619
23 137 0.7423842758670172
23 140 -0.4741164771025892
24 25 -0.6511668106546153
24 32 -0.08618308148504283
24 33 0.09405384187937793
24 34 0.6661677114324691
24 35 0.6388997695217111
24 39 -0.7863940316017815
24 40 -0.9674350378441798
24 44 -0.9666265360578237
24 46 -0.2622539452909325
24 48 0.5430530050607427
24 49 0.45315962649265606
24 54 0.40212902988218113
24 59 -0.32856502700560175
24 61 0.7161006005065509
24 62 0.4594382969864903
24 68 0.22809095057983253
24 70 0.6630197271493872
24 74 -0.009607883323299315
24 85 0.4412326456878828
24 86 0.962157939712941
24 88 0.47178444099011996
24 92 -0.49202983172566195
24 94 -0.4051816002898563
24 95 -0.38340541497487135
24 98 -0.04917473276341666
24 101 -0.2755942953790962
24 103 0.7026572640625655
24 104 0.997767877408567
24 106 -0.4569171905321159
24 111 -0.9312226421836693
24 112 0.6606709572883924
24 113 0.25760296631412727
24 116 0.6847798482260283
24 122 0.21550622653915052
24 124 0.2989599266476637
24 125 0.6776091459953217
24 126 -0.8129286496123884
24 130 -0.09692342366095064
24 133 0.14666977444993257
24 134 0.27886787644444255
24 137 -0.7595415060402995
24 144 0.751912405438927
25 28 -0.6762934883738105
25 29 -0.08484376486047296
25 36 0.5281322994998399
25 37 -0.03266910894035102
25 41 -0.043739929738536354
25 43 -0.3629024541213779
25 44 0.6227665004721084
25 45 -0.393389081131597
25 49 0.6861442605232702
25 51 0.6636025689694023
25 61 0.06019015165447916
25 62 0.3237335257746614
25 65 -0.6862138072530819
25 68 -0.28419867423732703
25 69 0.6516357648606614
25 70 0.6653542384807836
25 72 -0.9547797625140408
25 76 0.6823856040120617
25 80 0.4870563673835835
25 83 0.8103034841108867
25 90 -0.9148659265451515
25 92 -0.5847465624494002
25 100 0.9881678893186039
25 110 0.25991010416691696
25 113 -0.6116015761226141
25 119 0.20366022263948658
25 120 0.8464690613669277
25 125 -0.9057019644101703
25 126 -0.8154856234551737
25 129 -0.6432240348253062
25 137 -0.46964211299138103
25 139 -0.25224281035961305
25 140 -0.17929457146509709
25 141 -0.7033329384181255
25 143 0.8877939287114527
26 30 0.8475892319414033
26 34 0.13385645111690447
26 38 0.6960465592336207
26 41 0.6474305876471704
26 42 -0.19206683276693903
26 45 -0.4748031173350633
26 48 0.6369257466008016
26 50 0.8761152905140697
26 51 0.3148741138851969
26 53 -0.9858372099148278
26 60 -0.8053335034138647
26 64 0.03067747060547088
26 69 -0.6093092834903846
26 74 -0.5921309129467327
26 75 0.8927105611299773
26 79 0.4238620286734478
26 83 0.2629495068015053
26 85 0.49533631777574083
26 86 0.17455532620412972
26 90 -0.02584888821549458
26 91 0.8471405361614632
26 99 0.30834097123175286
26 103 -0.5499928441636328
26 106 -0.12304799075530459
26 107 -0.026768177572885632
26 109 0.7766547389318288
26 112 -0.18688458121236518
26 113 -0.9595143895743821
26 115 -0.04387415637028891
26 116 0.8540607527923401
26 127 0.27448285132258987
26 130 0.5041970176345942
26 132 0.5665588417717671
26 134 -0.5450191945308858
26 137 0.6174732490119055
26 144 -0.8749304051839388
27 30 0.6331556089649042
27 31 0.8962343564498914
27 39 0.42269337636453463
27 42 0.41967688354538124
27 46 0.8984092987327261
27 48 -0.47062714312117837
27 49 0.88244471575855
27 56 -0.7796224438274713
27 57 0.990566626838699
27 65 -0.728743574758157
27 68 -0.37308482888925876
27 71 -0.11312649928203222
27 76 0.6022189287084341
27 79 -0.961077000122307
27 84 -0.7019727057766256
27 86 -0.07238850804252617
27 91 -0.9781528584924493
27 94 -0.14066125046136624
27 95 -0.2334683906175845
27 101 -0.12024916252759765
27 106 0.17888330390372498
27 109 -0.27535682542750095
27 112 0.15250140181477478
27 117 0.22013675773825314
27 118 0.10971849823892077
27 124 0.8588932307297157
27 125 0.8204035769975642
27 126 -0.35645860116916706
27 134 -0.3460712578492997
27 135 0.8065888647654555
27 141 0.831970748480966
27 143 -0.35010716350187865
28 29 0.5037960029158866
28 42 0.46978000866125513
28 44 0.45068163591988686
28 47 0.7583140849524641
28 49 -0.08047635355670546
28 53 0.7733177087352829
28 54 -0.6251946506137651
28 55 0.4477792698125116
28 59 0.2624501777882122
28 62 -0.7105741335839115
28 67 0.44128394631206347
28 78 -0.023425046073991096
28 81 -0.1721456302088067
28 84 -0.9948414162810488
28 85 0.1548177572692342
28 86 -0.576765626333396
28 93 -0.25137962660294266
28 103 0.8815910177852704
28 105 0.7075060206630563
28 111 0.7559487820690682
28 113 -0.541336665071031
28 116 -0.7707894881410893
28 120 -0.640063602441119
28 124 0.17860971187935148
28 125 -0.8739828850027009
28 127 -0.9131881577028924
28 131 0.49089551116528396
28 132 0.8656984540251049
28 134 -0.9820461614716518
28 135 0.8744991731336595
28 139 0.0025273603531363875
29 31 0.5775593472108236
29 37 -0.416134034408173
29 42 0.025248049661511063
29 45 -0.9132688686751838
29 49 -0.2914854270261378
29 52 0.7628234993086693
29 54 -0.8868433418709198
29 56 0.9043014924212349
29 58 0.6972014410817995
29 59 -0.5223789937784431
29 66 -0.3463954735897894
29 67 -0.6509559977472992
29 68 0.6418155083396733
29 69 0.17987611711453577
29 77 0.7961019506235045
29 79 0.6719910263783428
29 92 0.4436069507205018
29 98 0.34956047388067835
29 99 0.30664424331856077
29 100 -0.5805299024146482
29 102 -0.960993293410394
29 104 0.06625510607933482
29 106 0.6037405599387613
29 108 -0.7581091348106215
29 111 -0.715773991163148
29 112 -0.9816538645734156
29 113 -0.24447659067432292
29 118 0.25184997977890533
29 125 -0.48822071895410857
29 129 -0.15126723989915547
29 130 0.07052298728829576
29 132 -0.05510718890832256
29 134 0.43339998272976854
29 135 0.562976378283431
30 36 -0.3076089922629195
30 38 0.24287433816888315
30 44 0.18174478866826127
30 48 0.7325463972893766
30 59 0.9076440850626539
30 60 -0.16697050258870116
30 61 -0.20040474007503573
30 66 0.7164056779046057
30 69 0.8533638850948029
30 75 -0.3968918665506247
30 87 -0.016487041295245364
30 90 -0.29260897515160456
30 92 -0.4340741663750898
30 95 0.8947167168903296
30 97 -0.7041713322743473
30 99 -0.07627053202404599
30 102 0.5589811951994579
30 104 0.9515521417380417
30 106 -0.6701903036460402
30 109 0.6221328518723781
30 117 0.8137281703791721
30 118 0.6240576056812166
30 124 -0.35827341428253634
30 125 0.7835981361667568
30 127 -0.5829193067937091
30 128 -0.8698233007901
30 131 0.8791466582669416
30 132 -0.7849015146986167
30 134 0.382833433271333
30 137 -0.11928001578305625
31 33 0.6493048962168997
31 44 0.29858336979091704
31 45 0.7001694646791934
31 47 0.481684632411133
31 50 -0.2188173835658631
31 51 -0.5066935002460005
31 53 -0.9578713094913021
31 54 -0.12071504471912542
31 56 -0.666553424394075
31 57 0.5748386615477765
31 67 -0.12138135145173878
31 73 0.2512369329574369
31 85 -0.2877707446378983
31 88 0.8401430351578596
31 91 0.11484311327872931
31 94 -0.5204873803778471
31 98 0.7863895767562794
31 100 0.8057275091244909
31 103 0.22565343378105873
31 114 -0.7212831654942811
31 118 -0.47618148287914663
31 122 0.3321381923506945
31 124 -0.7852302903923889
31 125 0.5957523874553674
31 126 -0.1492629068629987
31 128 -0.4122019155667247
31 129 0.17783661035313547
31 140 -0.28622716566722395
31 143 0.3337790001364984
32 33 -0.8548391137900986
32 34 -0.19797204483598274
32 36 0.7856223359528762
32 42 -0.8876198981687304
32 50 -0.07738011491329666
32 51 0.8816580145463964
32 53 0.82942528123645
32 55 0.7361999484516235
32 63 -0.44942137890873135
32 68 -0.9006868195248972
32 70 0.1802182957030316
32 73 0.5082288634456511
32 74 -0.3652083627955083
32 78 -0.6850663085396889
32 85 0.7545453376062514
32 86 -0.44730797072595774
32 89 0.29772498142973425
32 92 0.1448507905172256
32 94 0.7161809889999273
32 95 -0.24761059572055255
32 99 0.8234404881387625
32 100 -0.5992879547499184
32 109 -0.7365150628580144
32 113 0.8224166334432677
32 115 -0.6186934478862789
32 117 -0.7093692219967282
32 121 0.430459627470382
32 125 0.009391911982924661
32 130 -0.8061579852708396
32 132 0.6104041629862844
32 133 -0.553672088672871
32 134 -0.8464464735505921
32 139 0.9196240978848891
32 142 0.7674448903865978
33 46 -0.8182459821295296
33 47 -0.13778795149345213
33 48 0.18040021396453643
33 49 0.056884595586631725
33 50 -0.046357300195564166
33 54 -0.6155181967785586
33 68 0.07763005307442183
33 80 0.3378868337618788
33 81 0.8600976541419012
33 82 -0.043058177835251454
33 87 0.7597250876845174
33 91 -0.0923574839776582
33 93 -0.21822313329695575
33 95 0.8938318247523112
33 100 -0.7242467772175749
33 104 0.22088833370587557
33 106 0.7170689580057583
33 117 0.620335737638382
33 120 0.07416494188917544
33 122 -0.40648277600692784
33 126 -0.17134410168648384
33 127 -0.553810315680479
33 132 -0.9062872983620929
33 135 0.122188301564077
33 136 -0.4894558602078405
33 139 0.3307105600944662
33 144 0.43887305923190034
34 36 -0.10111481097293229
34 49 0.7684710583335082
34 58 -0.829634681935449
34 60 0.8005678329658286
34 62 0.9823752729903086
34 64 -0.07347533938316064
34 65 -0.7135606149416553
34 72 0.32166886418609963
34 78 0.22566176042003416
34 80 0.9974156380810026
34 81 -0.5486663785834831
34 82 -0.33842495247792614
34 85 -0.8525344083305757
34 88 -0.46204582223760404
34 100 -0.8390680107398589
34 109 0.2923081485099184
34 112 -0.21151669261698713
34 113 -0.8371412459188847
34 117 -0.2866514120507817
34 119 -0.08225786340665486
34 120 0.38514887609515247
34 122 0.6713602970081021
34 125 -0.5825743357020865
34 130 -0.11969647265639316
34 131 0.18756529604256444
34 132 0.9730913914562545
34 133 -0.1527696134657679
34 134 0.29564020642522193
34 135 0.8323781977674198
35 40 0.5353653371433935
35 42 0.7374934821623975
35 44 0.35596372773778917
35 47 -0.30519625019188856
35 48 0.14224498118355933
35 49 0.8148551050747945
35 53 0.4036568495709745
35 54 0.6996660522719547
35 55 0.8407876061754143
35 58 0.5729420497383293
35 60 0.8996194932186925
35 65 -0.31652082621547817
35 66 -0.6042060818546509
35 68 0.31624043894390264
35 71 -0.3631184265299723
35 75 -0.45102127557883187
35 76 -0.8192189692200327
35 77 -0.4702168314815398
35 78 0.2821592103084112
35 79 -0.15775531117526786
35 80 0.7647958423436747
35 83 -0.8968970479557998
35 85 0.3392739329217842
35 86 0.20398364876776798
35 88 0.7262830125375557
35 91 -0.7287861968240008
35 97 0.31274425926729643
35 101 -0.3361043417345253
35 103 0.3647291541311377
35 108 0.3621908941101948
35 112 -0.6986354438306475
35 114 0.1886900989419542
35 115 0.8677430386052101
35 117 -0.8469116083251638
35 122 -0.1375975737029762
35 124 0.8503164224789745
35 132 -0.3050224749768127
35 138 0.9125528062995301
35 140 0.3007397278655892
35 142 -0.9251924490588261
35 144 0.1913264310284637
36 37 -0.5572486859830292
36 43 0.25101418000557385
36 50 -0.7180521840345113
36 54 -0.2562098963587125
36 57 0.5840241073697441
36 60 0.4716515869629643
36 66 0.030536657225873398
36 67 -0.3410693384597734
36 68 -0.3894646529357433
36 75 -0.5530438149242316
36 79 0.47361866226010974
36 93 0.10893168534995268
36 94 0.047269467147480926
36 95 -0.22230151892274708
36 99 -0.627527343249447
36 100 -0.9941548136345522
36 101 -0.023256421177046294
36 102 0.7635410832667755
36 113 0.7095892090400411
36 119 -0.31026043929033076
36 122 -0.8574091594559325
36 128 0.9915557432283608
36 129 0.463446446500166
36 143 0.21771891917774866
36 144 -0.3617886225465814
37 39 0.7321278493639327
37 42 -0.9757030948351564
37 48 0.8054184413468626
37 49 0.11928933596401858
37 50 0.5734704675847782
37 52 -0.561157845104489
37 61 0.1250289861679661
37 62 -0.8423041431380998
37 64 -0.961205589087198
37 66 -0.023149565479205103
37 68 0.5705665911547251
37 71 0.17258795413288186
37 72 0.2458861662817875
37 74 -0.39330901361467197
37 75 0.38803853409958533
37 78 -0.1401671207525308
37 81 -0.9995348002126991
37 83 0.9585777958213155
37 86 0.008062771348312792
37 88 -0.8021132865565797
37 96 0.44107143223317546
37 98 -0.37770977752121926
37 99 -0.7197762173287259
37 102 -0.8846362501609124
37 109 0.31000038721593115
37 112 -0.04792317472323315
37 113 0.07217320873655697
37 117 0.2661695686469685
37 118 -0.7940308894556325
37 122 -0.33588503687712956
37 123 -0.8938096155318449
37 124 0.3196347626970617
37 127 -0.3532407357166747
37 128 0.6683266629711166
37 131 -0.9110328391404718
37 132 -0.6095637833382934
37 133 -0.4830422445576308
37 137 0.07439890345683153
37 139 -0.9304048828496119
38 40 0.10986518953725244
38 41 0.6305345666438722
38 45 0.4783458367064226
38 50 -0.06549662735879025
38 52 0.5816478500414806
38 53 0.01200164918026525
38 57 0.2878894950235049
38 62 -0.9550281068133131
38 68 0.7100101243223409
38 72 -0.8584942391975281
38 76 0.15357308300852224
38 77 -0.9106120001938527
38 78 -0.9061003449611904
38 81 -0.08634772987972861
38 85 -0.9262424647866325
38 87 0.278282043714265
38 92 0.6680979349820415
38 96 0.9269785315159553
38 99 -0.32266964212287474
38 100 0.8527446431356176
38 103 -0.7535629152678387
38 108 0.8697403330752675
38 112 -0.14181242848507192
38 118 -0.1740058082616054
38 125 -0.27077449496456585
38 126 -0.10303387360760818
38 130 0.5704441321246996
38 131 0.03634018890674584
38 133 -0.3525962461639849
38 134 -0.761919795037221
38 136 0.7531701146667162
38 142 0.39474839905871706
38 144 -0.1798210836476799
39 41 0.34257505983213155
39 48 0.7376940817664539
39 50 0.53944283620399
39 53 0.1446667626555893
39 54 0.31237333420543356
39 56 0.48265010875166214
39 60 0.6133529460197906
39 63 0.8519269797870499
39 65 0.8416735536706001
39 67 0.1130503137945933
39 75 -0.7765510078737012
39 79 -0.033451913043139436
39 81 0.7617560799731471
39 83 0.40948011033244414
39 85 -0.37248066328557283
39 86 0.5303863693107644
39 88 0.4142448139093773
39 92 -0.45618850843527725
39 93 -0.8852747874547084
39 94 -0.3833653930320986
39 96 -0.440420295464069
39 99 -0.5098681438435062
39 100 0.6703250064814859
39 104 -0.6560048285627016
39 110 -0.6899241742282562
39 112 -0.19273908163083697
39 117 0.16671759299394817
39 120 -0.12195389364026088
39 130 -0.34552823285378453
39 131 0.8147197801006663
39 132 0.7111792367346534
39 134 -0.02196271740692879
39 136 -0.30441348567194804
39 140 -0.12551118881417067
40 41 -0.7081952652395458
40 45 0.4390091780993499
40 48 -0.5289852462969331
40 49 0.9801753985559778
40 51 -0.6394650699603268
40 56 -0.3292982057692433
40 57 -0.3255188846347672
40 60 0.9548142334881586
40 62 -0.12307104360245247
40 63 0.037759240737334165
40 64 -0.8188983096353657
40 67 0.23012121981955103
40 73 0.8299226037814409
40 74 -0.28213393689270494
40 75 0.66639834393255
40 76 -0.6374810630189476
40 77 -0.9453295618518684
40 78 0.41184844106253937
40 81 -0.15955542067590178
40 86 -0.4056128680246276
40 89 -0.04077544899141672
40 92 -0.12033833252987636
40 93 0.2070942572852026
40 95 -0.7879460064139436
40 102 0.583473442660472
40 104 0.5683821678510441
40 110 0.6019869360940693
40 117 0.7218606791044428
40 120 -0.7946612473617156
40 132 -0.2641071794390659
40 137 0.01699194332123488
41 45 0.46116581361358744
41 46 -0.23975617330392462
41 48 -0.7204158912286713
41 51 -0.6584163377854355
41 55 -0.9663490992298527
41 57 0.8887997241509922
41 59 -0.8895686321949416
41 62 0.873255954170266
41 64 -0.7708188317856965
41 70 0.7145703976712812
41 74 -0.05678588525312711
41 80 -0.7915746843934834
41 81 -0.11179152229821465
41 84 -0.12638221427193752
41 88 -0.8257569674164638
41 91 0.4010932828462872
41 100 -0.13817273347993475
41 101 0.3568817983647248
41 106 0.191128630956777
41 118 -0.8345987642701203
41 119 0.5886922670259063
41 120 0.3259580148940986
41 126 0.7854093456562088
41 130 -0.8513849411303356
41 134 -0.9417970713061494
41 138 0.2808493199512321
41 139 -0.20714573115360913
41 144 -0.6046927992826834
42 44 -0.81752019451875
42 45 0.36822906320119575
42 49 -0.0393159549727462
42 53 -0.323375998117414
42 54 -0.09544261942159493
42 55 -0.7345868982925559
42 56 -0.46179058762798797
42 61 0.09520612951174923
42 62 -0.3173036403376772
42 64 0.2502881542312476
42 66 -0.2023390522277746
42 69 0.15240422854962632
42 70 0.10830367307980415
42 74 0.05642372341558932
42 81 -0.779261381320649
42 82 0.49939324320791956
42 84 -0.12870667137291103
42 90 -0.5635311842981565
42 92 -0.3537448367202718
42 94 0.28147687508582764
42 100 -0.8773374341088473
42 103 0.9008282123632367
42 104 -0.5045196784472854
42 106 -0.7600812069592078
42 112 0.6753294918191328
42 114 -0.19119367490896355
42 116 0.48489527264966426
42 117 0.47970425581999265
42 120 0.7741530435700075
42 126 -0.9703383337055294
42 131 -0.0053675433620263835
42 132 -0.694454866324743
42 137 -0.2498302055847319
42 138 0.5763481929138461
42 141 -0.32623213132556894
43 47 -0.09823017546678758
43 48 0.9315300202908554
43 49 -0.7549542218035792
43 53 0.9668460675854045
43 58 -0.908844380005188
43 61 0.756013637807071
43 64 0.6743377631867844
43 67 0.1897798621245559
43 68 -0.7701564509123744
43 76 0.43873559716050936
43 81 0.13340806338166056
43 83 -0.6142090833813074
43 84 0.017410364605881856
43 85 -0.05239280464252927
43 87 -0.4303776374088273
43 88 -0.002631203562946771
43 96 0.2654209841071249
43 106 0.872232491814392
43 108 0.9849123118817584
43 117 -0.9987043429886577
43 119 0.9031017696510948
43 122 -0.6916129563788351
43 125 0.068226799424705
43 127 0.2170297632923719
43 128 0.32743683386099076
43 130 -0.6634701796742175
43 131 -0.23950511452416667
43 134 0.8764322093818622
43 137 0.6734158362793952
43 139 0.7144842180190747
43 143 -0.9684201061415141
43 144 -0.10665640087602091
44 46 0.008138892438668721
44 49 0.4249964421425141
44 52 -0.22562121246961264
44 61 -0.011224327998053063
44 62 0.06854721269128583
44 63 -0.1073271264042206
44 64 -0.23870542662588257
44 67 -0.7015115286345943
44 70 -0.551838911254132
44 79 -0.09311851245970648
44 82 -0.7070285039396242
44 86 0.6065198425282938
44 87 0.8054679633198327
44 88 -0.5347187915491882
44 89 -0.024784448846130402
44 90 -0.015064093157094893
44 91 -0.05377211383411806
44 97 -0.525697464032497
44 98 -0.0008154770740997908
44 99 0.3548070783182691
44 100 0.2196577761402474
44 102 -0.4181507340352282
44 106 -0.03779974022800836
44 118 0.3123391179153385
44 122 0.10082416969838781
44 124 -0.25319645350252995
44 129 -0.8810176219689259
44 130 0.46170319897751133
44 134 0.8100355010581144
44 136 -0.5367319590916966
44 137 -0.936611911056342
44 140 0.4683159901580043
44 142 0.8373857505741036
45 50 -0.46155192405833234
45 53 0.1400331151202192
45 55 -0.3107611314174723
45 59 0.24318037193622932
45 70 -0.10731038343576715
45 72 0.057005653615210594
45 73 -0.6326642913409937
45 77 -0.6654150847014746
45 79 0.5449353850403396
45 80 -0.5547239425209525
45 81 -0.16701791742694994
45 93 -0.6374641966258747
45 96 -0.5977277434741461
45 97 -0.42204477447650235
45 99 -0.014483358298421622
45 102 0.036406472788716115
45 104 -0.2974059035365304
45 109 0.4590280967735496
45 112 0.07322303300198607
45 117 -0.7589649402723209
45 118 -0.23914741652867932
45 119 0.14528831301961476
45 120 0.801681707801382
45 121 0.7487519975942716
45 122 -0.0905129858988396
45 129 -0.34590132640975413
45 132 0.7146441562345953
45 134 0.06041644270340174
45 135 0.8658329111552792
45 139 0.32561027501979645
45 144 0.22815818692582157
46 57 0.032030555599072974
46 61 -0.5833444739127183
46 62 0.7128221459697328
46 63 0.4672832490611696
46 66 0.8025140065801071
46 68 0.9503229517673066
46 69 -0.32978680298847385
46 77 0.43057462150793047
46 78 0.3299442870771334
46 79 0.44370613059943764
46 89 -0.634924256731354
46 91 0.5978183696979436
46 93 -0.32968216091228597
46 100 -0.5492412799678572
46 102 0.36948131165763076
46 106 -0.8931789568162656
46 109 0.3458885122203026
46 114 -0.39486610571139336
46 116 -0.2398713414437117
46 117 -0.27798713262314845
46 118 0.34224404259516317
46 125 -0.33196873690061257
46 126 -0.5766182701414402
46 127 -0.6842927773809708
46 129 0.2520642793938861
46 136 0.5276253396935957
46 144 0.9392554605149708
47 56 0.2703165525870128
47 59 0.7694901104070218
47 66 0.15467396193621186
47 75 0.1762930765548021
47 77 0.2195978481626819
47 81 -0.5463493017559848
47 84 -0.23558990222348308
47 87 -0.8161277812928625
47 88 -0.6792731294679291
47 100 0.9142671736571713
47 101 -0.7660623335603234
47 102 -0.5917034596435791
47 106 0.4325904707579824
47 109 0.42063657121864595
47 110 0.8768060000115967
47 111 -0.06380739723644946
47 113 -0.9751078628454062
47 115 0.009876872099998213
47 128 -0.07546985817747798
47 134 -0.28115120476701083
47 137 -0.18636214756641545
47 138 -0.03647890212649241
47 139 0.9775731305045787
47 144 0.3703753125104845
48 51 0.932427429311856
48 58 -0.7130861913057276
48 60 0.03567426353554959
48 61 -0.49670677140905317
48 62 -0.12008766922386993
48 63 0.9129843893755425
48 68 0.4381117137367432
48 69 -0.14084136364143562
48 73 0.9345417508665166
48 75 0.8342209046595541
48 80 0.5541683640764605
48 83 -0.6285698923641714
48 84 -0.4031609161676317
48 86 0.9583206905983175
48 96 -0.37954498896413225
48 97 -0.8275371182401619
48 98 0.3776014826783809
48 100 -0.12318993765472785
48 109 -0.5622727546475246
48 110 0.914863456703706
48 112 0.988693167010505
48 114 -0.7535217542744013
48 115 0.4230662207200273
48 122 -0.36315965474128786
48 125 0.4890497296798977
48 126 0.5236911509333058
48 128 0.4923411012375227
48 129 0.8350904414923419
48 130 -0.6270425348824633
48 132 0.790711385449905
48 140 -0.41456540998111757
48 142 0.7722381888997405
49 50 -0.3584188120759426
49 54 -0.9939140468594261
49 56 0.5598125374755782
49 58 0.647240077479081
49 63 0.2668868318103177
49 70 -0.43798624258546504
49 75 0.3364661539650209
49 76 0.0879134113050124
49 77 -0.5440989849865656
49 86 -0.19057227009741662
49 87 0.3777606196650243
49 88 0.6815721545203279
49 89 0.04205640992045456
49 94 0.9156489714970524
49 99 -0.0012840676889902536
49 101 0.09204657815543071
49 103 0.5628186151183816
49 108 -0.6963162852985654
49 109 -0.9038510816570484
49 111 -0.016364754058355135
49 118 0.009691294708424003
49 119 0.2588962156854959
49 120 0.17791919045424098
49 122 0.621789762971819
49 123 -0.4513697194823614
49 124 0.9644360030937666
49 125 0.34555744361100627
49 127 -0.974631826233394
49 128 -0.4043981665815264
49 132 -0.717114878519302
49 134 0.7915388064538844
49 141 0.5063790458977024
49 142 0.2787356354422619
49 143 -0.34400139243493766
49 144 0.6559493731220869
50 51 -0.4332038146599235
50 53 -0.056929765537881316
50 57 0.28101950907349926
50 60 -0.46791723364665194
50 70 -0.5953694944552779
50 71 -0.41927590534862746
50 85 0.465492138476427
50 91 -0.011069336904379279
50 99 0.3644424317164663
50 104 0.6521273204467235
50 107 0.5461602710539071
50 108 0.18564093462102482
50 110 -0.13995244924139882
50 111 0.6748747768535024
50 112 -0.5722478534316771
50 113 0.51126992932922
50 114 0.5852399440866611
50 116 0.8328544908687228
50 120 0.0056850328863340405
50 121 0.26757848070386725
50 123 0.7828073403661051
50 124 0.8395323803165264
50 128 0.0295714003964882
50 129 -0.8538495494475435
50 136 -0.9352553000305919
51 53 -0.32132722674762393
51 54 -0.06515949557854106
51 57 -0.98086224236303
51 58 -0.720068190358282
51 59 0.15642012377052583
51 63 -0.034351569813429794
51 64 -0.657031950017368
51 67 0.5857378410849561
51 71 -0.643828128906409
51 72 0.2436337047185475
51 75 0.34371955235569485
51 77 0.2962068759971159
51 80 -0.8916776345423454
51 81 -0.3373815047106383
51 82 0.1646619185081888
51 83 -0.07613908888104937
51 85 -0.20451851611461414
51 88 0.576682138074087
51 89 0.7299343872111965
51 94 0.4311400155891063
51 101 -0.7032757468138335
51 105 0.6525791852944245
51 109 -0.8966755872231695
51 113 -0.1262141678272224
51 117 -0.35086167690069003
51 122 -0.8393900957846452
51 130 -0.7371895560977517
51 131 0.9412995909202646
51 132 0.022191044115679404
51 137 -0.6292882606634929
51 141 -0.3112796480745239
51 144 -0.2476702640173396
52 53 0.35958491908797363
52 54 0.2964418190931759
52 56 -0.4081061125971539
52 59 -0.8813662161482367
52 60 0.49550571892658346
52 64 0.6010821828829367
52 67 -0.40579867118671054
52 71 -0.2980616685390971
52 72 -0.5939572047761901
52 79 0.8830749883540958
52 80 0.06584106145949065
52 81 -0.2265787863450055
52 84 -0.31771886166771157
52 90 -0.034834839063147216
52 95 -0.8675126585561719
52 96 0.8092616557669592
52 97 -0.5090945333048054
52 98 -0.3226520712822223
52 102 -0.4792817289832614
52 103 -0.5635795214081518
52 104 -0.7674513081883356
52 106 0.5228997312216797
52 108 0.02832385263044923
52 110 -0.06294509983280183
52 112 0.1137894224026299
52 118 -0.45861301628080997
52 119 -0.07703287625719635
52 120 -0.034194938267700925
52 121 0.9107916825712001
52 127 -0.32509569916768366
52 129 0.10672070727964056
52 131 -0.08681359585595327
52 135 -0.8239777330410734
52 136 -0.6654975271134997
52 138 -0.014233338229168613
52 140 0.939932317489715
53 56 -0.954652839625503
53 63 -0.9864033777059442
53 69 -0.34399597482499966
53 71 -0.1927506684442477
53 72 -0.20387556029642728
53 74 -0.030248011456861512
53 79 -0.3763286026507864
53 87 0.97429834509616
53 92 -0.843168768819444
53 99 -0.4859051637065084
53 100 -0.8861606717076251
53 105 0.22080312349536602
53 110 0.23512974872669257
53 112 0.6119486914417294
53 113 -0.2606812899233768
53 114 0.6699974108142994
53 117 -0.31182040846662384
53 124 -0.3617980246918697
53 125 -0.2417693943505257
53 127 -0.9944878918312825
53 132 0.5344039383357229
53 134 -0.788001985560506
53 141 0.3661272096356507
53 143 0.5967466101109817
54 56 0.21028812490790139
54 57 -0.2672362894347877
54 60 0.5519584620102809
54 62 -0.0924014188458746
54 72 0.99891717443506
54 75 -0.10667455270685644
54 84 -0.676490037514861
54 86 0.20139171470889905
54 92 0.9070850383592464
54 105 -0.8883989492692186
54 110 0.6530274649565295
54 121 0.863600422204913
54 123 -0.49439630084552233
54 133 -0.14811822550696774
54 135 -0.750949870714446
54 144 -0.27965552397365756
55 56 0.5499228661244531
55 60 0.7462563378425655
55 62 0.7048317447278232
55 64 0.012326509489115622
55 65 -0.011604051225236889
55 66 0.33991189591310444
55 71 -0.22482638462877147
55 76 -0.27402587077221807
55 80 0.7868724677784458
55 84 0.8127206064700583
55 85 0.5080510381808712
55 86 0.2241419918897931
55 89 -0.13756282325402802
55 90 -0.33204393091500606
55 91 0.36181699003435175
55 98 -0.9853979060563869
55 99 0.45219480103109033
55 100 0.45552895354952505
55 104 -0.8238698025187512
55 105 0.10216698462029172
55 109 -0.8602996706932127
55 110 0.8351538816028705
55 111 -0.02617255425133269
55 112 -0.6152555766617975
55 114 -0.5322759873100613
55 117 0.32280030136283844
55 118 0.22744782248213014
55 120 -0.4332395631424335
55 121 -0.5955952987888864
55 127 0.9540996576659342
55 130 -0.5812976879130616
55 132 0.11924629871530978
55 137 -0.635214880707144
55 143 0.10375731457948012
56 62 -0.6623011494170468
56 63 -0.8824611571743128
56 71 -0.3520725396323212
56 76 0.5131502698480028
56 77 -0.6818895302334533
56 81 0.6239054317706854
56 85 -0.9053706831415151
56 87 0.3173113153898146
56 89 0.6144802882773257
56 95 -0.04474370757275392
56 97 -0.717238180713887
56 98 -0.3473053808492321
56 103 -0.5678228917940957
56 104 0.7778597121816895
56 105 -0.9661353518648486
56 107 -0.5008263249001694
56 115 -0.0896952155574009
56 118 -0.5270433077472778
56 119 -0.7143202517211837
56 122 0.20275398019966828
56 123 -0.5219281422334154
56 126 -0.7420136163234687
56 128 0.899133406701639
56 130 -0.11869891354133832
56 132 0.6488737669561195
56 133 -0.9352344792420726
56 136 -0.503791762030366
56 138 -0.16551276049102825
56 140 0.4263887511343012
56 141 0.8730139716735603
56 143 0.2512838277736813
56 144 0.44715561954130845
57 60 -0.6459349632880533
57 61 0.6805307133188887
57 62 -0.8275957538972853
57 63 0.2740771101760058
57 67 0.8355028340165656
57 73 -0.6997440679109026
57 78 -0.631116550166668
57 83 0.8356043439492438
57 84 0.11939174862021429
57 90 -0.36464977989068026
57 94 0.31062881124403074
57 95 -0.4245913887184669
57 100 -0.4911057515225854
57 102 -0.9802377109937894
57 107 -0.24016708646229512
57 109 0.3767010636095598
57 110 0.48589379472819516
57 111 -0.3569113149467802
57 112 0.1263447821719481
57 115 0.43109057182851673
57 116 -0.03378798844877551
57 122 -0.04523245374218665
57 123 -0.28509291898192024
57 133 -0.41206472302252517
57 138 -0.1507723524743707
57 143 -0.6670727287605627
58 59 0.38693068289175714
58 61 0.837209636330255
58 63 0.8472847420108669
58 71 0.03267447641531329
58 73 -0.543543383144423
58 75 0.5037167788139942
58 80 0.7019423255974306
58 81 0.8519572838766529
58 84 -0.8335154871282284
58 87 0.10137521952698236
58 88 -0.7267805118794852
58 90 0.7092122268050667
58 94 0.12099656076839715
58 95 -0.5878271513640883
58 96 -0.7838359685632534
58 97 0.7278999386642568
58 98 -0.5421152355093399
58 102 -0.1921132099617795
58 103 0.16189467973013127
58 108 -0.5174388646533685
58 109 0.34882808735844106
58 111 -0.9903603317888428
58 112 0.2814531737108237
58 115 0.2647425284549496
58 117 -0.1617789874401525
58 121 -0.06280551254084088
58 124 -0.6768936981976383
58 125 0.615279105220228
58 130 -0.5441952870845639
58 133 0.4778415008940673
58 139 -0.11683122413418134
58 140 -0.2623254554976313
58 142 -0.9727714057446333
59 63 0.12086958392044012
59 64 -0.02925419178550115
59 67 -0.977010901269314
59 70 0.7453245993683353
59 73 0.5817890433964821
59 74 -0.7560305329759154
59 75 0.329940755480004
59 77 0.6036894484716115
59 79 -0.5887580519054159
59 85 0.7575321054324469
59 87 -0.9484623080700993
59 89 -0.43428456143973637
59 92 0.8568867809734666
59 93 -0.3788333302352662
59 100 0.8348909798892794
59 101 0.5966887452726046
59 105 0.07579249361795415
59 106 -0.7597091637405984
59 108 0.8515943296739985
59 111 -0.17787239757494921
59 112 -0.03299459187545861
59 118 -0.6028311360062053
59 124 0.04769582671706307
59 126 0.7659581489541956
59 134 -0.10979677604082694
59 136 0.6277829353821456
59 137 0.21070675362623303
59 141 0.3158678080270927
60 61 0.3420624700192696
60 70 -0.4676070904486749
60 72 0.12092833986735108
60 74 0.6337731867552274
60 79 0.8870511954251012
60 82 -0.3720674505138686
60 83 -0.5078973889375824
60 84 0.29003389325571227
60 88 0.8025668464414499
60 90 0.8690299498681322
60 91 -0.4929973621826196
60 96 -0.4837216117831977
60 97 -0.7401795363472232
60 99 0.005844793199810461
60 100 0.9492578554867264
60 102 0.7207764565843824
60 104 0.5476433448789018
60 105 0.16126114035097694
60 107 0.2138033761593272
60 109 0.9421349693067909
60 113 -0.6406573293631306
60 114 0.4151355302099906
60 116 0.550392015622639
60 119 0.5560679357395519
60 120 0.45388836924519027
60 122 -0.46561880433091174
60 123 -0.15154592675775347
60 132 -0.592331231599249
60 134 -0.038356617930626946
60 138 0.08099945156521549
61 62 -0.33394129256199845
61 63 0.33417904440106594
61 65 0.22145555802663108
61 68 0.7464114819449004
61 77 0.7227151997586434
61 81 0.0944031212633849
61 82 -0.3920355137499487
61 83 0.11455590822359119
61 91 -0.45176370037144054
61 95 0.2762849013355193
61 97 0.14877343879431937
61 98 0.7926999978945006
61 100 0.9761219844723303
61 106 -0.8699400847744527
61 107 -0.2951916483758701
61 108 -0.4001875076009449
61 113 -0.5086703933440329
61 114 -0.18738203594079428
61 117 0.10016573588189148
61 118 -0.3830735265934997
61 121 -0.6299000320665213
61 126 -0.9943250807090676
61 128 -0.1384015985924516
61 138 -0.04288622639511752
61 139 -0.2904516314164318
61 143 -0.7260382587686778
62 63 -0.2903478913296069
62 66 -0.9084856014893441
62 67 -0.2050211207078123
62 71 0.48838903306894776
62 72 0.735086190616294
62 82 -0.2771586525928964
62 85 0.8683291903624009
62 87 -0.2115102183592712
62 89 0.51432938875443
62 92 -0.5377547066705626
62 93 -0.05212119926909642
62 94 0.7247214335332908
62 95 0.9303580560204732
62 97 0.2869389507666922
62 105 -0.2155420605774776
62 106 0.12445085575461912
62 107 0.3348246272278359
62 108 -0.7727535213644732
62 109 0.32718930262851775
62 110 -0.06857940930685746
62 112 0.5444891877329039
62 113 -0.09714432201759249
62 116 -0.9990829263318681
62 119 -0.16707230074310564
62 122 0.6389625458769126
62 123 0.9641965983141216
62 126 -0.20693466361620882
62 129 -0.9076617023709916
62 130 -0.4538601244648621
62 133 -0.822758765626449
62 136 0.7720425959421089
62 137 -0.12556760005680134
62 138 0.37608592023386644
62 142 0.8912588124904384
63 67 0.6850574125082607
63 75 0.36893010954911576
63 77 -0.6083259283698774
63 79 -0.40366986905429125
63 85 0.030416507489890332
63 88 -0.9242734288663765
63 89 -0.8865837942759789
63 90 0.9300945886275516
63 95 0.028332805845678655
63 98 -0.6005181538830018
63 99 0.21129204398229628
63 100 0.5501561182029158
63 105 0.3343312181916074
63 107 -0.1355701272884251
63 113 0.3345036285828602
63 116 0.5165311156079122
63 119 -0.03755068324370603
63 144 -0.3259933643312365
64 78 0.3316309037558782
64 80 -0.8006649374197687
64 83 -0.5150027426962505
64 87 -0.8463436868415888
64 90 -0.9358179012170955
64 91 0.8910356616706867
64 95 0.7889367637243947
64 97 -0.07944765961462719
64 100 -0.5174602479138799
64 105 -0.5244448116614475
64 109 -0.8038500010224068
64 111 0.8841131992323956
64 114 0.726579712593497
64 118 0.3283759452743298
64 120 0.012784605713413999
64 127 0.9085607180468387
64 137 -0.5132056691619495
64 138 0.8071240446068937
64 142 -0.019646859711093256
65 67 0.6142547302113976
65 75 -0.6424992629810851
65 78 0.23365140195132716
65 79 -0.07904388749592695
65 80 0.5938857183893484
65 83 -0.650150168327438
65 88 0.0849910218258425
65 89 0.6041430714799454
65 90 0.1477399359996583
65 96 -0.3684222107589694
65 97 -0.9493414822622375
65 98 -0.5768828762622311
65 99 0.840628563543304
65 100 0.9871141261031904
65 106 -0.9901975345200273
65 107 0.17806262367827497
65 108 -0.48536502552397875
65 112 -0.6396713977394941
65 115 0.776711367673657
65 117 -0.5954198810317659
65 118 -0.3901682639942965
65 122 -0.776739710090707
65 132 0.08125818789449468
65 138 0.000576045917682011
65 140 0.279059052499135
65 144 -0.9797127339110434
66 69 -0.29714335078107523
66 81 -0.3430465997147496
66 88 -0.4018169673328351
66 92 -0.6007956420701017
66 93 0.6896982091757844
66 108 0.46710357493680266
66 110 0.6654473874635338
66 111 0.6368367510289183
66 119 0.7793435709998962
66 124 -0.43526361757214316
66 126 0.1430286822517728
66 131 0.48788886585183633
66 138 0.8145475338084422
66 143 -0.5659482476925148
66 144 0.4134626445167031
67 68 -0.03272696082505111
67 75 -0.006209048321605515
67 77 -0.883440828209219
67 79 0.2077732121429623
67 84 -0.32957760226111565
67 85 0.3956085994310101
67 90 0.5069606639247417
67 92 0.5512682713052233
67 96 0.9145944782937205
67 100 0.4112554297858937
67 102 -0.26683475344370167
67 109 0.8230498138490305
67 114 -0.8501666174085334
67 119 -0.29687905461884734
67 121 0.18141795392152482
67 124 -0.7376466921141385
67 127 -0.7620720120164353
67 128 -0.33605059506766644
67 138 -0.17627748036907698
67 142 -0.4021466982326052
68 70 0.929064551376221
68 71 0.6931723622155521
68 72 -0.32589067713510245
68 73 0.646366890279781
68 76 0.08315028204196917
68 81 0.4468438929493559
68 82 0.12727585493681381
68 85 -0.40213177797436517
68 90 0.6313226612820173
68 94 0.8054336045500934
68 103 0.6369338349766895
68 110 0.38385180814655473
68 111 0.88605849723456
68 112 0.7963790634401509
68 113 -0.2720735051080898
68 115 -0.9108667135353379
68 116 0.8558904258586497
68 117 -0.32424333805298433
68 118 -0.09931043424444819
68 122 0.624306651870774
68 126 -0.3011951655710352
68 129 0.0019202193885672347
68 140 0.25346622298082155
69 71 -0.31701887112484606
69 74 -0.6281696640016217
69 75 -0.282972165339489
69 79 -0.1682730033833142
69 82 -0.6538454905248536
69 84 0.2806748250202564
69 89 0.877037887397466
69 93 -0.15586642257992556
69 94 0.2671979243905991
69 95 -0.29261322441660376
69 102 -0.07336263942617349
69 104 0.17411529474797605
69 105 -0.20219231796187187
69 109 0.2967129365529584
69 116 0.3040640653968525
69 119 0.7137130380579271
69 123 0.4805877801361569
69 124 -0.4214015853434845
69 125 -0.03522417085667939
69 129 -0.36739508565408197
69 132 -0.47521509904324555
69 135 0.4607300002245902
69 136 -0.774982384604324
69 137 -0.8341773427276342
69 144 0.39744791047467554
70 77 -0.5296173493523455
70 84 0.5932671995940269
70 85 0.7166144426620649
70 86 -0.5304220467842065
70 88 0.7128973060365851
70 89 0.5370615540362185
70 90 0.33827537978299804
70 94 0.33159304091411124
70 95 -0.2279263956572315
70 99 -0.9079329259340934
70 102 -0.41587108899692815
70 103 -0.10158547178860244
70 104 -0.49304364343940166
70 107 -0.8259482247854917
70 108 -0.07107230406373466
70 120 0.40016695170492667
70 121 0.9537904821329297
70 122 -0.29107908732381227
70 127 0.04319882073151282
70 137 0.5636770725868472
70 142 -0.28807566379184313
70 143 -0.12938537479498025
70 144 0.8778328424368553
71 72 0.5075590629690501
71 73 0.05500040863552913
71 76 -0.7614183776345778
71 77 -0.2723155995161608
71 79 -0.762829698113535
71 87 -0.2406998983643691
71 88 -0.7750186689055931
71 91 0.5484082016042948
71 92 -0.9610199003936704
71 97 -0.1563358753596682
71 100 0.4489191733140896
71 104 -0.30060319879893793
71 110 0.29483277461380775
71 114 0.6704400185124433
71 116 -0.7897314406117395
71 117 0.5891739110973451
71 120 -0.1288175331771544
71 121 0.8210829738716388
71 122 -0.2404097212528178
71 125 -0.5525754903297095
71 133 0.6903243896365578
71 138 -0.7612251218835162
72 73 0.678153394657615
72 76 0.4103842966275115
72 77 -0.2119749875123338
72 79 0.38450529215815243
72 87 0.47536715163701126
72 93 -0.6844312206415786
72 94 -0.7571149961981996
72 98 0.6068616339609085
72 105 0.4815290394937397
72 113 0.6235511937584408
72 130 0.9321419168252609
72 136 -0.7052519409142812
72 138 -0.7881877218731448
72 141 0.8971712523378848
72 143 0.6785984308740889
73 74 0.9355910320114913
73 76 -0.015300778567810758
73 77 0.20159121784705358
73 78 -0.5718968028912048
73 80 0.48297947212041725
73 84 0.8199087851640101
73 85 -0.7270491468548677
73 86 0.5586046074181139
73 87 -0.13942407810312796
73 90 -0.9258118294573068
73 92 0.04479123830355669
73 96 0.5034763589891016
73 98 0.7802698036441882
73 99 -0.14525416103476863
73 105 -0.7948529818777113
73 106 -0.32080195959360647
73 109 -0.484160185238371
73 111 -0.9646246484624992
73 113 0.1854491684540418
73 114 -0.9136237832686256
73 115 -0.003131147216414387
73 122 -0.45137090072583264
73 124 0.5215022358237278
73 126 -0.2873540196559059
73 127 -0.539484115944622
73 129 -0.5773788900744197
73 135 0.20963176224839253
73 140 0.5229043405870457
74 77 -0.498921623659319
74 81 0.24913824927215433
74 82 -0.7764846219608943
74 83 0.779198566240219
74 85 -0.7280066784147734
74 86 -0.7123811000804274
74 87 0.6351483346475733
74 89 -0.17522297232543327
74 92 -0.5771986971231355
74 94 0.03390098504574035
74 95 -0.4053557087424693
74 98 -0.6800398791337852
74 101 -0.5899923665583533
74 102 0.8319952138214892
74 103 0.7591050507023882
74 106 0.1511793941763413
74 110 -0.9815011370775129
74 111 0.5505589680856056
74 112 0.3682671916664695
74 116 0.45644006363161305
74 118 0.5163597407009937
74 119 -0.05981035691323866
74 120 0.48882025508902904
74 121 -0.868299693422977
74 124 -0.830177515128329
74 126 0.6331622934473817
74 128 -0.7968741523242295
74 132 0.5954971640873292
74 134 -0.5732502879533008
74 135 0.7237081011195448
74 141 -0.5928835972202802
74 142 0.9632726023787408
75 82 0.1570034649641896
75 83 0.317202596089752
75 86 -0.8764014837409553
75 87 -0.24024926037691818
75 97 -0.671725537878822
75 106 -0.27318754563317293
75 117 0.3808667623305133
75 124 0.7420182830005726
75 128 -0.15570859175125817
75 131 0.4024287229976218
75 132 -0.42405385536562146
75 137 0.359002439974762
75 138 0.05800544513064554
76 80 -0.24999545013357194
76 82 0.20575151864528207
76 83 -0.27349233976501286
76 84 0.9073055984035914
76 86 0.9431744307291055
76 87 -0.9015910447589031
76 88 0.8639815350348559
76 89 -0.94953752326949
76 92 -0.14607658938890178
76 93 -0.8166023472826534
76 96 0.4444833564201536
76 97 0.5432220099026797
76 98 -0.7519091660132144
76 103 0.8439049652180464
76 106 0.9346956811098519
76 110 -0.042982528782973706
76 111 -0.5664570771767836
76 112 0.9517508104998358
76 114 -0.5526683627546412
76 118 0.32534680298982654
76 120 0.23213750340906114
76 122 0.06455972772166363
76 124 -0.18365804476523007
76 125 0.8915755770853611
76 134 -0.7240506163620088
76 135 -0.24711357276197932
76 139 -0.7215466373804669
76 142 0.6364104437797637
76 143 -0.36514928338135544
77 78 0.4811322509500462
77 81 0.7309496193462799
77 86 0.3629272821154572
77 93 0.8747647425862024
77 108 -0.19469268019816455
77 111 -0.6554452430046562
77 112 -0.9548043901184144
77 114 0.4260300980140497
77 117 -0.5640122842575517
77 119 0.15081363060312958
77 120 0.1191539902360419
77 125 0.9313857996042023
77 127 0.33848455676405065
77 129 -0.7673904762442372
77 131 -0.3471190349170521
77 134 -0.7994758600934455
77 135 -0.508786702940297
77 136 0.5042999366385883
77 137 0.7015064652742173
77 138 -0.8685202567604458
78 81 0.8438203785860137
78 83 0.804723520557779
78 84 -0.695842186669096
78 88 0.6996716524789812
78 90 -0.9036087361769065
78 95 0.7961957474376231
78 97 0.05604825616711406
78 98 0.05061718390460879
78 99 0.187085791915939
78 100 0.3856436049830807
78 108 0.1547357931398774
78 109 0.6143065854358067
78 110 0.7058404524684194
78 117 0.9372745514952991
78 118 -0.14576419784741002
78 119 0.14000346331747404
78 122 0.5728381147775483
78 123 -0.36759651382162994
78 124 0.7883615919842226
78 126 -0.6043391299710701
78 128 0.013442442927117604
78 129 0.45632587805158575
78 133 0.5588592138583328
78 139 -0.44906301620507283
78 143 0.1335613238638056
79 82 -0.454356187869571
79 84 0.9069879442788913
79 88 -0.909814231689243
79 93 0.9520925785072532
79 96 -0.994749150569086
79 99 -0.3976282129785851
79 101 -0.04543460332051863
79 104 0.3182108454651744
79 106 0.5142259759868768
79 107 -0.689925709503703
79 109 0.39292972130844706
79 110 0.220766194507809
79 114 -0.30327445186930846
79 125 -0.4682886685207974
79 128 -0.0521747570247324
79 132 -0.6163714055687344
79 136 0.9540745781859175
79 138 0.3906170010254384
79 139 -0.08333563238956865
79 142 0.752687996531745
79 144 0.6969325998577804
80 84 -0.70262435178383
80 85 -0.7895091592435748
80 86 -0.6130182560441522
80 88 0.4604694759614314
80 91 -0.4414001863601882
80 92 -0.4117144981036329
80 94 0.7318805541233753
80 96 0.8980106956478697
80 98 0.9503913161848505
80 100 -0.3047338545546978
80 102 0.14096466740568725
80 106 -0.4875661459105525
80 107 -0.5936327453600467
80 110 -0.40943972263776995
80 115 -0.9596958709878196
80 119 -0.9112627771103974
80 121 0.9999962698897191
80 123 -0.9196141357576464
80 124 -0.17019818849441348
80 125 -0.32162693013281496
80 130 -0.7869938848396951
80 133 0.8049648565748173
80 134 -0.6392874396455734
80 137 0.6766840585735077
81 82 -0.04828420050147275
81 83 0.8142337769571344
81 92 0.1543934232462969
81 93 -0.5248624715759838
81 97 0.6779808896025721
81 103 0.14228104979977374
81 108 0.05240884706985294
81 112 -0.9754788224562911
81 113 -0.6984809895750692
81 117 -0.6293214780383709
81 118 -0.27308205384333606
81 130 -0.4260758178220918
81 134 -0.7138669007953875
81 141 0.7028693100977188
81 144 -0.22330216031761085
82 87 0.5367650429391373
82 93 -0.18661405169968792
82 94 -0.8425868037975368
82 97 0.029015133617855904
82 98 0.4600472544284717
82 104 0.7078837877823103
82 106 -0.9185212096070177
82 107 -0.04013569190009281
82 120 -0.35179617596565094
82 135 0.25435026020383766
82 136 0.9495306355109174
82 142 0.5447704258856627
82 144 0.6498780527946495
83 89 -0.07148388451145604
83 93 -0.9273472111687799
83 101 0.25534813731072137
83 102 -0.9935633729763755
83 104 -0.09781570515428895
83 106 0.32062678246096854
83 110 -0.06693122507357963
83 111 -0.8875264337604756
83 112 0.9925904831464474
83 115 0.4119748057457622
83 116 0.14052549409254
83 127 0.6230626479332375
83 133 -0.10975907524836459
83 142 -0.02796214889818316
83 143 -0.161474522274772
84 87 -0.09337338097218573
84 93 -0.22427373336945022
84 94 0.1455019526654031
84 95 0.6416480672757892
84 97 -0.7470689947391613
84 98 -0.6516997986035804
84 101 -0.2400438259317086
84 105 0.8816620222856166
84 110 -0.9933769815296638
84 118 0.4126026912171834
84 124 0.3558989805102293
84 128 0.8082362709669628
84 130 -0.6525963900824574
84 131 0.28330109334484255
84 141 0.7686734573974592
85 86 -0.9569193484345708
85 91 -0.8207816483095838
85 94 -0.005825161774244858
85 98 0.03997500211086402
85 100 0.5771998250256258
85 101 -0.8555674163450309
85 102 -0.36690371683362977
85 105 -0.10667283168758779
85 111 -0.5221868080605176
85 116 -0.22977150808608848
85 120 -0.4653018994934428
85 121 0.8165795200783474
85 134 -0.5937056266941616
85 136 0.61358630540769
85 141 0.9084383424080906
86 91 0.7850660631159683
86 93 -0.7660559650296304
86 98 -0.7757441890103984
86 100 -0.09617029329495153
86 102 0.05340691209465498
86 104 0.6652505070161014
86 110 0.5651454060420087
86 112 0.19298896155518963
86 113 -0.6323542774409694
86 115 -0.48852599515579054
86 116 0.4806033253611117
86 117 0.7886023550634695
86 122 -0.4317013705740058
86 123 -0.853948977430502
86 125 -0.47828384106443966
86 127 -0.2582439428484813
86 128 -0.19448398485713558
86 130 -0.3541931745295359
86 138 0.1098705562697746
86 139 0.5717580718962114
86 141 -0.15963992074893407
86 144 -0.8167478794945224
87 89 -0.5333787409804678
87 95 0.41291198437076515
87 97 -0.06825357884183947
87 99 -0.04693880416677043
87 104 0.6200592064199941
87 128 0.6787988165880612
87 131 0.39354793404481825
87 135 -0.6118585660681544
87 136 -0.9668033858115548
87 139 -0.5154970275089952
87 141 -0.8597614823131403
88 101 -0.7258224535850868
88 102 -0.9138433206046694
88 103 0.16527057856133243
88 104 0.5250290985422488
88 105 -0.7219899525751963
88 106 -0.07809460760112885
88 111 -0.12404701211067293
88 114 -0.9378004659682222
88 117 0.3611238618235242
88 121 -0.4893306068085741
88 126 -0.715240036739692
88 132 0.06190483333257535
88 133 0.6213889621699542
88 135 0.7956409306815229
88 138 0.9220563135580844
88 139 0.41555437172421095
88 140 -0.910341050603998
88 143 -0.9945346291985226
89 94 0.845222133261784
89 95 -0.038943230388522876
89 98 0.6160068283036684
89 102 0.43949861780046473
89 106 0.9631993618067973
89 109 0.5980291401658673
89 110 0.45385464260124153
89 118 -0.990004225715899
89 122 0.1302951506546075
89 124 -0.5759729095112092
89 125 -0.7937898313641361
89 135 -0.2993426423789691
89 136 -0.03727299347544677
89 137 -0.33492455894247697
89 142 0.7304336901184545
89 144 -0.6841841560984476
90 93 -0.9092316452082012
90 94 -0.11199553380777738
90 96 0.10904535587366748
90 97 -0.9496004507899038
90 101 0.37726072574634717
90 112 -0.16787798884394212
90 116 -0.8287012468894581
90 118 0.3822144261683429
90 119 -0.5745992247810969
90 120 0.4013980809344586
90 128 -0.4108622956742569
90 130 0.34643929940355145
90 139 -0.3054002901350479
90 141 -0.8806719203659905
90 143 0.31614131112301425
91 92 -0.589178574375627
91 101 0.36491541753241097
91 104 -0.8059637784347151
91 106 0.6846369228633176
91 114 -0.555727075333204
91 119 -0.3946334587079814
91 122 0.5913528748912085
91 126 0.3078907819071388
91 128 0.9661999065436555
91 131 0.4690698709801522
91 139 0.1794693933197966
91 141 0.3799672496976898
91 142 -0.9951016001821935
91 143 0.5827037431946631
92 95 0.8532622253553002
92 106 0.07164366055833349
92 107 0.212257170350292
92 116 -0.0793618150694555
92 117 0.7665788709092816
92 124 0.510048980077006
92 126 0.2708031332618521
92 127 -0.5743978295047865
92 132 0.3793862241169632
92 136 -0.34848108275617684
92 141 -0.6899107033640175
93 95 -0.7487074152368955
93 98 -0.06758047717279902
93 99 0.8734042015801629
93 100 -0.012389259451380807
93 104 -0.5032558367754889
93 108 0.4069218598192108
93 113 -0.9030546522213725
93 114 -0.10570870476703753
93 117 -0.2378192775868171
93 129 0.6605992913122611
93 136 -0.6070097368845373
93 137 -0.8904742979773945
93 139 0.44453094407939275
93 144 -0.9143571413635927
94 96 -0.7727422627790166
94 97 0.9870041400514833
94 101 -0.1836419699760241
94 109 -0.6899022294419404
94 111 0.09336120080743093
94 114 -0.6060812904174901
94 121 0.10726178974313005
94 122 -0.62654383833828
94 124 -0.5770057425142203
94 126 -0.5912017746177902
94 131 -0.9880662411684988
94 136 -0.43134573844838564
95 101 -0.5948448881682251
95 103 0.42794350020526584
95 108 0.333556872542379
95 113 0.6508963787624755
95 115 0.6262703775491887
95 116 -0.8934294285195321
95 117 -0.8005441820845653
95 118 0.9276489053070001
95 120 0.7497445072996647
95 121 -0.6328557929959309
95 123 0.7335537704440229
95 124 -0.5419388620630834
95 127 0.6624622634115989
95 128 0.9440550286885809
95 136 0.4730609456896153
95 139 0.5568638800269854
95 144 0.2614197165524874
96 111 -0.6908553317336881
96 113 0.12686883683462247
96 117 0.2799484954710061
96 118 0.6622911357170698
96 120 -0.04070196874810028
96 122 -0.2245936760942122
96 123 -0.0009782255107784188
96 124 0.9657595809888144
96 128 0.018443719893013855
96 129 -0.9802494804530326
96 132 0.23940832043210913
96 133 -0.257228372400917
96 138 -0.36155163923761635
96 143 -0.07866757567934246
97 99 -0.3601253803871518
97 102 -0.6563294418585812
97 104 0.3836627827273771
97 106 -0.6071546102626273
97 107 0.2922928664347395
97 111 -0.9335628122137072
97 112 -0.2208053786805133
97 120 0.18262653392754546
97 123 0.09918087753796723
97 124 -0.8324078232850778
97 126 0.03523764790486772
97 127 -0.7628269101495526
97 134 -0.9313840795082886
97 135 -0.8885701188519486
97 136 0.4585394093640365
97 143 0.4181817777662602
98 99 0.5927824879233485
98 100 -0.6115850459898338
98 107 0.19092156999318122
98 111 -0.5884686422626384
98 113 0.5886855541249556
98 125 -0.8937278789822696
98 129 -0.5159680004787426
98 130 -0.19787052432685037
98 134 0.10812763538732928
98 138 0.3832716523473487
98 143 0.5393707258759577
99 101 0.8969734363695494
99 114 0.20481313685851288
99 118 -0.3197047830702815
99 120 0.779915879077046
99 124 0.011103401418884662
99 128 0.4234046930614772
99 132 0.4648910758179643
99 133 -0.6519000019934089
99 136 0.9094109845543354
99 137 0.39814300873240116
99 139 0.9558277824088515
99 141 -0.7559815724853511
99 144 0.9399671912884391
100 103 -0.5081311639485557
100 104 -0.9480288570740556
100 108 -0.339950016283304
100 111 0.5892982058880931
100 118 0.5189947318075572
100 125 -0.7419147278400666
100 128 -0.40672851123927
100 134 -0.9922232666981645
100 135 0.6170804495166695
100 139 -0.8809748779995707
100 141 -0.7050497533218287
100 143 -0.6847994222395664
101 108 -0.310990620965502
101 111 -0.17045579394239252
101 120 -0.6522791670744177
101 130 -0.789763000925338
101 134 -0.3070653437364683
101 136 0.8805329493855507
101 141 -0.8104023975189891
101 142 0.8485158016489622
102 103 0.8144339917511243
102 107 0.6178669296744366
102 109 0.013905522661452618
102 121 -0.5422688207037829
102 122 0.37324539724422245
102 130 0.2455088407004491
102 133 0.46939741792767076
102 134 -0.6307010118455745
102 140 -0.37221249760761776
102 141 -0.6814395207734378
102 142 -0.08834140796552492
103 104 -0.3215396577140932
103 106 -0.9053124057748863
103 109 0.9801084969059206
103 112 -0.511648857873864
103 113 -0.6515887932497944
103 114 -0.4357082788448281
103 116 0.03228825956067238
103 120 -0.2301507334877959
103 126 0.20523504091960265
103 129 -0.6095538587314848
103 131 0.2888995083754131
103 133 0.30288409707740915
103 134 0.007961206270019172
103 138 -0.2522595927179019
103 139 0.13124758183438168
104 106 -0.6301726739969951
104 109 -0.973824619164704
104 117 -0.3267131390773965
104 118 -0.49771745518792954
104 121 0.7088709872874852
104 128 -0.8373920017367782
104 130 -0.09390437533621365
104 132 -0.7780697981586475
104 133 0.29553275547740077
104 139 -0.4461599177687394
105 106 0.4394831132634416
105 114 0.29519803195523475
105 115 0.4704773372174842
105 117 -0.3637429921620803
105 118 0.1774282408758865
105 119 0.6651510199752053
105 120 0.3364164018736113
105 122 0.807162547383423
105 123 0.5073263919784428
105 126 -0.4073896433164703
105 130 0.4322180615767621
105 137 -0.5536061192159905
105 140 0.7133868096610696
105 144 0.3394094979772784
106 107 0.7540336007210939
106 108 0.8066066418394695
106 111 0.33584139677673575
106 116 0.9031337443814855
106 125 0.43043435741131875
106 127 -0.7455476359869453
106 128 0.5458521413192365
106 129 0.6730170186957036
106 130 0.758595358808096
106 132 -0.2547516654288364
107 112 -0.411762918535014
107 114 -0.061597526608579534
107 115 -0.5572583101439954
107 116 -0.12424759685793929
107 117 -0.8497704017219285
107 121 -0.6019886538551553
107 132 0.7623637746255534
107 139 0.9985156132856126
107 140 0.4317747653302566
107 141 -0.7111885986232018
107 142 -0.0531679957943183
107 144 0.7138986717415559
108 109 0.12195954029115796
108 114 0.013046643015371506
108 121 0.9332457593388068
108 123 0.07410815586030761
108 136 0.6018103706889666
108 138 -0.3105764378765967
108 143 -0.9674524485291238
109 110 0.4462511582734423
109 111 -0.7935449675765018
109 115 -0.7966638398812571
109 116 -0.9605983946954844
109 117 0.31127684970125635
109 120 -0.7013579015803428
109 122 -0.9194987854302581
109 127 0.7795521085380908
109 129 -0.24134445335246402
109 131 -0.5178074337972618
109 133 0.891123306753137
109 134 0.33719483587161947
109 139 0.6483224443105113
109 140 -0.22767777971869152
109 144 0.8482661451682743
110 112 0.15688176217436522
110 113 -0.2011345469589656
110 119 0.44194315496573733
110 121 -0.3638204445773434
110 125 -0.997012269322102
110 130 0.025201016699158973
110 132 -0.769927407849452
110 136 0.3998193035006772
110 143 -0.16942159907957577
111 112 0.5587669295046489
111 120 0.05142340889338626
111 131 0.6565414600639279
111 132 0.26793373897137784
111 143 0.043235799253229956
112 116 -0.06650298365872187
112 117 0.37309628949679063
112 118 -0.13345304565821747
112 121 0.589420066503
112 126 -0.1993176326188435
112 134 0.8386653696070563
112 140 -0.24157849869025427
112 141 0.6631511029364385
113 115 0.2672719489086839
113 116 -0.5240356141738127
113 117 -0.04610127857140989
113 121 0.19423883585137736
113 130 0.33295081739602517
113 132 -0.4741878558242667
113 134 -0.1588782326061262
113 139 -0.07905376331612479
113 141 0.6212578925307202
113 143 0.2790579630316963
114 118 0.48393908487265413
114 119 -0.022851471517463917
114 120 0.6286212328658716
114 139 0.03803293672921648
114 142 -0.677170567687438
114 143 0.23446674648342203
115 119 0.6819952701658321
115 121 0.8534716066506598
115 122 -0.036454544600051486
115 124 0.3248649761080027
115 127 0.03786267866250692
115 128 -0.7323268008857009
115 133 -0.9592459809100915
115 137 0.17148269220309897
115 140 -0.47686744692491745
115 143 0.9242885462637904
116 117 0.7868027907019688
116 119 0.6257830537858784
116 122 0.25589028136659486
116 123 -0.597351124649546
116 128 -0.36616604604680036
116 132 0.005418970757369523
116 138 0.7763523448394376
116 140 -0.8962068918552815
116 144 0.8817135967758538
117 118 0.3312864725932487
117 119 -0.34679082775056247
117 121 0.34147246626101757
117 122 -0.0923426516182948
117 131 0.8298715275127857
117 132 0.7830945073732096
117 135 -0.1046077665066032
117 137 0.028206652134302734
117 139 0.686738062268051
117 140 0.4963414809309963
118 120 0.5914498231300107
118 125 -0.3910117730986875
118 134 -0.650171018293421
118 135 0.7969965842259985
118 137 0.30318717541029616
118 143 -0.21653404815940847
119 137 -0.8989746682600692
119 139 -0.05330101690189948
119 143 0.5972534623576744
119 144 0.6854123235713769
120 122 0.5626878746466288
120 130 -0.5994239555779322
120 131 -0.7457790802130282
120 135 -0.537685962746838
120 140 -0.817671510838252
121 124 -0.6390511894497428
121 130 -0.4532652404461839
121 132 -0.15655942637854325
121 134 -0.8191028465704291
121 135 0.7524887032669147
121 136 0.7044729218181274
122 123 -0.5665352694910131
122 127 0.14341642518940856
122 131 0.3607864537925851
122 133 0.050829412275908537
122 136 0.9023339925985587
122 138 -0.08220887345976235
122 142 0.47988029321387016
122 144 0.04985076824263279
123 125 0.21840139307692885
123 126 0.36042103196328146
123 131 -0.5678048084660394
123 135 -0.5927781291984553
123 136 -0.14406390037372008
123 140 -0.4646656979294028
123 141 0.6379475442973095
124 127 0.3963342735688544
124 128 0.20519180813663018
124 130 -0.9156173900564726
124 131 -0.6946928192394479
124 141 0.20666043339177254
125 128 -0.8716821816415568
125 142 0.17603678667124512
125 144 0.6345507192967927
126 127 -0.7447835259739184
126 130 0.45054563205962683
126 143 -0.5389719861938111
126 144 -0.942352731204773
127 128 0.9731102160575118
127 135 -0.39114350058182
127 144 -0.8961174847984743
128 129 0.7246229511004378
128 137 0.49873372008518424
128 138 0.7250974257405343
128 142 0.4903018795208467
128 143 -0.5952697210102504
130 133 0.21981879118631542
130 142 0.02369113544429924
130 143 0.6588056588573432
131 133 -0.3820072079727015
131 140 -0.8503718763149095
131 142 -0.4064209411001898
132 133 0.9633994312277427
132 135 -0.7210056224460193
132 139 -0.9464588869287989
132 141 0.5144067988365009
132 142 0.13974278135088292
132 143 0.42443844986134405
133 135 -0.8415788154438069
134 140 0.8895438822317612
135 136 -0.9443927167009165
135 139 -0.5026751958069917
135 141 -0.9934326346157232
136 139 -0.04584539915988639
136 142 -0.5405328845906809
137 138 0.4642721261663183
137 141 0.5066689695803297
138 144 0.4342580537818308
140 141 -0.7681017831796291
141 143 -0.1871847120954775
142 143 0.08553235152904803
