135 3189
0 -0.9900385135614753
1 -0.9814234103578945
2 -0.30778181961791606
3 0.044155809990001016
4 -0.1713382580052949
5 0.6801472401446531
6 -0.6751803407601344
7 0.09529698451663049
8 0.4422727330168126
9 -0.7027000385922622
10 -0.4293561858564394
11 -0.7427879154498789
12 0.3076896262187938
13 0.5532700180164112
14 0.5404712028425971
15 0.58144132032433
16 0.44869470160926817
17 -0.05363428555195893
18 0.28674110948188947
19 0.729156487197522
20 -0.002876876397607475
21 0.33748984343401833
22 -0.41361890094906606
23 0.8047178600043845
24 -0.8360938302836383
25 0.8843989972568955
26 0.848463500232203
27 -0.9620045625325186
28 0.8294206631622731
29 -0.4382845562092772
30 -0.8183138725493835
31 -0.19260115614616624
32 -0.9980637880437584
33 -0.8388801349393162
34 -0.8071571113947615
35 -0.9522112102738634
36 -0.7752518313095644
37 -0.29085884474227375
38 0.1859860694692741
39 0.7153693698555381
40 -0.9347687083150986
41 0.4923466900025326
42 -0.24514574364016406
43 0.653027566660523
44 0.8762472120863052
45 -0.14793712761451094
46 -0.5630740063043187
47 -0.3386759003680557
48 0.7418825818830987
49 -0.5499934938731259
50 0.8332400162622493
51 0.8330837864629657
52 -0.8890357274193845
53 -0.3612020911299163
54 -0.5032650320705823
55 0.7026358622293558
56 -0.5328100816110994
57 -0.44895601641465
58 -0.5465264406603914
59 -0.11283741690974058
60 0.9040075309224758
61 -0.3170145088166607
62 0.039306857078840185
63 0.2409355006729701
64 -0.1582754461130813
65 0.40501984206340724
66 0.938132016661444
67 -0.7264855276504807
68 -0.002882795115108916
69 -0.002989774845306936
70 0.0149839219334984
71 0.6225441174440911
72 0.5453577833499608
73 0.8572538835676944
74 0.02995770918663232
75 -0.39702164486914415
76 0.06111161198988224
77 -0.560541207733672
78 -0.9596571392321851
79 -0.9198987242447365
80 0.010677823190255564
81 0.08444325519696427
82 -0.8370539744854946
83 -0.3709233046905913
84 -0.5662429087390577
85 -0.14555633993417105
86 -0.7717275668370385
87 0.5679804309709284
88 -0.2043933101522808
89 -0.7497697549792537
90 0.5524528723903621
91 0.5425857188681718
92 -0.5655897463187305
93 -0.9766733292800809
94 -0.8309579112614827
95 -0.9773935560766225
96 -0.08931852159466769
97 -0.8646822017913571
98 0.12532553093620158
99 -0.28146942506450134
100 -0.030204963611998314
101 -0.8945185273296556
102 0.03595192271213277
103 0.8493406661304979
104 0.8425102081757425
105 -0.08573745104618946
106 -0.0272287409435652
107 0.1414064112789668
108 -0.4811160674883286
109 -0.85220265558494
110 0.7388931530676268
111 -0.8553217922217589
112 -0.6652929883212073
113 0.13400211308925702
114 -0.7476226089212317
115 -0.939233428403226
116 -0.8212246631801756
117 0.5199166654389324
118 0.5823960762602232
119 0.6849306923055425
120 0.18357688763609348
121 0.2146983227347028
122 0.8329925627369958
123 -0.9636885115204503
124 0.7085469719354462
125 -0.9420105767142148
126 0.9431990249109998
127 0.03708885154929753
128 -0.8973015072226269
129 0.03382593602076689
130 0.15271495241318056
131 -0.3054002202029522
132 0.6767201976274371
133 0.30615247189733696
134 0.02784378570775803
0 4 0.14438242229411258
0 5 -0.5310555895406532
0 12 -0.7646159847300933
0 21 -0.6291085559435285
0 24 -0.3427036511624839
0 26 0.5132249846986348
0 33 -0.8988227333554051
0 35 0.6592312273192662
0 40 0.7701797325778446
0 41 0.015113945016584474
0 44 -0.3758716229447234
0 45 0.5769327177364685
0 46 0.6606440309999393
0 50 -0.15180523570398652
0 52 0.12461724945741204
0 53 0.9682802296099073
0 54 -0.893235694369878
0 56 0.44754624366437423
0 58 0.25694946980034694
0 60 -0.7184314703293171
0 61 -0.3304465653510027
0 71 0.7404068866239633
0 74 0.17373252620945356
0 75 -0.5713077211784976
0 78 -0.7224365595022373
0 79 0.9864673363731975
0 80 0.06148866419998322
0 84 0.07585472094567036
0 88 -0.5056260880916279
0 90 0.37536510804021317
0 92 -0.5548444559501999
0 94 0.911177173976703
0 96 -0.41583500378057314
0 98 0.3499814246883497
0 101 0.07805514075072106
0 105 0.08851991341584231
0 108 -0.6528273322394318
0 110 -0.048412393170127244
0 111 0.7542040918949304
0 114 -0.25366353731023517
0 115 0.16506003949735293
0 116 -0.4167049597968917
0 117 0.8600203143353717
0 118 0.9725368415103237
0 124 -0.04617123722736882
0 127 0.3538642954061795
1 3 -0.8674767545681374
1 5 -0.5839845294350408
1 7 -0.8261815248353706
1 8 -0.8863852652461024
1 14 0.0009090945924492555
1 15 0.9365835134846399
1 22 0.04407049662003648
1 28 -0.7816536926708624
1 29 0.21290546244657338
1 31 0.42704383420372904
1 34 0.5177815149646143
1 35 -0.4295015266590789
1 36 0.17081047733376464
1 41 0.8003511954560927
1 49 -0.8938357319814532
1 50 0.07826476195482424
1 53 -0.5616006088146186
1 56 -0.9005630173006778
1 57 -0.5178315999614365
1 58 -0.8061970430205316
1 61 -0.8027682670375806
1 63 -0.26885872226215746
1 65 0.2542971597506394
1 70 0.256287802151447
1 73 0.7491400700911506
1 74 0.6066524119423173
1 75 -0.2800129670383682
1 80 -0.5724361481412739
1 81 -0.5417088788041629
1 88 0.484083082330645
1 91 -0.7491535413285322
1 96 -0.013007731714540727
1 97 0.1716039321866838
1 100 -0.9943429965675317
1 101 0.01771196672294284
1 102 0.7328572534859068
1 104 -0.2878599645705695
1 106 -0.24411019243069565
1 117 -0.9502061004699711
1 119 0.3445552578426285
1 120 -0.29744900571796173
1 122 -0.24602564919426118
1 123 -0.8533237516375918
1 124 0.26668603475714314
1 134 0.31535165000718224
2 3 0.545935209371847
2 4 0.5007207036133434
2 5 0.39553244741286475
2 9 0.7674839335515384
2 13 0.795496344170022
2 17 -0.052338780802301255
2 19 0.7966540511470652
2 21 0.7117087947794671
2 25 -0.03416533159406465
2 26 0.31550092749088976
2 27 -0.7157565128175787
2 35 0.45560464460119343
2 40 0.1774064361910248
2 41 -0.5986581438953114
2 47 -0.7819300510914144
2 48 -0.36491881207896326
2 49 0.1621974514556912
2 50 -0.08537777695396476
2 52 0.5341460380586629
2 53 0.7469765163350688
2 57 0.161359462234683
2 58 0.09685294653054344
2 59 -0.8047804577975974
2 61 -0.05586272790965441
2 63 0.48540714230632576
2 64 -0.3515823786915233
2 65 0.2144206450270052
2 66 -0.6119091860693486
2 68 -0.9191837413170669
2 70 0.9848483484784276
2 72 0.6620786182731069
2 75 0.6628275107466213
2 80 0.251850590386115
2 82 0.661022475698589
2 85 -0.8908515573765039
2 86 0.33359863813027624
2 93 -0.8781393092001886
2 98 -0.6370252925736302
2 100 -0.20753445947380533
2 102 0.7490580568206533
2 106 0.23334374330205887
2 108 -0.35304117923926515
2 110 -0.028128348585803487
2 111 0.15926756850362067
2 112 0.8358702592888294
2 113 -0.9765711546227822
2 116 -0.11992071537782079
2 121 0.511892939874719
2 122 -0.6428958598468177
2 123 -0.21284481838244784
2 124 0.15938571811579938
2 131 -0.7930450695288005
2 132 -0.12385229094209316
2 134 0.13663959844860507
3 6 0.41994836078924336
3 7 -0.7736668962998214
3 11 -0.1278279677071168
3 13 -0.08715027303779421
3 14 -0.7965832728922879
3 16 -0.025657469917485853
3 25 -0.30261552186625007
3 28 0.6945746304967049
3 30 0.3382242324708953
3 32 0.0380389962963017
3 33 -0.5928942911081656
3 35 -0.8143855974641729
3 36 -0.3806059311352652
3 38 -0.36644833546433486
3 42 0.00020024738274937448
3 44 0.6216121968414845
3 46 -0.8369118197528584
3 52 -0.8260518138263351
3 53 -0.28110359160331577
3 54 -0.22657040677500873
3 60 -0.2222726521089864
3 63 -0.892026790614207
3 67 0.2948917119884824
3 69 0.9058822257271419
3 72 -0.35581271900182343
3 75 -0.700935397000011
3 77 -0.9124270960024858
3 78 -0.0979117775971563
3 79 -0.014129298774227417
3 80 0.3383525996006731
3 82 0.3075938246278742
3 83 -0.44927577968835375
3 84 -0.20118319833542264
3 91 -0.3445374071339484
3 93 0.852606108906258
3 94 -0.959053224028499
3 101 0.8534986034826129
3 105 0.9867868159157869
3 106 -0.7585111238966307
3 109 0.2412874202417954
3 110 -0.08811564522474757
3 113 0.07632282135756352
3 122 0.6249898905542179
3 124 -0.053472419360610646
3 127 0.9595398604551424
3 129 0.7720382898819906
3 131 0.8161111585499485
4 5 -0.7211687308835375
4 7 0.08484956266088828
4 9 0.33280262059272037
4 10 -0.9626113394565365
4 11 -0.2669377174760952
4 21 -0.03960819755657807
4 27 -0.44034052601798646
4 28 0.020980380256580666
4 29 0.04544279059138501
4 31 0.8511065436407275
4 32 -0.015934160625802107
4 36 0.11737895779562191
4 42 0.7170961709077026
4 47 0.04425796552717909
4 49 -0.8757538359726298
4 56 0.781100851759643
4 61 -0.7912252545358909
4 62 -0.6966658334835827
4 67 0.15896275303718532
4 68 0.5790174648985191
4 69 -0.6119209813244033
4 73 0.41649955728582344
4 76 0.8073711341548298
4 79 0.7567504031775505
4 81 0.8697550553803217
4 82 0.7458961887747217
4 86 0.16704527721564721
4 88 -0.711786026772715
4 92 0.570168920283282
4 93 0.19856267642248415
4 100 -0.6377764591579536
4 102 -0.7474295504924868
4 105 0.7571981056376469
4 108 0.12245987412279158
4 109 0.9332289332580035
4 111 0.5348144878119747
4 112 -0.9714398628977841
4 115 -0.2529150178275845
4 121 0.6398960060560637
4 123 -0.9355186967023204
4 125 -0.3638293798042229
4 129 0.756183048337
4 131 0.13153270502530057
4 132 -0.7409837628780642
5 6 -0.7715954350916763
5 9 -0.014166747138312008
5 12 -0.025765507682734112
5 13 0.07677874536517715
5 15 -0.5155623399189515
5 18 -0.1323483497504525
5 19 -0.7279497157992743
5 21 -0.9180226280971553
5 23 -0.1944220836598387
5 29 0.18808039930180276
5 31 0.5596810081787273
5 34 -0.6928867257204909
5 37 0.5728366600853791
5 40 0.13181116849997276
5 43 -0.657841941564417
5 46 0.27760693875624276
5 50 0.19601666802012874
5 54 -0.32826894451367306
5 56 0.008140759615283377
5 58 -0.7676975884458392
5 60 -0.9802842962210137
5 61 0.9593301239779837
5 63 0.5346894853146984
5 64 0.4972953316616482
5 65 0.4253738862849876
5 67 -0.7477498360911281
5 68 0.704751896560885
5 71 0.2241497674162234
5 72 0.9563312931004524
5 79 0.8393471498110932
5 80 -0.5058377617638734
5 82 0.9491995864835281
5 86 0.31554530950764126
5 87 0.03674065565465523
5 94 0.9853969003543788
5 95 0.8793911574179978
5 96 0.17676858543688678
5 98 -0.6774717900731222
5 99 0.12784018830680455
5 101 -0.7336418009825654
5 102 -0.6898441931358716
5 106 0.44145041348423875
5 112 -0.07615690525571206
5 115 -0.23299503318507453
5 116 -0.8778176884421576
5 117 0.07019978264196203
5 118 -0.8790583027615253
5 123 0.3873362009939838
5 132 -0.03612549097109774
5 134 0.3948180794317202
6 8 -0.20241410761349243
6 10 -0.5523993798157882
6 12 -0.7633105936306885
6 13 0.5374231126439335
6 15 0.18391634416310487
6 17 0.2029178281498205
6 18 0.37850853073771273
6 26 0.7433731036313658
6 29 -0.20151480051590664
6 33 -0.915160836973614
6 37 -0.438045171266197
6 40 0.14852467481750198
6 48 0.7834415218102897
6 50 0.022075402267149657
6 55 0.36243322155723523
6 57 0.7768418481730821
6 60 -0.5669500213390972
6 62 0.014991862268223022
6 63 0.6332353986207773
6 71 0.8937601155197765
6 72 0.2410018028654386
6 74 0.16848923086173317
6 81 -0.22961335691817375
6 82 0.724359152594956
6 83 -0.19155430770140702
6 86 -0.6526642300394097
6 90 -0.8555295055313692
6 93 0.7545626151184404
6 94 -0.21072937370836575
6 95 0.6271614535828614
6 98 0.5058785795130394
6 99 0.5652329823598865
6 103 0.3713656005008943
6 106 -0.9427816119755692
6 108 0.6618999522870703
6 112 -0.25393530211160176
6 113 -0.23907099880629024
6 115 0.5743200674995101
6 117 -0.2622846540643009
6 121 0.9324913360601153
6 123 0.7895600511171865
6 124 0.46370639699616056
6 126 0.4602424924406159
6 128 -0.17770822434910705
7 9 -0.14228135206147852
7 10 0.8455526035813214
7 12 -0.4253113575443461
7 14 0.48354258362462055
7 16 0.43120438135540873
7 21 -0.8313836215273813
7 23 -0.36903507658111145
7 24 -0.15848111437852874
7 26 0.48507838157513916
7 27 -0.01840275424845017
7 32 0.4275517914352449
7 36 -0.45269218436557046
7 38 0.2325589064464555
7 39 -0.19772826547597178
7 40 0.8329016998557981
7 45 -0.5437941215462982
7 47 -0.584515988949116
7 48 -0.6074069536200772
7 51 0.7745372221776476
7 56 -0.3405749860074858
7 58 -0.9359234791406799
7 59 0.349641316162268
7 62 -0.5681614723526778
7 63 0.8823923849646498
7 64 -0.6567684312985758
7 67 0.8243944738936337
7 68 -0.6548889672579266
7 72 -0.5228451027649432
7 76 0.7521013783702946
7 82 0.6164051403722186
7 85 0.7594456624036501
7 88 0.2750501351693819
7 90 0.7481331838745853
7 94 0.6267700293805787
7 96 -0.9177280151946192
7 97 0.016340548234152985
7 98 0.08560631306749267
7 99 -0.6653108984639902
7 100 0.6791535704559397
7 101 0.23908660464115128
7 102 0.28537324484251125
7 103 -0.3920578206122176
7 104 -0.25589157185277367
7 107 -0.2843954851310033
7 108 0.5181054676745112
7 117 -0.7399345198254248
7 118 0.5252928318267078
7 122 0.8325277556167938
7 126 0.45984534959719103
7 131 0.9613785482066317
7 133 -0.5588060381811661
7 134 0.4974878949741557
8 10 -0.413228965530406
8 12 0.8375473793834616
8 14 -0.2701922633864704
8 15 -0.24562154470349706
8 16 0.9038859285288692
8 19 -0.5791485493956796
8 20 0.3853723010973591
8 26 0.017652338018242286
8 27 0.32726358299203917
8 28 -0.08371409363447979
8 29 0.6717992926880922
8 31 -0.3752258353339324
8 34 0.9683820580546085
8 35 0.4565085264878752
8 39 0.8792558113789821
8 43 0.5527766528523763
8 44 0.6954725268733599
8 45 -0.19962478831693287
8 48 0.3394531266178362
8 49 0.08689045834591291
8 52 0.5226457751613174
8 53 -0.05846061922413437
8 54 0.995223334028972
8 56 0.7986811231487909
8 58 -0.22500713699146457
8 59 -0.6331088102290097
8 60 0.45881016419067366
8 63 0.45575429332718875
8 74 -0.169165310577855
8 76 0.7164312855042065
8 79 0.5467601203888557
8 80 -0.3641926696961135
8 81 0.38017200187889455
8 83 0.5761852298237797
8 85 0.9559569688371732
8 87 0.6930875084799184
8 88 0.9192786317360304
8 89 0.2649962094732865
8 90 0.6940653897176381
8 93 -0.058397034279138005
8 95 0.7331111293701076
8 99 0.13978784708121905
8 104 -0.8032740525933426
8 107 -0.9456686345639109
8 111 -0.5743053856449196
8 113 -0.34404918040977917
8 115 -0.731386481256137
8 119 0.18121883956574703
8 123 -0.6567073810395796
8 124 -0.989953284638732
8 126 -0.693423213698142
8 127 0.4564782597651853
8 134 0.5961715257570717
9 10 0.7101039322894336
9 12 -0.2832002667356772
9 13 -0.6207492495820828
9 15 -0.29979580615918167
9 16 0.7997686225590821
9 17 -0.9488126214065786
9 18 0.39269469240856125
9 19 -0.7969387778618655
9 23 0.860797560889297
9 25 -0.10736408402086983
9 28 -0.5330640133872422
9 31 -0.16509323106884488
9 33 -0.30577842090894225
9 34 0.8043573566237248
9 35 0.3748165288999754
9 36 -0.13111609603883934
9 47 0.6813859771621256
9 53 0.23432564859810423
9 57 -0.47407858706146544
9 58 0.6750337147346603
9 60 0.873864544128933
9 74 -0.43634046733755816
9 75 -0.6471376362422823
9 82 0.9987590735412002
9 83 0.3616963555228403
9 86 -0.9286226692937838
9 87 -0.5868910242783161
9 92 -0.7283959560433022
9 93 -0.5931890888832381
9 96 -0.9750553736521328
9 98 -0.6954180824278613
9 99 -0.9669255454029078
9 107 -0.17765005403791756
9 108 0.07722179124225481
9 111 0.4182035245976694
9 115 -0.7989965478681951
9 120 -0.8455540444522802
9 126 -0.7462132387336036
9 127 -0.6751401648993245
9 130 -0.26640045910992183
9 131 0.5384299801653667
9 132 -0.1301179142927722
10 16 -0.8657488770903623
10 19 -0.3219451723157518
10 21 0.7541637674166044
10 22 -0.28461390144237186
10 23 0.4222836013092153
10 25 -0.1823865859308238
10 32 -0.8257667452878938
10 35 -0.9604347776255284
10 36 -0.02442396586772655
10 37 -0.6179567726545769
10 40 0.33424161533943475
10 43 -0.25410471447830263
10 50 0.14500543807589783
10 51 -0.6219819542521496
10 55 0.7337173028767716
10 59 0.9520709647925374
10 60 -0.21065272861178963
10 61 -0.8413560084901395
10 63 -0.6880772519067138
10 64 -0.8922791163724082
10 65 0.5491031885605362
10 68 0.35374521216507193
10 70 -0.6724942838301142
10 71 -0.5877952980790333
10 74 0.78350294243295
10 75 -0.7782170909030413
10 91 -0.5490958813762226
10 93 -0.017126074807074954
10 97 0.999194584175296
10 98 -0.7151769468658629
10 101 -0.1781335815277818
10 103 -0.41128990668904164
10 113 -0.8888279201486988
10 114 0.5022187334132968
10 120 -0.43749117880461696
10 121 -0.9250414275002665
10 123 -0.7432383489626271
10 125 -0.06199873955471147
10 132 0.39893829107806145
10 133 0.6950491330722557
11 14 0.8341977020240761
11 15 0.5497566588396734
11 17 -0.8448636822704594
11 19 -0.36884738933197125
11 20 -0.46870803139446227
11 27 -0.49332954099780113
11 30 0.6585660570611636
11 31 -0.7950303305248789
11 33 -0.836532724874457
11 35 0.5604602510008947
11 37 -0.3732827583602576
11 43 -0.2429139577445123
11 47 -0.2819078135707884
11 49 -0.6227933918879145
11 51 0.6345487185535692
11 57 -0.909147628355615
11 59 -0.4609635817844824
11 60 0.18389908945461397
11 65 0.6187492542979116
11 74 0.697014008439236
11 79 -0.9212970062592489
11 84 0.4419062150161408
11 95 -0.13431209770768104
11 96 -0.9567304040863487
11 97 0.44038199019714397
11 100 0.8491910593753298
11 101 0.8811702944636193
11 102 -0.94908821530245
11 106 0.1857265686715197
11 107 -0.9378040220491111
11 108 0.7905886086047813
11 109 0.24346807748703414
11 114 0.3261448536055449
11 118 0.838884214570849
11 120 -0.16589738337328153
11 122 0.38763206086863233
11 129 0.04384681529398926
11 130 -0.8529692863344085
11 131 0.5042052109699569
11 132 -0.024767763242547147
12 13 -0.5827197316223176
12 15 0.25330733011696926
12 17 -0.48421307815502135
12 18 -0.2931605132168056
12 19 0.271069841100416
12 27 -0.9352437964770113
12 31 0.7996504008101661
12 32 -0.5794733353344057
12 35 0.764150693240834
12 37 0.23844489307828076
12 39 0.4634609434455701
12 40 -0.4614182621556491
12 41 -0.7261437058967535
12 42 -0.3756135083264265
12 54 -0.8897514728964222
12 58 -0.8535904968214485
12 59 0.14222490331531423
12 68 -0.4449803987742784
12 72 0.8310164226459065
12 73 0.3542988975440442
12 76 0.11432977322865812
12 78 0.7796572851682695
12 86 -0.27119920428120214
12 88 -0.7974614496476375
12 89 -0.048478764684649844
12 91 0.8955487902825539
12 93 0.809384187119069
12 97 0.24330193790209242
12 105 0.07578961754043134
12 106 0.7711921285959804
12 108 0.6838656283457376
12 112 0.43156835274358407
12 119 -0.6792274939639815
12 125 -0.9470134215803572
12 130 -0.0259934003845248
13 14 -0.21681578950585423
13 15 -0.4468077189652975
13 18 0.2575183257149132
13 21 -0.7101949757443755
13 25 -0.3877034874468259
13 29 0.009596981991296438
13 31 -0.4249501261257609
13 32 -0.25456002724469085
13 36 0.9530815324633051
13 38 0.291088052393375
13 42 0.03609024501608693
13 43 0.3377903808670235
13 44 -0.757452106813119
13 49 -0.2958343815012452
13 54 0.9686646256773992
13 58 0.04783836468717273
13 60 0.08041451688655021
13 62 -0.2440049520549985
13 64 0.4040141432910258
13 66 0.02981820788742473
13 67 -0.828061803720268
13 74 -0.9649710526556241
13 80 -0.6961989993320703
13 84 0.29909135037461954
13 86 0.7524266897905609
13 89 0.4488875845316147
13 91 0.8672493634858032
13 97 0.867062345444646
13 98 -0.08892110805243969
13 100 -0.29056952742439335
13 101 -0.19214733588179134
13 103 0.7978734473874498
13 110 -0.5655885613303904
13 116 -0.7540106162635376
13 121 0.03495176786957943
13 122 0.6065811395670673
13 125 0.6380819640133792
13 129 0.3749221080789038
13 131 0.3742584353337417
13 133 -0.9888494217273869
13 134 -0.2612309375251103
14 20 0.8697279362969828
14 21 0.19495057372250835
14 22 0.7712666971060067
14 24 0.8177014722845899
14 29 0.593907251489858
14 30 0.8033683927754394
14 31 -0.4286774733514529
14 33 -0.9467873213468452
14 35 -0.30902127615988073
14 37 -0.48579815951857475
14 41 0.15426887459463368
14 42 -0.9259364238070391
14 45 -0.017973258253785485
14 47 0.6637249200727113
14 48 0.19803216861080242
14 52 -0.68161491609028
14 54 -0.03342607071316572
14 57 -0.725832865101409
14 62 0.42536229837345996
14 66 -0.1642070519169334
14 69 -0.820044758795289
14 70 -0.8539395309830602
14 71 -0.900469802184299
14 73 0.39788098579711106
14 77 -0.5673734246380042
14 78 0.5454381356514488
14 82 -0.6195769332226146
14 85 0.3260378243212416
14 92 0.22863958760650926
14 93 -0.09593415997002985
14 96 0.430423016079049
14 102 0.9911894511990673
14 106 0.6730701944687643
14 107 0.13923368018923865
14 108 0.21359840761582038
14 109 -0.9927662242762203
14 115 -0.4357474506079
14 120 0.11016559972447038
14 123 -0.2212853361348981
14 124 0.24540226372732543
14 126 0.6412521949641006
14 127 -0.04886861563567679
14 128 0.3638231743264364
14 129 0.05768650357961813
15 22 -0.8119110900326705
15 26 0.6713666582510336
15 28 -0.8181715560231149
15 29 -0.009330748728111127
15 35 -0.720021614655493
15 37 0.4284782089443593
15 48 -0.49049979154372547
15 49 -0.7841695214932627
15 51 0.2914314230017325
15 53 -0.08322828206335076
15 54 -0.16799662338693877
15 57 -0.6551200182403729
15 64 -0.30160285508758666
15 65 0.4549752987102391
15 77 -0.3426282603739301
15 78 0.9896481230508409
15 81 -0.5064299071329152
15 85 -0.30117496383715814
15 88 0.870294343447523
15 98 -0.10344044592603074
15 99 0.876604981437243
15 105 -0.21952646234730055
15 109 -0.041381963427367996
15 113 0.30409809664932186
15 118 0.7431555441344306
15 119 -0.39446110440693416
15 120 -0.8155184094917394
15 122 0.28240206167987547
15 123 -0.6500391781256978
15 126 -0.846290063853657
15 130 0.7307981544772608
15 131 -0.6625291095234589
16 27 -0.805680749452369
16 29 0.9375840356364804
16 30 0.8461798141956571
16 32 -0.8368852368063748
16 35 0.9026336871951772
16 36 -0.10716448484908536
16 37 -0.514272811260787
16 40 0.9819588989231673
16 42 -0.6899108236659275
16 46 -0.14434493721584385
16 48 -0.7952758902929602
16 51 0.39336200346398265
16 52 -0.8949371907867154
16 53 -0.2599572818404472
16 57 0.5064139838290516
16 66 -0.3067236585306303
16 68 0.6739585144797238
16 69 -0.9926213033305618
16 70 0.15305001525732864
16 71 0.49343673392880305
16 73 0.09798222923389632
16 82 -0.36368244124400206
16 86 -0.688539916268095
16 88 -0.6205704069245321
16 91 -0.35369361021377155
16 94 0.2443997772854689
16 97 0.058649994708992015
16 98 -0.33775496066033406
16 103 -0.21522680413524298
16 105 -0.016310350933862905
16 107 0.566911177262331
16 108 0.0649360099080174
16 113 0.49712660258687125
16 114 0.6090757609629045
16 115 -0.9081937912773144
16 123 0.4812618995712741
16 125 -0.23182200649966922
16 128 0.6083978995680206
16 129 -0.5474455287458637
16 130 -0.9344338359617999
16 132 0.6728941004717706
16 133 0.6911018459351326
17 24 -0.7663197444842367
17 31 -0.16831545769118672
17 35 -0.2302284236672445
17 37 -0.6252998389446991
17 38 0.6396315348576072
17 42 0.8200247599311716
17 43 -0.9239461113475329
17 45 -0.38771726122712336
17 46 -0.897876358869697
17 47 -0.5758830535763309
17 48 -0.4331178195788461
17 50 -0.7634614328390128
17 51 -0.7300022356709879
17 53 -0.32186350296937305
17 56 0.6007627765269945
17 57 -0.07178361511447484
17 63 0.8750610443925002
17 71 -0.77289605298992
17 73 0.752966739819849
17 76 -0.33406099822657587
17 77 -0.23769215483188977
17 80 0.7012958072115802
17 85 -0.31151894188060725
17 91 -0.4457869205829459
17 98 -0.6152905052546236
17 100 -0.5635942633232702
17 108 -0.9062039170820497
17 109 -0.23626613186232293
17 112 0.29453778354060645
17 114 -0.5012260799144359
17 119 -0.8015090484487601
17 121 -0.21067678784135935
17 122 0.49906404368450796
17 124 -0.737430010746003
17 127 -0.1738533475028341
17 128 -0.5642986176326783
18 19 -0.860167284860746
18 21 -0.2345772818113412
18 23 -0.500691082202807
18 24 -0.7838030022293418
18 25 -0.9248720328282836
18 27 0.6126588354430749
18 29 0.7206404495135836
18 34 0.6925039377293656
18 40 -0.8261506635135452
18 43 -0.22781575018280953
18 46 0.7596176394118304
18 47 -0.3217980662451321
18 50 -0.1030385536365157
18 53 -0.49213221803356366
18 54 0.9988428213216374
18 58 -0.6263884299730875
18 61 0.6949328462233972
18 62 -0.18787807772919773
18 69 0.98983680711286
18 71 -0.05279081117629114
18 87 0.220815886454923
18 90 -0.9599195869581711
18 92 -0.9735866638411717
18 94 0.38030490177532217
18 96 0.1110077153848239
18 100 0.9944414550735299
18 101 -0.18404850719546806
18 105 -0.4492558373709108
18 108 -0.3295049029115298
18 110 0.4328807019223957
18 113 0.007355035132123211
18 119 0.03458971328200011
18 121 0.030012780731650368
18 122 0.3084539494136236
18 124 0.6454211115866078
18 126 -0.9061278950994911
18 132 -0.9172051833819195
18 134 0.7553678147683887
19 20 0.2473706934647495
19 23 0.5048964030621375
19 25 0.21338750873756562
19 27 0.48835557145619424
19 29 0.8668600775340243
19 32 0.7274562867718397
19 41 0.16380832556529756
19 43 0.3143764612708293
19 46 -0.9857315695352988
19 47 0.885820232887969
19 54 0.09279411322304498
19 60 -0.9784975158897962
19 69 0.07635880734080525
19 71 0.6052562979350291
19 75 -0.08879358930409387
19 76 0.6074243441265896
19 78 0.11145933566388333
19 80 -0.7132938460241616
19 81 0.004966891800888051
19 83 -0.5752124067298392
19 85 0.2507649527557021
19 86 -0.16534301287337994
19 87 -0.7936552731645821
19 88 -0.3403534618583184
19 90 -0.29256242908594854
19 100 0.8964681368694789
19 101 0.9055454351656518
19 104 0.7118143730641189
19 105 0.16503096913721316
19 107 -0.825308648600205
19 108 0.2782222368388858
19 111 0.9198380636734522
19 112 0.22660106100399235
19 113 -0.75824976005531
19 120 -0.9200086468400173
19 121 0.6420549943923017
19 123 -0.11479489942172005
19 128 0.28309668812942745
19 133 -0.4832444756702401
20 21 0.32716259682205995
20 22 0.7796165017075989
20 23 -0.24475422878619568
20 26 -0.4748429415107318
20 27 0.27758248077615444
20 32 0.2766184971954273
20 33 -0.4576946812023093
20 36 0.6316159654187976
20 43 0.960814643371134
20 45 -0.3021682648357886
20 48 -0.09545809996870247
20 49 -0.18395117143511408
20 56 -0.17881283369123735
20 59 -0.7608033137907648
20 60 -0.10694610493730572
20 61 0.3551173252783397
20 62 -0.8764262159334792
20 68 0.11690871769839961
20 71 -0.2038473675248358
20 72 0.661364390207116
20 73 -0.22416779798311182
20 76 -0.7931831426385534
20 80 0.28497024578520636
20 81 0.056899781352999446
20 83 0.1878389633473887
20 84 0.6386966169703694
20 96 0.27692623691539797
20 98 -0.4835263176104938
20 99 0.4232357534553832
20 100 -0.7244871279325857
20 102 -0.04287066289621322
20 103 -0.8504309227963927
20 107 -0.5914460313585166
20 108 0.5601330696202267
20 109 -0.6602164407993791
20 112 -0.3441011463172199
20 113 0.06985487019790027
20 117 -0.556702603313282
20 119 -0.30750818127278734
20 120 -0.5875553757561938
20 125 0.5274332889025617
20 127 0.19604733679436848
20 132 -0.601170618018924
21 24 0.7419916106622524
21 26 0.01285504604682064
21 28 -0.8732694332378672
21 29 -0.07734890006733641
21 30 -0.8862355835353586
21 31 0.21607646153325089
21 32 -0.08057156017518907
21 51 -0.9273160177152981
21 52 -0.5151719388533209
21 61 0.9180606519377079
21 63 -0.2343689402691682
21 65 0.865629895900053
21 66 0.8957057749105937
21 67 -0.8401980918603082
21 68 0.519733737120998
21 70 0.3731569522720761
21 73 -0.7854128186178411
21 77 -0.9224392294460009
21 78 -0.6546233393321226
21 79 0.21019343711178995
21 80 -0.7108279604892205
21 84 -0.5091727830616715
21 89 -0.06639427446622093
21 91 -0.042008052864856094
21 94 0.9099554264737504
21 98 0.7946416127901181
21 100 0.1140361352186352
21 101 0.0744132930171888
21 102 0.19993942062150727
21 107 0.3719462021934219
21 112 0.8565427143390782
21 115 -0.7146295268925407
21 117 0.49227028013103724
21 122 0.49909403390763396
21 125 0.3582540157195253
21 131 -0.5432019352896174
21 132 -0.001420403378198376
21 133 0.47425473900862225
21 134 -0.9105000816475664
22 24 0.3400327906976679
22 26 -0.47882492204020455
22 30 -0.8122071591537838
22 32 -0.1144755613124524
22 34 -0.47638181998459683
22 35 -0.6105016730525337
22 38 0.8899175011841212
22 42 0.10603468182714049
22 45 -0.9703871335490415
22 46 0.2918276175443122
22 47 -0.5505686972659458
22 49 -0.6088866891232485
22 52 0.6617247446698196
22 59 -0.6719470298927632
22 60 -0.9571103768973688
22 63 0.1602481156473612
22 65 -0.9480785226661936
22 66 0.03182088880271561
22 67 -0.9398657571642264
22 68 0.05120694429266348
22 70 0.8164957627536571
22 73 -0.2237433248534726
22 74 -0.8395144238123853
22 76 -0.18506674996295458
22 80 -0.961643848602258
22 81 0.30792362341400903
22 82 0.7517189811894485
22 85 0.45284692267586335
22 86 0.3875239431895934
22 87 -0.916005671786474
22 88 -0.9598525326918619
22 93 -0.6734735736713093
22 97 0.9835889754406621
22 102 0.24995115209102647
22 108 0.3055380301187338
22 117 -0.548861818676815
22 118 -0.15255639681440503
22 121 0.1918402007027229
22 125 -0.4377579653445629
22 126 -0.5785113113110714
22 133 0.043818946657700586
22 134 0.3198394362655812
23 26 -0.08800225252023575
23 27 0.27111494398175706
23 28 -0.45781169329645843
23 31 0.10804079549130896
23 32 0.9062683974443275
23 33 -0.4747446199002887
23 35 0.8036510903594696
23 36 0.5821850512330213
23 37 0.4480436951489779
23 39 -0.5340858309915395
23 42 -0.5453845787503002
23 46 0.6773065495949728
23 47 -0.7107950379222363
23 48 -0.8595405654192754
23 50 -0.8087400643050591
23 51 -0.8121813026433633
23 52 -0.8106164961095199
23 53 -0.04667608066937312
23 54 -0.34252337636919394
23 58 0.6816169279293236
23 64 -0.2531777063797376
23 73 -0.14906723898777563
23 74 0.6977339946895127
23 77 -0.29850659811672364
23 78 0.9547726349560341
23 81 0.9179210699912645
23 82 -0.42624068414629135
23 93 0.776565844863309
23 99 0.5735208080457252
23 103 -0.15539153227162728
23 104 0.43100815436756146
23 105 0.38206449589660174
23 109 0.0158016889831476
23 110 -0.7138897535712578
23 113 -0.03890421242983577
23 115 -0.7547024930415396
23 117 -0.368116986038441
23 118 0.6160414565918888
23 124 -0.44511323547322945
23 125 -0.011617983094187823
23 128 -0.654021358448309
23 132 0.04879138508500258
23 133 0.3586338799474016
24 27 0.7283266646651287
24 30 0.15822841692250122
24 32 0.3244142038366442
24 36 -0.31597685413782806
24 40 -0.09223194518774402
24 41 0.39543475848924214
24 47 0.564782347474222
24 49 0.7257019324639793
24 50 -0.6160334939328016
24 55 -0.29856874569241265
24 60 0.8789738484051606
24 61 0.21190292793104848
24 62 -0.9139589572160742
24 63 0.06617963555022466
24 64 0.8767170018218398
24 69 -0.29432077351850583
24 72 0.5929474654277251
24 74 0.18729871441264212
24 79 -0.5687050574324573
24 82 -0.1877910729081127
24 86 -0.658333914789194
24 88 0.20221444261371446
24 89 -0.4809034359537736
24 92 0.09602771098572993
24 93 0.2974180270863289
24 99 -0.2698877236648811
24 102 0.4942581347824595
24 106 0.09230259983360334
24 107 0.4110874081088949
24 108 0.6557921187054259
24 112 0.5762565412505449
24 117 0.043311803377231506
24 120 -0.4336384143221421
24 123 0.33791104220266655
24 127 -0.01204518597571469
24 130 0.2337024593182886
24 131 0.49971338093252515
24 132 0.320580566665017
25 26 0.10301021559454115
25 28 0.08277787948561421
25 31 -0.622871345440509
25 32 -0.16302069690670606
25 39 -0.5526204288286687
25 40 0.8992925436075629
25 42 0.36873711780661855
25 45 -0.7809420324195435
25 49 0.9857946777203812
25 51 -0.6918735518040708
25 54 -0.4324070248939682
25 58 0.32737019089238695
25 59 -0.976651942612283
25 62 -0.1533550080970154
25 63 -0.16947656505346353
25 65 -0.8161868584747511
25 67 -0.6522373435916955
25 68 0.8601715200086428
25 69 -0.6864254592649042
25 73 0.6397210209680888
25 76 0.5428531467296045
25 77 0.16743406271100336
25 79 0.4176684633205734
25 80 0.6492906859404184
25 83 -0.38020194968591037
25 85 0.1778677079151001
25 88 -0.7191590219474886
25 98 -0.8358078618905267
25 104 -0.26686378932895805
25 106 0.016163617441647737
25 109 -0.5407276581063754
25 111 0.5223877911150805
25 120 0.5266345103166772
25 123 -0.9425586701065765
25 129 -0.9781592060501729
25 130 -0.5067172624515666
26 30 -0.7118378673430761
26 39 0.8950135247304403
26 40 -0.7720872626556827
26 45 -0.030249498002022035
26 47 0.20488159152392238
26 48 0.10286540397101351
26 50 -0.580184330241496
26 51 0.7058033962787877
26 52 0.4169942061109153
26 53 0.8413057673048743
26 59 0.24187806154080294
26 64 0.8122089999409208
26 65 -0.822586430925486
26 71 0.6871503257115983
26 74 0.908288147119529
26 84 0.38441538154231036
26 89 -0.5392713681519652
26 90 0.18728133318438123
26 96 -0.45424066552606135
26 101 0.8227145579413657
26 106 0.3878397310401307
26 118 -0.49201546374033533
26 131 -0.8028254659469143
26 133 -0.39478015644826536
27 28 -0.4243078840328429
27 36 -0.25268488288281743
27 37 0.6772419690797391
27 38 0.542957397912448
27 40 0.006927715041018967
27 41 -0.8173085675430134
27 43 -0.0593738491766711
27 44 0.39807115000041526
27 45 0.22373703953769897
27 50 -0.3005843485981612
27 54 0.00610089660719737
27 58 -0.7305658189202002
27 59 0.7943415095522335
27 60 -0.7804201637752253
27 63 -0.06618516208719072
27 66 -0.5606938479682535
27 68 0.716040406622984
27 71 -0.24277053493551226
27 72 0.099848815269316
27 77 -0.7398772360425245
27 78 -0.5294971520988851
27 79 0.2054860800289917
27 87 -0.2802363752735324
27 88 0.17758053170212995
27 89 -0.013224918812996034
27 92 0.27668643305750873
27 94 0.37068272165603156
27 96 -0.702170855441137
27 98 0.962055604526552
27 101 0.8418145885097006
27 102 -0.49394497275649396
27 105 -0.21387890855430824
27 109 -0.5579047590220625
27 119 -0.1302084889971875
27 120 -0.2720424417753826
27 122 0.9763107473998616
27 124 -0.38279465161806225
27 125 -0.12093058021568948
27 128 -0.3577496646350249
27 131 0.2721359941137964
27 132 0.569620496429813
27 133 0.23022419589915133
28 36 0.4137817004386446
28 37 -0.05849514396953803
28 39 0.9933613289527361
28 40 0.04064769313962424
28 42 0.7959970082327985
28 47 0.35314197152463134
28 50 -0.34355821008120313
28 51 0.7745931939128097
28 54 0.5034461190320128
28 58 -0.5230033273607386
28 61 -0.038112266193253586
28 63 0.12560935499271397
28 65 -0.6185711285545192
28 67 0.04994132629830661
28 73 0.7228622894500671
28 74 0.482512220375801
28 76 0.6118765635748624
28 80 0.8236331737696232
28 81 0.7090740598725682
28 83 0.7499230826810617
28 85 -0.5501873301828573
28 87 0.27595355989388737
28 90 0.059149690163023516
28 93 0.7275788948186301
28 94 -0.3857374068824255
28 96 -0.32132155947930485
28 99 0.9693797037300231
28 102 0.35028353061285955
28 103 -0.8686935575102779
28 104 -0.8047885714842153
28 106 0.1725957153883173
28 108 0.21056008464974485
28 111 -0.8265411787033856
28 112 0.1083710084617322
28 117 0.25899560736049265
28 118 -0.31413506927883006
28 123 -0.7003136401408192
28 124 -0.037566940851488706
28 126 0.37790985629949625
28 133 0.3845229829701027
29 30 0.09506605582204619
29 31 -0.42517901665349966
29 34 -0.9767303918274415
29 39 -0.07763181116433326
29 40 -0.04031559247409833
29 42 -0.8554976232829343
29 43 0.07592129416126103
29 44 0.7524920167867846
29 49 0.6907109495852843
29 51 0.9504100871693704
29 52 0.22014199252091537
29 54 -0.8566821139142689
29 56 0.36320333221067713
29 57 -0.6324025119043555
29 60 -0.35144765759212393
29 65 -0.4707954863481507
29 66 0.5091492634075203
29 68 0.9053507619129539
29 69 0.636318435002853
29 75 -0.9478847668137134
29 76 0.6448264154230792
29 81 -0.21908856068848714
29 84 0.4022470221068566
29 88 -0.6860668958688576
29 91 -0.3943017383545868
29 92 -0.4583989391124619
29 95 -0.1831722245555325
29 97 -0.05431308658100975
29 103 -0.2544265378016288
29 109 -0.8519964634077419
29 114 -0.5880156458844712
29 116 0.48984630540724106
29 120 0.2469943543585187
29 124 -0.06646185958086082
29 125 0.04103266339743272
29 127 0.5383332447943427
29 128 0.07572650633246725
29 129 -0.7031363297479036
29 134 -0.6977271922930068
30 31 0.7366267319915281
30 33 0.4763621006673855
30 36 0.03950127184918828
30 42 0.3927483885807388
30 45 0.5495285852471836
30 46 -0.216711431265455
30 49 0.3851926938469261
30 52 0.35069575575593537
30 54 -0.9823424463561214
30 55 -0.6890184573160376
30 56 0.4971557949501719
30 58 0.22018006546287006
30 60 -0.46191444177288865
30 62 -0.8805835161724531
30 63 0.8642758379313376
30 65 0.8099092871118463
30 71 0.14064196719561783
30 73 -0.786475029549426
30 75 -0.7427998118118335
30 77 -0.30246146428084186
30 80 0.49902990717929874
30 83 -0.9997347959193363
30 84 0.9673716319634311
30 86 0.06058851492157591
30 90 0.8964521281979849
30 92 0.2665310422295053
30 100 0.94316466589239
30 103 0.5360811008493767
30 105 -0.0846816115315081
30 109 -0.020497887534943526
30 111 -0.7521827679434427
30 112 -0.0063917750875590595
30 115 0.8945008059880728
30 117 0.9762318827818552
30 118 -0.0890048582664289
30 121 -0.18258883632582368
30 124 -0.2692844549746434
30 127 -0.17516235289880155
30 130 0.6994953306008818
30 132 -0.8789206978843223
30 134 -0.9068393702403599
31 35 -0.3198657629557584
31 39 -0.9324583236492863
31 40 -0.11724323493944833
31 44 0.500207723107069
31 45 0.48949697711598716
31 49 -0.35901101706363936
31 53 -0.8710160131580673
31 56 0.12051142742206955
31 57 -0.09808635606436655
31 58 -0.9762640332176584
31 59 0.9966124639980147
31 65 0.1373223184437118
31 67 0.9797005479304384
31 79 -0.6444790659096473
31 80 0.8150641997052397
31 88 0.7915206082143982
31 91 -0.6760422092107672
31 97 0.8858232381531497
31 98 -0.755476009932909
31 100 0.251621343582765
31 101 0.7325597217895037
31 107 -0.48733732976871025
31 109 0.41101491380954736
31 111 -0.8481246130452134
31 112 0.9143052132825338
31 114 0.5164292509528403
31 115 0.1644805057423182
31 117 -0.3719475134516943
31 121 -0.8662204375302338
31 124 -0.1687438017065357
31 125 -0.9377054513218799
31 126 0.7610422696287698
31 133 0.5099291139557383
32 35 -0.2890131824574569
32 38 0.9057693662608963
32 50 0.21922021902302968
32 53 0.41698903426893974
32 54 0.5908086896102931
32 57 -0.6045562451345257
32 61 -0.17332787658223192
32 63 0.6861845885981062
32 66 -0.556969684198853
32 70 -0.7961676608896686
32 81 0.04920550293737991
32 82 -0.7668118219604592
32 86 0.4628328748312651
32 88 -0.7930976564624082
32 90 0.5059762667248262
32 91 -0.2105640859388631
32 92 -0.6869839015707069
32 98 -0.33638404967233204
32 101 0.7110878795553504
32 106 -0.2391149899838072
32 116 0.10484611724143877
32 119 0.23090423623232303
32 121 -0.2102438923633374
32 127 -0.2973527377772527
32 128 -0.9995697114719329
32 130 -0.689552657980282
32 131 0.7453456779559979
33 36 0.5202831036711704
33 41 0.1566345903465025
33 43 -0.26728065033689474
33 44 0.14797422575891805
33 47 0.8954181531668557
33 49 0.6822137690116046
33 51 0.038131056138843045
33 52 0.26868326529603004
33 54 0.9378214396391544
33 57 -0.5077522219007238
33 59 0.9912596536518645
33 61 -0.3189316197922494
33 66 -0.8909878902788289
33 68 -0.6822181064210342
33 70 0.5890612920055924
33 71 -0.4392873153573027
33 73 0.0794338777592376
33 87 0.42200427401654816
33 89 0.42574639307531537
33 90 -0.1732463425115227
33 92 0.15168019101374686
33 95 0.12135832315474526
33 96 0.06690973633355335
33 97 -0.6043635088591504
33 98 -0.31572540682238404
33 99 0.653167314567999
33 101 0.7463672946017719
33 102 0.868973910004412
33 107 0.24402383867968824
33 127 -0.6130606223998847
33 131 0.7046581682697901
33 132 -0.9160345958069223
33 133 -0.9813747039788161
33 134 0.8492634125401397
34 35 -0.3711188060930206
34 36 0.5363489178478122
34 39 0.43673483577967875
34 40 0.16978860339693713
34 41 0.7922873325409683
34 42 0.6182490373236791
34 44 0.4964769559363882
34 51 0.616970558041052
34 57 0.5958519215008329
34 60 0.8031501755011952
34 62 -0.5705582568132341
34 66 0.2146157459322131
34 67 0.10847445729544325
34 68 -0.7387638277608706
34 70 0.440737314831287
34 73 -0.6249328926306148
34 74 0.46844045096194575
34 75 -0.11878184749173837
34 76 -0.9058552645303208
34 78 -0.6733421755557525
34 81 0.4739722326970577
34 82 0.9928245409104206
34 84 0.22160851925114589
34 85 -0.4449954972251231
34 86 -0.15826850136119197
34 87 -0.9043699451825462
34 90 -0.8274916469123437
34 96 0.0968194212611102
34 97 0.41632904139189497
34 101 0.9662373505734254
34 102 0.02003092643699733
34 105 0.3586021905575183
34 107 -0.5307442887277365
34 108 0.7360874888949085
34 111 -0.6754333545937248
34 112 -0.039760782424836494
34 115 0.7375235630482966
34 122 0.3955733425485348
34 124 0.42696394515622593
34 126 0.01647242665450155
34 129 0.4744887577664536
34 130 -0.15534788981495962
34 131 0.8773952946267607
34 133 -0.5079305209319172
34 134 -0.39905409995741437
35 37 -0.26528124117038576
35 38 -0.9710890951114819
35 39 -0.3169001468760173
35 44 -0.6796413373127064
35 45 0.10304832340742265
35 51 0.533507786902133
35 52 0.07929456057205164
35 57 0.4222516862062953
35 61 0.9095239251951921
35 62 0.916165333319422
35 63 0.9152455293243309
35 64 -0.9930053464533213
35 67 0.9244147535578795
35 71 -0.08109513642561317
35 72 0.1576056735339746
35 74 0.9628546864331444
35 78 -0.5712466546272701
35 80 -0.6459292317296106
35 82 -0.009756050554661888
35 83 -0.7579856158920286
35 88 0.19572380069242357
35 89 0.7808740373729692
35 90 0.10800727590849712
35 92 -0.5668477089236115
35 94 -0.3581640099200698
35 95 -0.09599284101343564
35 100 -0.09816573248772698
35 101 0.6263047155159658
35 104 -0.034438353989440396
35 109 -0.22735537302415176
35 119 -0.060899463501609574
35 124 -0.2426181391928115
35 128 -0.34460401919441486
35 130 0.37232702387038463
35 133 0.04074443993708021
36 40 0.7352019720832907
36 42 -0.2880697706550619
36 46 -0.07644988713155776
36 49 0.2860393697238379
36 51 0.003907644435350965
36 57 0.9814741504879738
36 66 -0.32144118893281837
36 68 0.11223526283682528
36 69 -0.33314046725707325
36 71 0.024723144067617442
36 72 -0.8496402195475437
36 75 0.7374867706513795
36 76 -0.7604565971167243
36 77 -0.9896003162771612
36 80 0.7129509467979511
36 82 0.4488855147108206
36 83 0.8555284477609093
36 84 0.9791820864694443
36 86 0.49742520000943613
36 89 -0.982427938617469
36 91 -0.9219093977213626
36 93 -0.22779676507470015
36 95 -0.9432846892633338
36 97 -0.7330308690730476
36 99 0.9532538053243673
36 100 -0.3662099167853623
36 101 -0.22623494150430523
36 103 -0.6965777314056139
36 109 0.9789143214772544
36 110 -0.11278434096549028
36 112 -0.955231072186365
36 113 -0.8329747550824453
36 114 -0.4874148057231167
36 119 0.06508992302371897
36 121 0.6251054967874972
36 128 -0.5022227841993723
36 132 -0.5531689568442864
36 133 0.9440523147008293
36 134 0.021154039004025238
37 39 0.7808179896398875
37 43 -0.09700057249284555
37 48 -0.31197611217443866
37 55 0.7584532266260873
37 56 -0.8964889507408513
37 57 0.03498692872519604
37 61 -0.4561180425925071
37 64 -0.5377992354668815
37 65 -0.8181623545009722
37 66 0.8114643493867326
37 71 -0.8942550078436531
37 74 -0.17848805443922888
37 79 0.8451566837097217
37 80 0.047133570478445685
37 82 -0.13656891581606567
37 84 0.4741340476871483
37 87 -0.8068656958692466
37 93 0.9511304038916335
37 94 -0.40441270140415786
37 98 -0.39612731762767783
37 99 0.19358135374893481
37 103 -0.08016853429447424
37 108 0.17282477403410712
37 109 0.2851771298065948
37 113 0.5436201149096029
37 119 -0.7360083477243646
37 122 0.48534554856319256
37 123 -0.40918354930027445
37 127 -0.5211560304580385
37 128 -0.45084822329998997
37 129 -0.43463292349062077
37 134 0.08719154046444122
38 39 0.15576712065040765
38 40 0.05309891028096869
38 41 0.9335622783145956
38 49 -0.5857246135178227
38 50 -0.5794651992942887
38 52 0.5042544812886229
38 56 0.8729646345168558
38 57 -0.10695462024596059
38 61 0.2512260266180866
38 64 -0.6197497835064303
38 65 -0.2699551548370449
38 70 0.0245132792796785
38 72 -0.9838631134774856
38 75 -0.015767370069209585
38 76 -0.9381132594157817
38 79 0.17079459590096713
38 81 -0.8746550026043955
38 86 -0.8208153110870728
38 88 0.3095479468095461
38 92 0.2455745361493309
38 94 0.03223256346732817
38 95 0.24711865453400095
38 98 -0.5527874402850128
38 104 0.510059378538714
38 105 -0.13489346201107932
38 106 -0.6227505885666285
38 108 0.4364810752050148
38 111 -0.2998931096053361
38 119 -0.8166427651887749
38 120 0.10124496227063107
38 121 0.6561674378484816
38 122 -0.21328108331663076
38 128 -0.3705397915725639
39 41 0.3587722908235007
39 42 0.6979471726166238
39 43 0.15902272371484116
39 48 -0.7423528177667094
39 61 -0.63342535710437
39 63 0.8848402119130594
39 65 -0.6450398055482236
39 78 -0.7813556250068387
39 80 -0.7421718901348089
39 84 0.44096710090998936
39 85 0.9237889715682994
39 90 -0.6894105252842921
39 95 -0.7933370122151737
39 100 0.6876747993846322
39 103 0.7875097959049153
39 105 0.16255027381357245
39 107 -0.8502676227859247
39 111 0.2997293187608341
39 116 -0.5660410095680015
39 124 -0.7875399206885239
39 125 0.09550372064750667
39 127 -0.9868476765734853
39 129 0.0867532523906478
39 130 0.9192403116941914
39 134 0.6156950985498342
40 42 -0.07700989266219449
40 43 -0.32101936652175467
40 45 -0.04118950144185263
40 48 -0.3890410602518761
40 51 0.5370650148275575
40 54 -0.7934757314991263
40 58 -0.4664824147847515
40 61 0.6694342549722458
40 62 -0.5238672046225916
40 64 0.9321660326864571
40 66 -0.153416346992864
40 68 -0.7113303607480863
40 69 0.5196586603295477
40 70 -0.8408375244495567
40 72 0.7406800488770073
40 81 0.5792275049269233
40 85 0.758049931634768
40 86 0.755435098395068
40 87 -0.5387415679982033
40 89 -0.37133115094703584
40 93 0.43687499358135096
40 99 0.8581497479420779
40 105 -0.30508809371332646
40 106 -0.8505654707346295
40 110 0.8328731562383875
40 113 0.75045769590169
40 114 -0.36082900679707497
40 117 -0.7122720615720737
40 122 -0.32178489146357614
40 124 -0.3599002443222359
40 127 0.026748249036848026
40 128 0.31386683985299646
40 129 0.6943795474478154
41 42 -0.590910473628605
41 44 0.05274704885085013
41 45 -0.8924054614908801
41 49 0.1573150285415128
41 51 -0.38189310912814944
41 52 -0.9734794092955983
41 53 -0.41923323720340644
41 59 -0.9710808427201194
41 61 0.34373793212266746
41 63 0.8031651159879152
41 65 -0.17580387983495616
41 67 0.42044913467020684
41 70 -0.3745429651529959
41 72 0.871620821557195
41 74 0.2776229973211688
41 75 0.8205145400370957
41 76 0.3662805054162199
41 77 0.7354678081615293
41 79 0.09272736708138085
41 81 -0.7812476729941835
41 83 0.8072488241778026
41 84 0.3968318683556551
41 86 0.6375219735386026
41 89 0.5379618193324671
41 90 -0.5109418431705308
41 92 0.20704659408315407
41 93 -0.44691727987352325
41 94 -0.12484250210607373
41 95 -0.7383279333231463
41 103 0.499911639112504
41 107 0.11110063029865769
41 110 -0.8940104875887736
41 113 -0.5161322703047317
41 116 0.19834092629016276
41 125 -0.5482270226221222
41 129 0.8294504579681694
42 43 0.11324674232218457
42 48 0.11208952466932987
42 50 -0.9530332580926921
42 52 -0.8166587205067157
42 56 -0.6807214875861869
42 57 0.1259108630961423
42 63 -0.13001061898262178
42 66 -0.10815691556684226
42 70 0.37266467421197835
42 74 -0.2176819279211306
42 77 -0.15043268804823207
42 83 -0.15156435331634066
42 86 0.8829315332903045
42 89 -0.5830023408102403
42 90 0.08459265288165874
42 94 -0.2925718988798329
42 95 -0.8349306263227168
42 102 -0.6734960713307327
42 106 0.5540629630806293
42 111 0.3825684042023807
42 113 -0.23334990371182163
42 114 -0.5368499913963181
42 116 0.8986633400606567
42 124 -0.7943216675549334
42 127 0.14266419816773834
42 128 -0.4252906694134919
42 134 -0.7883395729195763
43 44 0.0857407976881277
43 46 -0.9910450857068733
43 50 0.44164177035430985
43 56 0.9089676026839824
43 67 0.7742401354049258
43 70 0.8575298258594075
43 75 0.2739862075696442
43 81 0.5457150935442769
43 82 0.6336246894200648
43 87 -0.5344726831153708
43 90 -0.21478117137125396
43 91 0.5685674470876343
43 95 -0.7104442683673593
43 96 -0.569724824660141
43 97 0.9589574398239071
43 100 0.17196151734420306
43 101 -0.01420164106297972
43 107 0.6114503175244381
43 108 -0.3721124663995139
43 115 0.37099590617112854
43 117 -0.5217255908312246
43 118 0.4279321038310493
43 119 -0.24324592064390815
43 123 0.09211673227274675
43 125 0.21246778742246253
43 126 0.2549862526407145
43 128 -0.9474148558234756
43 130 -0.304929317058541
43 131 -0.8149009148754498
43 133 -0.5521610254719185
44 45 0.5692877566131624
44 47 -0.8506360081422732
44 48 0.3635898285820771
44 49 -0.15220869853034036
44 52 0.6809400935528693
44 57 0.06734658633534374
44 58 0.15575385472366343
44 60 0.7472317924864804
44 64 -0.12299964620965742
44 66 -0.37752477154652
44 67 -0.7874439447666348
44 77 -0.9466536504147864
44 78 -0.2481466251113844
44 84 0.6151960771476743
44 87 0.1446399144327133
44 88 0.9254744599413895
44 89 -0.9240359711765236
44 91 0.502043369634577
44 92 0.04119982838225478
44 93 0.5317452914389502
44 97 0.2250614169236893
44 99 -0.30826508908908257
44 103 0.15259047938424808
44 105 0.15158393732802633
44 107 0.4770266122139095
44 110 -0.8795787290076611
44 113 0.045746067517794975
44 114 -0.2889787836394737
44 116 0.3994071690200276
44 117 0.5662202077565075
44 126 -0.42976012469875524
44 128 -0.45591544356440683
44 132 0.648401886914634
45 47 0.8477190278572089
45 50 -0.37087196402019385
45 53 0.7340769978324304
45 57 0.21196739395812636
45 58 0.7906356112973325
45 60 0.2042314398334939
45 64 -0.6942655626363976
45 65 -0.44866623931046123
45 66 -0.34322481426617624
45 70 0.7334026727593013
45 71 0.20991934341385776
45 72 -0.10612984184483332
45 73 -0.619349050661073
45 74 0.025563063408976072
45 77 -0.8626429009098522
45 78 0.3516605095658729
45 84 0.5935726610976881
45 89 0.21075222123811765
45 90 0.43049895203210364
45 92 -0.4325295733251977
45 98 -0.0797167240766472
45 99 -0.45557252623265754
45 101 0.6061705996552995
45 102 0.5042888711625799
45 108 -0.9089352414218161
45 117 -0.6684528504390581
45 119 -0.1831291873149954
45 120 0.2614705923944647
45 123 -0.5469252057679366
45 130 0.1452544899920296
45 131 -0.27270587001047275
45 133 -0.6583321367801585
45 134 0.39704439103054145
46 47 -0.8462448302358077
46 49 0.13097606631637015
46 51 -0.290997875143191
46 56 -0.41873657169837974
46 57 0.04609284161370941
46 59 -0.7727587769886746
46 61 -0.054699238245808246
46 64 0.3568073147219404
46 65 0.7367694936355067
46 67 0.982154649591197
46 69 -0.1440704795983072
46 72 -0.8542284629381482
46 73 -0.8568721049110388
46 75 -0.2610838353168643
46 77 0.4660684615843065
46 78 -0.27605906710370043
46 83 -0.19960020912319032
46 88 -0.11181818956935041
46 91 -0.5265574903738055
46 94 -0.6539731820923247
46 96 0.5721246503912263
46 98 -0.7941290368122171
46 101 -0.9508209453424172
46 102 0.7448616364092888
46 103 0.5809822834363694
46 108 -0.31814963374885075
46 111 -0.4802227098158398
46 112 -0.08625787452664957
46 115 0.40131147367227427
46 120 -0.06131796276657231
46 121 -0.2356471861460434
46 126 0.9465969106929544
46 128 0.7726113911830004
46 129 -0.09444222510764755
46 131 0.4360509646286208
46 132 0.2048345248705361
46 133 0.6776172557049556
47 51 0.2427226330255392
47 53 -0.9383229208988417
47 60 -0.5008628690276185
47 62 -0.659306005288812
47 73 -0.836199933534522
47 81 -0.6382625390683265
47 90 -0.19784837510118636
47 91 0.4694263666064009
47 92 -0.9440215480581413
47 94 -0.7511166946774877
47 98 0.4819696768181774
47 100 0.49216972144956617
47 101 0.6198286134332938
47 104 -0.944689043715492
47 107 -0.2608712453252586
47 108 -0.6019232931598018
47 114 -0.4217157472004891
47 117 0.5869194611079094
47 121 0.5876006443978417
47 128 -0.030234507325140436
47 129 -0.35156917563952317
47 131 -0.9319606720390818
47 134 0.11970292723024878
48 52 -0.934135628965487
48 54 -0.8647784590554501
48 57 0.07431289950170283
48 59 -0.4508044942279863
48 62 -0.30497403435502446
48 66 0.1384744450157014
48 67 0.4257451678802888
48 71 -0.9276711817631043
48 88 -0.9278724573105874
48 95 0.09611712910953085
48 97 0.25725967352624646
48 105 0.42972341151209115
48 107 -0.7268877312182931
48 109 0.9739068502938497
48 115 -0.34112813618280446
48 125 0.6350943702157159
48 128 -0.656751127928429
48 131 -0.7655562364572972
48 132 0.36729901485640104
48 134 -0.689865854912576
49 50 -0.33928162238846227
49 52 -0.5485527920592022
49 54 0.7230647236092231
49 56 0.9126743333739531
49 61 -0.7224884925176884
49 62 0.8048566154065426
49 66 -0.08323292801967885
49 70 -0.721163805699657
49 71 0.2119750142366017
49 72 0.8354230291679423
49 73 -0.9379527804002696
49 74 -0.9027821278215227
49 75 0.6265881013282057
49 76 -0.022193510583947473
49 79 -0.6068787999131637
49 82 -0.13250059483616305
49 85 -0.0004754709881065189
49 86 0.395883656115813
49 87 -0.06988059724855211
49 102 -0.5202228011736365
49 105 0.29158648831383815
49 108 0.8204674284092937
49 111 0.5664937059972146
49 117 -0.11212216335875591
49 119 -0.2966611563558892
49 122 0.7445217410718508
49 123 -0.3439463089558379
49 125 -0.2339927100666228
49 126 0.5856231744686626
49 127 0.44382838814473224
49 130 0.5711036548970418
49 132 0.534233021447972
49 134 0.9815516618152431
50 51 0.3256000368115546
50 52 0.6137377820951815
50 53 0.7770527947831298
50 55 -0.9022239563161696
50 57 0.25366597932599366
50 58 0.8373551514850945
50 60 0.05966324028351244
50 68 0.41927997616311163
50 69 -0.33634831227056505
50 72 0.29033093802753385
50 74 -0.24596362275368033
50 76 -0.6960759244683556
50 77 -0.36038598190018933
50 81 -0.4390788244702002
50 85 0.21303628928467533
50 89 0.7699886587822795
50 90 -0.813059372338768
50 95 -0.5316840045263442
50 96 -0.00011650394714335377
50 97 0.5166514006747587
50 99 0.07439452969678051
50 100 0.9280464356318734
50 102 -0.5444189065268026
50 104 0.892212125245746
50 105 0.7833513700545285
50 106 0.4845815029804792
50 127 -0.19764944972121246
50 128 -0.007020588575151976
50 130 -0.7760810894551056
50 131 0.15477081818833094
51 55 0.2507831704169907
51 56 -0.2095932626634418
51 60 0.9496734149316983
51 61 -0.009423720178779238
51 63 0.4122671782289973
51 70 0.08885113096631159
51 73 0.6054885085587491
51 74 -0.5196051832079163
51 75 -0.8300372693381777
51 76 -0.5932920974479965
51 79 -0.8318766161477784
51 80 -0.4972007938148786
51 83 -0.2690959085015385
51 84 -0.4504786760446524
51 86 0.15883229199045323
51 87 0.1506674255168976
51 88 0.7564207449198719
51 92 0.5569310255451871
51 94 -0.7466259642598507
51 100 0.3846029334846848
51 101 0.10736123619654325
51 104 0.9088151124412431
51 106 -0.8433560010611496
51 112 -0.342750011727057
51 118 -0.7798630731721419
51 119 0.8442419654799684
51 121 -0.29575590308858724
51 125 0.5144047301728134
51 128 -0.10070493280398574
51 132 0.2300522364913049
51 134 0.9536216139036964
52 53 -0.8798788925822165
52 55 0.0547506807814242
52 58 -0.5104052368025347
52 68 -0.4448792298685995
52 73 0.5476747211527404
52 76 -0.1890544442472324
52 82 0.6676229459842378
52 85 0.7603017651431323
52 87 -0.21863533559910708
52 96 0.14830725938512224
52 101 -0.4282013138870029
52 103 0.4682749241521771
52 109 0.38108209419021755
52 110 -0.5234377640637728
52 114 -0.6158564537604871
52 118 0.19456226009090072
52 119 -0.6467818144734281
52 120 -0.27532762849161907
52 124 0.14832967886873938
52 129 -0.943597165706348
52 132 0.22601446601953934
52 134 0.0015394551888121555
53 54 -0.4349780697930321
53 55 0.2700186406267544
53 57 -0.6003865964124104
53 60 -0.3512879503233006
53 61 0.611406370024411
53 63 -0.4157557014935356
53 66 -0.13999420532336204
53 67 0.9920051781604788
53 69 0.8436510098133285
53 76 -0.42750010854861764
53 79 -0.3203171722395446
53 82 -0.49714513876810673
53 83 -0.9907491051634159
53 84 0.44077245555429245
53 85 0.011406166858465516
53 90 -0.18720948826257144
53 92 -0.5909723952218375
53 94 0.480477471295625
53 98 -0.6490485291853672
53 101 -0.33562569598154735
53 102 0.5631440463092838
53 103 -0.7974637101148307
53 105 -0.34367532626793995
53 115 0.11659457465523859
53 129 -0.8437160059874593
53 130 0.8084400413794111
53 131 -0.8498953608173281
53 133 0.9059906940042439
54 55 0.2046502544046378
54 61 0.3723795239098395
54 65 -0.8532354494827006
54 68 0.9906650266261796
54 69 -0.2883747100580787
54 70 0.19973011711833766
54 71 -0.44755378561997095
54 74 0.7737688598351125
54 75 0.4107882265083349
54 77 -0.9604484620384366
54 78 -0.26205943140440313
54 80 -0.5916919571913919
54 82 -0.48928865185461645
54 90 0.28493244573348453
54 91 0.46022629232675216
54 94 0.4122172511767386
54 96 -0.35805065773515854
54 98 -0.02263120781009298
54 102 0.5072125877457276
54 105 -0.5990879873112531
54 109 -0.34546542008010084
54 112 0.2398112338768319
54 113 0.6666491054124837
54 116 0.10204405906163028
54 117 -0.6306179795185618
54 118 0.6076409357274857
54 119 0.7432687682165873
54 123 -0.9645209892661979
54 124 0.06586568140044369
54 131 0.9482339374315132
54 132 -0.038214637757273406
54 133 0.5237619098468664
55 58 -0.4879361313925499
55 60 0.49048958436279744
55 63 -0.24395715625065661
55 67 -0.2670366819271439
55 69 0.99848436546917
55 71 0.912669038708434
55 73 -0.26679882922154263
55 77 -0.2814514460174786
55 80 0.10437054765564158
55 84 -0.5145852889009546
55 87 0.703776427503382
55 90 0.7217218952709095
55 91 0.04466460652319171
55 95 -0.47346172043801915
55 97 0.3319011067226154
55 98 -0.7312716245809663
55 99 -0.8175967283343439
55 112 -0.9795435769157961
55 113 -0.6765577793708779
55 114 -0.1962304395333705
55 119 0.14105264754701818
55 122 0.6811876417171179
55 123 -0.5196145025764496
55 128 0.280572304141562
55 130 -0.3881361582187375
55 131 -0.7951882028723167
55 134 0.5961570921083617
56 57 0.33037605410996784
56 58 -0.40448727635828186
56 59 0.5779855696735143
56 63 -0.02744452273858622
56 66 0.879476479782928
56 69 -0.9447249471778896
56 72 0.5922975817733116
56 73 0.6091166206351262
56 74 -0.2785935496423806
56 75 0.3766159663776558
56 76 -0.16160344020438355
56 78 -0.7361393820929463
56 84 0.06050111174244144
56 87 0.6939398636023109
56 89 0.9500406166001665
56 90 0.2921735566838848
56 92 0.09215765039919988
56 94 -0.9105426620893795
56 95 0.20143449390955648
56 97 0.4572725971217402
56 99 -0.2899567353114454
56 102 0.28376850096657025
56 106 0.3470355347130658
56 107 -0.9655658678582013
56 113 0.3598852056554176
56 122 0.2988191762924368
56 125 -0.09254791859931233
56 126 -0.15651375141086032
56 127 0.6106022402989648
56 129 0.24959780646456076
56 134 -0.1831923317002888
57 61 0.4659505726593509
57 66 0.3292303437863844
57 67 0.3501295550177923
57 68 -0.4573907073759125
57 73 0.8125543497841317
57 74 0.3458464297394299
57 77 -0.14862166514228448
57 82 -0.07980059457846944
57 87 -0.544277640435348
57 90 0.27496851017095847
57 91 -0.8719800824042352
57 94 0.7873539884155327
57 99 -0.5951479398275696
57 101 -0.15114276278817118
57 108 0.11709698603237917
57 111 0.34787919801990164
57 112 -0.5059013684447062
57 115 0.953191664108151
57 117 -0.015917894708671554
57 118 0.39587716900347947
57 123 -0.9800620518677459
57 125 -0.3874497747784147
57 128 -0.17210739559152666
57 131 0.17475627458972287
58 62 0.004490363309538559
58 64 0.00230439966528162
58 66 -0.23310589403953386
58 68 -0.24116846271935466
58 73 0.7625025073200375
58 79 0.210870501566784
58 87 -0.836276776281355
58 95 -0.20069861163147507
58 97 -0.7180273095850545
58 99 0.10533952882691433
58 101 0.6018204242908818
58 103 -0.48925794305835746
58 106 -0.8160492989128914
58 107 0.2802440299960327
58 111 0.9749858375746736
58 112 -0.8143308454904068
58 113 0.7356778943393327
58 116 0.33533976703730617
58 118 0.17239125586445736
58 120 0.01662746838866558
58 123 0.5819467360262205
58 124 -0.04620827661983706
58 127 0.3631385254636572
58 130 -0.44477887804066407
59 62 -0.3729677442137467
59 63 0.1782727991778288
59 67 -0.18457382347305762
59 68 0.04023681006468993
59 70 -0.3534298825098705
59 75 0.03423442599367821
59 79 -0.7871535999398376
59 85 -0.2552946779168179
59 86 -0.9425481235825912
59 90 0.818633112359745
59 92 0.20666921216363066
59 94 0.9237958138842088
59 97 0.9220085987892754
59 99 0.3751565747904444
59 100 0.2625765609964201
59 102 0.1446913357441202
59 103 -0.688097508294869
59 104 0.2275691091742107
59 105 -0.7293938588345359
59 112 0.7160416638821905
59 113 0.7935127844122956
59 114 0.18992001225370436
59 115 -0.7825469246893546
59 118 -0.7120840467397753
59 119 -0.2578149504261189
59 120 0.8195150313920294
59 122 -0.5822710320216633
59 124 0.6213853619054774
59 126 -0.2350017918430678
59 131 0.2811198345142254
59 132 -0.07039541169509578
60 61 0.4464925315303243
60 62 0.7498280695691957
60 63 0.5050617285269194
60 66 -0.35076439673636206
60 71 -0.3382023670197065
60 72 -0.2665087167979947
60 74 0.8355886862586759
60 76 -0.9061419742016215
60 77 0.13396042222147608
60 80 -0.5234667894217646
60 83 0.5684747272591506
60 88 0.43368111931890563
60 89 0.1855042349558953
60 90 0.5627587213829301
60 91 -0.5238171318495395
60 93 0.18975850477969258
60 100 0.29845995706868544
60 103 -0.1490041929448751
60 107 0.8390615573003444
60 108 -0.18663519297514775
60 110 -0.654336231003191
60 113 -0.5677127850531181
60 115 0.10084826826942561
60 120 0.7777580091518639
60 122 0.8570057172904975
60 124 0.8289655346710587
60 126 0.9864508376935639
60 127 -0.45334733900697577
60 128 -0.20765285322623406
60 132 -0.871437400379516
61 63 0.8839165818262806
61 64 -0.041543274178398315
61 67 -0.6643477391566659
61 70 0.14441613234559791
61 72 -0.4623591445649624
61 73 -0.08810645215527879
61 74 0.8119917230986218
61 75 0.40156491483473644
61 81 0.9569698382360645
61 84 0.28560409617446814
61 92 0.2699283907798755
61 95 0.35076247000121663
61 96 0.8399935383845205
61 97 0.4289908240804361
61 98 -0.4173808139382813
61 99 0.5533785565372442
61 106 -0.2935097752807707
61 109 0.34480625170401913
61 112 -0.23431697301760313
61 118 0.9191571633816877
61 119 -0.8650113448926311
61 120 0.4929842650778582
61 124 0.39685416663335116
61 129 -0.13807413439842975
61 132 0.6197613059867069
61 133 -0.9357666800443325
61 134 0.14376970619332385
62 64 -0.3393543855368921
62 66 -0.4470283949661178
62 67 0.6241157548512353
62 72 0.5601898792140219
62 82 -0.9459186135894821
62 86 0.2644021911999064
62 87 -0.8127115404217955
62 91 0.5127572124282065
62 92 -0.09443240683607579
62 94 0.27648957849072375
62 103 0.37564739021473437
62 106 -0.4623155441344058
62 109 0.4256685193391714
62 110 -0.4938604485338731
62 113 -0.9849356668795628
62 116 -0.1121458735338332
62 117 -0.021696174120496403
62 118 0.5856340248722931
62 121 0.4476528637455002
62 122 -0.25726399334268457
62 125 0.9011875076148181
62 127 0.45742581162754004
62 129 0.45817336050347546
62 130 -0.4189147848944552
62 131 0.05712209907086696
63 66 -0.08387893312961281
63 70 0.031666614752249744
63 72 0.1024712736277873
63 76 0.2149245069844259
63 80 0.3531602195009298
63 83 -0.9320625273559515
63 87 -0.9371926305691258
63 88 -0.3738618046248201
63 89 0.4285139352132177
63 101 -0.4898185039953973
63 105 0.11656648565343031
63 106 0.8111370562141516
63 112 0.04147152525447351
63 124 0.36759787130620825
63 132 -0.749857565034878
63 133 -0.46266334568788237
63 134 0.8957575621038665
64 65 -0.7456708064751376
64 66 0.19696033862876594
64 67 -0.36645590514941473
64 69 0.8441993409320387
64 72 -0.08000523186221509
64 73 -0.18977820862965578
64 76 0.9314180946511834
64 81 -0.4509153959349472
64 82 0.1860596485134185
64 87 -0.5662613662367337
64 88 0.17153205703774077
64 91 0.4365484799688075
64 93 0.12252916540942937
64 95 -0.8693345478458272
64 96 0.17642885991400026
64 102 0.3452779357828182
64 104 0.8587044577131893
64 108 0.15781812806819717
64 109 -0.7838616728621557
64 114 0.1027541298246839
64 116 -0.28161615517227623
64 117 0.36292638932731314
64 124 0.34104845170611764
64 127 0.22070814828964402
64 128 -0.3508313192654382
64 130 0.657692053152015
64 131 0.7246947906977494
64 133 -0.4328808327711027
65 69 0.0438451338432686
65 71 -0.8854790484952839
65 72 -0.8460271939088739
65 77 0.7972075052685161
65 79 -0.5166102209961636
65 80 -0.09717106808748999
65 84 -0.1317387741206677
65 89 -0.9323265120842583
65 90 0.6383620516330604
65 91 -0.6697789232353537
65 94 0.24589720117218694
65 97 0.3000660663111985
65 98 -0.6842739166656571
65 102 0.5176393580252763
65 109 -0.4627106146629505
65 110 -0.4518783410151046
65 111 -0.15358488118908964
65 113 -0.25870719723140634
65 114 0.701572586847387
65 115 -0.8641857531721795
65 118 -0.21846691389840522
65 122 -0.6866599660204391
65 124 0.4269214947157318
65 125 -0.3872547214300788
65 126 -0.5063140523131253
65 128 0.3387539308735428
65 129 0.6506202453404137
65 134 -0.8050712959641049
66 78 -0.07564777044352056
66 88 -0.3697350001385129
66 89 -0.10087378250046752
66 93 0.6050114759393717
66 94 0.17046319921708952
66 97 0.9254705004895245
66 98 -0.6342262567103449
66 99 0.5431753982043768
66 100 0.48887195096485714
66 101 -0.8920890963614729
66 102 -0.06718000397284252
66 103 0.42242093050351626
66 109 0.4346449509228303
66 110 -0.5923131338449339
66 114 -0.8420170069794433
66 117 0.16078590989071362
66 120 -0.0038352814749305075
66 121 -0.5366840235565851
66 122 -0.26323011319833367
66 123 -0.8475856724794519
66 125 -0.9540663761166106
66 127 -0.7230945941916642
66 128 0.1682458862108347
66 129 0.4644490821792291
66 130 -0.09137945671985936
66 131 -0.7840309764331006
66 132 0.2676090458045941
67 68 0.3185971158703904
67 73 -0.6272199073000351
67 74 0.038839049451998564
67 77 0.46044757312358686
67 78 -0.5809077391973714
67 80 -0.6260506516549187
67 81 0.7122889558113585
67 83 -0.5664650906061159
67 84 -0.20988311891754896
67 91 -0.542758883668442
67 94 -0.5664159195843597
67 96 -0.8876999780144044
67 99 -0.2357946882997486
67 100 -0.49264847949243906
67 102 -0.09007163406379348
67 103 0.499603917010669
67 104 0.4058196308578097
67 105 0.23483777310532972
67 109 -0.4292533634435556
67 110 -0.84263107401862
67 112 0.4569387275205896
67 121 0.8382427072263554
67 122 -0.2617703512453524
67 123 0.10673403884691046
67 124 0.8836299225750794
67 129 -0.9765656865138854
67 130 0.472193793540294
67 131 -0.5782358429515926
67 134 -0.952433541379031
68 70 -0.727924930515633
68 73 0.5798370430438926
68 74 0.5696313015511976
68 76 0.47566538578621653
68 78 0.7089734484108763
68 79 0.3279676844661905
68 80 -0.08695441478945898
68 82 0.9201021369952012
68 83 -0.8626841271417662
68 86 -0.2410142450137036
68 87 -0.6772029845416612
68 88 0.629755631038694
68 89 0.030257433811957668
68 90 -0.061156573275647164
68 91 -0.38934015456466997
68 92 0.5230211159477689
68 93 0.8594723601636287
68 96 0.12112070646143547
68 97 -0.6474987439264157
68 99 -0.6804999338328648
68 101 0.03872505919302416
68 105 0.1854600482838289
68 106 0.2691911032307066
68 107 -0.38443165285068126
68 109 0.7961502466420085
68 110 0.965755587706473
68 114 -0.7469092012013856
68 115 -0.930570881431436
68 119 -0.8831794358578973
68 120 -0.15826363684435063
68 121 0.8458600171857384
68 123 -0.49692457966529213
68 125 -0.27643980053743267
68 132 -0.08827797761910672
69 71 -0.8595071017148186
69 74 0.13595867000324202
69 76 -0.6183329864820439
69 78 -0.8730464687623178
69 79 -0.590450981279486
69 80 -0.6607754932225811
69 82 0.3269582090625285
69 83 -0.7829437950258342
69 88 -0.8040719912562297
69 89 -0.4137704246338241
69 91 0.9335673357447678
69 93 -0.7582371662245269
69 94 -0.09034414731846696
69 98 0.04427901872710782
69 111 -0.8114526014210506
69 120 0.6230379709478631
69 122 0.7843514701353345
69 123 0.37563917163762484
69 124 0.5101947372992237
69 125 -0.817176334548231
69 127 0.661419547118586
69 133 -0.5358664509613618
70 71 0.22252427913610262
70 72 -0.12030366061621756
70 73 -0.16629398585014465
70 75 -0.5659318159990001
70 77 0.8285860123396869
70 82 0.6317091538248785
70 83 -0.7663312069686634
70 84 -0.46698452950822067
70 85 0.7859144412291885
70 86 -0.12715416440043503
70 89 0.6080688862532877
70 93 0.06310852561167657
70 95 0.6890239036538486
70 99 0.6557897367727639
70 102 -0.9795208621539433
70 106 0.4240867265147059
70 109 -0.6838255071165313
70 112 -0.22543617706591013
70 116 -0.25162406787442193
70 123 0.43107087243566844
70 126 -0.2270130913157915
70 127 0.6151422232539516
70 129 -0.16288497539258762
70 131 -0.4002753462628341
70 132 -0.3335313873147918
70 134 -0.7064904848934292
71 72 0.6762436066866964
71 76 -0.16069269091625404
71 77 -0.9813833173900144
71 78 0.8948558827408439
71 79 0.84970083678087
71 88 -0.5016288366160297
71 90 0.514953195854305
71 91 0.3995161888383185
71 92 0.9703538029036911
71 94 -0.5955743538617106
71 95 0.30960464354604644
71 96 -0.21683379042893458
71 99 -0.22066305776646566
71 105 -0.5920856012284907
71 106 0.7292901258376925
71 110 0.041614933632911466
71 111 0.08589434180558109
71 112 -0.9981053198381749
71 116 -0.01702573740485369
71 120 0.8967670826129701
71 123 0.9386247424092551
71 125 -0.7385817634188818
71 134 0.5362382287269425
72 75 0.4837294488708084
72 76 0.6136755936665048
72 77 0.6593204249780587
72 89 -0.2067053238738168
72 92 -0.21547308689364453
72 93 0.25120206584751115
72 94 -0.9712750773152747
72 96 -0.4409462094017129
72 97 -0.42508023044720855
72 98 -0.7618518599551112
72 99 -0.1398759875815352
72 102 0.18173908152623985
72 104 -0.04993728877075876
72 105 0.33920384780766577
72 106 -0.27548506556989283
72 107 0.8256639311419964
72 111 -0.8151798594222801
72 113 0.10249121366504932
72 116 0.417838024265728
72 118 0.11541755640736295
72 119 0.6255996146407372
72 122 -0.2324241036795458
72 124 -0.06544053081462864
72 127 -0.17492663127533525
72 128 0.5271038690117917
72 132 -0.3588493843446299
73 76 0.24986206715635872
73 77 0.4806869643247056
73 78 0.41441832093876263
73 86 -0.3319499860038826
73 95 0.8899953601486312
73 102 0.0707600841021554
73 107 0.11610691451060884
73 108 -0.8780736742960196
73 109 -0.5972841740774122
73 134 0.32596056934138296
74 81 0.9153721430979131
74 83 0.2964270028582794
74 91 -0.43853699275053915
74 93 -0.8835423110246914
74 95 0.8492663692396356
74 96 -0.6562582853125478
74 100 0.3894095863012552
74 103 -0.06202719255842393
74 107 0.5370064463585669
74 112 -0.22949943647984994
74 115 -0.5187877520650159
74 118 -0.7068343074781933
74 121 0.6776182120361549
74 127 -0.3447118712786692
74 129 -0.05137345333813692
74 130 0.16444776967918462
74 131 -0.5663966584299776
74 134 -0.9073211913258719
75 80 -0.32236897038671364
75 81 -0.6702432743570175
75 83 -0.06777783983751973
75 92 -0.8743968424126567
75 93 0.87053255878572
75 94 -0.47967965011868663
75 95 0.5092421559393507
75 98 -0.7036038054987928
75 102 -0.1269616133425464
75 108 -0.6906617897197838
75 113 -0.24196503112760892
75 115 -0.25190828344087546
75 117 -0.8993901740793024
75 127 -0.7782200125644327
75 129 -0.8917847842611069
75 130 0.30088158909760665
75 131 -0.7992074526873152
76 77 0.39787402164020436
76 80 -0.6535397363033373
76 83 -0.8621998907922654
76 92 -0.5516785999281875
76 95 -0.11980015024667257
76 96 0.05653771487006898
76 99 -0.24866374048629214
76 102 0.3403510549071125
76 107 -0.3051850869599002
76 108 0.05883401065964744
76 112 0.057835591550548626
76 114 0.6117775714909046
76 120 -0.9976111422206717
76 127 0.8845377744257528
76 129 -0.675168558234077
76 131 0.10497081304176592
76 132 0.7624448384971281
76 134 0.18503178492376127
77 79 -0.5714797585899691
77 85 -0.9748394149386319
77 88 -0.9525166417102864
77 93 -0.8604521086899164
77 97 -0.7585403358264864
77 98 0.3413220847548424
77 104 0.9077416186252456
77 106 -0.3389989120868908
77 109 -0.11277132114181754
77 111 0.8029950897318932
77 114 0.2588032206432951
77 117 -0.7623080594032989
77 118 -0.9310118797696014
77 120 0.8173689791172771
77 122 0.5070304669159313
77 125 0.1608699596254317
77 127 -0.1351575767806743
77 128 0.7275076220587
77 129 -0.8546366708025337
77 130 0.6790394847736727
78 83 0.06916065034137064
78 85 0.16789326755921552
78 90 -0.19223874775291394
78 93 -0.7654912358495365
78 95 0.7525420235111335
78 97 -0.3731262335292971
78 100 0.9780146113143648
78 101 -0.23785720454330317
78 102 -0.9470821410427812
78 104 0.646442366488795
78 108 0.02949344747099447
78 110 0.7973386330259513
78 113 -0.3348531349960979
78 116 -0.6576273946028424
78 118 -0.4728044280809083
78 122 0.17730466806831924
78 123 -0.16531782527022298
78 124 0.8498035777785835
78 125 -0.17372357440815778
78 127 -0.33594055538406864
78 128 0.9730778602255978
78 133 -0.5675570513362833
78 134 0.5629239049689831
79 82 0.8476888133963882
79 85 0.7005581235049492
79 86 0.4614997197573565
79 87 0.8078505248544465
79 93 -0.09789342452615846
79 95 -0.82170813158076
79 98 0.41883173223965287
79 100 -0.6232742455929257
79 101 0.18190950252263116
79 102 -0.47049003084367924
79 105 -0.4220561845602331
79 111 -0.8716457921244007
79 118 -0.2785066610629867
79 121 -0.40838357886027277
79 122 -0.5322770218095054
79 124 0.19809667083607918
79 125 -0.29033532498606296
79 126 0.5242477646184971
79 127 0.8401745595879606
79 128 0.6736945031094166
79 134 0.3146228337959802
80 81 0.44419667148639563
80 84 -0.4850486903124196
80 86 -0.9433849481168362
80 87 -0.7049971175979042
80 89 -0.7561104417061122
80 90 0.9380479363165988
80 92 0.25628266616496953
80 96 -0.9753588044892756
80 102 0.6243424647226863
80 105 0.4058196914927248
80 106 0.13426415230196365
80 108 -0.6939933765991599
80 109 0.4893352164488718
80 111 -0.9877955403424312
80 112 0.5460479980735733
80 113 0.46876362625041845
80 114 0.11365531245047578
80 115 0.5013988078490423
80 117 0.8129294480231495
80 121 0.8003337966932091
80 122 -0.3485059048683712
80 125 0.7760774490374016
80 126 -0.4772585381249499
80 129 -0.25518537986381284
80 130 0.8324780393809099
80 131 0.5219369783768832
80 132 -0.12375042414438697
80 134 0.3336988735526636
81 82 0.799719425580957
81 84 -0.7413784005471504
81 88 0.840987677978208
81 92 -0.8399223080635736
81 93 0.5602424031239612
81 95 0.3958400662048174
81 97 0.8863033590529252
81 98 -0.8847048977164729
81 100 0.3136561182815232
81 102 0.5669998346030312
81 115 0.923153298908389
81 122 -0.19425042915740875
81 123 0.1558409277087689
81 127 0.3423860268358938
81 130 0.7310134614031294
81 132 0.6848681509495513
82 87 0.6898504651342605
82 88 0.06586307226175792
82 89 0.06394109369487078
82 91 0.4431973808593268
82 92 -0.8251456078256318
82 93 -0.7356522475544003
82 95 -0.9092634195471152
82 97 0.5331389417540946
82 99 0.8422239547849446
82 102 -0.11321522091409442
82 104 0.7754547095256499
82 120 -0.7655611953989903
82 123 0.9522344770969422
82 128 0.543541096044553
82 130 -0.38046656189450134
82 134 -0.5598066118807399
83 85 0.32378764898942825
83 89 -0.5831880771846725
83 90 0.952759368003
83 92 0.12477867269059151
83 95 -0.8456203180226145
83 96 0.40358451282452945
83 102 0.43022341663463637
83 103 0.7532502045183758
83 105 0.846765828802378
83 106 0.5803710803183983
83 110 0.43063003357990337
83 113 0.7178438088157009
83 114 0.950441539601079
83 115 0.9601994815965955
83 118 0.42108024937515176
83 121 -0.6762645952869315
83 124 0.7813033679411225
83 127 -0.34601575433509124
83 130 -0.25094106168024966
83 133 -0.3058364488201737
84 89 0.6559971648261151
84 94 -0.6748737165999386
84 97 -0.24524203262419464
84 103 0.7988004916197118
84 104 0.9767013032146561
84 106 -0.7531744515687393
84 109 0.7950964840873487
84 111 0.26769726225926394
84 113 -0.6873129441156292
84 118 0.06879299006814055
84 121 0.48934309944088716
84 122 -0.24462338665224292
84 123 -0.42740853717834204
84 124 -0.9424160279320029
84 126 0.08467062551083626
84 128 -0.7644725657659699
84 129 0.5809911755534736
85 89 0.5642682916524064
85 90 0.778780888631786
85 99 0.43342190763103305
85 101 -0.3335105179307918
85 108 -0.3468994540276784
85 110 0.28813483821225416
85 114 0.37962154291071126
85 117 0.9701403609047416
85 118 -0.8679385266117547
85 119 0.36566108373042394
85 121 -0.07963687907006478
85 126 -0.27162491094835906
85 134 0.34521554778284247
86 87 0.9963968991088412
86 92 -0.6942159255569869
86 93 0.5350130888523221
86 94 0.21489041948469967
86 97 -0.46232625551046125
86 99 0.8635364637220979
86 101 0.004341071422277132
86 107 -0.18226685310747426
86 110 0.22124925456961742
86 111 -0.3341808227210712
86 116 -0.8443859820335604
86 117 -0.4064066033141298
86 119 0.5850194495512411
86 121 -0.9422103182459485
86 122 -0.3897589303142759
86 124 -0.5626259681102923
86 126 -0.9347419792528944
86 130 -0.6313589803881758
86 132 -0.004811686912251423
87 88 -0.8501883747571308
87 89 0.8782730449247165
87 90 -0.9164204617166758
87 97 0.6614348016617582
87 104 0.30652428778909124
87 108 -0.8800179408747939
87 110 -0.5964381948092221
87 114 0.03618450250835559
87 120 0.1315465508520015
87 125 0.14501928695848654
87 126 0.800896052881934
87 128 0.5403696006031886
87 130 -0.7689896694911673
88 90 -0.5686885800576562
88 96 0.6958711292570872
88 99 -0.4640624522609371
88 101 -0.09849629204596866
88 105 0.9811706561895006
88 110 -0.7528904064811932
88 112 0.714250862516197
88 113 0.07241556907667257
88 114 -0.14808853289153667
88 115 0.3910235923368115
88 116 -0.9629295316808444
88 117 -0.358543401700673
88 124 -0.12567164024526778
88 126 -0.8243767066169121
88 128 -0.4720823368028262
88 129 0.656109222436414
88 133 0.17506584140651782
89 91 -0.5889747619064147
89 92 -0.4135818313292292
89 93 -0.7876363229337673
89 94 0.04529434112236608
89 95 -0.6898564327245376
89 101 0.7555002019772765
89 107 0.8395721605347259
89 109 -0.4271522089810822
89 112 -0.7812149096057057
89 113 -0.8990769737125299
89 119 0.3534938181972087
89 122 0.8387530749369805
89 124 0.30610944632714454
89 130 0.12912520071121358
90 92 -0.7705687061783766
90 94 -0.38376172797332675
90 97 -0.512798064308118
90 98 -0.6180514533195507
90 104 0.31260656407162957
90 105 0.7922830287543225
90 106 -0.3503946562069975
90 109 -0.08320790184822324
90 114 0.07086613640313799
90 119 0.07102220374500723
90 123 -0.5760770581116093
90 129 0.15850132687966112
90 130 0.6188413638965857
90 131 -0.870972153405019
90 132 0.6403299384839505
91 99 -0.15183912168362346
91 101 0.4251621584149179
91 103 -0.055430610513917955
91 105 0.34692983466900973
91 108 -0.8758712704761835
91 110 0.5576930711575505
91 112 0.9183870007532797
91 113 0.5788033249757656
91 114 -0.5230502696321297
91 119 0.6024744401046023
91 125 0.6814089263743954
91 129 -0.2295522246032451
91 131 0.7845768119805132
91 132 -0.11428019241097909
92 93 0.591102910882666
92 98 -0.8170722354897784
92 100 -0.8509208461599793
92 101 0.19289457685207956
92 104 0.8197382312787262
92 110 -0.21630509354723548
92 114 0.9124709534397815
92 117 0.9077057773851711
92 120 0.511852291795174
92 121 0.593464878608799
92 123 0.9704285248268063
92 126 -0.8575111865935281
92 129 -0.010712182415344662
92 130 -0.06801821466849911
92 134 0.6046464354617072
93 95 -0.9979640669065848
93 97 0.7089404378974775
93 99 -0.9822602907958131
93 104 -0.11011899379458301
93 110 0.7610025269298768
93 112 -0.3756228660660266
93 113 0.7719548500945324
93 114 -0.25434422093917153
93 116 -0.475602496593738
93 124 -0.5849819183660241
93 125 0.7184243838576474
93 126 0.2623072968596416
93 127 0.8876328537313585
93 131 0.45965975937492076
93 134 0.5092186429180945
94 95 0.05837470436317793
94 98 0.46579168913392843
94 99 -0.09480729848968639
94 103 -0.25436572173442396
94 104 0.24110537261511644
94 108 0.18933412750901057
94 109 0.6964041824045977
94 113 0.534915552692864
94 114 0.7592573353962853
94 119 0.9375306538707957
94 120 -0.22283029427023493
94 121 0.8208549501311131
94 122 -0.07465925761340553
94 124 -0.17898089486320523
94 127 0.8145639404379175
94 128 0.6182364871107477
95 96 0.05536706909862721
95 97 -0.9109072144979102
95 99 0.33974831602711153
95 101 -0.7188084752315933
95 102 0.999635755965044
95 103 0.3509261537814261
95 105 0.3569226665733163
95 108 0.8995617716030886
95 114 -0.6153240030317428
95 115 -0.7155770784401989
95 116 0.6857652869266644
95 120 -0.7232956450862527
95 121 -0.6031562831357395
95 124 -0.015271177575481909
95 127 0.48734240195884837
95 130 0.23690098901520606
95 131 0.7725252073752604
95 134 0.18837535184099963
96 98 -0.0032304218667533746
96 101 -0.1153538159980716
96 102 0.6247945507043291
96 109 0.5809570240463469
96 111 -0.6642128424877745
96 113 -0.374707919331587
96 116 0.374051110500182
96 118 -0.24188979157995938
96 119 0.9060004490886553
96 120 0.45349397410180803
96 121 0.6082840663113045
96 126 -0.22944372327901008
96 128 -0.1882699486604742
96 132 0.8193906857193236
96 133 -0.24387047049206134
96 134 -0.2259598326836476
97 101 0.11028876184486602
97 103 0.9556577977980252
97 105 -0.06719399812172822
97 107 0.29902829345516624
97 109 -0.49716605955454973
97 110 -0.9006488641828103
97 114 -0.6256958237882744
97 115 -0.16913014724652164
97 124 -0.3310541981408366
97 126 -0.34187710473092037
97 131 -0.10075783344900291
97 134 -0.8868586154089786
98 99 -0.7889265394560794
98 100 0.7707027031453222
98 102 0.824353852606031
98 104 -0.032043071931231015
98 106 0.3224354978417525
98 107 0.38024510307400106
98 108 -0.32758679777540656
98 109 0.29545641254896093
98 110 -0.13733571880899098
98 113 0.8849166962381134
98 114 -0.8387343506437162
98 115 0.7960680718361388
98 119 -0.41721577676911137
98 129 -0.2764824331252391
98 134 -0.801490373235463
99 102 -0.45030695289016087
99 103 0.5494319015002853
99 106 0.7994145695989083
99 107 0.9618678728853449
99 109 -0.9048173319448329
99 110 0.3147383088736706
99 111 -0.17630152869888738
99 113 0.3560338481235312
99 119 -0.03554261333109232
99 121 0.9563355958726805
99 124 -0.17411157089261953
99 125 -0.24121502159316943
99 127 -0.5548173869813764
99 128 -0.4079206934805364
99 129 0.7966907162981487
99 133 -0.19250789273324997
99 134 0.4507514439940774
100 102 0.0235973460789356
100 105 -0.26827983210198236
100 106 -0.7749645899660158
100 108 0.20507396235921194
100 110 0.321073306677768
100 113 -0.9331309960627208
100 114 -0.3513047118734527
100 115 0.8659370083546092
100 116 -0.4389145697429666
100 118 0.7579909961890021
100 119 0.10316199092952982
100 124 0.3289285174130372
100 127 0.3304686168268518
100 133 0.4130842603428486
100 134 -0.5992192947065755
101 106 -0.07240365536403703
101 111 0.06321949886021527
101 119 -0.3152475959027863
101 120 -0.7887484874191282
101 121 0.37699324537630363
101 124 -0.8577708587474855
101 126 0.1196511684987207
101 130 -0.38444937947117963
101 132 -0.2668522940241356
102 105 0.8648155862072626
102 106 -0.42585240903433186
102 108 -0.5475101347353148
102 114 0.9438431211764797
102 115 -0.014244518025787523
102 118 0.12984797752704247
102 122 -0.6685891396731551
102 123 0.0500371418635881
102 124 0.5967924399639453
102 125 -0.28247703656394485
102 129 -0.3945102290375937
102 130 0.28578335160537893
102 134 0.5859331447497726
103 105 -0.3435369819710161
103 106 -0.9230093179179086
103 111 -0.7281775031883111
103 113 0.08461591657424083
103 120 0.5527634343286361
103 121 -0.587030827847618
103 122 -0.13032082204156437
103 123 0.18156900549473765
103 124 0.3791532518628775
103 127 -0.2537453323734642
103 133 -0.06922494233496623
104 105 -0.6464128333012036
104 107 -0.5220384152513184
104 111 -0.6996084092120274
104 117 0.16207049569303633
104 118 0.7345336451921325
104 119 0.3082279229002771
104 122 0.4625311804131349
104 126 0.6171340125924019
104 128 -0.7996957437667327
104 129 -0.9932594836116724
104 130 -0.578130247214276
104 131 -0.8665437626207777
104 133 -0.16214039309139738
104 134 0.8463927046606021
105 109 -0.9763586759523819
105 111 -0.578104270104798
105 112 -0.6342067205423525
105 114 0.01916731854519882
105 123 -0.22122874600552955
105 124 -0.840086176207627
105 125 0.6191171442418042
105 129 0.7226513578418754
105 133 0.7271116554648334
105 134 0.7268247352575019
106 110 -0.5172131115631202
106 112 0.8868474237370239
106 113 -0.043975701273699874
106 122 -0.48409612259691537
106 123 0.7457401324833008
106 125 -0.49614608043815434
106 126 -0.1946262212603722
106 127 0.14042978272718054
106 130 -0.11535426061072829
106 132 -0.06579047248290815
107 112 0.8873294773373892
107 114 0.9413736565947275
107 120 -0.591763169868927
107 121 0.19892512213294622
107 123 0.5360098750091751
107 124 -0.5714415806026163
107 127 0.33749809553606247
107 129 -0.3256961121019837
107 131 0.16769436150653116
107 132 -0.9651773580829281
107 133 0.5722145633222606
107 134 -0.8136723372916246
108 110 0.20665377859949396
108 112 -0.783577339486911
108 115 -0.6230154333713127
108 116 0.41514671770661815
108 118 0.5507019328383504
108 119 -0.37376005976997884
108 131 -0.900729077079222
108 133 0.36897636953900337
109 123 0.7760294941961645
109 124 -0.3908309588394172
109 131 0.3530707385919487
110 115 0.07038073081244556
110 116 -0.12792562007295127
110 117 -0.8206556083130174
110 118 0.30002823046247973
110 119 -0.5130923664471552
110 122 0.6094404604062957
110 123 -0.38978642040014067
110 124 -0.49495723268593883
110 128 0.5516670681317537
110 129 0.7031632220111412
110 130 0.20418988965631413
110 134 0.37046765903992585
111 113 0.12801920776491937
111 114 -0.0982949030936986
111 115 -0.1339140661346223
111 116 0.11799929414994192
111 119 -0.48944484926947673
111 120 0.35888843333533615
111 121 -0.22017622620113264
111 122 -0.3526289011016188
111 124 0.20235634432897798
111 134 0.37317644189673227
112 114 0.06347636014270952
112 117 -0.422107490699013
112 118 -0.2640830461298287
112 119 -0.24096132418841587
112 120 -0.7953714512350074
112 123 -0.7826851947485434
112 125 -0.2972078880637643
112 129 -0.3546564832144288
112 131 0.2915997618247903
112 133 -0.05203782991595052
112 134 -0.7901029688495378
113 116 -0.04819792741617901
113 118 0.2174780393340121
113 123 0.254712371117336
113 127 0.20886416285697895
113 133 0.05250184009221859
114 118 -0.23787058028836539
114 121 -0.5506984114234481
114 122 -0.40206823305382233
114 126 0.7060590544495466
114 128 -0.46593327476998314
114 129 0.45771285345636814
114 131 -0.4095708658888848
114 134 0.7874601253673383
115 117 0.32812749953754694
115 121 0.36196106459862665
115 123 -0.921876753274423
115 125 0.8685227409749539
115 127 0.05054852915443275
115 134 -0.5959155764065711
116 122 -0.7363878823138421
116 124 0.1277395658591538
116 126 -0.6907384260400873
116 128 0.7120878710332708
116 134 -0.17017524360317915
117 120 -0.5777292508511989
117 124 -0.9768565634749586
117 131 0.7423977620698095
117 132 -0.746900415331686
118 125 -0.6377519475170124
118 131 -0.9618908118475453
118 133 -0.7121592583915966
118 134 -0.23263041847716726
119 122 -0.7707756968467483
119 123 -0.2015176128544589
119 126 0.34022421156250715
119 128 -0.8751834011341668
119 129 -0.7843537414812431
119 130 -0.5832312381247151
119 131 -0.9516721186544796
120 121 -0.46494446217576346
120 122 0.9791025695871154
120 123 -0.6726529276023956
120 125 0.06724700520714211
120 128 -0.292725048586832
120 132 0.617776852995815
121 122 -0.7584595976669775
121 123 0.05789546680175328
121 124 -0.5172391987535694
121 129 0.5559301036477529
122 127 0.23529433072338612
122 128 -0.26568484998271713
122 132 0.5373959416275627
122 133 0.7194120993625099
122 134 -0.3507915095187266
123 124 0.8292309731155549
123 126 0.04535330560670947
123 131 -0.6294950631154927
123 134 0.2570258350466943
124 125 0.9917285819234696
124 127 0.64408959805091
124 130 0.12107510464067772
124 131 -0.4822893824638186
125 128 -0.08181225718053642
125 129 -0.8691660996599666
125 132 0.4126977671349006
125 133 0.5562956563921044
126 129 -0.1386726317926552
126 131 0.29692993572561965
127 130 0.8256651727514921
128 129 -0.6392252018945961
128 130 0.4308839916703546
128 133 -0.0505253941143311
129 130 0.6016164963595951
129 132 -0.3574998393595683
130 132 0.3096735296027531
131 133 0.6358735520531138
133 134 0.2904978227278572
