105 3279
0 -0.4828173465675025
1 0.6554425900012171
2 -0.9340248631880035
3 -0.959611147518145
4 -0.17714105599398033
5 0.017145158968239427
6 -0.01808492929049499
7 -0.15120683631769216
8 -0.9261241728388783
9 -0.9588909080472885
10 0.16413194123111507
11 -0.27892163578529394
12 0.42480888596326793
13 0.7414642427654183
14 0.32534011434545884
15 -0.35284183343328257
16 -0.07071481311259742
17 0.6327759296281119
18 -0.1622070348800071
19 0.9222141627090386
20 -0.942550899938227
21 -0.27489724168006013
22 -0.5026911546413864
23 -0.8419648578751686
24 0.05928650788822987
25 0.6089803273537902
26 0.8087233027389322
27 -0.1840392389544505
28 -0.6329713371734087
29 -0.864827960084487
30 -0.7178857564601542
31 0.38338964093840255
32 0.8386743360693873
33 0.2515564026261392
34 -0.4735095930670685
35 0.03944948634954715
36 0.25634950206709695
37 -0.10269053341500678
38 -0.9170838252463063
39 0.32819742054430656
40 -0.39822220101506933
41 0.5741527088893348
42 0.5056248351027208
43 0.04784124188883876
44 -0.8954995956622653
45 -0.33132241237385296
46 -0.2464401248586776
47 0.8713406250980238
48 -0.9790514960416579
49 -0.18812390212406815
50 0.821095541536013
51 0.13820243045346992
52 -0.4743550198364044
53 -0.08847496404128963
54 -0.6964766831998306
55 -0.158207236241529
56 -0.6520426291304822
57 0.5831673238072219
58 -0.9700528410742764
59 0.1746464136191046
60 -0.15056070066085225
61 -0.41610082427913975
62 -0.23845548093097224
63 0.2806767826483536
64 -0.811079878249112
65 -0.0737387482774674
66 -0.6042816395078283
67 -0.1972727594027064
68 0.8444654393854685
69 0.45302297777908773
70 -0.3170340420726083
71 -0.8519251549201114
72 0.20109865797052517
73 -0.5533122449385064
74 -0.24734768180946043
75 0.3908149074377323
76 -0.8372561399527132
77 -0.927090009483502
78 0.46688146705457045
79 0.9534374223124704
80 0.4838730038968573
81 0.9219023817730951
82 0.2661026562636706
83 -0.09560917873065145
84 -0.9295287641683392
85 0.08192051030676106
86 -0.3553020084395302
87 0.7333955543698403
88 0.8964783584154206
89 -0.8279358325947661
90 -0.17134573743257353
91 -0.4289023250130395
92 0.8467763145869451
93 -0.10407307357144235
94 0.4035184608267661
95 -0.19174770697208077
96 -0.41107606523082985
97 0.8714408454515794
98 0.08000523180664088
99 -0.5119412468752744
100 0.9147292461771275
101 0.662405252307938
102 -0.75735350763797
103 -0.16052988493202536
104 0.6127180492445761
0 2 0.31204230977583625
0 3 -0.6662662109768396
0 4 0.9951929556818231
0 5 0.8881036876271575
0 6 -0.23385946958358717
0 12 -0.4980430456647953
0 20 0.7893185451137585
0 21 0.8593074543402763
0 23 -0.720726686345716
0 25 0.47297604501536017
0 26 -0.381092924651631
0 27 0.6125965405141895
0 29 -0.5545664823922936
0 30 0.02032817360001027
0 31 0.6369910012570441
0 32 -0.8416722820817171
0 34 -0.3024430565598024
0 35 -0.7063150488376992
0 37 -0.21063667763119875
0 39 0.600687305052092
0 40 0.3993769253148767
0 42 0.452040784399657
0 43 0.6483285999501951
0 44 0.538515182602572
0 45 0.582447239404376
0 47 -0.7193228300314498
0 48 -0.01023971967986581
0 54 -0.022942756635184747
0 55 -0.5079654220446006
0 56 -0.33282142843056217
0 57 -0.5051417791493837
0 58 0.14147785364596532
0 59 0.7208375084783092
0 60 -0.5049091000732358
0 62 0.4134283860057941
0 63 -0.8955945049657079
0 64 0.4250820132686828
0 65 -0.7268860832757853
0 66 -0.713267253634533
0 68 0.37095687346881157
0 69 0.9257395379153208
0 71 0.018276881665355127
0 72 0.867226317032399
0 75 0.06370076113754908
0 77 -0.8501395757832759
0 79 0.5796680631279032
0 80 0.11215455442076605
0 81 0.7096812601441251
0 82 -0.2617488275048261
0 83 0.9066950348181331
0 86 -0.008807795175707733
0 90 -0.8308862958648779
0 95 -0.31162959376901345
0 96 -0.4627982252471181
0 97 -0.6046078711456901
0 98 0.026942969388990656
0 99 -0.6998769585372904
0 100 -0.05288783598951463
0 101 -0.13310633730354682
0 103 0.4204353134894139
1 2 0.8999720588545261
1 4 -0.363780392532421
1 6 0.7868184740253816
1 7 0.9098229211821482
1 8 -0.7260061884861717
1 9 0.4193188981035696
1 10 -0.05970517024535904
1 14 0.6071582004703344
1 15 0.44837205384891843
1 17 0.45424093938877674
1 19 0.9839758190724288
1 20 -0.11165439108040753
1 22 0.2905909663370343
1 23 -0.7299438260849958
1 27 -0.33950674430965067
1 28 -0.4529770820605259
1 29 0.8502755134562299
1 30 -0.06329990097940508
1 31 -0.02525450801793161
1 32 -0.0969490057364657
1 34 -0.532488221439378
1 35 -0.42223581845544755
1 37 0.8658517508518031
1 38 -0.7437236946741641
1 41 -0.3727106464688872
1 43 0.6670527350825588
1 48 0.8431152383421503
1 49 0.12195252364121933
1 50 -0.5326600815823879
1 53 -0.7501510215452483
1 54 0.2206662593170814
1 56 0.6208824401206663
1 59 -0.6486570421612743
1 60 -0.45498718717192
1 62 0.2084377630172496
1 63 -0.31489429804946134
1 64 0.43310781963240785
1 65 -0.1136031859838289
1 66 0.28730891580448814
1 67 0.59979965240197
1 68 0.37971328526172643
1 72 0.513527115316619
1 73 -0.1135586201583545
1 75 0.5472489556706976
1 78 -0.6615505561564434
1 82 -0.739156913201183
1 84 -0.7412226829387656
1 85 0.3634779751643773
1 86 0.8012124965981826
1 87 -0.5886504706676949
1 89 -0.4525279033101348
1 90 -0.732091945446878
1 92 0.10244743760503106
1 93 -0.02112519174905625
1 94 -0.40521754991833925
1 100 -0.8435378794552295
1 101 -0.09033708937407381
1 104 0.8262780987692759
2 3 0.08537811414590046
2 4 0.2627571653480134
2 6 -0.7009924386417898
2 8 0.2218995638411616
2 12 0.9944509719536991
2 13 -0.6945078224767987
2 15 0.5351827458474199
2 16 0.2098961400539494
2 17 0.4505768496553426
2 20 -0.8371367431410475
2 22 -0.46379728160671996
2 23 0.6283639853653065
2 24 0.8486066582584888
2 25 0.49480618395818987
2 27 -0.27544011008775726
2 28 0.698842611371904
2 29 -0.8752055812372226
2 32 0.27229413735432395
2 33 -0.30838621254958953
2 37 0.266199704807337
2 42 -0.752115076802973
2 44 0.5732936169842087
2 45 -0.5516387096614059
2 48 -0.367800708514501
2 49 -0.9614666176402797
2 51 0.5881948070683414
2 52 0.32325021373709295
2 53 -0.8141167843618602
2 54 -0.33870675238187387
2 55 0.8366018819410852
2 56 0.05188331322354722
2 57 -0.3901108405574678
2 58 -0.3019380499635962
2 59 0.14475662383592436
2 60 0.9307451433373575
2 61 0.3395418178900782
2 62 0.25035752470686234
2 63 -0.6401576646924287
2 64 -0.9154782947072502
2 65 0.23785129956143258
2 69 0.3625764166775296
2 70 0.2739013974375022
2 71 -0.9588571699050534
2 72 0.4376198863985805
2 73 -0.8920504642463116
2 76 -0.20241322911803095
2 77 0.723592926796145
2 79 0.9628302955602199
2 81 0.5980630560001392
2 82 0.20140776208956512
2 84 0.255036171831015
2 85 0.9299785473887265
2 87 -0.7783487500251911
2 89 -0.3098775424282578
2 91 0.7025464546557412
2 92 0.3973355486222969
2 95 0.6812981019532969
2 97 -0.07763923039849474
2 98 0.20063901336801315
2 99 0.8473834449457416
2 100 -0.45133587129190045
2 101 -0.457524718095204
2 104 -0.29933081502637404
3 5 -0.646166353449541
3 7 -0.1644644107234714
3 8 0.8307454220703581
3 12 -0.6716434261344066
3 14 -0.28868217432393717
3 15 0.26876423531475013
3 18 -0.5857831305193608
3 20 0.7709572292055953
3 21 0.7392901501441456
3 22 -0.4014431475748481
3 24 0.3104933908401524
3 25 -0.9664829899448482
3 26 -0.13427548511586362
3 28 -0.6010868327690402
3 29 -0.8739446195643819
3 31 0.9523814559283981
3 32 -0.6449182000655522
3 35 0.09319818389766321
3 38 0.48880239272563153
3 39 -0.5664154371799386
3 41 -0.8254030677916653
3 42 0.59565297136143
3 43 -0.11828950548296491
3 45 0.4604377352242517
3 46 0.02257161729821755
3 47 -0.32987360162418833
3 49 0.25541811977427886
3 52 0.17150038939538725
3 56 -0.4244435945943259
3 58 0.9829982821992949
3 59 -0.7664617002963983
3 60 -0.05448330646836208
3 61 0.3224494333281751
3 62 0.009920862153390608
3 65 0.55926340411475
3 66 0.7707145762189069
3 69 -0.8518065558484824
3 70 0.22946754553483983
3 71 -0.9080218411651986
3 73 -0.9133505081038538
3 74 -0.3762173079132418
3 75 -0.0664488135614647
3 77 -0.5669905360859036
3 79 -0.5235820453874545
3 80 0.1415713236032996
3 81 -0.41072747597044756
3 83 0.04804667027447529
3 84 0.3307423509786065
3 86 -0.9974952779067872
3 90 -0.7533609163144517
3 92 0.2224953918840955
3 94 -0.10299777315863201
3 95 0.02613268326006324
3 96 -0.6208380912187097
3 98 -0.8709704218820598
3 100 -0.4612309947036919
3 101 -0.3563804328261244
3 102 0.44590522115694897
3 103 0.9053203854287153
3 104 -0.36811737687764046
4 6 -0.47594286304573097
4 7 -0.9547982691808647
4 13 -0.8610404177221718
4 14 0.9247806160555583
4 15 -0.37146524584704954
4 16 -0.058363760089125805
4 18 -0.052995903117760035
4 19 0.08285566981052428
4 22 0.28111669936056893
4 23 -0.7300333861416775
4 24 -0.529234962557203
4 26 0.29420966068736676
4 27 0.6402282985304684
4 28 0.01066289197419179
4 29 0.21676629791316793
4 31 -0.8135753534001076
4 33 0.590891684232316
4 35 -0.32206058401532656
4 36 -0.4646192136324969
4 37 -0.24541249414735922
4 38 -0.35913468981770813
4 39 -0.36832556451295684
4 40 -0.31615445638586404
4 41 0.6634594978102779
4 42 0.5896178945277126
4 43 -0.4934591582446597
4 45 0.6873561001576702
4 46 0.20302587869069688
4 47 0.15439361123964068
4 48 0.294904777792931
4 51 -0.5728593707184939
4 52 -0.38542841734627453
4 53 -0.03160669885732781
4 54 0.936969999031992
4 55 -0.02169661840431747
4 56 -0.1029410197389582
4 59 -0.48056054887673105
4 60 0.5504260846148146
4 63 -0.977540132882162
4 64 -0.1225626337515262
4 65 -0.859528877820958
4 66 -0.8184002833400446
4 67 -0.21632710586547876
4 68 -0.5358738755547026
4 69 0.6709999588968305
4 70 0.5834538533852129
4 72 0.9772465029490194
4 73 0.019213047289644125
4 74 -0.35215986395806675
4 75 -0.6811313865390987
4 77 -0.05453451362706252
4 78 0.42167969162377883
4 81 -0.8387572816258795
4 83 -0.31780750668643964
4 85 -0.15580171985248126
4 86 0.6919662296885123
4 87 -0.913014168728066
4 89 0.41003120658598236
4 92 0.7893934773753462
4 93 0.5487498556881472
4 96 0.505855607346624
4 97 -0.849155975244879
4 100 0.6434863716270596
4 103 0.9829611420245945
4 104 0.6863019487302027
5 6 -0.28021016284559885
5 8 -0.6360593881793288
5 9 0.417632721024918
5 11 0.8472661971849578
5 12 -0.09542570365175207
5 15 0.2555861594171802
5 19 -0.22915025654356147
5 20 -0.866306471624537
5 26 0.9916550454412716
5 28 -0.6083571063016857
5 29 0.7184710269980337
5 30 0.6884617117507164
5 31 0.919730715868623
5 32 0.6413292361661778
5 33 -0.06679616175140413
5 34 0.6187366754024268
5 35 0.32524150389862116
5 36 0.4833000011662243
5 38 -0.18227227148874792
5 40 0.7494216606564637
5 41 -0.6939786616291639
5 42 -0.41895855152348016
5 43 -0.7772314951179469
5 44 0.24762903659964408
5 47 -0.8540151967459189
5 51 0.639253473754134
5 54 0.14586567741189516
5 56 0.16058073335971623
5 57 0.5655089619798312
5 58 0.805669662548363
5 59 0.3075981382182895
5 62 0.4428701177445309
5 65 -0.3257140917314758
5 66 0.4188273844375534
5 67 -0.6001944838385282
5 68 -0.008897704889748281
5 70 -0.17006261491803598
5 72 0.7611826145834442
5 73 0.05269646187336008
5 74 0.9812234651839153
5 76 -0.8647002076835955
5 77 0.5288535181829637
5 78 0.051629603596723195
5 79 -0.40876829047112473
5 82 0.7415287665051344
5 83 -0.16416932572165588
5 86 0.2976625285181822
5 91 0.9024693526128083
5 93 0.6730290405961898
5 94 0.8743181683484496
5 95 -0.28306558103983326
5 96 -0.37611841749274966
5 97 -0.24794688499306772
5 99 0.30354177669968596
5 100 -0.9780902641581539
5 101 -0.5741086253899543
5 103 -0.25772339928418364
6 7 -0.5083622847999287
6 9 0.9750235330387431
6 11 -0.2631278356709563
6 12 0.20388897411977402
6 14 -0.5111899871369296
6 15 -0.22798011472593216
6 17 -0.8905626430133364
6 19 -0.37765509255775753
6 21 -0.8839989135165058
6 22 -0.41352319910691615
6 23 -0.2893827554364068
6 25 0.46440252562795736
6 28 0.31331838204119
6 30 0.4389086858327733
6 31 -0.4598114344199913
6 33 0.7783922868470947
6 36 -0.35758834189047906
6 38 0.4355661809988771
6 39 -0.4210786698018729
6 40 0.2158836992652866
6 41 -0.8046918930539815
6 44 0.33276180463175575
6 47 -0.8482813943833618
6 51 0.3565323293251299
6 52 -0.13771727478384976
6 53 -0.08885215790319201
6 56 0.2720412440029698
6 59 0.21345878610843472
6 61 0.4590618543406566
6 62 -0.15907871383309358
6 64 -0.5725406097898071
6 66 -0.11112325331068806
6 67 0.7698468834749026
6 68 0.39810762348941564
6 69 -0.6177242014635507
6 70 0.14389777231831502
6 72 0.25346149369266335
6 74 -0.025853261590671917
6 77 0.9335039626268831
6 81 0.6205070366744152
6 82 -0.8112036308341635
6 83 -0.6158559723535408
6 84 -0.7382436672154888
6 85 -0.6231560884746681
6 86 -0.31289305103198783
6 87 0.7090348494767187
6 94 0.5616111725803166
6 96 -0.4470650712279365
6 99 -0.06208813407382219
6 101 0.9218344218952834
6 103 -0.7533632983692837
6 104 -0.728452924071938
7 10 -0.6992350754890893
7 12 0.9453591765087461
7 13 0.5039506374325391
7 15 -0.966230391784356
7 17 0.010595937086566698
7 22 0.7871511884567906
7 23 0.9740858786014752
7 25 -0.9521383449775664
7 26 -0.8832925456219389
7 28 -0.4118615061369264
7 29 0.01065390981778136
7 30 -0.7311190369180869
7 31 -0.6781084864413967
7 32 -0.6739159438711333
7 33 0.274192166008538
7 37 0.8046372348437714
7 39 0.21933891228818325
7 42 0.6205644506526058
7 48 -0.7555493324084919
7 49 -0.5452334616588757
7 50 -0.7366961492237338
7 52 -0.4195951860289986
7 55 0.7284763051576073
7 56 -0.33852546311409304
7 58 0.3762726755706469
7 59 -0.7119126491822436
7 60 0.33463310720722816
7 62 -0.3968345362421444
7 63 -0.4048742514617838
7 64 -0.6991683304693059
7 66 0.3664104000700379
7 68 0.19239181355538792
7 70 0.44965699974536966
7 71 -0.9903850026184582
7 72 -0.4317251715417021
7 73 0.6003422726653034
7 75 0.1010455075822787
7 76 0.7154539742315924
7 77 -0.47535844620678613
7 78 -0.23497895221878928
7 79 -0.07027687148138795
7 80 -0.33344048999701226
7 81 -0.3816457402709452
7 82 0.45011845850495424
7 84 0.40692499895279033
7 86 0.10965688570428678
7 88 0.38165112525626177
7 89 0.6832093452816319
7 90 -0.10649681874029415
7 91 0.43902097581607524
7 93 -0.23927312335643713
7 94 0.5429412849848947
7 96 -0.33521867825064366
7 97 0.00581867064086139
7 99 -0.9438071517139279
7 101 0.08447189986485437
7 102 -0.7851910978036956
7 103 0.9508330783852164
8 9 -0.6309601845695314
8 11 0.5562131681523388
8 13 -0.561000029363681
8 14 0.4304733664707545
8 15 0.612039157199229
8 17 0.31433798261375157
8 18 0.10261880853107308
8 20 -0.8376033816060244
8 22 0.12970059837307302
8 24 0.8036016131099086
8 27 -0.48655371956206506
8 28 -0.19104733774848426
8 29 0.1910389279032949
8 30 0.5782951145892454
8 31 -0.08753993463542908
8 33 0.5319770448037429
8 34 -0.27174649355481595
8 35 -0.8420429780538143
8 37 -0.4972907156212236
8 38 -0.9184631412077828
8 40 -0.33877981234049304
8 41 -0.32488660803347047
8 42 0.5985719398218214
8 44 -0.8270286749599418
8 45 -0.6345483925042643
8 46 0.8668711746019648
8 48 -0.6344010040633872
8 51 -0.06851996329410581
8 52 0.21414196994641643
8 53 0.4212179729878611
8 54 0.5143533724125997
8 56 -0.0571794262960843
8 60 0.49701887042660475
8 61 -0.25423899291061325
8 62 0.6800883239434492
8 63 0.800118551698195
8 66 -0.41770816251911147
8 67 0.5721441642761667
8 68 0.5815100012223662
8 70 0.5818633513868507
8 71 -0.32516081934988117
8 72 -0.12485771115972755
8 73 -0.6277353999751423
8 75 0.3010999285274347
8 77 0.056985345978847635
8 79 -0.6884900860135204
8 81 -0.05439207719131445
8 83 0.05902304926080992
8 84 -0.9483854491495349
8 87 0.7773618861431477
8 88 -0.07612887667520685
8 91 -0.8326288308241738
8 92 -0.31860267410241727
8 93 -0.5667005194979939
8 94 0.6628783649876018
8 99 0.9290829872009057
8 100 0.13698547313759946
8 103 -0.821166589836327
8 104 0.056708677680435526
9 11 0.06332388477556217
9 12 0.31946685580206413
9 14 0.5789350304093233
9 15 -0.8788191263604024
9 16 0.12466932581971202
9 17 0.814776812269898
9 18 -0.3409300843903287
9 21 -0.9554185316922041
9 22 0.0473829258980234
9 23 -0.2758212555076205
9 24 -0.2194721316729653
9 25 -0.9602739253259289
9 26 -0.891715554304148
9 28 0.27108402730489445
9 29 0.47810253987112517
9 30 -0.3090597276466085
9 31 0.7482046755148422
9 32 0.3505961793443533
9 34 0.007204671697605969
9 37 -0.4456397390669591
9 40 -0.3498108132784643
9 41 0.7477792853834646
9 42 -0.5796960410685883
9 46 0.27562606611667695
9 47 0.3636058244364313
9 48 0.012276429526683064
9 50 -0.5076943029895997
9 51 0.4808917043497416
9 54 -0.6850417198231353
9 56 0.7997274492544677
9 57 0.4342182749925063
9 59 -0.45447055419273297
9 60 0.4845375002324468
9 61 0.27248731917032365
9 64 0.29782008583212716
9 65 0.8733067565172146
9 68 -0.7064772244259889
9 69 0.4839375104978805
9 70 -0.2568175093354974
9 71 -0.808682042539276
9 75 -0.5886642580362436
9 76 -0.7166181761304733
9 78 0.7188314209485929
9 79 -0.7495151362479358
9 81 0.3930037164188007
9 83 -0.9411101281211576
9 87 0.9065164293251242
9 88 0.13798226627506627
9 89 0.7420893016335803
9 90 0.8774253338868712
9 92 -0.6897463688599008
9 93 -0.5397628939392298
9 94 0.9737263867620825
9 95 -0.3822695368564746
9 97 -0.31806703735384745
9 98 0.20805748643484145
9 101 0.9363581478583167
9 104 -0.5554786375951546
10 11 -0.03692184227872053
10 12 0.4995942812460068
10 13 0.1786221239932999
10 14 -0.9656761483856675
10 16 0.23015685401262553
10 17 0.6615042547999102
10 19 -0.8012521310410097
10 24 -0.6109280228350842
10 27 -0.4041250201196158
10 32 -0.004540242513233483
10 33 -0.20023630541509596
10 40 0.5945737579050887
10 41 0.615152187999461
10 42 0.5075955782079558
10 43 0.03497630372557192
10 44 -0.2292152254528148
10 45 -0.4957088776066956
10 47 -0.49818110829678997
10 48 -0.15406132911541648
10 49 -0.10499961383673462
10 50 0.16616042921167762
10 51 0.08269521184427653
10 53 -0.5799292042047224
10 55 0.17009453921628648
10 57 0.8274176178960673
10 59 0.1261429701262018
10 64 -0.44131267764163673
10 66 0.6751292778815738
10 67 -0.9807189587860836
10 68 -0.9836849293818566
10 69 -0.8482578136351218
10 70 0.4452691269427862
10 72 -0.6985997257994645
10 73 -0.7156329347202697
10 74 0.17323753230370253
10 75 0.8614782216414512
10 78 0.568619342668196
10 79 -0.5517086661448665
10 81 -0.10812741445583951
10 82 0.04206967964204744
10 84 -0.3383732400443422
10 87 0.9327943510082781
10 90 0.06633159596072713
10 91 -0.6731642492045098
10 92 -0.3769740118209377
10 93 0.8901627646192278
10 95 0.005511218055441747
10 96 0.9955025580833066
10 97 0.17760926367029595
10 99 0.9116924858617395
10 101 -0.9666864554940664
10 103 0.46372694644261636
10 104 0.9442178552102207
11 13 -0.5134605544152961
11 14 -0.05452506661713907
11 15 0.2566542172488244
11 16 0.12489570783220261
11 18 -0.6762168703707667
11 20 0.6466742159422414
11 22 -0.9102360083711931
11 25 -0.7622481463054027
11 26 0.4133671851510632
11 27 -0.09158974564366362
11 28 0.28418888344683224
11 31 0.8985055661987018
11 32 -0.6037538495101613
11 33 0.5298416779042121
11 34 0.32998631483057217
11 36 0.8781211305694097
11 37 0.49336459912882513
11 43 -0.9546673542786426
11 45 0.7614139735844598
11 46 -0.39680581023443184
11 48 0.9092689742130642
11 49 0.3343057923776922
11 52 0.7057226722186305
11 54 0.2631964433975058
11 55 0.9782053559375212
11 58 0.5002939767894978
11 60 -0.8445258232255184
11 67 -0.13895506293237303
11 68 0.13434738153184744
11 69 0.7570982407305449
11 70 0.20434129743608187
11 71 -0.721641077997708
11 72 0.4394449342958411
11 74 0.16694083377683655
11 75 -0.1897371100426315
11 76 0.37900569020462815
11 78 -0.3913570153529433
11 79 -0.18854677634188466
11 82 -0.9808615738642354
11 85 -0.49158489121856763
11 86 -0.6610331657862034
11 87 -0.6078435107546616
11 88 0.6481956137038276
11 89 0.8317942604233701
11 90 0.14622721342185208
11 91 0.1731617986222782
11 92 0.7355422840746295
11 93 -0.472530636597583
11 95 -0.28885550108530667
11 96 -0.5313392754126374
11 97 0.5519218623700923
11 98 -0.6705071251951711
11 99 -0.581461268738021
11 100 -0.7774750319587498
11 101 -0.08028460673956084
11 102 -0.17684723437727046
11 103 -0.5093365342349367
12 15 -0.7810899242834328
12 17 0.4465781407063354
12 20 -0.3496349386434354
12 21 0.35566021895965183
12 22 -0.09264948066933676
12 23 -0.40278129573160637
12 25 0.42252535106831157
12 27 -0.04435411471938089
12 28 0.892548372662791
12 29 0.9517846940995647
12 30 0.9719283423373717
12 34 -0.5349921107385844
12 35 0.46582920539162864
12 37 0.4993812146420733
12 39 0.28610620927848807
12 42 -0.780604098614279
12 44 -0.5463133492427468
12 48 -0.9614044257926604
12 49 0.06300382152100314
12 51 0.12744788135618101
12 52 0.752549280877127
12 53 0.7769800196723913
12 54 -0.9884439162292544
12 58 0.7085702276992905
12 59 -0.3441166345166031
12 61 -0.24662666976054393
12 62 -0.5555959860831097
12 63 0.10653636563362134
12 65 0.8405647230779776
12 66 -0.42494520443641126
12 68 -0.2408543977703428
12 70 0.11446100223673406
12 71 -0.20157927175810197
12 72 0.20388387117648787
12 76 0.3292510561741677
12 77 0.24937301722781768
12 79 -0.6643361920587427
12 81 0.018788067437941702
12 84 -0.5912443077591876
12 85 -0.24243750550628085
12 86 -0.9132277559422999
12 89 0.5533001151982322
12 94 0.5436300220994421
12 96 0.39083764708359037
12 97 0.37251990333471774
12 99 -0.011884000346998436
12 100 0.05435304752028558
12 102 -0.16009361979663805
12 103 0.21350802716535133
13 14 0.45317542556518764
13 15 -0.26927823084080105
13 17 0.5990618542016228
13 18 -0.5517914841474085
13 19 -0.9933874616438416
13 20 0.46881387901041083
13 21 -0.9336484936889899
13 24 -0.753632213491513
13 25 0.8971741306142342
13 26 0.6550325734386881
13 27 0.5433501343222327
13 28 0.3673064085485336
13 32 0.3051091915828721
13 33 0.30412166788552253
13 34 0.8799847545785489
13 35 0.9436268467599496
13 39 0.29696805298861584
13 40 -0.0911903014884321
13 41 0.3560162802618245
13 42 -0.9613945884210087
13 48 0.8311580230032907
13 49 0.051680002828139227
13 50 -0.8804904486742324
13 52 0.9464592079668028
13 53 -0.9903329488399253
13 54 -0.19220686806136933
13 58 -0.897079903055231
13 60 0.6052559663689294
13 61 0.07191757759551631
13 64 0.9294093926287577
13 68 -0.3564545423320922
13 69 0.45759451461017786
13 70 0.3633982937965292
13 73 -0.3568793350335262
13 74 0.5028402107259184
13 76 -0.8492073731803147
13 77 -0.2788996334973539
13 78 -0.033345700525503785
13 79 -0.29923545995034795
13 82 0.4216805578083951
13 83 0.46956941520929774
13 85 -0.41796370158819807
13 89 0.46992878380919234
13 91 0.4587908070969777
13 93 0.5600483468748383
13 96 0.3922100326424207
13 97 0.5521514629646704
13 99 0.798180434309882
13 100 0.4406112826372728
13 101 -0.6105426572030754
13 103 -0.8118663119475882
13 104 -0.02165480463912539
14 15 -0.04417729050718999
14 17 -0.4919868038642139
14 18 -0.6412433474168844
14 19 -0.4179526215906533
14 21 0.16412726576611547
14 22 0.3779077608918502
14 23 0.20065819205182267
14 24 -0.7075836648139315
14 26 -0.903960993357795
14 27 -0.40092524167189136
14 28 0.551277561532443
14 29 -0.004581445719872734
14 35 0.3408009491106654
14 36 0.9520541446970103
14 37 0.6726377331970168
14 39 -0.43310581498003775
14 40 -0.3109404237216813
14 43 -0.00628015716864927
14 44 -0.281719234601157
14 46 0.6386802662074855
14 48 -0.37359981036656564
14 49 -0.2626035386353074
14 54 0.3051910142131138
14 55 0.804302058345852
14 56 0.21596982023453348
14 59 -0.3619652807221925
14 60 -0.7706627563935637
14 62 -0.4670889449921116
14 63 -0.34494702416516865
14 64 0.935653368836382
14 67 -0.6495656656191964
14 68 -0.9158535564186532
14 72 0.2473830915139621
14 73 0.10253409178687578
14 74 0.5618666657414582
14 78 0.07718281087916279
14 82 -0.8025179335419939
14 83 -0.5535773928558654
14 88 0.43158701928239007
14 89 0.2029491866576476
14 90 -0.8927459572551184
14 91 0.31001072758131487
14 92 0.7435689113197479
14 93 0.60983247209214
14 94 -0.4800188629580957
14 97 0.10452765034630751
14 99 0.2957379525749855
14 102 0.6075657308360294
15 17 0.19065481476766344
15 18 0.9744208348891579
15 19 -0.6590900814530376
15 20 -0.1607890510271257
15 21 -0.6741438974229723
15 22 -0.4917124731601501
15 23 0.9786654414785396
15 25 0.3961277747120704
15 26 -0.8167507862265153
15 28 -0.3872604139021716
15 30 -0.9716254121093433
15 31 -0.4210973976396817
15 34 -0.1048640988772862
15 36 -0.7469061851848244
15 37 -0.2219930142458526
15 38 0.4665940628105414
15 39 -0.8654138013055226
15 40 -0.10401221503321167
15 41 0.12494704968282933
15 44 -0.3692211910201326
15 45 0.06666747770240966
15 47 -0.7013393270336619
15 48 -0.4219264915942966
15 49 0.7848628172635626
15 51 0.69657171420209
15 52 0.761611706525408
15 53 -0.7119959319997431
15 54 -0.418861957214399
15 56 0.7125898280133025
15 60 0.972196982371242
15 61 -0.5888938820911158
15 63 0.3210842994741929
15 64 0.3053957262026292
15 65 -0.2984163936755757
15 67 -0.11129123413606012
15 68 0.33311914813406385
15 70 -0.4642628227483152
15 72 0.9702361198693874
15 74 0.18736910230914128
15 75 -0.5768574840690956
15 76 -0.7734183663722689
15 77 -0.7476626588991842
15 79 0.5526343298254461
15 82 -0.8390086013585298
15 83 -0.033788979563746935
15 85 -0.334633457098916
15 88 -0.30107992251573257
15 90 -0.22470410450149458
15 93 -0.6382173740093022
15 95 0.385261103894156
15 96 0.3249660014065481
15 97 0.9866641792926787
15 98 -0.009796157107798242
15 101 0.29579354906231314
15 102 -0.18331551115086864
15 104 -0.7585181754845931
16 18 0.44422693542870073
16 19 0.7125845437418434
16 20 0.5413561731364676
16 21 -0.09997580824201524
16 22 -0.5123714496064742
16 25 -0.14747728365794854
16 26 0.2502288487287141
16 28 0.898015336053136
16 29 0.7448086193797585
16 30 -0.034786929930682664
16 32 0.9762428774502412
16 35 0.5354301358453828
16 39 -0.4059499408387728
16 41 0.6781695284918174
16 45 0.4086213945063508
16 46 0.2897607747641182
16 47 -0.953382557895089
16 48 0.3270985501674697
16 49 -0.8546307303620617
16 50 0.18293739436743062
16 51 -0.704854104709798
16 52 -0.00808975006090673
16 53 -0.3181851464772234
16 54 -0.047010580194911444
16 55 0.9525305613277117
16 56 0.12001429968076605
16 57 0.6256340522741228
16 58 -0.8455898418323722
16 59 -0.8601919022161517
16 60 0.8928565153384829
16 61 -0.6118594300364235
16 62 0.9330393751821304
16 63 -0.7253071911603486
16 65 -0.31385582810669255
16 68 0.9902126356333698
16 69 0.3411811161093674
16 71 0.3617484812764855
16 72 -0.8837777766192909
16 75 -0.009684754774328841
16 76 -0.8360573874138622
16 78 0.7910707904815368
16 79 -0.7568725265479068
16 80 0.9433270255066508
16 82 0.7390971216630495
16 83 -0.6214046962577522
16 84 -0.452191105970851
16 85 0.41257113080287855
16 86 -0.637115729958867
16 87 0.5845995928357526
16 88 -0.9404952647740621
16 89 -0.652865707972548
16 90 -0.05482288177543726
16 91 -0.8150092399309818
16 92 -0.5672584956392697
16 93 -0.5689251844738565
16 95 -0.9167157321615171
16 99 -0.6225344731710223
16 101 0.05515066568041882
16 102 0.47684056071725167
17 21 0.6649825742930835
17 22 0.2843275787431314
17 24 -0.29117322904108645
17 25 0.3174868110864544
17 26 -0.6735069931305686
17 27 0.23657276122119253
17 30 -0.18845923436335021
17 31 0.17073602194813642
17 32 -0.769423321440557
17 33 -0.2417559781368417
17 34 -0.4856692976999446
17 37 -0.018364504016409322
17 39 0.5249259674165623
17 40 -0.0884840353577876
17 41 0.9397139098790084
17 42 0.4183618525883437
17 43 0.6376210898489492
17 44 0.06973911902903551
17 45 -0.6037602000774249
17 47 -0.2009128003930769
17 48 -0.11259011838318189
17 50 -0.4757051881413785
17 51 0.7412652248465557
17 52 0.6396529328138518
17 53 0.2082828063469393
17 54 0.623676493996842
17 55 0.33240132339522543
17 57 -0.4987956103820932
17 59 0.7642272194524573
17 60 -0.8662777552123024
17 62 -0.6935442014076139
17 65 -0.776689323024055
17 66 -0.061473298150264144
17 67 0.9242904299057062
17 68 -0.6596782245519839
17 72 0.6505587169989886
17 74 -0.43489535373249
17 77 -0.037069558689682314
17 80 -0.6068849794036975
17 81 0.9523625042239061
17 82 0.730910514393363
17 83 0.10885246600333986
17 84 0.06657510587753634
17 86 -0.9204988371372749
17 88 0.6852568984526022
17 89 0.2934382221975951
17 90 0.9783586773965127
17 91 0.7183157100257853
17 92 0.6250424336282481
17 93 -0.5103411032688787
17 95 -0.1998816016154068
17 96 -0.7035521586267017
17 98 0.43340381151482643
17 100 -0.14526093705145127
17 101 0.5760342695591516
17 102 0.733481205608473
17 103 -0.5590940806249616
18 19 0.5130734438990538
18 20 -0.47811759345979077
18 21 0.8955541254141337
18 22 -0.0553553948105574
18 23 0.39555308191418437
18 24 0.7289267260529046
18 28 0.23065698745101892
18 29 -0.05489366728050715
18 30 -0.48794384559441384
18 32 -0.8333523392192481
18 33 0.8279331248171213
18 34 0.8632411254623762
18 36 -0.6965312158205204
18 38 -0.07966005300788348
18 40 0.15986428698617217
18 41 -0.4141219026467269
18 42 0.18434590098930204
18 43 -0.4980241106368444
18 45 0.8402897319441323
18 46 -0.9128344123322432
18 47 0.5802883955191718
18 48 -0.3701635170619728
18 49 -0.6032072190693323
18 50 -0.5791965509713224
18 51 0.15608467505856494
18 52 -0.7346483212351069
18 53 0.1296173046493181
18 54 0.6146874298281026
18 55 -0.6020090721593243
18 57 0.39425669527802354
18 58 -0.5488018805627672
18 61 -0.9198635114412785
18 62 -0.21353152116223884
18 63 0.8507317136920094
18 64 0.46071831758724824
18 66 -0.2935894071764398
18 68 0.08462958250422958
18 69 -0.7623466337849343
18 70 0.017547674786366985
18 74 -0.9452146953833271
18 75 -0.0876259857231152
18 76 0.4136250602360918
18 77 0.1801370326149685
18 78 0.4302042497611245
18 79 -0.34392764076456417
18 82 -0.5970262552074856
18 84 -0.6517532238920809
18 85 0.991984321390202
18 86 -0.37596043470953067
18 88 -0.7621961997022104
18 89 -0.37415306638426293
18 90 0.07572108239865183
18 91 0.8774353993392399
18 92 -0.547280373379984
18 93 -0.8981331660140754
18 95 0.5161914228547437
18 98 0.9658878772079948
18 99 0.41089184346705365
18 102 0.144326044710531
18 103 0.04080463236325005
19 20 0.8700754991114674
19 21 -0.8713450916252019
19 22 0.7889545707103738
19 30 -0.1335618364645197
19 31 0.5150654858427248
19 32 0.8915843923595128
19 33 -0.7400228076468516
19 35 0.6403294593095161
19 36 -0.7938952316692882
19 38 0.8524805356150602
19 40 0.41866753376916344
19 41 0.9158752375250285
19 42 -0.2878593908564633
19 43 0.7447141272193603
19 44 0.10276186400053078
19 46 0.8285865196573883
19 47 0.04638437791471328
19 49 -0.9451274290094132
19 50 0.6457572160164657
19 52 0.5301364812828273
19 54 0.8511748314717771
19 55 -0.5414387417094639
19 57 0.9153149191365115
19 59 -0.219587054070155
19 60 0.19411787625815546
19 61 -0.5736112608361723
19 63 0.012812838893694556
19 64 -0.7188767846014792
19 65 -0.9107222581530112
19 69 -0.533231585064216
19 71 0.6472624159012363
19 73 0.660982280699814
19 74 -0.41338454706672323
19 76 -0.11203547818686088
19 77 -0.5690755258809352
19 78 -0.9014458652487731
19 79 0.4923058739209403
19 81 -0.1392521120568302
19 82 -0.055800067138113585
19 83 0.9663691549298368
19 84 -0.5765119865675197
19 85 0.783597668155807
19 86 -0.07672993175212173
19 88 -0.3902727784851596
19 89 -0.02150711200843536
19 90 -0.3490141043979482
19 91 0.10183152160403353
19 92 -0.03312846139723691
19 96 0.41406689429297705
19 98 -0.1379660227521542
19 99 -0.2773824957851001
19 101 -0.32975475812405963
19 102 -0.837207434384764
19 104 0.2237457976379047
20 21 -0.9328926941786828
20 22 -0.21130962827205368
20 23 -0.3857931860743691
20 26 0.27056304855184
20 28 -0.5624123634834759
20 29 0.9884746300155347
20 30 -0.9879254330916099
20 31 -0.5453296425431589
20 32 0.04804328066870922
20 33 -0.19836441882410805
20 34 -0.017812823778000197
20 35 0.23544048067295087
20 36 -0.09501106350651334
20 37 -0.8674793821777165
20 38 0.5083059984883418
20 41 0.7681359854567553
20 43 0.6983558372186223
20 44 -0.5529038838850469
20 45 -0.29969589817163933
20 46 -0.458918682953356
20 48 -0.11141342990232861
20 49 -0.022295320900836302
20 50 0.15579638124178152
20 52 -0.7956881016769921
20 53 0.6945582165565762
20 54 -0.5741957611262067
20 55 0.7866716763490222
20 57 -0.2813803646799016
20 58 -0.48652857062390353
20 61 0.40753256557525175
20 63 0.7557977656907713
20 64 -0.7665769278499892
20 65 -0.06682873710828563
20 70 0.5401672141771314
20 71 -0.8604142742517347
20 72 0.8480361703040038
20 73 0.5351099198870424
20 74 -0.14347959815764622
20 75 0.495220226410898
20 76 -0.13036144126842775
20 77 0.498426495921358
20 80 0.02410839829210265
20 83 -0.48429644445950837
20 84 0.09636966845285766
20 85 0.7152091451737099
20 86 -0.48635885689592384
20 87 0.37367309746419597
20 92 -0.6887210648474476
20 95 0.5228318634767728
20 96 -0.8842176960459565
20 98 0.2982846126277632
20 99 -0.6830293058171673
20 100 0.06316058201176467
20 102 -0.18232172796623414
20 103 0.8024746949318351
21 24 0.7226953671820902
21 25 0.04051318291821193
21 26 -0.11255980550110034
21 29 -0.34425038305029143
21 30 0.041781839058089076
21 32 -0.14932566531567715
21 33 0.08862167554795697
21 34 0.9125838704693583
21 35 -0.2998449126955449
21 36 -0.07349293190261674
21 38 -0.725885478166687
21 39 0.5128050877166854
21 40 0.9998707698524396
21 41 -0.26247325869770943
21 44 -0.05263686558321656
21 45 -0.46890086743568604
21 46 -0.6648227682468237
21 47 0.8844642165174119
21 48 0.8718572120319197
21 49 -0.2682633014649316
21 50 -0.6365709702979774
21 51 0.05370688018612957
21 52 0.5681508402014159
21 55 -0.06430882440446495
21 57 -0.7939401885329205
21 58 -0.819710855245646
21 60 -0.8915899589849758
21 61 0.14038172394201598
21 62 0.7250035512333575
21 64 0.8154000285127023
21 68 -0.6679517054670441
21 70 0.06662219696038663
21 71 0.9530601088835451
21 75 0.432804013254511
21 76 -0.7699566425980435
21 78 0.587484626838767
21 79 0.7549585491759006
21 80 0.46007495540633303
21 81 0.08380867970472661
21 87 0.3543859427658609
21 89 0.3810325009695317
21 90 0.18541066987371702
21 92 0.670725885917139
21 93 -0.6777465879213052
21 97 0.8351879730014478
21 98 0.9437493592500426
21 99 -0.3906170135688365
21 101 0.988307069001011
21 104 0.6322303314955189
22 27 0.9173360133507078
22 28 -0.06009419145052797
22 29 0.6914890204167858
22 30 -0.42784964968139994
22 31 0.027106795540594586
22 32 0.26687885862256855
22 34 -0.6350801821962195
22 35 -0.4847278511002886
22 37 -0.8539744792713664
22 38 0.407474880850452
22 39 -0.02970307292552654
22 40 -0.31109493933220955
22 41 -0.2932912001622774
22 42 0.2236622475826009
22 44 0.7809892796429374
22 47 -0.6713834443565587
22 49 0.7241343044158857
22 52 0.5915662335161531
22 53 0.6396034402064552
22 55 0.1696066944539707
22 56 -0.44994252455486117
22 57 0.29961838085355863
22 59 -0.044790731424928065
22 60 0.48698900176258
22 62 -0.7801645416672411
22 63 -0.09350190157915939
22 65 0.3811613315706486
22 66 0.5501182719418609
22 68 0.7956475199977988
22 70 -0.29459880194398247
22 72 -0.6159490356452941
22 75 0.008742121156761984
22 76 0.35919760155990677
22 77 0.2126284859098253
22 78 -0.7973342074672392
22 79 -0.050772543315924956
22 81 0.9148439107787034
22 85 -0.6597052123966696
22 86 0.05634155770353355
22 88 0.10162041486342299
22 91 -0.8940662819756269
22 92 -0.16335430758726543
22 95 -0.06402765481601458
22 98 -0.3068122168293912
22 99 -0.16486550545138456
22 103 -0.9789367013161412
23 25 0.040302874478098216
23 28 -0.4823833874862895
23 29 -0.9553948440764046
23 30 -0.43078128216878486
23 31 -0.4938491897031394
23 33 -0.11098250544120081
23 34 0.7143361079326955
23 35 0.36316849612891633
23 36 -0.4178568406218408
23 37 -0.008650872114327246
23 38 0.004916522242716992
23 39 0.5465478707734035
23 44 0.414710773921378
23 46 0.5335650278138744
23 48 0.2636839260387267
23 50 0.2082908241092143
23 51 0.11064577227347283
23 52 -0.2949731405681937
23 53 -0.034323205938528556
23 54 -0.5626105546575257
23 57 -0.1446698214544444
23 58 -0.08571074923285438
23 60 -0.6597240680629042
23 62 0.3395310595795846
23 63 0.7674797595411469
23 64 0.3696665911549293
23 66 0.7817870538678073
23 67 0.9396949909094607
23 68 0.44863673138984206
23 69 0.7877721649889151
23 70 -0.3661205724063479
23 72 0.5644120840059763
23 73 0.8265826740446711
23 74 0.3113357810000428
23 76 -0.39050663485252257
23 77 -0.9490616958853342
23 78 0.16100004752288077
23 79 -0.7776604310550823
23 80 0.08282685693820091
23 81 0.9033170346136647
23 82 0.9761382102845071
23 83 0.9456486279235188
23 84 0.3084476229422948
23 85 -0.1463836527064879
23 88 0.6726331683985303
23 89 0.2616931738741881
23 90 -0.8722058815717626
23 91 0.6891701047981382
23 93 0.27125002076148363
23 94 -0.30960012215182586
23 95 0.5782315370566629
23 96 0.8327013850432354
23 98 -0.48421892124428356
23 100 -0.4629426165503072
23 101 -0.28204155563108135
23 102 -0.510639922128866
24 26 0.7231386704870015
24 27 -0.9278902442027805
24 29 -0.5951767285937402
24 30 -0.8244671449486551
24 32 0.6670006376618303
24 35 0.7635806763452058
24 36 0.9963865204855746
24 38 -0.26435462735088455
24 39 -0.20071593883986805
24 41 0.9414783877505906
24 43 0.8213734369030101
24 44 0.9944066125261248
24 46 0.1896310951878042
24 50 0.849162603055287
24 52 -0.13699850205958408
24 56 0.9719557352829853
24 57 0.43501990592532436
24 58 0.9299148801934258
24 59 0.4080702066982822
24 61 -0.802586958915525
24 62 0.5863120079437241
24 63 -0.23398147686253012
24 64 0.09757763578735568
24 65 -0.8428449222108076
24 66 -0.8236239619262216
24 68 0.09662877388882696
24 70 -0.7792551367487222
24 72 -0.7344588670322911
24 76 0.26186317701404027
24 77 0.5678167296276464
24 78 0.1302789643642177
24 79 0.8040787215237104
24 82 0.9382656478253706
24 83 -0.4472110675979746
24 84 0.10932774170144532
24 86 0.26764928991418757
24 90 0.866832976110294
24 92 -0.40772316485661264
24 93 -0.9687678795288159
24 95 -0.5151907055068377
24 96 -0.25932437436942735
24 97 -0.9664329305252424
24 100 0.9917190275626708
24 101 -0.3069835495955362
24 104 -0.9454652446710854
25 27 0.11949883895247004
25 29 0.5303499244186682
25 30 -0.9837351641819156
25 31 0.8137096391216581
25 32 -0.5826049285842678
25 33 0.329436299393858
25 35 -0.1324876172082614
25 36 0.4165958345573362
25 37 -0.4129883522196285
25 38 -0.638226633548548
25 40 0.8827658124872717
25 41 0.07803263959179851
25 42 -0.4685660766053732
25 43 0.10931104245992262
25 44 0.7595180569309044
25 45 0.9684188260964897
25 47 0.5363683977995664
25 50 -0.5642049907274229
25 51 0.6046674212548471
25 52 -0.3864611942160543
25 53 0.513874288442925
25 56 -0.9484305306877336
25 57 0.853159787941429
25 58 0.9306121024221157
25 61 -0.5662017858151291
25 62 0.9575435588653216
25 63 -0.5835790711712152
25 64 0.24067357514681453
25 65 -0.5818066530570962
25 67 -0.8159716669145833
25 69 -0.07859175598235257
25 70 0.8690109165094577
25 71 0.057772810894203275
25 73 0.689049358504134
25 74 0.1855684679094909
25 76 0.9580054047481614
25 77 0.35877612387934454
25 78 0.9455102322542237
25 79 0.8146104021687706
25 80 -0.29544444962031013
25 81 -0.6986419765425722
25 83 -0.34055894840737944
25 84 0.20854184850308477
25 85 -0.4851609269692423
25 87 -0.48131357442615186
25 88 -0.7348361616689727
25 89 0.2491953322274103
25 90 0.094830058950645
25 92 0.30686308864744993
25 94 0.28997384054164277
25 96 -0.15884025274748415
25 98 0.2892803703455076
25 100 0.8878142041511143
25 101 -0.17853679490089847
25 102 -0.3243318228117804
25 103 -0.49703534068857436
26 27 -0.9143102238096483
26 28 0.6138034591754198
26 31 -0.6607165608110708
26 32 0.0704925457025729
26 34 -0.8565804636540575
26 35 -0.029264129348690826
26 36 -0.6377103121065075
26 41 -0.7047318638711058
26 42 0.26328197369669093
26 43 0.3332369012584726
26 44 0.6449703599555268
26 45 0.1784291856357385
26 46 0.5355083541654955
26 54 -0.2555715312912077
26 55 0.6403298355834643
26 58 -0.6459278889669664
26 63 0.6364469695963808
26 64 0.9218749096041428
26 66 0.9477817662289887
26 68 0.49859959956967836
26 69 -0.08129518548256276
26 73 -0.603464869376676
26 75 -0.9816458875342078
26 76 0.8405380777054339
26 77 -0.27112086784911016
26 78 -0.23231919354435515
26 79 -0.9294973884528328
26 80 -0.2928072450262975
26 85 -0.4391734851690521
26 86 -0.914297825339796
26 87 -0.9635006439622014
26 89 0.1961732722418581
26 90 0.44211688539805793
26 91 0.8696872552128272
26 92 0.5320253916605433
26 93 0.39928669301580744
26 95 -0.23412662781237858
26 96 0.27090027579292886
26 98 -0.6603793168523377
26 99 -0.2268050258777181
26 100 0.9340550453781138
26 101 0.6553335652242742
26 102 -0.5139336494051931
26 103 0.7280296812905049
27 29 0.8505331124905542
27 30 0.9083498309865194
27 31 0.7940753849491069
27 34 0.29208785307886886
27 35 0.5782732644734412
27 37 -0.3107515926112796
27 38 -0.45783550879635126
27 41 -0.3321961755712024
27 42 0.4482394361313542
27 45 -0.038106496702326575
27 46 0.49989961822602313
27 47 -0.3471981633158612
27 48 0.16545895327497662
27 49 -0.6865921009925653
27 51 0.18542360358372556
27 52 0.03980847660602227
27 54 -0.22649087696750358
27 55 0.29112966706372134
27 58 0.7075756552801478
27 62 0.06640245203284278
27 63 -0.9078688985558054
27 64 0.894521876818593
27 65 0.28374269550121345
27 67 0.4288355675750384
27 69 0.3951490151939716
27 70 0.9891047375625563
27 71 -0.8554536082455586
27 72 -0.8376458087789669
27 73 -0.9969160108528257
27 75 -0.4375487412618737
27 84 -0.9388498073140472
27 86 0.7923432471000567
27 87 -0.8323497877786608
27 88 -0.6649955266833045
27 89 -0.4923537533234006
27 90 -0.09768209612984036
27 91 0.25617328109879733
27 92 -0.5666248346120413
27 93 -0.7558880266293742
27 94 -0.5421267504043716
27 95 -0.14922445946557938
27 96 0.34393945220401934
27 97 0.0970284531904253
27 98 0.9029000967053431
27 99 0.9226803730460977
27 100 0.5824562486748412
27 101 0.6272019047763586
27 103 -0.7265833491284486
27 104 0.7930598852460689
28 29 -0.46219128499283113
28 32 -0.1776137139163243
28 33 -0.8416943806189043
28 34 -0.4877369697967402
28 35 0.9554292966482687
28 36 -0.6242134168491411
28 39 0.4470756752065048
28 40 0.1457205398682997
28 41 0.08414072705725029
28 43 -0.5009149715676324
28 48 -0.9330734979724142
28 49 -0.07410442122755767
28 51 0.31087257823375225
28 52 0.4653303459762961
28 53 0.333288372951533
28 55 -0.4879234518134685
28 56 0.938663280666771
28 57 0.23437599928667074
28 60 0.5995302169501908
28 62 -0.5241653471064904
28 63 0.6114878959596615
28 64 -0.91265964181968
28 65 -0.23365897490177345
28 66 0.8344007644650535
28 67 -0.6368989466433947
28 69 0.18987845537792425
28 71 -0.7677104204119429
28 72 -0.9286140776900804
28 73 -0.46262120710695065
28 74 0.2742838776739813
28 77 -0.5219088959517573
28 78 0.43373145187316253
28 81 0.32099064270484057
28 84 -0.5249577059679009
28 86 0.05886327077619491
28 87 0.8242066313935221
28 88 0.775418903903726
28 91 0.7598756785338268
28 92 0.8553110106738491
28 96 -0.7069371617168263
28 97 -0.1577753694491193
28 98 0.032300108821716744
28 99 0.7052336311327798
28 100 -0.5118446708445075
28 102 0.3622732779985607
28 104 -0.8992277566691176
29 30 0.16067017036456654
29 31 -0.5347821338972769
29 34 -0.35898008103956003
29 35 -0.5515849039802334
29 36 -0.7913159550350501
29 37 -0.5757955366818213
29 38 -0.9402803924296832
29 42 0.5611698885925587
29 45 -0.34303382861868714
29 47 -0.43786158845203405
29 48 -0.33573261286132583
29 49 -0.4517320500718782
29 50 0.8742699217048604
29 52 -0.8872840981180088
29 53 -0.744126986824097
29 55 0.5385503572445876
29 56 0.9529878181463534
29 57 -0.9563059019989277
29 58 -0.652693080236407
29 59 0.009176924338003323
29 60 0.8533230226526975
29 67 -0.5440751370784178
29 68 0.5933676171703899
29 69 -0.2683004940144762
29 71 0.31891913617432377
29 74 -0.9717353249160372
29 75 -0.5755120757295256
29 78 -0.6309939728042353
29 79 0.42581077949648627
29 81 -0.6079432155636701
29 82 -0.6212766330635673
29 85 -0.48155231939572696
29 87 0.588259038319898
29 89 -0.8785154509380895
29 91 0.6696001875316424
29 92 0.5424674097112208
29 93 -0.14086579799230048
29 94 -0.7699076420005344
29 95 0.3587276346141519
29 96 0.08094921543152478
29 98 -0.8357560919081521
29 99 0.151247910968632
29 102 0.46493053004437024
29 104 -0.11940045528487064
30 31 -0.5609041892801898
30 33 -0.5670883208401558
30 35 0.7908737184813124
30 36 0.9656097928085448
30 38 0.3038633126931156
30 40 0.7785374215901595
30 42 -0.6811034013726232
30 43 0.6599334649376016
30 45 0.25844074135727846
30 49 0.42608796354874734
30 52 -0.7086693852237527
30 54 -0.8271235301595221
30 55 -0.4290332274692614
30 57 -0.4220821047982479
30 58 0.25474276014793973
30 60 0.1385282878474665
30 63 0.1627199890313602
30 65 0.41338909942245605
30 68 0.8687228194167995
30 69 0.3311201156093522
30 70 0.42928454948457984
30 71 -0.48850888698843575
30 73 0.5391453159744304
30 75 0.1945537688734118
30 76 -0.6535838697900351
30 79 -0.6138019446880703
30 81 0.6344926268733806
30 82 -0.0009270854238883075
30 86 0.6474924905873536
30 90 -0.7520310775797561
30 91 -0.20427790503155263
30 92 -0.11297886608442709
30 94 0.5782254392865054
30 95 0.977869570135609
30 96 -0.7559379781573548
30 97 0.9794462690168708
30 98 0.2934416810043414
30 99 0.6555164111572516
30 102 -0.5664875914628935
31 32 -0.5097436720887507
31 34 -0.0014233190245505067
31 38 0.7736352862648594
31 39 -0.5827814828852158
31 40 0.5849381541319272
31 42 0.8862220581680207
31 43 0.9805714372395624
31 44 0.9420076282820447
31 45 0.9642687847697109
31 48 -0.5358462220460236
31 50 0.6673484988701817
31 52 -0.8095208493220554
31 53 -0.08942051712540589
31 54 0.6534436177228597
31 55 0.03708774092342737
31 56 -0.7224835057995371
31 57 -0.09019640945364404
31 58 -0.5187310627138009
31 62 0.406744988104927
31 63 0.6570325696947406
31 64 -0.03675530080413214
31 65 -0.8774458816966324
31 66 0.4921684303917
31 67 -0.6026382582934531
31 70 -0.8846808061797342
31 72 0.29976442147352733
31 74 0.40530819420679487
31 76 -0.9566095752154347
31 82 0.5287262867459637
31 85 -0.5412803367822712
31 86 0.8646135315601331
31 89 -0.8961547707459157
31 90 0.7672764757072918
31 92 0.6376744054477634
31 93 -0.7236378908875076
31 94 0.2730859770299412
31 95 0.96088659258786
31 96 0.41102926156639086
31 102 0.7805817148170897
31 103 0.5668026027023967
31 104 -0.22680453735577433
32 33 0.9190976994529014
32 35 0.021465767109195122
32 36 0.9709575820538481
32 37 -0.9666753658325078
32 38 0.595107166197316
32 39 -0.4415946621483864
32 40 0.6800063962415206
32 41 0.827843037782805
32 42 -0.7508358346570363
32 43 -0.4977247700036662
32 45 -0.12138228438431065
32 47 -0.9962629800236931
32 48 0.38083786214130844
32 50 -0.15814200131266554
32 52 0.3849287958002199
32 54 -0.8261047652993074
32 56 0.8325218632533846
32 57 0.4830275571472191
32 58 -0.6330079418711483
32 59 0.7638238393495276
32 61 0.7104388165347431
32 62 -0.017782116968914963
32 63 -0.1571456678766503
32 65 -0.7326760282644145
32 68 -0.8242370593218582
32 69 0.784027475921727
32 72 -0.7418370826418534
32 73 -0.05102240349744469
32 74 -0.41267474157410544
32 75 -0.7277786312317258
32 76 -0.9710981181986236
32 84 0.11173606374350209
32 85 -0.033299717385309346
32 86 -0.1363635880527052
32 87 0.9789106336877496
32 88 0.055296193907296454
32 89 -0.3026937838303405
32 90 0.12650495950026386
32 91 0.6174445555750046
32 92 0.9040655680608549
32 93 0.028854886803888258
32 94 0.011559715894502887
32 95 -0.024726001978616408
32 96 -0.7273124993504667
32 97 0.7054837933569567
32 100 0.8897908746774164
32 102 -0.2798797394339525
32 104 -0.758440098891586
33 34 0.4545136581363409
33 35 -0.17390732071499593
33 37 -0.4082863919886428
33 41 -0.39278972414963964
33 42 0.2196412542096191
33 43 0.3651886028299003
33 44 -0.23935800260702056
33 45 0.12281344155799778
33 47 -0.10393506790506568
33 48 0.39006983934759454
33 49 0.7394795738796771
33 50 -0.8101781654244629
33 53 0.18425805618639401
33 54 0.9127170072234168
33 56 -0.6275539464533899
33 57 -0.3228856374225384
33 59 -0.41472539713372303
33 63 0.4674375499003567
33 64 -0.09589051171328644
33 65 -0.752500257470184
33 66 -0.2291951958854339
33 69 -0.20007651133597149
33 71 0.06769104460093844
33 72 0.12791677205984575
33 74 -0.4172335271642198
33 76 0.4824452709180571
33 77 0.4653252032086068
33 78 -0.221922968890377
33 79 -0.16954283746261867
33 81 -0.9401936911932076
33 82 0.8135945036076413
33 83 0.3538654719622205
33 84 0.5166382780155985
33 87 -0.12850032336165684
33 89 -0.9160682509445426
33 90 -0.64714846428594
33 92 0.7979970359181117
33 93 0.7654539944269496
33 94 0.6900896260037013
33 96 -0.432544420744595
33 97 -0.5615186068147731
33 98 0.3547042796912936
33 100 -0.9658204409868625
33 101 0.8474185435808048
33 103 -0.06509519184833068
33 104 0.8880022569019237
34 37 -0.6559080206142245
34 39 0.42842346425777045
34 40 -0.9018064690366194
34 41 -0.8792137978267789
34 42 -0.1631873432946649
34 44 0.8509845014716546
34 45 -0.545341413520924
34 49 0.29355952560756626
34 51 0.694853581230007
34 52 0.2189120257755499
34 53 -0.9494994528568546
34 54 -0.25021710026412847
34 56 -0.271899980550816
34 57 0.9631737475526678
34 58 -0.371132316922669
34 59 -0.48733734092941594
34 66 -0.2680368979313241
34 67 -0.8794268163348431
34 69 -0.14868495577605634
34 71 -0.7652319045829274
34 72 -0.19968700324374056
34 73 -0.19341423221553256
34 74 -0.9252467267834272
34 76 -0.0074850960359615915
34 77 -0.668658417952493
34 80 -0.2586642441574658
34 81 -0.8250916862702979
34 82 -0.5541218985856513
34 84 0.08692088991818014
34 87 0.0814242342630418
34 90 -0.9400905856003534
34 94 -0.25422446767471074
34 97 -0.4319109712087934
34 98 -0.7060564392730286
34 99 0.4094438617591285
34 101 -0.6505432746186974
34 102 0.7589916983306642
34 104 0.5615712991754438
35 36 0.12450953421518474
35 37 -0.05938233116367142
35 40 0.08692782171888203
35 41 0.5940245448973436
35 42 0.49389647623609423
35 43 -0.3594380064319438
35 44 -0.7781901984629058
35 47 0.9001255399850592
35 48 -0.5056730479640816
35 51 0.2607242398730045
35 55 0.707049834680098
35 56 -0.23044385858597294
35 57 0.4334637109025723
35 58 0.7846301707058527
35 61 -0.19976304848839121
35 63 -0.09226336755358733
35 64 -0.4067203827010224
35 65 -0.16585341120932373
35 66 -0.6535669024991009
35 69 -0.026060212175990527
35 70 0.9078562830901018
35 73 -0.8376817666311931
35 76 0.16610586122893012
35 79 0.4385308337526459
35 80 -0.8343848850518698
35 81 0.8557257912819258
35 84 -0.3575690129590483
35 86 0.13634649555379852
35 87 -0.285369485040591
35 88 -0.6728391798673286
35 89 -0.326817557649675
35 90 -0.12408110282033458
35 92 0.5374952153879669
35 93 -0.556477120455056
35 94 -0.4356520034553433
35 95 -0.4908265279556272
35 96 0.7026083287753735
35 97 0.3331385538062761
35 100 -0.16952979526575063
35 103 -0.8808556844550537
35 104 0.8536476474540631
36 37 -0.8080577978162267
36 39 0.30784823689966556
36 42 0.9364186161950947
36 45 -0.7318514383370884
36 46 -0.9226952611068078
36 47 0.25175497831653293
36 51 0.1242065172475646
36 54 -0.014215132975797351
36 56 0.5856529191882154
36 61 -0.6017869030799186
36 62 -0.5805435303059086
36 64 0.9518255784835976
36 66 -0.9936725019648824
36 69 0.4937918032574835
36 72 -0.6746595794009222
36 75 0.11798053534336539
36 76 0.772739804381817
36 77 0.8114671148825221
36 78 -0.41742152296349877
36 79 -0.8403817876952264
36 80 -0.14389583732920141
36 81 0.5870830081705187
36 82 -0.9406952240584783
36 85 0.40616171493195763
36 87 -0.701173652873263
36 88 0.5669524626247837
36 89 0.7682349048974775
36 90 0.7548354430412902
36 92 -0.9274317243964965
36 93 0.6452545972681611
36 98 0.3248761728593159
36 100 0.6506871560186749
36 101 0.7636791509217724
36 103 -0.5775089151953721
37 39 -0.2888960532221392
37 40 -0.5256516390669155
37 41 -0.3929617007717938
37 42 -0.12731150491908538
37 43 -0.9491083724603058
37 44 -0.3185251757079357
37 45 0.3007113576078333
37 46 -0.42780975622643
37 51 0.3208572459186825
37 52 0.8954644149282645
37 53 -0.9192049099430846
37 56 -0.28801286379300683
37 57 0.8196387844020174
37 58 -0.18694866142173017
37 59 0.35495339730772146
37 60 -0.5782800099900358
37 61 -0.25855133420799126
37 65 -0.39645164317190495
37 66 0.16582935105728502
37 68 0.983960314107392
37 69 -0.17859969822116395
37 72 0.11013120220854056
37 74 -0.8741626024223663
37 75 -0.2656697013684619
37 76 0.2739718224811578
37 77 0.06422528373512915
37 78 0.1897577471409797
37 79 -0.2530851600625741
37 80 -0.7649553098296034
37 81 -0.6825733505636746
37 82 0.10132908433221122
37 84 0.43096348949364693
37 86 -0.17534226195359892
37 87 0.3231895063484276
37 89 0.2880740083134117
37 90 0.6372919004331672
37 92 -0.7194866810070757
37 93 0.4697656064888063
37 97 0.508874654286877
37 98 -0.024529614120709642
37 104 -0.6832164642591871
38 39 -0.006663751360284298
38 40 -0.14948905928298184
38 41 -0.7549949120523305
38 43 -0.8215396679901055
38 44 0.2683044251109179
38 45 0.9108677674628236
38 46 0.1943142236305011
38 47 0.3687742597164321
38 49 -0.46077447159190665
38 51 -0.7287000082179114
38 52 -0.8072194829195831
38 53 -0.46320946589978296
38 55 0.3264752155569681
38 57 -0.8367661808102749
38 58 0.0969943556663162
38 59 0.85274441629777
38 60 -0.6708433538872751
38 61 -0.08385859952905372
38 63 0.3853698582009608
38 64 -0.025178231318511157
38 66 0.0034244658916351423
38 68 -0.009561247025128061
38 69 -0.4914194855927019
38 71 0.12302702628021467
38 72 0.051583928450181116
38 74 -0.11350343529958473
38 75 0.587963229228682
38 76 -0.9372855348400482
38 78 -0.3079195369770886
38 80 -0.4041702108419303
38 82 0.4489479518703887
38 83 -0.6866654921056796
38 85 -0.16945128107837326
38 87 0.7526131417050377
38 88 -0.7906723778404434
38 89 -0.2256876873712248
38 91 0.37981596460841405
38 94 -0.5969358944203764
38 96 -0.8106268595987349
38 97 -0.9402754349698741
38 101 -0.7301440006072124
38 102 -0.8439412721094461
39 40 -0.18157629094575634
39 42 -0.5107128980598581
39 43 -0.24886185453617626
39 44 -0.6039797940139426
39 45 -0.05371985370922072
39 46 0.5939324735526517
39 49 0.92212874646375
39 51 -0.030182918724344754
39 52 -0.14978775989319537
39 54 0.9290962596817303
39 55 0.1333144902370813
39 56 -0.1725307523872217
39 58 -0.6604310975136423
39 59 -0.9873261092931955
39 61 -0.029296675455878995
39 64 0.2217654895467478
39 66 0.3580795311047309
39 67 -0.47169240517962563
39 69 0.700932544083511
39 71 0.2503576396107192
39 72 -0.07419900769426113
39 74 -0.8297915676638776
39 77 -0.1224291640997408
39 78 0.8677137380976216
39 81 0.20248509297117057
39 84 0.2667476575212884
39 85 0.5353056289284788
39 86 0.7430115870558327
39 87 -0.734405327342109
39 88 -0.21342653945795398
39 89 -0.12157949747484764
39 90 -0.015537289058222159
39 91 -0.8810937459752659
39 97 0.8173942229798679
39 99 -0.35372990293270745
39 100 0.1453003418215928
39 102 0.9663302864741927
39 103 -0.23385448765987293
40 41 0.37107178206801805
40 43 0.4680320428789999
40 44 0.5998876731728475
40 45 -0.9973566011381583
40 46 0.9175838327868979
40 47 0.11509072749833393
40 48 -0.5778047745708155
40 49 -0.6554249413096183
40 51 0.35054459144870065
40 52 -0.7299329797147649
40 56 0.5973166767340552
40 57 0.7846049141699436
40 60 -0.42296882933180835
40 61 0.6951754682658335
40 62 0.1470933999435744
40 64 0.9841132380689475
40 65 -0.9382198418678922
40 69 -0.6786265052686284
40 71 -0.25141698779136235
40 73 -0.874793072190988
40 76 -0.9997948259641136
40 78 -0.7599401054792991
40 80 0.7969622414111166
40 81 0.24535095951487507
40 82 -0.9128292874190358
40 83 -0.45614820776680887
40 85 0.04569773279351108
40 86 -0.697628805071677
40 87 0.183616078508275
40 88 0.7843854796381102
40 90 0.4208021329666698
40 91 -0.9807092345966346
40 93 0.6089361663149071
40 94 -0.8060558004950722
40 96 -0.974666740300113
40 99 0.8813431757331793
41 42 -0.8645947437385231
41 43 -0.872799650177952
41 44 0.9610130576592399
41 45 -0.37934724643438034
41 46 0.03380043465635052
41 48 -0.13541934389464205
41 49 -0.49712280081288585
41 53 -0.6267337403563233
41 54 -0.9891675141176688
41 55 -0.13740554541021144
41 57 0.8453428048119789
41 58 0.2333059293359001
41 62 0.43613476078213465
41 63 0.33123884679179083
41 64 -0.8656928728041404
41 65 -0.05309655379068423
41 66 0.8327034849090622
41 68 0.2189437167524939
41 69 -0.020473428797769255
41 72 0.2492698741791728
41 73 0.9506581521317523
41 75 -0.8861233609321082
41 77 -0.15050409404128007
41 78 -0.09946826417581445
41 82 0.4858679664484702
41 83 0.8900481672027662
41 84 -0.8778693002736067
41 85 -0.01223244837799009
41 86 -0.11210464929566788
41 87 0.14700719727896505
41 90 0.14285493371600788
41 91 -0.6373225354699743
41 92 0.5458699439926269
41 93 -0.8823197782602279
41 95 -0.424801562224812
41 98 0.4405500506168205
41 99 -0.5035334685586093
41 100 0.7481005449235503
41 102 0.8520317406740492
41 103 -0.25141631742853043
41 104 -0.9976485825382848
42 44 0.10525528322346034
42 45 0.15090250874007416
42 46 0.33669184060252655
42 48 -0.4200901226473748
42 51 0.6568758773862617
42 53 0.3087621599088708
42 55 0.8603069903088285
42 56 0.7548302066610977
42 57 0.29003575580620744
42 58 -0.9628040774819502
42 59 -0.7179551158173012
42 61 -0.4362836042218756
42 62 -0.714101812120888
42 63 0.6351562132084643
42 64 0.3049585342743666
42 69 -0.9601480635959516
42 75 0.698376030445516
42 80 0.0024487067432346077
42 81 -0.597195698068312
42 83 0.7165311639694398
42 84 0.8429963010393107
42 85 -0.04719233735504358
42 87 -0.7140639181268815
42 88 0.1250076223524197
42 94 -0.2776323037501982
42 95 -0.6336048538411936
42 96 -0.44097986101564257
42 98 0.790841413524151
42 100 -0.0027130690551870895
42 102 -0.5361281284375858
42 103 -0.9163124398354441
42 104 0.2836719611873091
43 46 -0.04601830840363297
43 48 0.949611598671873
43 49 -0.38657821417889315
43 50 -0.8804478269517062
43 52 -0.12921378579368947
43 53 -0.7768931570025916
43 55 -0.21491279129374474
43 56 -0.3330556394706399
43 58 -0.16047724522815732
43 59 -0.9412483885958947
43 62 -0.03997260559851301
43 63 0.31265906132125987
43 65 0.7653972774826288
43 67 0.23853904105149404
43 68 0.13161552346225247
43 69 -0.0996389275942775
43 71 -0.1259294228071448
43 72 0.35049815524410977
43 74 0.04628307291771838
43 75 0.5340434290545026
43 76 -0.4883097217299279
43 78 0.6087331525097093
43 79 -0.8290849383835224
43 80 -0.40536373367699396
43 82 -0.0545857060421151
43 83 -0.24727432010893158
43 87 -0.5590760332054936
43 89 0.5647333963500709
43 90 0.9306232485678427
43 91 0.2667239253789433
43 94 0.5949441951404828
43 95 -0.038940943913913006
43 96 0.6692487344068976
43 99 -0.1767406905387907
43 100 0.5976371627655419
43 101 -0.9316302181041318
43 102 -0.7429299647309073
43 103 -0.506052350546611
44 46 -0.2683776648556393
44 47 0.33526413646106
44 49 -0.49243383560561615
44 51 0.03884472782873494
44 52 -0.6441920688544323
44 53 -0.6868002463792233
44 62 0.6641899815026417
44 63 0.19732042616334722
44 64 0.2358984364028609
44 66 0.8940755073384445
44 67 0.8740100464675127
44 68 -0.8259126959358849
44 69 -0.9501313909830578
44 70 -0.57493494093975
44 72 -0.5794564772149098
44 73 0.6925508337024373
44 74 -0.09587789006608083
44 77 0.25491317337061736
44 80 0.1553423157112237
44 83 -0.10343984881764734
44 85 0.06562855590428951
44 87 -0.11165724587623571
44 88 0.6302975452267694
44 89 0.9142845021955204
44 90 -0.08338875996726336
44 91 0.20162599630834288
44 96 0.05696307393617128
44 99 -0.06106606386771851
44 104 -0.4113295986106529
45 48 -0.47348937841273764
45 49 -0.4691347808035331
45 51 0.8579789502728636
45 52 0.35176642963827565
45 53 0.942920049990067
45 55 0.7731267697168016
45 59 0.8419756394057993
45 60 -0.20293450155446813
45 62 -0.4186953399730968
45 63 0.253594335401762
45 65 0.6778385494322372
45 66 0.6975011598347363
45 68 -0.5146503588492077
45 69 0.9521230842693142
45 72 -0.14146333795136568
45 73 -0.8015000382322859
45 75 0.4952626076774951
45 76 -0.38598567103190096
45 77 0.23092801693673892
45 78 -0.00961305556881098
45 79 -0.7270969965543987
45 80 0.13677077575394447
45 81 0.2820821508712734
45 83 -0.49112582782481184
45 85 -0.7608668475845775
45 87 -0.48836215317770937
45 88 -0.5046835777131464
45 89 -0.9772976140382386
45 90 -0.41309695253969836
45 92 0.2004632607980068
45 93 0.17745553828620642
45 95 0.8476807408694249
45 98 0.38055379735917105
45 99 0.628031001647984
45 101 0.36531408495507534
45 103 0.7806810171776495
46 47 0.3144318744320542
46 48 0.5979259609048941
46 50 -0.22276427901028484
46 51 -0.2633324674578883
46 52 -0.05322867472488291
46 54 0.4129940877992466
46 55 -0.12183018911499355
46 56 0.4102984987537279
46 57 -0.6361671547251595
46 58 0.34384669680713187
46 59 -0.4696227302986653
46 60 0.9056935922065039
46 61 -0.13391350631308385
46 62 -0.6577652894685799
46 68 -0.288130697892486
46 69 -0.47687927733410596
46 71 0.11550088157022942
46 72 -0.2191159063100474
46 73 -0.17942617076341927
46 74 -0.48855981296150364
46 76 -0.23833976236082233
46 77 -0.13436507228857653
46 78 0.24488767743478412
46 79 0.7059584006283586
46 80 -0.8832914789666964
46 84 -0.5268274612192467
46 85 0.26014770762191075
46 88 0.6760044307906081
46 89 0.7760923984999228
46 93 -0.8492855205222778
46 94 0.7745735367982842
46 95 0.9715783470224733
46 96 -0.8576370661312214
46 97 0.5781241211784864
46 98 0.6243100479433918
46 100 -0.11791297107471
46 101 0.4728447413061925
46 103 0.5753554045660358
46 104 0.12201595674903154
47 49 -0.2091768462014032
47 50 -0.5029685356250337
47 53 0.6104365448707765
47 55 -0.6288805273771465
47 56 -0.01626103928421596
47 57 0.4765488716113302
47 60 -0.4729608276326738
47 64 0.8522462999637077
47 66 0.23588276996862856
47 69 0.613205725627108
47 70 -0.6872401578021379
47 71 -0.22033379423204313
47 74 -0.7563444059464484
47 77 -0.27558065563958123
47 80 -0.6495846733299688
47 83 -0.6094887281971864
47 87 -0.4768490604822624
47 88 0.19719589357214162
47 89 -0.8812630022006052
47 90 -0.6353642467609315
47 91 -0.805824700284044
47 92 0.7967429250454889
47 93 0.9963283672898455
47 97 -0.6163057794369164
47 98 -0.5587476744366457
47 99 -0.6075424121565596
48 49 -0.6414672926142304
48 50 0.2770856077725212
48 53 -0.6503619907329592
48 54 -0.6365300736839121
48 55 -0.3667530903672265
48 56 0.10676782574934496
48 57 0.6418623192130744
48 60 -0.17440481647408745
48 62 0.019167988342899678
48 64 0.6984076410663884
48 65 0.797133883550929
48 66 0.9988661182054521
48 68 -0.3206544512227012
48 72 0.7491527514033265
48 73 -0.6388895505447434
48 75 -0.8979138420103066
48 77 -0.3611834150263795
48 79 -0.9476583757742956
48 80 -0.6696561421851794
48 81 -0.3337008239462076
48 82 -0.18416218815662222
48 83 0.9884417579764861
48 84 -0.4115586933816944
48 86 0.004490405223039673
48 88 0.9485152048429193
48 89 0.0860142848338945
48 90 0.7111649302407443
48 91 0.8909193666242905
48 94 0.8563343961963199
48 96 0.24136129140588491
48 98 -0.598187056568801
48 103 0.3363581337181365
48 104 0.46376530309384134
49 50 -0.48095914404751827
49 54 0.12218887190235939
49 55 0.5679931573193793
49 59 -0.41883848406024615
49 60 0.18768307255434546
49 66 -0.7525065747026276
49 68 0.44089128193931937
49 70 -0.18831265560375243
49 71 -0.5671158339829634
49 72 0.24543240365881558
49 75 -0.865165670644716
49 76 -0.005438475260137521
49 78 0.8157563778262109
49 79 -0.9608715167244104
49 80 0.09239070426688056
49 82 0.7381003564050026
49 83 -0.35130833501534586
49 87 -0.2723164915419509
49 90 -0.8674379817842981
49 92 -0.6393623862813287
49 93 -0.4727061723799528
49 94 -0.9130981967997054
49 96 0.7153744079044029
49 97 0.44828867728015753
49 99 -0.897541854431841
49 100 -0.5748089442442972
50 51 -0.5799184055403184
50 53 -0.3989061477548672
50 54 0.047644859563996445
50 55 0.4908129039366653
50 56 0.8848891949705755
50 58 -0.5978916710443496
50 60 0.4552692025871654
50 61 -0.6521233314071042
50 62 -0.9512781330389597
50 63 -0.39963759708661684
50 64 -0.2681715948607677
50 65 0.7654583396089987
50 66 0.8235873769258244
50 70 0.5895656750279408
50 72 0.09656636805008145
50 74 -0.436904095988063
50 75 0.5240516806839068
50 77 -0.6857818955440733
50 79 0.018040918605316758
50 81 0.3612407024724049
50 83 -0.9103626708564267
50 84 -0.3012835284878983
50 86 -0.31599773188127367
50 87 0.6998243011336278
50 89 -0.33365752447084285
50 90 -0.9414007187668907
50 94 -0.5726329864517186
50 95 -0.012939120720314223
50 97 0.9737712473045417
50 100 -0.8067241079452001
50 101 -0.9592567064173336
50 102 0.20718551381996964
50 103 -0.9336496384762603
50 104 -0.44610580814504486
51 53 0.3830645657601528
51 55 -0.41807242944424194
51 56 0.09667819849237569
51 59 -0.6962322914616663
51 60 0.6679807379913392
51 62 0.6161884075840569
51 64 -0.11338355108782228
51 65 0.6421440515760302
51 67 -0.275222580894936
51 69 0.07378690100107343
51 71 0.6342687765390052
51 72 -0.3415049766930671
51 73 0.8509055415806246
51 75 -0.7517052229190038
51 76 -0.1859822086794305
51 78 -0.47249015644990044
51 79 -0.39992738055839383
51 80 0.046432179206752355
51 81 0.8943075528206517
51 83 0.09750691291716862
51 85 -0.6250097409915742
51 87 -0.8374814954744556
51 89 -0.09092325078136732
51 90 0.3388960411111579
51 91 -0.04787561899857229
51 92 -0.6770802989973725
51 93 0.9392904802991486
51 94 -0.5185419253875847
51 97 0.5509504424164644
51 98 0.736502437662482
51 99 -0.25632959725338167
51 100 0.019601210863479546
51 103 0.49174689575995223
51 104 0.3761991292551803
52 53 -0.494766544738908
52 54 -0.5219658034069048
52 57 0.021656564167663372
52 58 0.5109131935167868
52 61 0.6604021984657293
52 63 -0.3922870180253022
52 64 -0.6064368842379524
52 66 -0.5097444768410033
52 67 -0.6069792177799986
52 68 0.40055243538863916
52 69 0.049840923243057667
52 71 -0.31593381753220595
52 77 0.7385443738948205
52 79 -0.5929237080858276
52 80 0.5550241082231591
52 81 -0.005829665489374136
52 82 0.575769260192162
52 83 -0.4869473941411522
52 84 -0.6956774989663366
52 85 -0.06439782278674322
52 86 -0.3608868280447646
52 87 0.8696263227042649
52 88 0.31615927082038464
52 89 0.9196321509681131
52 95 -0.8717293705132769
52 96 0.10349593043598326
52 97 -0.893126735185106
52 98 -0.04511167659358151
52 99 0.8740026105585783
52 100 -0.4816342780604512
52 101 0.5749251088609533
52 104 -0.7989592221144151
53 55 -0.7688049970305806
53 57 0.3636901293954433
53 58 0.7111701897371199
53 60 0.08890650482241136
53 61 0.4205151934286151
53 62 -0.8345891630914215
53 63 -0.3257500709142478
53 64 0.8397884481099549
53 65 -0.6502120110894196
53 69 -0.7596795570973462
53 70 -0.7946397808451537
53 71 -0.7222823472852358
53 75 0.024271825504476263
53 76 -0.26657754316730764
53 77 0.2721388916877636
53 81 0.0820266668502867
53 83 -0.5412144611080199
53 84 -0.16688683078524447
53 85 0.41720504551451554
53 86 -0.610752778678916
53 89 0.2741664244243007
53 90 0.49954229084149615
53 91 0.3520162479110278
53 93 -0.2341877571609816
53 94 -0.3813649595238997
53 96 -0.12714678487557096
53 99 0.11006192962911587
53 102 0.04117451192346122
53 103 0.4663238847578941
54 56 0.9633677168346344
54 57 -0.16032479884737594
54 58 -0.061310155198734284
54 61 -0.3873553370068412
54 62 -0.9921093958399283
54 63 0.36113313146225146
54 65 -0.7266376052870507
54 66 0.12018225300985641
54 68 0.6628219307297076
54 69 -0.22091632291802332
54 70 -0.22119821915506876
54 72 -0.6095567422391663
54 73 -0.6401724038888466
54 76 0.6889775093810662
54 77 -0.23997578525729746
54 78 0.5691952499600941
54 79 0.29403086968852854
54 81 -0.6964164983065959
54 82 -0.9180875912647029
54 83 0.8159616354594565
54 85 -0.33000940091025455
54 86 -0.8073656961665467
54 91 -0.12276459732441403
54 92 -0.8604056242513021
54 93 0.6623141545778743
54 95 -0.8614526718428397
54 96 0.6311487140902967
54 97 0.9160359972974075
54 98 0.347522055673269
54 100 0.5383317579467044
54 101 -0.16346643008032458
54 104 0.39119132056757655
55 56 -0.6721826787557785
55 58 0.7872349694572325
55 59 0.8252040938983749
55 62 0.7906112778630183
55 63 -0.3665728658784042
55 64 -0.8604095953714974
55 65 -0.4004559973082824
55 66 -0.78740704035685
55 67 0.28920373695388046
55 68 -0.8573061628541871
55 71 -0.1979817538249098
55 73 -0.867460151535385
55 74 -0.814456071773245
55 75 -0.4139999331359161
55 77 -0.9750299576132222
55 79 -0.03193246459374954
55 80 -0.2502401695998895
55 81 0.27295019764020734
55 82 -0.7428005540424751
55 83 0.1437524618740833
55 85 -0.1761210066352623
55 86 0.2967825346826687
55 88 0.6683936584196317
55 91 -0.4986393927827797
55 94 -0.7230803637631622
55 95 -0.6748161229127807
55 96 0.44669045599143464
55 97 -0.11166083305327357
55 98 -0.35071067876091533
55 99 -0.3166788787303332
55 104 0.2970397396255444
56 57 -0.7251138854747303
56 61 0.46099180235289694
56 62 0.27211868701138475
56 63 -0.26357670993909044
56 64 -0.5686277963756023
56 65 -0.28621085652472833
56 66 -0.4556440477926733
56 67 0.32725242203236515
56 68 0.7441930909122452
56 69 0.9077123438179551
56 70 -0.038779316594976576
56 71 -0.3906446610090675
56 74 -0.546789129029525
56 75 -0.27070505868154493
56 76 0.8913522912258594
56 79 0.6457522410231
56 82 0.25997539942283177
56 83 -0.15969630699336634
56 85 -0.12013589261089619
56 86 0.20239855155720798
56 89 0.6059763144087031
56 90 -0.6780890936878827
56 92 0.15328419833911
56 94 -0.001774557768326801
56 98 -0.8142605711779916
56 101 0.4854846577261993
56 103 -0.042618035998542414
57 59 -0.6091684657935867
57 60 -0.7012371554238792
57 62 -0.5402181199932874
57 63 -0.520406584302489
57 64 0.07994458153096984
57 65 0.5959166921869594
57 66 -0.9921922511685932
57 67 0.7376854411691445
57 70 -0.9873898652753446
57 74 0.13335177982676027
57 75 -0.6402459749346818
57 76 -0.43482811736737537
57 78 -0.5210385334811145
57 79 0.23009283045070106
57 80 -0.5048602772999655
57 84 0.1324824868009158
57 85 0.239329699032105
57 86 0.645664688264197
57 87 -0.2706833273571283
57 88 -0.9382995511641488
57 89 0.15922491156619745
57 90 0.8342641506965838
57 91 0.1172236685070458
57 92 -0.003602357014980795
57 93 0.3903425844801034
57 95 -0.5112834166484603
57 97 -0.20647026461707485
57 98 0.9435695572682443
57 101 0.8050971821690931
57 102 -0.562377455356585
57 103 0.6347176452286263
57 104 -0.5157416407457003
58 59 -0.07979650964694707
58 60 -0.3892134170647985
58 61 -0.6263173698010913
58 62 0.22285517291494683
58 64 0.16971687506731836
58 66 -0.33109878188015496
58 67 -0.17886824425001313
58 68 0.6753722467494168
58 69 -0.716218525449694
58 71 -0.018585477322315525
58 72 0.8790939088497687
58 74 0.4671673148822406
58 77 -0.37595134076681447
58 78 -0.810945084413421
58 79 0.18834240518308332
58 81 -0.9021134439182283
58 82 -0.8468136523715968
58 83 -0.9542679000656857
58 84 0.15840336523426268
58 85 0.05582479852562394
58 86 -0.6083302290833172
58 88 0.07356490013880168
58 89 -0.4504153741501693
58 91 0.27172676011740093
58 93 0.18707017658508507
58 95 -0.7040314694274104
58 96 -0.020986976284220082
58 98 -0.08436227819443354
58 99 0.7698242749707815
58 100 0.029144941513877365
58 101 -0.3051221078034849
58 102 -0.4575283243138206
58 104 0.6405783096108437
59 60 0.35190588798443345
59 63 0.9442598534705338
59 67 -0.35738791342557397
59 71 0.6752554045706751
59 72 0.07612773647428295
59 73 0.9521198460021234
59 74 0.23673730047092612
59 75 0.7630455419722659
59 77 -0.6699644303434305
59 79 0.49824862937478676
59 80 0.43254282033821423
59 82 -0.14121860147419363
59 88 0.6188974974387216
59 89 -0.4160823277926109
59 90 -0.2985484907087719
59 91 -0.10005707832222566
59 92 0.26598839330101587
59 93 0.10582779421483535
59 96 0.3479033041044033
59 97 -0.7187410929484663
59 98 0.7928631793932461
59 99 0.39982997352825667
59 101 0.9996225927612146
59 102 0.6303078152917183
59 104 -0.27287913870532376
60 61 -0.9287571612420453
60 62 -0.19650556476583603
60 64 -0.4820663183024294
60 66 -0.7128330519275654
60 69 -0.5215511000307107
60 71 -0.8224323839323331
60 72 0.284281979119539
60 75 0.31185534298655115
60 76 0.4043580541501164
60 77 -0.1993556290483922
60 78 0.36075793593593986
60 81 -0.9608268235392285
60 85 -0.24031349679265968
60 86 0.06478108136637872
60 87 -0.5480749024967728
60 88 -0.5815129335076301
60 89 -0.2041976276458921
60 91 -0.36099439462687943
60 92 0.9203586240409078
60 94 0.039986195326040974
60 95 0.799623600147265
60 96 -0.5080819441873898
60 97 -0.3897997685632817
60 98 -0.6666375383891545
60 99 0.020942144241918204
60 102 0.49376811112924424
60 103 0.6421140308508879
60 104 0.5768062288966098
61 62 0.06559493014733753
61 64 -0.5869795430605236
61 65 -0.7253022162143419
61 66 -0.2629820365894895
61 68 0.8606180278567153
61 69 -0.6675641132493384
61 72 0.8904397492453606
61 73 -0.7980387681790861
61 74 0.20858005129515633
61 75 0.9524954356823889
61 76 0.2464287901700435
61 81 -0.5116498316223823
61 82 0.2799348723567956
61 84 0.12770110801092494
61 85 -0.11798297835005211
61 87 -0.038084216831606454
61 89 0.6857424600701798
61 90 -0.12018285873689294
61 91 0.4968103823040715
61 92 0.7152985020492824
61 95 -0.8197946190756649
61 98 -0.3160012740086111
62 63 0.7292840281559805
62 64 0.9396160656614438
62 65 0.2273916062746426
62 66 0.14502609120375798
62 67 -0.8718293818156255
62 68 0.8774543973589644
62 69 0.12802223607336582
62 70 -0.972495364273591
62 71 -0.970721790387437
62 72 0.1319152622133064
62 74 -0.7441465604493582
62 75 0.7295571594445771
62 77 0.2980860482320038
62 79 -0.35496171247463915
62 80 0.09928642068153892
62 84 0.25196042181145684
62 85 -0.1462048663545974
62 86 -0.1432063329339246
62 87 0.8368600099136791
62 91 0.7460253941448962
62 92 -0.2161121550846945
62 93 0.3153954590439676
62 96 0.20011787412291682
62 97 0.2479764088218328
62 100 -0.22832845774109023
62 101 -0.28560514493479583
62 103 0.8034578903152962
63 64 0.46389249676015476
63 66 -0.11262885663106181
63 68 0.5704860910365253
63 69 -0.5023012682665924
63 71 -0.9972525730900874
63 72 0.9524138332501382
63 73 -0.43040583824086975
63 74 0.5082166631579785
63 75 0.25304095231867274
63 76 -0.10971010520329028
63 77 0.6942198808177797
63 78 -0.30325793307464943
63 79 0.2547286837440774
63 81 -0.40493161455860194
63 82 0.34695626642624244
63 85 0.3394830301796039
63 86 0.18779385960059525
63 88 0.43520740589204143
63 91 0.9881905071996826
63 92 -0.017086450641605744
63 93 -0.11143983736051011
63 95 0.10673252447087589
63 96 0.5330566294037908
63 99 -0.5551053391905585
63 100 -0.7376373164367438
63 101 0.28855659761967045
63 104 -0.2185497595957553
64 65 -0.19894586335273323
64 66 0.0005579864984799343
64 67 0.16312111113086192
64 69 -0.1724585345471259
64 70 -0.8762756162283285
64 71 -0.33845095963660565
64 72 0.48394535637973735
64 74 0.3548620505961475
64 75 0.33467492252646935
64 76 -0.08644066274340134
64 78 0.7194954404425737
64 79 -0.6711415823039002
64 82 -0.3561428384899181
64 83 0.7131990191075614
64 84 0.08454364311933671
64 85 -0.2067031966929771
64 86 0.21771731888338763
64 87 -0.7711824688210709
64 89 0.894143963511318
64 90 -0.9585073685633525
64 91 -0.07399604278461269
64 92 0.20582506911333853
64 93 0.2312763539011573
64 95 -0.9085092180896277
64 98 -0.6235784616574398
64 99 0.6356431487306948
64 100 0.11177988223722846
64 103 0.5997726369132985
64 104 -0.2007047913480997
65 69 0.22966183129998852
65 71 -0.7898190653422896
65 73 -0.8376144540350645
65 74 -0.5279912810042235
65 75 -0.37230009517814455
65 77 -0.9590575704134041
65 78 -0.4377963517353387
65 80 -0.2833601391422307
65 81 -0.6958542383165343
65 82 -0.9821984550873268
65 83 0.25994016817208565
65 84 0.5956398670755145
65 85 0.719672832890947
65 88 -0.1206186715150499
65 89 0.5926492562216843
65 90 -0.5779559222028241
65 91 -0.4430318171144292
65 92 0.5924007792261266
65 93 -0.2725339657252994
65 94 0.5762736932420474
65 96 0.4035204340243925
65 97 0.9390095346995295
65 101 -0.6300140788564059
65 102 0.5792927543068831
66 67 0.4918935960424551
66 68 0.597215026321763
66 70 -0.2862474301696176
66 71 0.778466086937845
66 72 0.3718555728684094
66 74 0.6622296512495007
66 76 0.2731437153651153
66 77 -0.09037696317238963
66 78 0.5538409950915888
66 82 -0.7675112648739801
66 86 -0.9806618688430129
66 87 -0.516902844066464
66 91 0.8485934074682153
66 93 -0.6373238729020487
66 95 0.8436004876006069
66 96 -0.6699363352733856
66 97 -0.5753440104554401
66 98 0.963615880821199
66 99 -0.9443664797416855
66 100 0.9575034015009722
66 101 0.44219645534930585
67 68 -0.32952352081885206
67 69 0.2090766859198092
67 70 0.49872306997356564
67 71 -0.7161286012232098
67 72 -0.0969828610902359
67 75 0.6900967984190745
67 78 0.4914523196342204
67 82 -0.8141541571583628
67 83 0.5257713580845613
67 84 -0.12632142396946544
67 85 -0.0038039441371759963
67 87 -0.8312844182751247
67 88 0.4154931812549274
67 89 -0.5495451352820464
67 90 -0.6118145262843153
67 91 -0.021043655718540055
67 92 -0.69510743438396
67 93 -0.2753323939182313
67 94 -0.2565452450043606
67 96 -0.40848310698037427
67 97 0.9149279896145499
67 98 0.6977056383782998
67 99 0.13953224778991813
67 100 0.4711368923898518
67 101 0.16985005318593527
67 102 0.32214478306316097
67 103 -0.7844879110396188
67 104 -0.6937870292373192
68 69 -0.8405786017715335
68 70 0.9019227586618874
68 71 0.451110232819421
68 72 0.25720677705071004
68 73 0.6276192362540205
68 75 0.7785890184759368
68 76 0.4611809401554765
68 77 0.21115426038712126
68 78 0.2699245052584571
68 81 -0.6808310272468339
68 82 -0.8869411374547718
68 84 -0.4700020496113384
68 86 0.9967646993237438
68 89 -0.722953512568487
68 90 0.39802305012676586
68 91 -0.5446302526934517
68 92 -0.02905559803064972
68 93 0.9058146306242498
68 94 -0.8902548757101905
68 95 0.24441096998882927
68 97 0.15970053293692854
68 98 -0.20758996491928494
68 100 0.21083811051103374
68 101 -0.19832502561696996
68 102 0.7332630594426415
69 71 -0.21828710892869707
69 72 0.035077989929733544
69 74 -0.9328285384127137
69 76 0.08801113963329166
69 78 -0.07513655469713187
69 79 0.3466819252854394
69 80 0.9953042563549144
69 82 -0.8886205440628352
69 83 -0.4418032280037665
69 84 0.4993214446502796
69 85 -0.26164783596056207
69 87 0.5404990066996884
69 90 0.5770473152351023
69 91 0.4446553980273733
69 95 0.49367985699953354
69 96 -0.7807233884970703
69 97 0.8664370791181368
69 99 0.11897073586970186
69 102 0.8081306154521983
69 103 -0.036149328161766636
70 72 -0.920056935820283
70 73 0.836919046633539
70 74 -0.7015788750159577
70 78 -0.8324052183386395
70 79 0.09641774743508602
70 81 0.2824335287442796
70 82 0.39259262997214606
70 84 0.45298804633073764
70 86 0.3409871891346794
70 87 0.6175018257698432
70 91 0.4362009994341862
70 93 -0.29734040472291157
70 94 -0.5422909367203812
70 95 -0.12366433706511293
70 97 -0.6740751776271761
70 99 0.7833393395419523
70 101 0.7377567191582948
70 103 -0.3395103215073303
71 75 -0.7316940968099108
71 77 -0.5586507263570593
71 79 0.13668899902415887
71 80 0.8173250313764082
71 85 -0.40666551578886767
71 86 0.04191024203086635
71 88 -0.037845881671042525
71 90 -0.13056155120216428
71 92 -0.9780926625338515
71 93 -0.8540049930566198
71 94 0.8757378669310703
71 95 0.6955936994412033
71 96 0.8261259053404668
71 98 0.8045831402899477
71 99 0.614290117799356
71 100 0.33656662015226857
71 101 -0.06750141784548758
71 102 -0.9014924723885243
71 104 -0.9532888517675073
72 74 0.14293422309237802
72 76 0.31988203996802866
72 78 -0.8937648518050638
72 81 -0.45675858243718914
72 82 0.02075752165915845
72 83 0.04284529042471208
72 84 0.6923755593947263
72 85 0.009375557676300605
72 86 -0.8710770172430615
72 87 0.332414883832145
72 88 -0.12633738501393244
72 89 -0.0025411528152108342
72 91 -0.7528099990322881
72 92 0.3981465163882747
72 95 -0.5784387482873958
72 96 -0.7398606513696209
72 98 0.7024412786634
72 99 0.9266763459447973
72 100 -0.02556796666066785
72 102 0.731015134800463
72 103 0.12702188104137258
72 104 0.4733664325267368
73 74 0.32935057079191554
73 77 0.19030018363111956
73 80 -0.5821004648360621
73 81 -0.6870075260997293
73 84 0.8721956331691278
73 85 -0.14197222790796138
73 86 -0.7421605604489026
73 90 -0.8434140350540495
73 91 -0.525104599556836
73 92 -0.29375200754068165
73 93 -0.4720578914309348
73 96 -0.29713332039153606
73 97 0.09521168621074971
73 98 0.499171238089245
73 99 -0.4003204770253366
73 100 0.7443041016377248
73 101 -0.15824448262502933
74 75 0.38732036159041283
74 77 0.3896908754430355
74 79 -0.16164255535172933
74 80 0.2332251567272221
74 81 0.7402836525399294
74 82 -0.20812666719452055
74 83 0.5350828850841196
74 84 0.17213249464177616
74 85 -0.32731341304101447
74 87 -0.603855855256459
74 89 0.958791287483935
74 92 -0.0022170366059757196
74 93 0.9502322069732687
74 95 0.5757362452527555
74 96 0.4769103182759724
74 97 -0.7900967899090443
74 101 -0.10937629162060514
74 102 0.10181587107063472
75 76 0.9940631901750672
75 77 0.964496187235468
75 79 -0.793137983428728
75 82 -0.871545511908987
75 83 0.7730159555400822
75 84 0.6843900063090662
75 88 0.8043425714252377
75 90 0.30384848484149196
75 91 0.2178993941493066
75 92 0.8795466813154733
75 93 0.10139588636536057
75 95 -0.022210426494986946
75 96 -0.45615209136112767
75 99 -0.6621842837102161
75 103 -0.29515753093895314
76 77 0.6072542739335876
76 78 0.964711103020857
76 79 -0.988817289231529
76 80 -0.5233691674870942
76 81 -0.2875103824842895
76 82 -0.38382074602310357
76 84 -0.18294239775398502
76 85 -0.25378193115936054
76 88 0.41152728767477664
76 89 0.9770410577684869
76 90 -0.8457816859275393
76 91 -0.23599317552227395
76 92 -0.9523232716492247
76 93 -0.007287599580658277
76 94 0.9867563809098923
76 96 -0.022754845341438346
76 97 -0.6324074070957568
76 98 -0.6806754299699558
76 100 -0.3460659257908607
76 104 -0.7580072746225641
77 79 0.7011923239384796
77 80 -0.9062690611754203
77 81 0.622573758787095
77 82 -0.40944917914273216
77 84 0.49657878860653737
77 86 -0.3605395903032884
77 88 -0.4366952363196319
77 91 0.5140400000538512
77 93 0.5158971850210612
77 94 0.9525495747977528
77 96 0.8286714387580172
77 97 0.22569578755762487
77 98 -0.21362969668431875
77 99 -0.25175351556346626
77 101 0.22010171168376003
78 82 -0.9129665818309427
78 85 0.15155516278298475
78 86 -0.8119678642977564
78 87 -0.42511142971699156
78 88 0.11989322206708453
78 89 0.8846269961070807
78 90 -0.10453446562766633
78 92 -0.6155551312323286
78 93 -0.6427266485104797
78 94 -0.09983893079531603
78 95 -0.11086148402998819
78 98 -0.7849534590131062
78 99 -0.30792096900442734
78 100 0.05904000957523925
78 102 0.7225714457523653
78 103 0.9247036702297806
78 104 0.019991061665948218
79 80 -0.6840094191251587
79 82 0.21747265903157964
79 84 -0.2121749285066783
79 85 0.8729914637140412
79 86 -0.5680876544617384
79 87 0.027960707885906988
79 88 -0.9038775031792936
79 90 0.08363359246009838
79 91 -0.5682964501710568
79 92 0.26762488738750334
79 93 0.6056253732244339
79 95 -0.6693006525415319
79 96 0.3999795349080446
79 97 0.44019302274729966
79 98 -0.1589597167723389
79 99 0.10538227825501445
79 100 -0.813678978313392
79 102 0.2507172926532746
79 103 -0.21473530948955033
79 104 -0.9300528504645227
80 81 -0.5803377253692237
80 82 -0.9962286521871369
80 85 -0.7303202226905583
80 92 0.955022334838667
80 93 0.9487429115285555
80 94 -0.017700002639513324
80 95 -0.6244866598649499
80 98 -0.20665152203079984
80 101 -0.04151682092103659
80 103 0.04716795512248306
80 104 -0.5159805431311963
81 82 -0.44921874529683015
81 83 0.5295068590130099
81 84 -0.9817654658931239
81 85 0.8954664315982703
81 86 0.3552030200531364
81 87 0.9122849280536258
81 89 -0.9361612914991038
81 90 -0.9829746889161315
81 91 0.6929882894890635
81 92 0.38846643088863053
81 93 0.8477620998905266
81 94 0.7064086806957286
81 97 0.11360422897676958
81 99 -0.19306720503641261
81 100 0.08126390528468441
81 102 -0.8130977432307314
81 103 0.3709086945504443
81 104 0.06626501339590529
82 85 0.8816972369184923
82 87 -0.6980122990263482
82 92 0.9223438432705537
82 93 0.21628957243018254
82 95 0.1463987458655993
82 96 0.3599788514126485
82 97 -0.4982923886009818
82 98 -0.026966420674235936
82 101 0.6587197776716831
82 102 0.5006601327666771
83 85 0.7980652954357015
83 86 -0.7810747270490788
83 87 -0.9693166138213276
83 88 0.3293381130314199
83 91 0.40402635824492195
83 93 -0.4182581859333683
83 96 -0.8393067729256101
83 98 -0.5936951747688954
83 100 -0.4095908691890302
84 85 -0.18142519492622378
84 87 0.340558229215973
84 88 -0.0652641342854916
84 89 -0.18652577115711044
84 91 -0.11774345438982792
84 92 -0.7662212439633806
84 93 0.8691728644450407
84 94 -0.9081711422504699
84 95 0.7274066623886504
84 96 0.792834688410494
84 97 -0.1112665027316142
84 98 -0.25117522276693616
84 101 0.38895553088601487
84 103 -0.7123257694084637
84 104 0.9100773186524929
85 87 -0.658367520207972
85 89 0.7748831175381121
85 91 0.0215524950166186
85 92 -0.9631151128989608
85 93 0.338772088375463
85 95 -0.806251627221594
85 96 -0.2257977238301998
85 97 -0.6915757341922111
85 98 -0.8570204755959558
85 101 0.442723521351297
85 103 0.18245941294236978
85 104 -0.002856035528119971
86 88 -0.4045390508712823
86 89 -0.671675180308708
86 91 0.5827803011355315
86 93 -0.3042613805537371
86 94 -0.2801321498286504
86 96 0.21196553805299345
86 98 -0.998547875546977
86 99 -0.5756716280941949
86 100 0.20153865819963301
86 103 -0.7946354310492694
86 104 0.4724834066944661
87 88 -0.2234083615046727
87 89 -0.10792000018896664
87 90 -0.9994455781126246
87 94 -0.8577850591968796
87 95 0.5933051829775655
87 101 0.9628139960788362
87 103 -0.7101571189900966
87 104 0.7614461349336243
88 90 -0.2585388122153529
88 91 0.8532042059064737
88 92 0.15685628359113912
88 93 0.24271258432217535
88 94 -0.558278070279739
88 98 -0.11807970979180782
88 100 0.5008074591142102
88 101 0.6500162787294428
88 103 -0.21409193326387888
88 104 -0.680023526463079
89 91 -0.4888633027734888
89 93 0.2368518256954193
89 98 0.3357552087758837
89 102 -0.9547424844302235
90 91 0.25499161191304
90 93 0.4540314501510858
90 94 -0.4719409263268419
90 101 0.663587509736298
90 102 -0.930158747548431
90 103 -0.17837513198274757
90 104 0.9852575463375925
91 92 0.9481059884242913
91 95 0.378767840114858
91 96 0.2746520470052909
91 97 -0.8851535335037573
91 98 -0.08055919789401633
91 101 0.11083714194697514
91 103 0.12784713741320375
91 104 0.08682564712107066
92 93 -0.3807010138286231
92 94 0.6999426917681539
92 97 -0.3832371752534669
92 99 -0.40074416938404767
92 101 -0.9167561181907633
92 102 -0.6873998210572625
92 103 -0.9130905641580294
92 104 -0.8802442167116871
93 94 -0.5258011185281826
93 96 0.5789230019235732
93 100 -0.8937115019609987
93 102 0.31693878501034023
93 103 -0.01686158635406021
93 104 0.1741364018451379
94 96 0.2285220777876611
94 97 -0.5870967716182258
94 98 -0.01849761377807213
94 100 0.8977649491466144
94 101 -0.4203805054898837
94 103 -0.429517129486096
94 104 -0.4153943027534013
95 96 -0.20875387184555616
95 97 -0.9214364032496549
95 98 0.522993868780129
95 100 -0.6916284679849394
95 103 0.7218046515814585
95 104 0.1959452340202683
96 97 0.6561055743654467
96 100 0.19148397398828854
96 102 0.500156249264939
96 103 -0.46345346313961366
97 101 0.07323715356342153
97 102 -0.6636172695637879
97 103 0.8174846849161275
98 99 0.5130272963873574
98 100 -0.8687482077279445
98 102 -0.17570554425453055
98 103 -0.23764523493892953
98 104 0.04257420229377207
99 100 -0.07443036659972524
99 104 0.24503587483532185
100 102 0.8109091312743297
100 104 0.3176146271817153
101 103 -0.10425132393791992
101 104 0.09243836061598532
102 104 -0.4631694928386725
