105 1092
0 -0.14582798854279
1 -0.30996241506489697
2 0.5589285664436021
3 -0.06068434248660193
4 0.9752759412980376
5 -0.37570281959870777
6 0.7306491269665842
7 0.29486544822774774
8 -0.5201845440155637
9 0.9669962794732367
10 -0.14642222508612424
11 -0.7953139486034444
12 -0.4628267594626414
13 -0.6743978996099993
14 0.5231663491479841
15 0.12574336520549512
16 -0.5503403361709107
17 0.39623042389775187
18 0.2518224947023431
19 -0.6443045825792759
20 0.23482298451443362
21 0.10226096777070492
22 0.5460313356302171
23 -1.2441939248653e-05
24 0.040509673181402084
25 0.46748601447136595
26 -0.9644785767360731
27 0.719427837253102
28 -0.25529532122033394
29 0.7434785313373036
30 -0.4665204918651482
31 0.5961836519304362
32 -0.5677031427214105
33 0.6675082790779501
34 0.14506504109523144
35 0.49688004698975163
36 0.3352945431258796
37 -0.1586346310012272
38 0.3839051909706279
39 0.662779822174455
40 -0.5667294529697053
41 -0.7556162589843849
42 -0.979144436070357
43 -0.3163699143086993
44 -0.4531044723949742
45 0.11151114231153314
46 -0.5543114966370455
47 -0.12267126352434832
48 0.33932131478709016
49 0.46660860153053774
50 0.6229102530360136
51 0.13348944175898958
52 0.49817731193659553
53 0.8058067099004822
54 0.14092039172806037
55 0.6955322614331392
56 0.31045704244861416
57 -0.8762411269824144
58 0.10636955490094269
59 0.6588960259489436
60 0.8705004946133401
61 -0.9388175862054342
62 0.15770890034595775
63 -0.3964166517746952
64 0.7347378940704758
65 -0.45920174038707695
66 -0.1653071986237038
67 -0.9375986629517075
68 0.8723549126791488
69 0.8557786764854141
70 -0.01159833676629174
71 0.9411831131527708
72 0.23510995255195688
73 0.33197500247590295
74 -0.9114609653359409
75 -0.02971146693166382
76 0.06781537561908801
77 -0.8653782837313027
78 0.6054846977957815
79 0.7407749480055503
80 0.19803908932763892
81 0.8154691081011645
82 0.18354766439011683
83 -0.06052111404022731
84 0.1552516453937629
85 -0.6057697199404295
86 0.6461925942942441
87 -0.18613966193686893
88 0.3038420931841057
89 0.10032749522575402
90 0.35127222300039707
91 0.3438584129100761
92 -0.5689952729096521
93 -0.8226199034892787
94 0.8599233575968075
95 -0.34238352229498314
96 0.1738321148625268
97 0.9360239892222175
98 0.10320475468626134
99 -0.8174467352978885
100 0.22139961841174371
101 0.20035057039015158
102 -0.39302047669287443
103 0.44251627523687187
104 0.8266660159690393
0 5 -0.07789333688247302
0 28 0.04814787872094195
0 29 -0.08399450871361736
0 48 0.5517496872411072
0 54 0.02112154278450107
0 55 0.04802931152506651
0 56 -0.09693899806024597
0 57 0.21139407152534617
0 59 -0.38084638071887333
0 61 -0.13543981122140014
0 64 -0.4230061746973808
0 66 0.3000069648746584
0 69 -0.7012773287181326
0 72 -0.31124945630582235
0 73 -0.7934601731051043
0 76 0.25572754010913434
0 89 0.6321018745710112
0 92 0.8389842105182739
0 100 -0.819067904896555
0 101 0.5616240325511106
0 102 0.23153003394123428
0 104 0.5360167670058742
1 2 -0.06103627024935898
1 22 -0.5117611236641071
1 38 -0.46210496968734827
1 42 0.15900825203530333
1 43 -0.8948280738532277
1 47 0.19667497265028988
1 51 0.8777457503295525
1 56 0.776368650917757
1 60 0.23528907311259206
1 69 -0.3961279170289731
1 70 0.4592613413180693
1 79 -0.20370726659308103
1 84 0.11999864567726815
1 88 0.533709545996512
1 91 0.5233001762189682
1 92 0.33560389398663126
1 99 0.2922887770212257
1 103 -0.8395828783686747
2 3 -0.8178721221003571
2 11 -0.45301694694434436
2 18 0.030570275483476017
2 23 0.4481788398514135
2 25 0.44768010876438713
2 27 0.1657020578676085
2 28 -0.9348000293295273
2 33 -0.7179414937463251
2 38 0.7149450059620635
2 40 0.8136341767340094
2 41 0.5236572431579807
2 43 -0.6211683807921262
2 46 -0.2615396773002765
2 54 -0.6274292792341727
2 60 -0.6514853170867645
2 68 0.6362228143858255
2 74 -0.2178274845229895
2 75 -0.3399687033181187
2 82 0.6566054377789294
2 87 -0.30566303346537604
2 104 -0.9898723751833347
3 9 -0.049173492434939625
3 11 0.2541437686967254
3 14 -0.5938749492498545
3 15 0.7189314285190243
3 16 -0.9910110849562348
3 18 -0.22721377301814005
3 21 0.6177536046443632
3 22 0.32168408115967884
3 27 0.1255217146034795
3 28 -0.5894451029268861
3 29 0.6747956399686179
3 32 0.9965215627988535
3 39 -0.8774679083174111
3 48 -0.5485574458299016
3 61 -0.486036728660012
3 66 -0.13226448870070717
3 68 0.8197687740514408
3 70 -0.8664787637805049
3 73 -0.20157045783379002
3 76 0.5032296647186532
3 77 -0.11530059217281607
3 88 -0.859891611830135
3 91 -0.958424039529824
3 92 0.8225900505913812
4 8 -0.7506125774023422
4 13 -0.07740728339824754
4 19 0.07461407192061809
4 22 -0.9547099052660921
4 29 -0.06127924158578546
4 30 -0.4161388503662977
4 32 0.9863640740970745
4 37 -0.9092877786041744
4 41 0.4861672324068951
4 42 0.20348505818560847
4 48 0.2918148017104727
4 54 -0.14057805634582565
4 63 -0.9949605207535588
4 66 -0.3231924687558816
4 67 -0.13679053725495893
4 70 0.6848174008433974
4 72 0.0362167159495963
4 84 -0.9571549859458515
4 87 -0.008843655220052815
4 89 0.03174790707172215
4 90 -0.7748702885000625
4 91 -0.9407430285958955
4 93 -0.9020394079208895
4 102 -0.4783286467363086
5 6 0.7229115032244207
5 7 -0.12636913493954371
5 10 0.8781009814598175
5 11 -0.2848930120362967
5 13 -0.9566510455124324
5 21 -0.9612701862601662
5 22 -0.7721264909811087
5 24 0.8491364756199091
5 25 0.3265399076218374
5 27 -0.8911311619595774
5 31 -0.845062520407182
5 32 -0.44507746224012923
5 38 -0.26087726190403004
5 40 -0.28379573236677347
5 41 -0.6370541529979934
5 42 0.31100624967924806
5 45 -0.18756268111792496
5 50 0.8399449622195991
5 52 -0.04743712827057811
5 56 -0.9634457392236218
5 60 0.5030749124822098
5 64 -0.49090700472454607
5 66 0.17661839298116822
5 67 -0.029685497078632883
5 72 0.755278987522001
5 75 0.26280140820135656
5 76 -0.31016093306305303
5 78 0.015994382654551886
5 81 0.48704888573636507
5 83 -0.3150714242847674
5 84 -0.01893373877010429
5 91 0.14539478133049544
5 95 0.31492902393531774
5 101 -0.5215823445091377
6 18 -0.567981346154911
6 20 -0.8718924697496646
6 21 -0.564104889457721
6 29 -0.31416417634351235
6 36 0.22712721176692874
6 37 -0.03631444335687117
6 39 0.8087927700201698
6 47 -0.6503174164208394
6 51 0.54640801301531
6 56 -0.01716586228925565
6 58 0.39738804496919533
6 68 -0.19769826830799375
6 76 0.2200565633555316
6 80 -0.47432794900591824
6 82 -0.5200626587142891
6 99 0.374894079347754
6 100 -0.5889977840625797
7 12 0.6352071950398341
7 18 -0.38124133890094636
7 22 -0.46275967964074805
7 25 -0.7035405853747265
7 29 -0.18878293117148592
7 30 0.4160529535583164
7 36 -0.20259975973213318
7 38 -0.006051519403164063
7 41 -0.7429807002333655
7 55 0.18591812630479598
7 62 0.08589992069855468
7 65 0.15754126631509657
7 69 0.7854277597923214
7 71 0.43827015761785293
7 74 -0.2176925507987657
7 89 0.3207806699609772
7 90 -0.5136032607884864
7 97 -0.6914579380115613
8 10 -0.3235076244486217
8 14 0.05088347717096964
8 20 0.17329109167410817
8 21 -0.5302809927912671
8 30 0.44220257276220765
8 33 0.756175071032299
8 35 0.10772891094078174
8 46 0.4977438343135534
8 48 -0.8786747101392083
8 52 -0.8046773284699966
8 54 0.7808921831579398
8 62 -0.5967706312110368
8 65 0.45628898199981327
8 67 0.38479413167811294
8 69 -0.731782888776578
8 71 0.14569631583649212
8 72 -0.9411245683959584
8 81 -0.45378114489059573
8 89 -0.3894089034544568
9 10 -0.6686138918123186
9 12 0.40309473553209685
9 13 0.08025006304116555
9 24 -0.4642172683302439
9 30 -0.8929173824429528
9 32 -0.16257348797133608
9 36 -0.9674747170260929
9 38 -0.981086452778144
9 39 -0.8161997423506637
9 65 -0.6445844403989449
9 69 -0.623878491741825
9 72 -0.2600907354649262
9 80 -0.5955971429373175
9 91 -0.8688856975640034
9 96 0.9157517537150213
10 21 0.08397017886945424
10 36 -0.618684195581418
10 45 -0.8722328905010195
10 62 0.6910021431472955
10 64 -0.050475160889210224
10 68 0.6677547696888906
10 74 -0.1638373718950037
10 76 0.7221247078787361
10 83 0.8253715523816323
10 84 -0.13500514597333169
10 89 -0.0191073463166318
10 92 -0.10974216585018959
10 98 0.7888416233328597
10 102 -0.23984991150101975
11 14 0.9088510300011674
11 43 -0.04901341257072622
11 51 -0.28525925185404555
11 62 -0.44854272038807785
11 64 -0.1577775796961014
11 71 -0.26051789229330935
11 75 0.6522527787555634
11 76 0.8285239393264394
11 78 -0.12587210631550483
11 79 0.5245343476983471
11 81 -0.5054313537445194
11 87 -0.31483554327323415
11 89 0.5671535452152072
11 90 0.5505853935507499
11 92 -0.5854975011917938
11 94 0.8077849721165005
11 95 0.9137172690432103
11 101 -0.40402851166969445
12 14 -0.2006483659548144
12 19 0.17956166532363227
12 25 -0.5931075141709801
12 38 -0.21168030825172623
12 41 -0.5376199755481725
12 46 0.7447931655821811
12 64 0.24733944953983
12 71 -0.24717037444635626
12 80 -0.6612731128784612
12 84 0.044832791757442925
12 85 0.3697180378680047
12 101 -0.46765834337045886
12 102 0.7661387061635594
13 18 0.4855052441366745
13 20 -0.08363635985977269
13 24 -0.6854457179403868
13 25 -0.20104913322077644
13 33 -0.049233968288866725
13 34 0.8678981416663076
13 40 -0.2371275478409256
13 43 -0.03239245915265676
13 49 -0.8895856481681419
13 56 0.45122371835188546
13 74 0.2156772941381757
13 75 0.7868011833908388
13 82 0.6966875874171647
13 92 0.9995483057823766
13 93 0.020131118631661282
13 96 0.3758483706900173
13 103 0.3467625358267383
14 33 -0.9587551031632873
14 37 0.7226286098295112
14 41 0.2800926806477182
14 48 -0.4727330676854522
14 52 0.8569795203967028
14 54 0.8654584576587059
14 64 0.5465335656704522
14 69 0.4502407795149863
14 70 -0.4670563076564833
14 71 0.372049416391391
14 76 -0.035670306066521995
14 77 -0.06217049605709213
14 78 -0.8995363271729715
14 85 -0.6242703473028779
14 96 0.32311947791718
15 17 0.4584357028374575
15 19 -0.9499109688569987
15 27 -0.6286230014095193
15 28 -0.1832525516374035
15 32 -0.1296046659575134
15 35 -0.4368280850615891
15 36 0.34279961095432543
15 40 -0.30531992320279167
15 41 0.8752765709487953
15 42 -0.993953662118457
15 45 -0.12251119115929598
15 46 -0.21130858484498982
15 49 0.5342312966607834
15 57 -0.6603407522366591
15 59 -0.766912881190877
15 63 -0.4662963818420409
15 66 0.3154041867647408
15 67 0.8432225330864083
15 69 0.2782748354533626
15 71 -0.2592803191998052
15 73 -0.1284124628861385
15 74 -0.2880635819173909
15 75 -0.5386192560429155
15 89 0.07607547464754627
15 94 0.05730842594264196
15 95 0.2145656626700838
15 99 -0.40947088805404896
15 104 0.35692497987267946
16 30 0.05757086989369142
16 36 -0.05867034851667485
16 48 -0.5775174790979585
16 53 -0.8240402675685494
16 58 -0.21992597327970187
16 59 -0.39343542751248717
16 61 0.9274319920318266
16 62 0.17700101947390046
16 65 -0.05653413481257252
16 70 0.8604124279573515
16 75 0.6497341631821096
16 82 0.8296580786681995
16 85 -0.11212433492970142
16 86 0.7281332991104996
16 87 0.4999149808059802
16 91 -0.7116832175434071
16 101 -0.5384414025446094
17 35 -0.4436749584340005
17 41 -0.5561150913525306
17 45 0.5415989952220523
17 48 0.9399581302313229
17 75 -0.9226613651257711
17 80 0.21623752921503003
17 87 -0.8923454861479609
17 88 -0.7930899984276596
17 89 0.6178453893135443
17 91 0.48648432713191014
17 95 0.9245636327677671
17 97 -0.5435182945307113
17 103 0.9945779365980951
18 19 0.4663872483532665
18 35 0.6814421881267003
18 37 -0.576576013530512
18 38 0.37959290039816707
18 56 -0.4701660863175152
18 58 -0.4816899260966083
18 60 -0.6582954712417068
18 63 0.0689944541172276
18 68 0.4880555796633419
18 77 -0.04685271344687081
18 78 -0.3737049432507913
18 89 0.00470266844047984
18 97 0.5708914353591752
18 98 -0.7257130570283048
19 20 -0.8966211937228397
19 23 0.39361723325012377
19 24 -0.7284154533546441
19 25 0.8129111366647388
19 29 -0.3759253412293859
19 30 -0.2822073789662056
19 35 0.12304228134702089
19 36 -0.9804192504213423
19 37 0.07640380544326075
19 41 -0.559520245635797
19 49 0.31637058577009536
19 54 0.6778031413303858
19 71 0.43925691897193864
19 81 0.725659466120294
19 83 0.4640752181870482
19 84 -0.6754216255241772
19 85 -0.30952655250632755
19 88 -0.6837452192336115
19 89 -0.8397583061154767
20 29 -0.1357658136963018
20 33 -0.4845186725719046
20 38 -0.20222267769012459
20 42 -0.8158813622421364
20 43 0.7887277989504258
20 44 -0.8649314553208782
20 55 0.1866932282335496
20 67 0.5398556580926306
20 69 -0.1234434804595328
20 70 -0.43036049523445796
20 73 -0.20481934894892007
20 74 -0.5601055284578258
20 80 0.2870064840247153
20 89 -0.7415840470070951
20 94 -0.8056935733447459
20 95 0.25012266938663075
20 101 0.7094702794642735
20 102 0.94499164419328
21 23 0.38711543412182703
21 26 -0.717339551125941
21 27 0.37391540666792866
21 38 -0.9817208806259303
21 40 0.9667283309921311
21 46 -0.3825901931953002
21 48 -0.7023817787592901
21 51 0.5663746106993788
21 53 -0.7229957423083555
21 54 -0.3814719997431484
21 61 0.9682042212816382
21 66 -0.3579128782361487
21 71 -0.7868162711666273
21 72 0.563432121395419
21 73 -0.40595215213493807
21 81 0.7863718626962466
21 82 -0.15950587676396566
21 83 -0.7494278962264644
21 96 -0.854903532806017
21 102 -0.5284779190827433
22 25 -0.6089360475397798
22 30 0.36046399394264506
22 32 0.2106281485351731
22 34 -0.7351626353257823
22 41 0.4538655112565637
22 45 -0.083524578342965
22 50 -0.021077442098871968
22 51 0.47455958129691767
22 67 -0.23860077406410207
22 68 0.21147473136201733
22 71 0.5746011413608756
22 77 -0.028127741256190886
22 84 0.4111151897275185
22 88 0.525089224062113
22 104 0.5318705785262035
23 26 -0.11724182426422658
23 32 0.7932276098048268
23 35 0.8628395599484378
23 43 -0.6596056696973831
23 47 -0.5883297054856518
23 51 -0.25396688005932155
23 53 0.2593938974236054
23 54 -0.0902255480727383
23 56 -0.12877672827423248
23 70 -0.9949810293654853
23 78 0.6293048716647565
23 82 0.4147923103797757
23 89 0.07113188300552342
23 93 -0.32862780490609467
23 95 0.9691882363375097
23 99 0.021752570575426233
24 38 0.18471704440936576
24 39 0.4099380475086143
24 45 0.14813844912856244
24 59 0.3829032740816445
24 60 0.8427318493150273
24 63 -0.8824525678816271
24 65 0.8888158384578331
24 69 -0.3905164662812608
24 73 0.44390627068199073
24 82 -0.8061367837371598
24 84 -0.1468124447028114
24 87 0.40897992894356405
24 90 0.2919938169935403
24 93 0.7956904468294792
25 26 0.4568699541446586
25 28 0.7065694593999874
25 37 0.32440740805206736
25 38 0.8252612401650343
25 41 0.9099070238785103
25 43 0.31622547784866684
25 66 -0.6437301083033964
25 67 -0.9484774134362863
25 72 -0.5226894456271136
25 73 -0.893142732755603
25 78 -0.6774444937562694
25 81 0.9508749217773622
25 82 -0.2970616063457099
25 84 0.806222209004605
25 98 0.6182178753716931
25 103 0.7426690996356577
26 28 -0.6040737061996508
26 33 0.537035761341145
26 34 -0.7383012794491624
26 37 0.022661947748677358
26 38 -0.9326672535494029
26 45 -0.3483120909525512
26 49 0.6239360017498574
26 51 -0.1955517003836067
26 52 -0.3179125703475556
26 54 0.7603724508735412
26 62 -0.5856101222721861
26 65 -0.6590563049633071
26 66 0.0399680504973281
26 71 -0.9052324400860496
26 78 -0.9528920056253003
26 81 -0.5546658960743216
26 82 0.3512892720932703
26 83 -0.3541083426764653
26 85 0.3882773636868324
26 92 -0.9463427097116097
26 104 0.1403063927233612
27 28 0.6505032445572521
27 29 0.5801189125611745
27 30 0.2830203915896863
27 38 0.35611312686618346
27 40 0.12748386639757947
27 41 0.31745836577065467
27 43 0.1231297737665531
27 45 -0.8988902852840208
27 47 -0.3084813646845199
27 50 0.9024908907824756
27 65 -0.054536475012432195
27 72 -0.8833469662505999
27 73 -0.41253337360325903
27 74 -0.5254259195413793
27 80 -0.07284918871500534
27 87 0.8264914428215182
27 88 -0.2489305028364921
27 103 0.47065751625706387
28 30 -0.6434167550594785
28 35 0.5941839993936935
28 37 -0.7616291630207963
28 43 0.30200990699981345
28 47 0.49460360938396675
28 53 0.2212152508950853
28 54 -0.31257277336510625
28 74 0.21418903335622197
28 75 -0.8764679473539692
28 79 0.828784591279756
28 81 -0.5347813948950344
28 82 -0.23857276600319355
28 86 -0.8925385525578808
28 98 0.5575932637860432
28 102 -0.863180528938543
28 103 -0.8313061742340218
29 30 -0.7214138707574473
29 39 0.12726697228260253
29 54 -0.004834782889544531
29 58 0.9148182133104126
29 62 -0.06460102026810177
29 66 -0.9759238240610562
29 71 0.37180362381739274
29 86 0.5218370833609036
29 88 0.9754280409084168
29 90 -0.24763319634434988
29 95 -0.2875014183827349
29 102 -0.007796994544528646
30 48 -0.07486958213073369
30 62 0.5537841075886896
30 66 -0.20868971595663743
30 72 0.5886295176214482
30 75 -0.030085803393764987
30 76 0.8007576993625436
30 81 0.8312745838609683
30 99 0.9642250642010961
31 32 0.5393885669027201
31 33 -0.07405680150380811
31 36 0.31393125541285305
31 40 -0.5795160354298441
31 51 -0.8226043273282542
31 54 -0.2184973719367076
31 63 -0.33210180123720145
31 70 -0.26869340621969506
31 74 0.931845152561714
31 75 0.11795808205130576
31 89 0.11652417482963107
31 93 -0.013624030365710249
31 94 -0.24325236150891438
31 97 0.7007189834241201
31 99 -0.6746711334908431
32 39 -0.8865174475132653
32 41 0.40719552217539334
32 54 0.5413266584176066
32 61 0.8815762436700842
32 65 0.9359840202673846
32 66 0.9416177080530539
32 67 0.8626643023143645
32 69 0.31381038431157604
32 94 -0.31062734542631687
32 97 -0.6793552067430302
32 98 -0.9183632951820047
32 103 -0.17270915499842965
33 37 0.6613710605785807
33 38 0.8014745254937461
33 42 0.7762650232133794
33 44 -0.3665009021196515
33 45 0.8699523858308489
33 46 -0.01718653637011447
33 57 0.716005001731886
33 61 -0.3224090599654075
33 67 -0.6043704767323688
33 68 0.3098220672963796
33 70 0.9772846160007385
33 75 -0.5115036684175447
33 81 -0.7365005347649329
33 87 0.33249891449719704
33 90 -0.11635829516105844
33 94 0.20716725774215705
34 36 -0.4667027925307963
34 40 0.4505716304931733
34 43 0.273709191860674
34 50 -0.10604191101432558
34 51 0.4491730076531246
34 52 0.5301166573603293
34 60 0.2839414458737004
34 61 0.8868953556812715
34 74 -0.8349666830321658
34 88 0.6359173256880655
34 98 -0.6920207034275723
34 101 0.08806742093507602
34 104 0.09856221204202331
35 36 -0.8202633440728713
35 43 -0.4527758111697504
35 48 0.3014008710672167
35 50 0.886088568075484
35 51 0.9633996295914813
35 52 0.5998496920316896
35 53 0.9887377907654107
35 57 0.6384684025089207
35 64 0.99529866953403
35 66 -0.013459654488545691
35 67 -0.36966876307603025
35 74 0.14632230214630693
35 78 -0.3271268507756868
35 83 -0.7899566779570288
35 87 -0.8593299812881505
35 94 -0.6111843282173859
35 95 -0.5831322385215323
35 96 0.04990073194256639
35 99 0.6168223149169718
35 103 0.5865936369815847
36 52 0.1297256711826278
36 60 0.43766944881461445
36 67 -0.8294004224413587
36 69 -0.08090844371975514
36 80 0.07054258325897766
36 83 0.8462723787011119
36 86 0.7028639201866576
36 89 -0.9230611897827281
36 103 -0.4256326005642028
37 48 0.14490563856625016
37 49 -0.40048527433878345
37 53 0.7355834283161493
37 55 -0.5527254469258303
37 56 -0.6380841474610079
37 71 0.9914363639937089
37 81 0.25278051516601563
37 95 0.2715953697544864
37 97 0.7255309477354825
37 103 -0.43918630119582436
38 45 0.17137173399507577
38 54 -0.06733829997782359
38 57 -0.4539588144986306
38 60 0.9233888070953786
38 66 -0.5437935058639167
38 67 -0.6101718772332354
38 74 0.5281269488935336
38 75 0.5898573178310325
38 78 -0.9901247203997914
38 79 0.21325109592556535
38 81 -0.9484064130059928
38 89 -0.6672294431562791
38 94 0.8117130550801721
38 97 0.935371679361646
38 102 0.9397147030040809
39 41 0.9210092530211471
39 49 -0.8908022553277022
39 56 0.41743385646347386
39 71 0.8962362328998243
39 81 -0.4648294691020791
39 86 -0.7431486046803533
39 92 0.36468438093852273
39 96 -0.31933038497271915
40 42 -0.8842024044871712
40 51 0.9780103426614921
40 62 0.5090439732074865
40 64 0.06974121615032103
40 71 0.5755083096955265
40 72 0.297930462436357
40 73 -0.2583599531509424
40 77 0.3021813216980016
40 81 -0.13221889953547428
40 82 0.4061281188207977
40 90 0.9528423340909795
40 95 -0.03506089830269521
40 96 -0.8478130092665539
40 98 0.05315500668942019
41 45 -0.17646142509994034
41 53 0.5092078621748795
41 58 -0.6942155329659361
41 61 0.39986196947392694
41 66 0.9685371407213494
41 67 -0.11935852682402426
41 68 -0.34143152503539986
41 92 -0.26311049335478365
41 99 -0.8425916216814244
42 53 -0.3638891808528937
42 55 -0.03475165779280265
42 57 -0.7654266982202131
42 59 0.4368606498245102
42 75 0.2392909401388592
42 78 -0.7560114622284047
42 88 -0.5625565564926478
42 97 0.7426011003685711
42 98 0.6151481067541698
42 102 -0.830703662714833
43 45 -0.8218933131788553
43 62 -0.34639105399779857
43 67 0.6874120846681202
43 68 -0.15597387563452858
43 69 0.5360800397694452
43 74 0.5957623415738047
43 77 -0.7280080782606659
43 85 -0.3253633454203535
44 48 0.7390071925003661
44 65 0.6575994124045754
44 69 -0.5198644976802116
44 72 -0.7903372467375787
44 74 0.17403105613586467
44 75 -0.6983334850428342
44 87 -0.3328774826310401
44 93 -0.8487192153647631
44 100 0.3291295138231223
44 101 0.5825001630021258
45 46 0.5042537925300918
45 51 0.3060708379530668
45 57 -0.6316960841355341
45 58 0.0655829364407503
45 59 -0.9659457751608769
45 60 -0.5884542421268923
45 65 0.5642735658969436
45 66 0.5933936941313529
45 68 0.44501347916784617
45 71 -0.9052453648311798
45 72 0.6576839490110007
45 73 0.829154119232244
45 75 -0.3494911182536111
45 80 -0.26458843594561143
45 92 -0.46279479956902625
45 93 -0.549302860876635
45 100 -0.7591119662759409
45 103 -0.3358520306055608
46 47 -0.8929002340963823
46 63 0.629651851423874
46 67 0.06769355085568662
46 70 -0.056177012796652326
46 91 -0.14426176333529028
46 93 0.8607334394511368
46 97 -0.6222483892230797
46 99 -0.8536010746710496
46 101 -0.5876974244293856
47 58 -0.916223496161795
47 68 0.9450944344873136
47 83 -0.6286360422813375
47 95 -0.990890122671874
47 96 -0.6070569989938857
47 103 0.9763696409711264
48 51 0.40449484025349425
48 55 0.21714071870469032
48 56 0.4213625677464936
48 58 -0.9075555652360265
48 64 0.9564837672187088
48 68 -0.51804666307253
48 71 -0.003241530028349704
48 74 0.9576565888022699
48 91 -0.18381281878991262
48 92 -0.6200913109679085
48 94 0.42117566041354504
48 95 0.17224782881799938
48 97 -0.49021445632825666
48 98 -0.36022434885571286
48 100 -0.31670967471165024
49 50 -0.13888705214093733
49 55 -0.0037003598503964064
49 56 -0.2642154908216445
49 57 0.04833091366729181
49 58 0.32275674268349097
49 63 0.055164368972751454
49 65 0.5154985811301895
49 66 0.9250770324124977
49 68 0.9921274909871027
49 82 -0.27836095528700433
49 89 0.0947929047525986
49 90 -0.6421509362222042
49 96 0.4110890889434444
49 100 0.9558419962116294
49 102 -0.4642027776592734
50 53 0.8018771377251945
50 56 0.7389609279399092
50 60 0.6851467872985462
50 63 -0.9701858035723225
50 65 -0.9381848548220071
50 68 -0.48191939684595697
50 72 0.37226401862279856
50 73 0.03698819923786978
50 74 -0.5098728976927185
50 76 -0.2162160364014456
50 78 -0.13153345333010957
50 85 -0.4588671116390959
50 86 -0.9880886169169529
50 97 0.5545554343332741
50 98 0.8238027033862403
50 100 0.08415730032349655
50 101 -0.7700803793086686
50 102 -0.6174557660306401
51 52 -0.36136698406512857
51 55 -0.3644633908127686
51 60 0.5022554395293444
51 75 -0.650923638990782
51 76 -0.6085875786319406
51 77 -0.39410143075872117
51 87 -0.6167787559801117
51 90 0.1696442656742645
51 96 -0.5502078300356723
51 97 -0.7564234336230038
52 55 0.7880691091858214
52 65 0.13293248075902997
52 70 -0.0323578323252014
52 73 -0.7362479529160284
52 85 0.48813415529600035
52 89 0.7154398164051146
52 90 -0.7855046520882225
52 99 -0.07007430120268543
52 102 0.6720625432046028
52 103 0.5084814471658969
53 55 -0.9960864647234373
53 60 0.3450870176936758
53 64 -0.5342368288529342
53 65 0.24536577655648073
53 69 -0.28890758601584676
53 75 0.6352274401010176
53 78 -0.2721839170480427
53 82 -0.7276132787762755
53 83 0.8150266481488491
53 103 -0.1195096054264102
53 104 0.43955503916099437
54 59 0.49823339470139394
54 77 0.053911450795192994
54 78 -0.46574546486243174
54 81 -0.21505590474485237
54 86 -0.027467441764983613
54 89 -0.8725175280445399
54 92 -0.9673531544014766
54 96 -0.8390097967517658
54 102 -0.700103919020167
55 58 0.6176377524263599
55 63 0.5683588574814451
55 84 0.5539441213492429
55 92 0.7178557209177809
55 94 0.6468439410730891
55 102 -0.857153272813638
56 57 -0.4349687515874534
56 60 -0.2734878412757127
56 67 0.22286455651950643
56 72 -0.6593725212961434
56 73 -0.6373850180314842
56 75 0.543192405214102
56 79 0.8773718905530346
56 85 0.5241323874715036
56 89 0.9629149635724545
56 100 -0.7079850874089828
57 63 -0.6711441267397471
57 68 -0.890214719097707
57 69 0.3995592439550333
57 73 -0.5220059469338376
57 89 -0.8862942430818563
57 95 -0.9093158346962902
57 101 0.3917347301736631
58 63 0.5069574822930498
58 65 0.4529822786618296
58 70 0.9687002395971145
58 72 -0.19181209254338105
58 94 -0.38617552467597616
58 97 0.7278322652150122
59 66 0.8321497842140915
59 71 -0.9836143584084132
59 75 -0.3377769809892326
59 76 0.6096003896502697
59 77 -0.005115296004757797
59 81 -0.4934434571939086
59 85 -0.8142929772695886
59 93 0.06640582184850174
59 94 0.5880278846200835
59 96 -0.10844836021275994
59 97 -0.46688426909539804
59 101 0.2826929981006583
59 102 -0.9383118108521797
59 104 0.7955840756928534
60 61 -0.9634092332024764
60 82 -0.7634152291000798
60 83 -0.42779901402933995
60 89 0.3023005269097603
60 92 0.34268989595340593
61 62 0.19564949649590213
61 74 -0.9796306292354788
61 75 0.7785694509922241
61 77 -0.31722509107000874
61 79 0.11318137674367046
61 80 -0.03834800129355287
61 87 0.8076083887164098
61 89 0.2632512759305161
61 96 -0.9333290453128036
62 63 0.2096885644744475
62 65 0.4972319081522347
62 68 0.8384406916909282
62 74 0.8389134185507092
62 76 0.6412244938357139
62 81 -0.16753396677838794
62 87 -0.9814887991021846
62 91 0.9102532355941786
62 94 0.902655512404376
62 95 -0.7123802290255628
62 98 0.8608599709191151
63 64 -0.01211904910681394
63 65 -0.5912585068499236
63 79 -0.49928941073264044
63 86 0.32012375409942484
63 88 -0.15666751001697032
63 89 0.41555181378226425
63 91 0.4929858161364904
63 93 -0.989850567109712
63 94 0.10581486098184367
63 102 -0.5292478489079406
64 70 0.022021589519825913
64 74 -0.36883439611567215
64 81 -0.4890306079967992
64 86 -0.9208146491828164
64 96 -0.24171683327675875
64 97 -0.08527810321515328
64 99 -0.9153037118259082
64 100 0.8422484757511759
65 66 0.49029063709464493
65 76 0.8831029486232889
65 86 0.8262324769171994
65 90 -0.9993699552222421
65 95 0.21988393251683203
65 96 0.6471135288063192
66 68 -0.6973003084411125
66 69 0.8193420782405332
66 70 0.3807825727137839
66 72 -0.6261831716195538
66 73 0.4420984107567434
66 75 0.4902386424983898
66 78 -0.3263663089306117
66 81 -0.8258724785036888
66 86 0.3870942854664765
66 92 0.6578159166810194
66 98 -0.638108980338671
66 102 0.9258382364647939
67 71 -0.5040030587456372
67 76 -0.8139145355008501
67 83 0.6769791120009725
67 84 -0.6098171996378852
67 86 -0.45273539293902965
67 92 0.26847513521657307
67 95 -0.6197446994730849
67 96 0.1414743456634462
67 97 0.5298371498453964
67 99 0.45549432761382724
67 104 0.987629057197134
68 70 -0.17673717080040352
68 74 -0.021574242297662805
68 77 -0.735771127722326
68 83 0.10703564241725183
68 86 0.6111801498389857
68 99 0.5377793675332458
69 86 -0.25116333717913686
69 87 0.28903902108477086
69 100 -0.8453718724225958
69 103 -0.989411675164007
69 104 0.23611134366125008
70 72 0.9560927618158361
70 75 0.2425234568522141
70 76 0.3237582925800844
70 85 -0.8262754699691932
70 87 -0.30428206573815597
70 89 -0.25159822535591103
70 92 0.47673630722762206
70 94 0.3291468648007343
70 95 0.9176241897948789
70 98 -0.1127534618506969
70 100 -0.6926327035991298
70 101 0.24565047696102704
70 102 -0.7087674768154677
70 103 0.8746256801320136
70 104 -0.9022714562061063
71 73 -0.3357014790900279
71 76 0.7028897865818542
71 85 0.37233390168181546
71 89 0.5434032423662003
71 95 -0.9985545744309328
71 96 -0.9855685528082494
71 103 0.6846723845584004
72 78 0.6208421937036344
72 85 -0.40057878627815935
72 97 -0.5588125753748734
73 80 -0.2122725542141619
73 83 0.3535904829431804
73 90 0.9074064315369288
73 97 -0.4469064535697276
73 103 -0.32051706379828326
74 77 0.43400454568413105
74 79 0.43282104751901307
74 80 -0.604606323075179
74 84 0.23677552073383668
74 98 -0.8916652321135181
74 100 0.17230863187044765
74 101 0.5060731844422139
74 102 -0.29529661144319963
74 103 0.054271245940628265
74 104 -0.639727923231308
75 85 -0.4107897736527082
75 90 -0.9357891785809258
75 95 0.6170058875021074
75 102 -0.8819379185474963
76 80 -0.7830909149591532
76 83 -0.313760595547075
76 90 -0.8589321263705363
76 91 0.9811675187602791
76 96 0.1825354326544737
76 98 -0.801377294250377
76 102 -0.5849340856935177
76 104 -0.29218212804177135
77 82 -0.38315733034500865
77 87 0.048615444984654754
78 84 0.07031202932546532
78 87 -0.4737928612766291
78 91 0.5225815448274489
78 93 0.3871606105975469
78 102 -0.3878192557099822
78 103 0.1576761695576374
79 87 -0.2765168472924293
79 89 -0.03303625036241953
79 104 -0.48281134878576304
80 93 -0.4254108488561461
80 103 0.40281662902018334
81 83 0.7064846026362261
81 89 0.18626592863854352
81 97 0.6374435815729007
81 100 0.31605499132917236
82 88 -0.17954160076914927
82 89 -0.2745341565621744
82 91 0.5115117945909036
82 92 -0.8357018143862363
82 102 -0.9201970393870826
83 85 0.6488107173575277
83 90 -0.09163009198435668
83 92 -0.43056094498601505
83 93 -0.8653057631487993
83 97 -0.4046398413589176
83 102 -0.8519927555057278
84 96 0.25807074771041605
84 103 0.1669488838383808
85 87 0.33325004132284386
85 89 0.23896383554042755
85 92 0.45593781234056796
85 101 0.892339230679388
86 97 -0.791239629103043
86 101 0.7175448468627781
86 102 -0.7056932291179623
87 88 0.007362123543404486
87 95 0.8244407410162555
87 96 -0.658601720477145
88 92 -0.4253305078106502
88 93 0.6429619486211757
88 95 0.7465297104944184
88 96 -0.15863129854985458
88 99 0.5349317006592358
88 100 -0.5367287910888161
89 95 -0.7188509964082586
90 103 0.737741139170629
91 94 -0.9353723874616864
92 95 0.7872270785240241
92 96 -0.9995667831492112
92 104 0.9061232813639293
93 94 -0.1300393278532277
93 97 0.9840067721952159
93 99 -0.7931242858895542
93 101 0.1275701646310894
93 102 0.27632664132338736
94 99 0.20741089241702415
94 100 -0.13476504194251526
94 102 0.1330950532145505
95 97 -0.10513269815034398
96 99 -0.1825902682475975
96 101 0.8794953031709796
96 102 -0.6094392490276375
97 99 -0.7277683759984148
97 101 0.016632890692974245
98 100 0.05510545588850735
98 101 0.8431365690848605
99 103 -0.14739314346805288
100 102 0.3771214374319407
