135 3119
0 0.3163843060238747
1 0.45184572147629853
2 0.49165053289621063
3 0.9683645479212759
4 -0.5733727706886167
5 0.001818517890033844
6 -0.4969853577298087
7 0.5136161670588668
8 -0.5047877075576561
9 0.3117377053660526
10 -0.2704286884303957
11 -0.2482291578762037
12 0.732156452060428
13 0.2190530488833169
14 -0.5787623541217504
15 0.15507760607712817
16 0.580535658183706
17 0.4751212635941975
18 -0.8724100493253928
19 -0.2515138435183166
20 -0.6636479169540224
21 0.09832286935175105
22 0.6035055031711869
23 0.5535538094540726
24 0.34661636738697
25 -0.9872332716322814
26 -0.7720660211175334
27 0.578512036472121
28 0.06164667283201619
29 -0.3377407911625423
30 0.6309405152209093
31 0.720186447253635
32 0.6808674215749999
33 0.33173582029403237
34 0.9277662679665917
35 -0.410991476801178
36 0.05759673180848801
37 0.03961563085501307
38 0.7959899846840219
39 0.6641438522727396
40 -0.8655429794944183
41 -0.1957275110006509
42 -0.6365795209262637
43 -0.9857337246492912
44 -0.5918800185198105
45 -0.6387874519188814
46 -0.7973524927492537
47 -0.7807663282348902
48 0.33460625099486596
49 0.1533027880739637
50 0.9585140295909369
51 -0.308003384968768
52 0.09244216644521175
53 0.8557614118706234
54 0.9872602743339998
55 0.41319683708390476
56 -0.49344800080160645
57 -0.20118706695178035
58 0.6349206374170848
59 -0.2824314734910385
60 -0.27737038707394435
61 -0.825291565108432
62 0.3563342307427937
63 -0.5167874588962871
64 -0.002335722396860529
65 -0.03686645148318002
66 0.4699890787554013
67 -0.2300894110203322
68 0.5741358696663328
69 -0.2549047491516281
70 -0.3889046527633584
71 0.19149769793415472
72 0.9658510798999376
73 0.32000397697536376
74 -0.8089025018134928
75 0.12742657933739654
76 0.7967336103343079
77 -0.24651818764278732
78 0.7317664060183409
79 0.6861078085064618
80 0.06562001098473624
81 -0.6085406437067185
82 -0.8451272877322542
83 0.22198186940915354
84 -0.2957194053047827
85 0.527511055959293
86 0.6871484441144564
87 -0.16828244681958693
88 0.3226743624553692
89 -0.25886370820679927
90 0.9978497687718957
91 -0.583571165121963
92 -0.3978670117502916
93 0.9146756401433738
94 -0.6289812254786828
95 -0.2227422562135506
96 -0.09580803547160976
97 0.5258324761748283
98 0.7333444173404136
99 0.13354667937753018
100 0.7168037107826528
101 -0.4460514406968714
102 0.9530010139104546
103 -0.9055169672196246
104 -0.5043875249988221
105 0.9113146100805192
106 0.5932048033477995
107 0.3401056179108921
108 -0.16487035452917365
109 -0.5881598732564857
110 0.7375204675697191
111 0.44936965880991897
112 -0.8018553973013833
113 0.7437089640089385
114 -0.8455530253176771
115 -0.3738257229470521
116 -0.2809269022867924
117 -0.7717828818697554
118 0.505448662556391
119 0.5312746277178526
120 0.7587043419153605
121 -0.16023826300793598
122 0.1317983540177865
123 -0.16504139139386753
124 -0.6223585295943959
125 0.1157241397202784
126 0.4274946070030612
127 -0.47804429085183386
128 -0.3457864810194353
129 -0.21123463060829084
130 -0.2713092023578463
131 0.03331404764520296
132 0.4126729874999524
133 -0.4404325839660679
134 -0.7273762522032032
0 1 0.7744068175816623
0 3 -0.5474600336070172
0 8 -0.04840771753191486
0 10 0.5265547544269864
0 11 -0.259526783172233
0 12 -0.10793960871373587
0 14 0.2731382698292688
0 15 0.11421087090580984
0 16 -0.42652036774818747
0 20 -0.6934805519483271
0 23 0.3126941550325444
0 24 0.43786349329754426
0 26 0.004785180851796689
0 27 0.6106245782182802
0 28 0.3318443914737128
0 33 -0.05988162131480146
0 35 -0.9358180124465023
0 38 0.23675157451342588
0 43 0.20536178850882325
0 44 -0.19110238168010363
0 46 -0.6099824829724136
0 54 -0.17096464837936076
0 56 0.08002890551716213
0 58 0.7795943744582141
0 70 0.09185124618203355
0 73 0.5575900503810838
0 76 0.09196677527405339
0 77 -0.8907238387007443
0 79 0.8112018183957519
0 81 0.38451267437765524
0 85 0.24514780449296558
0 86 -0.6517040567523733
0 89 0.5569930986635252
0 92 0.43996627522562504
0 95 -0.34133632389439983
0 97 -0.9266790618030578
0 100 0.4974333375737987
0 104 -0.3931361174277219
0 110 -0.473700768845321
0 111 0.6883149669594693
0 116 0.26972760027557885
0 128 -0.6603541651259965
0 129 -0.5909429326260469
0 133 0.013218399210294773
1 2 0.9274609021296663
1 10 0.8212006151751965
1 22 -0.5838192952698338
1 26 -0.4198941388020503
1 29 -0.15636875927031202
1 32 -0.2614746107283359
1 34 0.143808926098562
1 38 0.7940736377705859
1 39 -0.21011187088096328
1 43 -0.8429220288705275
1 44 -0.44318715666418185
1 46 0.34868173626819177
1 49 0.48501793122079295
1 51 0.7109176392917158
1 52 -0.06293316409263117
1 58 0.9014056144565501
1 59 -0.11488958507182723
1 61 0.22417039714383247
1 62 -0.22802343007832215
1 64 -0.3561791329361048
1 67 -0.34346503547680673
1 68 0.8441780741370082
1 70 0.704353781930313
1 71 0.8297852545802644
1 77 0.3996419678008232
1 78 0.5774796980320342
1 81 0.3558921796598622
1 84 -0.7824097309743492
1 89 0.5612658605947101
1 90 -0.5460422083634746
1 91 -0.8023516955416867
1 96 -0.15979776225840503
1 97 0.03698026980681468
1 100 -0.7115416704279582
1 101 -0.6145721489674789
1 103 -0.9152108872672353
1 106 -0.4174662463170451
1 107 -0.7236979030316886
1 108 -0.006936092940031724
1 109 -0.5505423426154752
1 111 -0.178223654821541
1 112 -0.8310098252213498
1 114 -0.9731954497127375
1 115 -0.9070748940947868
1 116 -0.241397691159414
1 121 0.8053655713071037
1 123 0.42431459146518
1 129 0.03997092843539618
1 130 0.2506439827489719
2 3 0.8154720207960611
2 5 0.043211411309863834
2 7 0.6351443592531238
2 8 -0.8107260996674448
2 11 0.985235256069906
2 13 -0.8531606500431674
2 14 0.770991182874806
2 16 0.04868831087037129
2 19 0.6556059926869469
2 20 -0.8863280763977885
2 21 -0.5630089703788668
2 24 0.13840357989060315
2 29 -0.7096050681502375
2 30 -0.5653784664236552
2 34 0.07127646660057652
2 37 -0.044985741235662235
2 39 -0.7831482529433378
2 40 -0.019085239676470023
2 48 -0.9570287588921005
2 57 0.2942882564673559
2 58 0.36022070023566966
2 60 -0.3888583872634783
2 62 -0.9637143482184143
2 63 0.9475470937291375
2 65 0.9940431947126205
2 66 0.29992184969294255
2 73 -0.6315704964378253
2 78 -0.6420719950351348
2 80 0.9728597283712708
2 82 0.9638990476802551
2 84 -0.5913409590731622
2 92 0.7160668621410924
2 93 0.8071147075402272
2 94 0.04555862065699334
2 98 -0.41167106307619505
2 103 0.2231699034381509
2 104 -0.39167902900547347
2 105 -0.5614984099331108
2 106 -0.9026303880469968
2 107 0.6212551389360073
2 109 -0.6727626994562284
2 110 -0.48840142812467713
2 111 0.17536676739624601
2 112 0.03760137936295127
2 115 -0.4154378930742859
2 121 0.5686013068071032
2 123 -0.10098794265360511
2 124 -0.5556956969604221
2 126 0.7361044689404479
2 128 -0.06391003452829214
2 129 -0.4054958442418055
2 131 0.400634109274449
3 5 -0.8582486733218231
3 6 -0.27135159744090975
3 7 0.1009019015885868
3 10 -0.6795616813948544
3 12 0.6817181785319206
3 17 0.16953712328973114
3 18 -0.055876944304992904
3 19 0.427753650274753
3 21 -0.7033312143860175
3 30 0.10565731682291557
3 32 0.7404406079297694
3 37 -0.9508946728164722
3 38 -0.2628610504658717
3 43 0.5074729951046191
3 46 0.7551575291321071
3 47 -0.11673858767713785
3 51 -0.3935695566507895
3 52 0.33694090425732526
3 57 0.8809716095298754
3 61 -0.8356717800761655
3 66 -0.5046086309412294
3 68 0.7903864710925592
3 73 -0.8777938834847059
3 74 -0.0326449645467588
3 75 0.7795314296523128
3 76 0.56033159853622
3 77 -0.32216815926523434
3 87 0.0959880947899483
3 89 0.6399953168785673
3 90 0.08533696688450387
3 92 0.08174421467193782
3 95 -0.22951656978970636
3 100 -0.7048161650973832
3 103 -0.44960062111895827
3 105 -0.6336009672969873
3 106 -0.051839178200509206
3 112 -0.18231909139852776
3 113 0.5594879323377138
3 114 0.7835629932242922
3 117 0.6012271715449597
3 118 -0.880905417622732
3 119 -0.3093839908682037
3 124 0.12248214037246674
3 126 0.9004993113058304
3 128 -0.044579626644631
3 130 -0.7509022991553342
3 132 0.45508404575136874
4 5 -0.37717691013525423
4 6 -0.2951549093086705
4 9 0.8463207879336798
4 10 -0.3825085858254671
4 19 0.9704188775816567
4 21 -0.5721400911045107
4 22 -0.8623243419418241
4 23 0.5931372787477465
4 36 0.28938665966685795
4 47 -0.5894386331556651
4 50 0.6773272065902673
4 52 0.34274427179828404
4 53 0.3099971554351817
4 54 0.5887904031096278
4 58 -0.07731116437746977
4 59 0.30623960799847616
4 62 -0.1883633939477789
4 64 -0.4446654101953065
4 67 -0.38194484918795957
4 71 0.3868253218170379
4 73 0.8471044739472429
4 75 0.47630444178442666
4 78 -0.6232031680113836
4 81 0.003816673287493133
4 83 0.01801296158300225
4 84 -0.9448298428136419
4 86 0.17430794237920644
4 90 0.2871158546832533
4 92 0.03477549693214432
4 96 -0.2658802550792314
4 97 -0.8431088985249748
4 100 0.30659849304340114
4 103 0.3822153531191035
4 104 -0.9435417000045285
4 107 0.9588156891002939
4 108 0.4828233059241456
4 111 -0.6900311183242067
4 112 0.2274217206934297
4 116 0.20950215441275533
4 119 -0.9106400370478278
4 122 0.8137582878270384
4 123 0.8574145602580878
4 133 0.18930720619637698
4 134 0.5062026252628498
5 6 -0.5943053704689372
5 7 0.7224688911887693
5 9 0.5581334021263551
5 14 -0.4167950951377457
5 20 0.39744191481662927
5 25 -0.1961747698157308
5 26 0.5027905163005124
5 29 0.0307968967612966
5 34 -0.5983656458316653
5 35 0.01794642382805889
5 36 -0.24895793953202516
5 38 0.49451818326761154
5 41 -0.868779829744798
5 42 0.6721500809125434
5 47 0.7230986535093638
5 50 0.4957335208568656
5 55 0.6661549547591994
5 57 -0.6642807209625119
5 65 0.9098714395196212
5 66 -0.4379059667257217
5 68 0.6866850764134471
5 69 -0.125639938038538
5 70 -0.7313101406141203
5 71 -0.8276875317714201
5 72 -0.22070783190034526
5 77 0.31544039463079265
5 79 0.9345942063286865
5 85 0.9871270138558763
5 86 0.01957403125917434
5 87 0.34108672901149895
5 88 0.17368874331171957
5 89 -0.7095387171859171
5 90 0.380006176183465
5 91 0.5667945655792748
5 92 0.481664551732335
5 93 -0.5570784609712243
5 100 -0.7935274887553367
5 102 0.04475375773667567
5 110 -0.8341583134203587
5 112 -0.8618848897094851
5 125 -0.3741325174369101
5 126 0.7905727182169529
5 127 -0.5166917977021988
5 130 0.9629590216665194
5 132 0.7339232908778397
5 133 0.00621618197238516
6 8 0.23436654848847183
6 11 -0.15699858352230156
6 12 -0.09449629834887041
6 17 -0.8222018184496123
6 19 -0.8253850151838902
6 20 -0.2074478573654217
6 21 -0.10197448097651507
6 27 0.24337701087729968
6 28 -0.6330389117501178
6 29 -0.3909654644022069
6 33 0.6250928804479949
6 37 -0.22560698571741167
6 39 0.05889266805663995
6 40 0.012890796327994503
6 43 0.3599859462805537
6 44 0.9399843162130874
6 48 -0.0670826795520012
6 55 -0.6077396701203579
6 56 -0.9477050797655842
6 58 -0.636711001355081
6 59 -0.817089974893185
6 60 0.4995654783644048
6 64 -0.5364415011731045
6 65 0.7359512394331293
6 72 0.1698654531446835
6 73 0.7381562241832906
6 76 -0.32543193170046214
6 78 -0.4205096727242228
6 79 -0.6032893226079608
6 81 0.07838499439109614
6 85 0.6374199195919774
6 88 -0.9063723979503944
6 90 -0.4943231047356482
6 92 0.25616458935369946
6 97 -0.6612309107065328
6 99 -0.8508693554234683
6 100 0.32561087401999567
6 104 -0.3750677284687347
6 108 0.3126420006639792
6 109 -0.19294512345123294
6 111 -0.639894920373284
6 113 -0.4328129618932297
6 117 0.08671985996052722
6 119 0.16957729300536273
6 120 -0.14798759776748138
6 122 -0.03186820927559575
6 123 0.0006730476857406131
6 124 0.4048205504629414
6 130 -0.1935440715521799
6 133 -0.2963862725064126
7 12 -0.677706864104775
7 13 -0.7566389555281336
7 15 -0.2896545875147236
7 19 0.015428062554490696
7 21 0.7643595426343324
7 22 0.830914913067865
7 23 0.2828890193885296
7 24 0.35280149650149073
7 29 -0.5334296106116847
7 32 0.555177670595338
7 33 0.30537744411657175
7 37 0.39780753835155047
7 39 -0.4687420870188923
7 44 0.48725618490668654
7 47 0.7003821906884184
7 54 -0.4664697664073918
7 59 -0.9314662621063265
7 67 0.7484214576949131
7 68 0.6445905824527851
7 72 -0.2327508688486739
7 74 -0.5175438220106892
7 75 0.4094425619934896
7 79 -0.9302966335792571
7 80 -0.20685733480172774
7 85 0.2423565626666655
7 87 0.14965042109788795
7 89 0.9568429357030284
7 90 -0.6538111089326628
7 91 0.7585319574091229
7 93 0.596390024310762
7 96 -0.5800607774571087
7 100 -0.7640883954284339
7 102 0.6818412942311005
7 103 0.8784941571905158
7 107 -0.8754006612561525
7 111 0.49120554960865603
7 112 0.021418661916914106
7 114 0.5513513464628581
7 115 -0.17427619906503078
7 117 -0.7315456687078468
7 125 -0.7203886748990218
7 130 0.4086466816305572
7 131 0.8369877738679123
7 132 0.5580837202426798
8 10 -0.7406208282379196
8 11 -0.6774216456116067
8 12 -0.7406708973882896
8 13 -0.5009486243471493
8 16 -0.18360467006299452
8 17 -0.5481453203763968
8 21 0.36176841632192747
8 27 -0.033027624576429604
8 30 -0.9362302305953683
8 33 -0.4046829056774024
8 35 -0.31924052095863664
8 40 -0.4313961829977404
8 42 -0.7745781812711718
8 48 0.4195771404189943
8 55 0.7281954484820468
8 64 0.37447398152888267
8 67 0.8520911985947746
8 71 0.9673790054798563
8 75 -0.648356608573071
8 77 0.6791925147526381
8 81 -0.3560769971059248
8 82 0.26062504775115025
8 85 0.04143759716126705
8 87 0.8781191213379931
8 90 -0.11094710835117838
8 94 0.3881005361071854
8 95 -0.762567868519255
8 96 0.6797236709159153
8 104 -0.39663526722429876
8 107 -0.8476435186086624
8 109 -0.27393127529391204
8 115 -0.8528751317383787
8 116 0.08365126640947707
8 119 0.552224396381112
8 123 -0.914588047764259
8 126 0.4191340516864257
8 128 -0.6540826190655564
8 132 0.941554575006007
8 133 -0.8957052649707629
9 12 0.6932890989839673
9 22 -0.5921195240381589
9 23 0.5555779137546786
9 26 0.6194899041951076
9 28 0.9273642739776446
9 29 0.15703036464838394
9 30 0.22215173006699174
9 36 0.01579829722032633
9 39 0.6774635832555413
9 41 -0.5401156678827719
9 44 -0.5115173645233979
9 45 0.04875488638904368
9 46 -0.07328909798447847
9 47 -0.908770595159478
9 48 0.34942999724850554
9 49 0.6325949966363944
9 51 -0.4637269599478755
9 52 0.2649509498583078
9 57 -0.9885206015567385
9 59 -0.881705222090859
9 67 -0.8391381621796055
9 72 -0.5023967303997405
9 74 0.31305937875060086
9 75 -0.9061375815555501
9 80 -0.33655817444084657
9 81 0.9233208667766268
9 83 -0.3150946236871799
9 86 0.5305019500654631
9 87 -0.17495052171338643
9 103 0.4057563118395491
9 104 -0.48222596315157373
9 116 0.9042052527678384
9 117 0.755809943942269
9 118 0.3198486518478818
9 128 0.2274766959026584
9 134 0.09812175363160414
10 11 0.3678913142964775
10 12 0.9201309195460099
10 13 0.6689118763875526
10 20 -0.5888881257452787
10 24 -0.8849349653760297
10 29 -0.3977553903878379
10 32 0.5753632147264991
10 34 -0.4005244179829195
10 42 -0.4185059143271095
10 43 -0.8228299282410922
10 47 0.7297186821246029
10 49 0.28363815930058145
10 57 0.5354005709711971
10 60 0.7042331282681211
10 62 -0.21746879834251986
10 66 -0.7661806341452706
10 71 0.3118603681138443
10 76 0.5459476314994394
10 77 0.18647768740169512
10 79 0.9461623284697853
10 81 -0.3733929467010686
10 83 -0.24037532392997507
10 85 0.5351288371493497
10 87 -0.977335994820379
10 91 -0.6020352445968544
10 92 -0.9487435274239833
10 94 0.9609200518229921
10 97 0.9242514084769438
10 98 -0.4564736484052907
10 99 0.6993933793516305
10 100 -0.23592035657250365
10 102 0.5436961438980226
10 107 -0.7793659441335419
10 108 -0.9049195492519719
10 110 -0.7949005802452478
10 111 0.6775354246890035
10 117 0.7343813366172087
10 124 0.9308804101578154
10 126 -0.7903616109754092
10 127 -0.08924075221800654
10 128 0.2616935465186552
10 132 0.6310078899203013
11 17 -0.42529911558375133
11 19 -0.02132630495824528
11 20 0.19161504626051307
11 22 0.19232470292455872
11 35 -0.8020700628107187
11 37 0.25555696885212353
11 40 0.11267989037581305
11 46 0.07392992822206335
11 48 0.7781451194257349
11 49 0.8128087053409085
11 53 -0.2925389429507157
11 54 -0.7124644787844745
11 59 -0.07342819878215079
11 63 -0.40029282891915363
11 64 -0.7946568081299172
11 77 0.47684377225899977
11 78 0.565391789767659
11 85 -0.8643761752254016
11 90 -0.13560195479488746
11 92 -0.5533506373371193
11 96 0.6722284248779815
11 99 -0.5240880217785542
11 100 0.479406045318266
11 109 -0.23628379419475265
11 111 -0.8268644798009419
11 112 -0.8063174945637626
11 115 0.7315363617865918
11 118 -0.8354112787816756
11 121 -0.125491530566201
11 123 -0.06190351030409014
11 129 -0.15902873351097813
12 14 -0.2521165507025267
12 17 -0.18740894897855287
12 18 -0.3093797750201197
12 20 0.1038850529948323
12 23 0.8717828279935382
12 24 0.7053634550698995
12 25 -0.05729677319027471
12 27 0.09955573736098455
12 28 0.5256012138837625
12 30 -0.16657629258646134
12 38 0.3761260151766559
12 42 -0.6749791455484422
12 46 -0.6231850432884971
12 49 0.3599404756796687
12 50 0.10290544006034219
12 51 -0.9994166511919824
12 53 0.4470953218370963
12 54 -0.3969940160182941
12 58 0.6900188557959168
12 60 -0.08016942583320419
12 62 0.7263449010897609
12 64 0.9830209173529523
12 65 -0.5064293516944367
12 66 0.5484602860431602
12 68 -0.7831539700388344
12 75 -0.28278554519622845
12 76 0.7275546200710301
12 78 -0.39501255335045227
12 79 0.12962002133868444
12 80 -0.4118279987914715
12 85 0.02008598076217316
12 90 0.26521105522996935
12 93 -0.07634384320186927
12 96 -0.19179391733512507
12 98 0.9884821007167863
12 100 0.734989983546469
12 104 -0.3753943773959971
12 105 -0.9791356016749986
12 106 -0.16956598931222988
12 107 -0.4581475286489691
12 108 -0.3295745198594848
12 112 -0.9503135101906948
12 113 0.7901104711886373
12 114 0.043911091824878845
12 119 0.4027054914803976
12 124 -0.6039038306248956
12 131 -0.2056377179444815
12 133 0.2890693494575989
12 134 0.11883422455716453
13 17 0.08936247680896559
13 19 -0.9886453667730137
13 20 -0.3338853300700475
13 23 0.8045565637219043
13 28 0.9114836016616015
13 29 0.22989498794175844
13 33 0.46930785256904195
13 37 -0.848191301447718
13 41 0.6478548666350155
13 42 0.8860948029440641
13 44 0.29738161011072384
13 46 -0.24208413857938527
13 49 -0.9365856787237268
13 50 0.8706872969564547
13 54 0.3546320589018712
13 55 -0.35691295124740297
13 62 0.584298380217787
13 68 0.2780499344101164
13 69 0.4290456780654459
13 70 0.6051876434342218
13 71 -0.36490413774371655
13 72 -0.05439190873404631
13 73 0.3797858514453605
13 75 0.5399373193117132
13 81 0.02039157644560352
13 85 -0.5344627015637367
13 87 0.9473626368424042
13 90 -0.3832435675239274
13 95 -0.22601951706903645
13 96 0.5953824220513229
13 98 0.06989113553914739
13 100 0.24628978538336033
13 102 -0.8938810823993619
13 106 0.3479450924926093
13 115 0.5338694441920802
13 116 -0.20294043561615682
13 119 -0.12217881744364845
13 123 -0.5544967862366661
13 125 -0.1375305870449588
13 126 -0.39077171505071684
13 127 0.5253471558214209
13 131 0.2799833158118823
13 134 -0.06453911728493811
14 15 0.12955536383231836
14 17 -0.8068236802260567
14 18 -0.181899474480262
14 21 -0.7291457986501466
14 22 0.8641309699667041
14 30 -0.9693591005405873
14 31 0.5038113905709931
14 33 0.07743893256251799
14 34 0.6510220280305228
14 35 -0.1505257463252998
14 38 -0.1608654239343268
14 40 0.3355031262518029
14 45 0.8386680142952001
14 47 -0.05243506783232221
14 51 0.26617625267393175
14 57 -0.13625261175133896
14 58 -0.07279810949250365
14 59 0.8497822213587733
14 61 0.10954950890036286
14 65 -0.7051415263784866
14 71 0.41324077930549974
14 76 0.006723353978993929
14 79 -0.12431100884571089
14 81 0.9406313055298272
14 84 -0.3425121505620914
14 85 0.3095599317598461
14 87 0.30282937490318895
14 92 -0.906100951189156
14 96 -0.6116612945205111
14 98 -0.6411602506198673
14 99 0.7735305977739368
14 100 -0.6229288207447428
14 103 -0.08681060808007923
14 104 0.2532558551148303
14 105 -0.7322868899851844
14 106 -0.16167092627890822
14 107 0.4090892770733292
14 108 0.3547710603945404
14 111 0.17986358618510256
14 115 0.5492500240510374
14 116 0.7998591007759341
14 122 -0.9590861227205574
14 124 -0.5473411403260173
14 125 -0.8150026614405903
14 126 -0.6408329182401444
15 16 -0.710376376450802
15 18 -0.6020185796166395
15 20 -0.37711848027864603
15 22 -0.5208470904244986
15 33 0.07398411441511987
15 43 -0.6294495006315555
15 44 0.9149684754753864
15 48 -0.4985664450385314
15 54 -0.9139187873888837
15 57 0.3777448677851092
15 59 -0.5217525646860695
15 60 0.771650786283195
15 62 -0.7834395507313348
15 63 0.7415112651625275
15 64 0.9189634543143816
15 65 0.13597271442524006
15 66 -0.03639082968081464
15 67 0.7156902917177925
15 68 0.7126334435847772
15 71 -0.43554410833127233
15 73 -0.14483002200148132
15 79 -0.7010669238413898
15 84 0.07344038631903116
15 85 0.009462306401554432
15 86 -0.06584165549448762
15 90 0.3371930783239574
15 91 -0.9029448624687539
15 93 0.8513921826183992
15 97 -0.7025813935878802
15 99 0.16355771408448394
15 100 0.38321190970158825
15 102 -0.3484679556488488
15 103 -0.6905253598611345
15 110 0.6207488682151545
15 113 0.9017096013458066
15 114 0.2571244879420349
15 117 0.08373586452816317
15 128 -0.2577188741287906
15 130 -0.05341999440364331
15 132 0.07130095891541521
16 17 -0.6304991299881328
16 20 -0.5983632989253318
16 21 0.12917004275048916
16 22 0.5375787206567431
16 23 -0.011067086881443311
16 25 0.8313750127084645
16 29 -0.12919186979583452
16 32 -0.4828163756623358
16 33 -0.8426369833572827
16 35 -0.10047652700688525
16 36 0.07718029777351632
16 37 -0.9501169624947474
16 46 0.8673519109868966
16 51 0.3389656272212931
16 57 0.6201658747853698
16 59 -0.8750567109076315
16 60 0.5452593455843939
16 61 -0.26976930570573443
16 70 -0.9624218127057094
16 72 0.002158454770579743
16 74 -0.28011631726917874
16 77 0.8660929061839233
16 78 -0.394410454906712
16 79 0.6604777079385689
16 80 0.6037512699346592
16 81 0.9578520831101365
16 87 -0.42512619405405894
16 92 0.4981729403926056
16 93 0.3928146965164143
16 95 -0.6190375989587591
16 97 0.3815954217040578
16 99 0.10787326514569662
16 105 0.15267707252251106
16 112 0.36113410171596483
16 116 -0.6607967492247886
16 124 0.3554531980420341
16 130 -0.5277078101958785
16 131 -0.9898338542121377
17 22 0.24970308771097094
17 24 0.2117055584582932
17 25 0.8035935386517348
17 27 0.5117274572527035
17 29 -0.5099729054822069
17 30 0.07858283036963054
17 31 -0.06384502383920876
17 36 -0.7561826408559811
17 46 0.6957287432948833
17 49 0.9232974745585687
17 50 0.1991630563519866
17 52 0.5464578737219654
17 53 0.18414252546218846
17 54 -0.23430259554530086
17 55 0.8545104406834809
17 63 0.37801280404777504
17 64 0.9862941629062181
17 66 -0.5145756233986727
17 68 -0.25586932837430565
17 71 -0.8694119033173213
17 73 0.1256827503241973
17 74 -0.3786589206482269
17 76 0.2237008108404277
17 78 0.014890007586370935
17 80 0.6283633506320951
17 88 -0.37928038529427655
17 96 0.16353781509748533
17 112 -0.7355124793227101
17 116 0.15624036346481684
17 120 -0.07583382849428433
17 124 0.9011390215499826
17 126 0.46365445995125176
17 129 0.10811343480740665
18 20 0.8468979571699746
18 22 -0.37497603573701177
18 24 0.5290979183129121
18 28 -0.23327030136465132
18 29 0.6309558159798965
18 31 0.047333881030478864
18 34 -0.469107237931228
18 36 0.2239131499898832
18 37 0.89374198482268
18 38 -0.4251982454261669
18 45 -0.30918817922214337
18 46 0.6192102048925052
18 47 0.03427941769506537
18 52 -0.9874565447813244
18 53 0.35440008990209493
18 54 0.1237784605320349
18 56 -0.9810225922822795
18 57 0.5690922346591427
18 60 -0.6273715849867643
18 61 -0.35651076959767525
18 63 -0.4320231177837961
18 71 0.4773074951349132
18 74 0.41024855529589765
18 78 -0.42173270295927634
18 81 0.08693721570795376
18 83 0.3572830500726023
18 87 -0.5801342096019573
18 89 0.6703005040046128
18 93 0.11469323959083666
18 96 -0.03512867147561449
18 98 -0.8642158292899069
18 101 -0.34154898223546803
18 104 0.4854305658397442
18 105 0.46235435201655495
18 112 -0.8993793582964489
18 116 -0.3886370679343776
18 117 0.8363013298219759
18 122 0.8145348252345745
18 123 -0.859003095333932
18 129 -0.6390503087434831
19 22 -0.47686377415454495
19 29 0.6434435009553043
19 31 -0.8243382396797057
19 35 0.7886240258844255
19 37 0.848748558194429
19 40 0.07999240405353736
19 43 0.8105495893795818
19 46 -0.888068902383192
19 50 0.012447159618257153
19 58 -0.43337209613554317
19 59 0.13527539117219556
19 60 0.3913909734929846
19 64 -0.33449421377026956
19 65 -0.9283384840295168
19 70 0.7122530108550977
19 74 0.993656170742532
19 77 -0.8608325080945276
19 79 -0.8171598121088224
19 80 -0.6037262431658683
19 81 0.572223311194239
19 85 -0.8022154842680236
19 90 0.33919315920763027
19 93 -0.08700679147613166
19 94 -0.5231143362991173
19 96 -0.36148250051322184
19 100 0.036876922301722015
19 101 -0.09719625406277932
19 105 -0.15894462725633507
19 108 0.2519860465724064
19 112 0.6835572193337842
19 118 0.4654828842330745
19 120 0.02892468146550886
19 122 0.87032424954175
19 126 -0.782963994793408
19 127 0.38232314694667613
19 133 0.44521950688606404
19 134 -0.7474504813586509
20 37 -0.28269479297194033
20 46 -0.4570049220762882
20 47 0.2870301644714226
20 49 0.7548586126884942
20 51 0.07709860820991299
20 53 0.5555060497339226
20 56 0.7478987787243792
20 61 0.8752449921225469
20 62 0.6744460363324001
20 64 0.24390006532147135
20 66 -0.40903043463092814
20 67 0.9220885064599507
20 69 0.5356964688253896
20 75 0.1303773170065381
20 77 -0.8958692751473809
20 81 0.5837793655163823
20 88 0.3264040562906232
20 89 0.020145014905733172
20 90 -0.9411473781925566
20 91 -0.4149590989212977
20 92 -0.2667809740646323
20 94 -0.31970735839237197
20 96 0.6235428963986778
20 98 -0.09351608669625411
20 102 0.7420764216276481
20 103 -0.010767869262623853
20 104 -0.3124861182475116
20 113 -0.33644592506350124
20 118 -0.4558315897271419
20 119 -0.1013167699934947
20 122 -0.32392045406821945
20 123 -0.2866447902138656
20 124 -0.9766298994625451
20 125 0.06552564499792912
20 127 -0.3258392599618112
20 130 -0.7282297883165825
20 134 0.5101183621572827
21 25 -0.5395144391367312
21 28 -0.6008310912900041
21 30 -0.37031753291716796
21 34 -0.11886483607745135
21 37 0.8027177782012209
21 38 -0.4453395075087927
21 41 0.25926709928636904
21 42 0.7738539493079399
21 45 -0.6239537195061782
21 47 -0.1548046339076281
21 49 0.5863732022591628
21 52 -0.9012187777142213
21 53 -0.011843774318046618
21 56 0.8509578548676184
21 59 0.7640194140349821
21 62 0.64575440006071
21 63 0.5634435870615229
21 65 -0.683019889420263
21 66 0.5505279625149724
21 70 -0.002402471017292962
21 72 -0.7638727700130539
21 79 -0.9000744438132595
21 80 0.1230192805421273
21 81 -0.5384849292510039
21 83 -0.44721531766647904
21 99 -0.2605589420225174
21 100 -0.3012391156576113
21 101 -0.01353264376979002
21 102 -0.06619216119415028
21 103 -0.7921406188492413
21 105 0.21317148906749805
21 107 -0.3581901565597676
21 108 0.7533531643691966
21 114 0.23905762228557692
21 116 -0.7696128783332779
21 118 0.7580882568945326
21 120 0.6472904299560243
21 121 0.7447734904959538
21 124 -0.15311862502416052
21 126 -0.24240245560094476
21 128 0.28707247757762855
21 131 0.02696849394572287
21 132 -0.3044698475909242
22 26 0.18282566781619525
22 28 0.5519649955723704
22 30 -0.9868684591326398
22 34 -0.03266409525756875
22 37 -0.16322136606407378
22 40 -0.5382751551049063
22 47 0.8341165538258741
22 48 -0.6313624337435697
22 49 -0.7229383717832969
22 56 -0.9461065728213596
22 58 0.43870714422296
22 60 0.565077605753195
22 61 -0.1283904925136201
22 67 -0.8301683273165896
22 69 0.8545808728130901
22 75 -0.8320920715140838
22 76 -0.408588438014438
22 77 0.7811226504621778
22 81 -0.7707686028798839
22 87 -0.21033594484269558
22 89 -0.689611293532999
22 91 0.8404621948680457
22 92 0.11944802119167997
22 93 -0.8071112688160187
22 96 0.6256107509501831
22 102 -0.116554803305986
22 103 0.31638617578853845
22 105 -0.0031014986003488065
22 106 0.7553949668443889
22 107 -0.918450106904374
22 108 0.630408843916346
22 110 -0.12846986827549745
22 113 0.036309870271727496
22 115 0.6807921023373948
22 119 0.4763278228663308
22 122 -0.763066343823845
22 132 -0.12810846639818685
23 26 0.5275842520979681
23 30 0.022461987818183315
23 32 0.2813298969508291
23 37 0.8430995134361563
23 40 -0.4160415891472431
23 41 0.6582565689436919
23 44 0.11423978969810933
23 47 -0.05270240328989084
23 50 -0.570923044876076
23 51 0.8010583138180518
23 52 -0.7464123237682496
23 62 -0.24795192423745704
23 64 0.3812746266842755
23 68 0.31989982775359427
23 71 0.26908338727666914
23 73 -0.34118122449495814
23 78 0.45022154399608505
23 84 -0.01170874329428151
23 86 -0.4581809805315389
23 91 -0.5284163556707107
23 92 0.9410978956756828
23 95 0.8758206142172837
23 103 -0.9747935347850265
23 107 -0.1640748229622988
23 108 -0.562635878784123
23 112 -0.6662830581774384
23 115 -0.8274799159485822
23 118 -0.18995554796887193
23 120 0.2819144009507524
23 122 0.7588494350924833
23 126 0.21341801765216295
23 129 -0.20706564472470568
23 133 0.7776945070176988
24 25 -0.31089358386475285
24 27 0.05952016755002254
24 28 -0.11769636319457577
24 33 0.23624626851664554
24 37 -0.49177945560343894
24 39 -0.363304060238276
24 43 0.93905547907203
24 50 0.5933708703736118
24 53 0.7706484744546254
24 54 -0.5039988968539575
24 55 -0.6848505820190556
24 56 -0.24514440231105028
24 58 -0.2527398572564108
24 61 0.02905456111233473
24 62 0.4732496607043015
24 63 -0.3667275542204287
24 66 0.35662594167855377
24 67 0.13969951273942272
24 68 -0.9930919146427319
24 69 -0.5944769872435829
24 72 -0.11241455154359725
24 81 0.24542655968675375
24 82 0.8287356558017636
24 84 0.41037939675481017
24 89 -0.5521924739887338
24 91 -0.39085811301639395
24 93 -0.5966260941174699
24 95 0.6586426932319114
24 97 -0.09453582140584693
24 99 -0.4730348077765394
24 103 -0.5863087030632734
24 104 0.514087508937265
24 110 0.67997691977538
24 111 -0.590134385152276
24 112 -0.7397553206260694
24 116 -0.2600413751494648
24 119 -0.20372926782467027
24 120 -0.5641380620105381
24 122 0.6940026449297623
24 124 -0.6486330698008884
24 125 0.184391126141787
24 130 -0.10034837664888441
24 133 -0.4799427943419874
25 29 0.6143937082712674
25 36 0.0166772338548129
25 37 -0.9445276673633893
25 40 -0.46664909889665207
25 43 -0.9912677358622048
25 45 0.5606924820841483
25 46 0.2397762421785974
25 47 -0.26185162087232494
25 50 -0.7457577816838283
25 59 -0.020976201348128942
25 61 -0.08694908939136692
25 67 0.13082787587765887
25 70 -0.1671526701450956
25 72 0.8809832702123437
25 76 -0.04904772723753026
25 77 0.19305789074035995
25 78 0.24782808834637526
25 85 0.453407529903356
25 86 0.27486296343477434
25 87 -0.49990797840126544
25 89 0.3840379561125489
25 96 -0.04093478341103762
25 99 0.6005947107822227
25 113 0.9711630941204366
25 115 0.6933037928118513
25 116 0.15225594428302447
25 119 -0.8745171957998517
25 120 0.46022752087800956
25 125 -0.3234186620211128
25 128 -0.9780112021758909
25 129 0.42938074131894566
25 130 -0.7681932187848166
26 27 0.9362847653461306
26 28 0.7229695664004212
26 35 0.17841736745951042
26 38 -0.8690073967952363
26 39 -0.8519845984153067
26 43 -0.38026961586860475
26 54 0.2720635775223723
26 62 0.4400922227442736
26 63 0.8409955045298554
26 67 0.950492186699162
26 68 0.8443380990481983
26 76 0.9095070333737783
26 77 -0.09513748575460523
26 80 -0.7211723274504445
26 82 0.8474676475635019
26 85 0.8642190782289882
26 87 -0.48787905229477735
26 90 0.6127568005648325
26 93 -0.25860686537415467
26 94 -0.7800073734637589
26 101 -0.5793383581178682
26 102 -0.03635978829154696
26 110 0.3265098536511275
26 113 0.832255722001134
26 114 -0.13664654157413736
26 115 0.48112143154102993
26 117 0.5196819890338311
26 124 -0.8482359400363042
26 132 0.8276258728562873
26 134 -0.6033130030730134
27 28 -0.6702958712515745
27 38 -0.0011416397802950229
27 40 -0.19483674827244823
27 42 0.025040838360393503
27 46 0.9884045551505436
27 50 0.25865644599913185
27 54 -0.002623534308273001
27 59 0.9004856810472066
27 60 0.4189474112343148
27 62 0.6891252228837106
27 67 0.02838323706003898
27 68 -0.9226228065412723
27 69 0.9080908538354939
27 75 0.5676049335035269
27 84 -0.6632558885195672
27 87 -0.7899863361461708
27 88 -0.9942097317925185
27 93 0.6946882797644436
27 94 0.20447267675179814
27 96 -0.02077171373949893
27 98 -0.803455952422035
27 100 -0.7618477826302226
27 101 0.7499415337018802
27 103 -0.07214878883623688
27 111 0.6797882706188663
27 113 -0.1444378623685625
27 117 -0.8505154307111591
27 122 -0.24243529263344477
27 123 0.2103867974126501
27 125 -0.4327573294073881
27 126 0.5757017522107928
27 129 -0.335313611342688
27 131 -0.24895890612570648
27 134 -0.7368538784361458
28 30 -0.030746543474985844
28 39 0.7199750688579865
28 41 -0.5283651906088582
28 44 0.4237383674911308
28 46 -0.4666506138237967
28 49 0.1931257388900156
28 51 0.5532998018653856
28 52 -0.8042050848924651
28 53 0.6805056053321206
28 54 0.09680749756598672
28 55 -0.5672537034853258
28 59 -0.8722728293759929
28 64 -0.1745919555971469
28 66 -0.0053650474863202735
28 71 -0.05933549337483823
28 74 0.2660284155403738
28 76 0.6725150347556015
28 80 -0.5936778141631422
28 81 0.3307319647816782
28 83 -0.7390820825358735
28 86 -0.45324169317046326
28 87 -0.8729236297089606
28 90 -0.9004162519965764
28 92 0.47363752479892396
28 93 0.6252557777788601
28 101 -0.22996046035790063
28 106 0.40024918683885535
28 108 -0.1570462979417795
28 112 0.07829256980802923
28 115 -0.5027928592760815
28 118 -0.3183364809679845
28 119 -0.23602347510653354
28 120 -0.6018797015825981
28 123 0.8630973071305876
28 127 -0.13293797883799097
28 131 -0.04595226883238013
28 132 0.5281863038601871
28 134 0.3915166544839699
29 31 -0.5805810145053034
29 32 0.019197425361980436
29 33 0.7957081744111008
29 35 -0.6228109906428971
29 40 -0.5577914199283063
29 42 -0.45626149532094407
29 46 -0.4446952666171444
29 47 -0.966731828451078
29 54 -0.8046731353533667
29 55 -0.15697445616344807
29 56 0.32143659278125347
29 57 -0.782911063943331
29 58 0.9721284634249139
29 59 -0.3355759763170105
29 60 0.31236181327564094
29 62 0.2552488693399997
29 66 0.4988864029050277
29 67 -0.4519590958794264
29 68 0.2532924811528041
29 69 -0.8724772893129611
29 74 0.8773918963636991
29 75 -0.31121520079806864
29 76 -0.8122133473743267
29 78 -0.5839254904219464
29 80 -0.6756759926091724
29 82 -0.47304379989735
29 83 0.6112282045093225
29 85 -0.1589289065980135
29 86 0.3050466308429465
29 98 0.4812707753041827
29 99 -0.35111999448438347
29 101 -0.9275501227479308
29 103 -0.5934304341743157
29 105 -0.6868272981270951
29 108 -0.06078757117594291
29 111 -0.6475301504802207
29 113 -0.34626212159554504
29 115 -0.10947207236273182
29 117 0.1642728631613759
29 118 -0.15593042543705748
29 125 0.40195190777591727
29 126 -0.9691569709744536
29 127 -0.5898468366294018
29 128 -0.7095798860751861
29 130 0.8372008195610272
30 31 0.40442349829251834
30 33 0.19586011788786584
30 42 0.10148448722133896
30 48 0.6454158592348813
30 49 -0.7434488117180489
30 51 -0.38262755742802956
30 52 -0.20642453295406882
30 53 -0.6566039247451898
30 54 0.2267655357235976
30 55 -0.12147614620870062
30 60 0.4340337910929313
30 62 0.06794711385367669
30 72 -0.055525367853305196
30 75 0.5946281204269612
30 80 -0.2558187566058612
30 82 -0.3392945583079374
30 83 0.9074149693814808
30 84 -0.15572938123331515
30 91 -0.8023909149320154
30 92 -0.08332025193653414
30 94 -0.9317877724422843
30 99 0.5291733271077508
30 104 -0.23648343814417716
30 105 -0.6173781470019255
30 107 -0.3791637675490165
30 118 0.9530416194437175
30 119 -0.287013055312334
30 120 -0.6860600187105548
30 121 0.9300009013238071
30 128 0.4815182711061139
31 36 0.0442125769122077
31 44 0.34020892925061474
31 47 0.08241346320059395
31 52 0.22727081281900352
31 53 0.020953557514587606
31 55 0.2943911668394865
31 56 -0.1060142941182114
31 57 0.8982030887758925
31 59 -0.919863040276224
31 61 -0.42047570911618215
31 62 -0.40242371254802944
31 64 0.6365130450408483
31 66 -0.0595476934645347
31 75 0.46837130950134265
31 83 0.8484675827477333
31 89 0.03174115293991164
31 102 -0.5157125936527576
31 104 0.2231473234525403
31 111 -0.305357008572964
31 116 -0.611578334891407
31 118 0.2571723657951852
31 120 0.5106877303841282
31 121 0.291490141204928
31 122 0.656656554540016
31 124 0.7478862401430022
31 131 -0.6913217600397006
32 33 0.09745642189335313
32 35 -0.6422276968058296
32 37 -0.2922169662805467
32 38 0.2788244351529803
32 44 -0.31925378441160324
32 51 0.5028909480378241
32 56 -0.015003623560995605
32 60 0.04600287207347664
32 61 -0.44436254503945616
32 67 -0.9342203318238134
32 70 0.8073164718897525
32 75 0.8125463145845919
32 81 0.013171131758858534
32 83 -0.8998011722381907
32 85 0.04661286357723027
32 87 0.0595245578629926
32 88 -0.24141660618060934
32 93 0.03099997835947388
32 94 0.5206091008831517
32 95 0.17806668305189755
32 96 0.4012443681577371
32 97 0.47268568778721387
32 99 -0.08105593576514125
32 103 0.515773566806405
32 114 0.4940891961425846
32 115 0.5852188982278668
32 117 -0.7392602394466323
32 118 -0.3123139853297212
32 119 -0.8087983932720988
32 127 0.02505764759793294
32 128 0.7947494108051965
32 130 -0.8765375300295837
32 134 0.20504050833446819
33 35 -0.08271658600911502
33 36 -0.6488753196716326
33 38 -0.3901594112421829
33 45 0.04438954095603975
33 48 -0.6058289764076576
33 56 0.005975277772829468
33 57 0.33694712412066474
33 59 -0.015542212978177483
33 68 -0.32636342325052325
33 74 0.6615062144371879
33 79 0.08915173101149887
33 81 0.8993021466835018
33 83 -0.5368506796741057
33 86 -0.36283816169745253
33 91 0.17041489110254227
33 93 0.3894994275221102
33 95 0.44383809520738016
33 96 -0.7097186399525215
33 102 0.29981190035008676
33 103 0.40145873205182636
33 105 0.3262280574574943
33 111 0.017020752077603785
33 112 0.13164598824270057
33 113 0.4432483823447386
33 116 -0.4015905310201391
33 121 0.37670614460747154
33 122 -0.05678654353296686
33 123 -0.4469987206560362
33 126 0.6197307134624064
33 127 -0.1624735321273707
33 128 0.735888520521347
33 129 -0.13799940168930314
33 131 0.41845036491224263
34 37 -0.34308880350382465
34 38 0.4930212522088344
34 39 -0.2095057908521949
34 43 0.251486926914817
34 50 -0.6741861502586564
34 58 -0.48215296316755407
34 59 -0.5095303928056332
34 63 0.9608662377471655
34 70 0.13445758956781084
34 74 -0.9414258904459625
34 76 0.9457503393956563
34 77 0.04728475798537368
34 78 -0.9338092520621091
34 84 0.7738653694471214
34 85 -0.08822160311328697
34 86 -0.2578145628415025
34 88 0.715968030280002
34 94 0.9577330758219607
34 103 0.8951215325804396
34 105 0.19748260621132818
34 110 -0.5897397386539429
34 111 -0.33207766605387534
34 113 0.5329632803331488
34 115 -0.23539278445791934
34 116 0.9691969846064756
34 118 -0.8809461963161227
34 122 -0.5550066643797986
34 125 0.9748419511965842
34 126 -0.19970793805666487
34 128 -0.6925399559169199
34 131 -0.1846526914572153
34 134 0.7754165976206417
35 40 -0.10708319206854622
35 41 -0.967367947924207
35 43 0.438128401108675
35 47 -0.1438911817090487
35 48 -0.2575501647816605
35 49 -0.8397165405876565
35 58 -0.9760540435983227
35 59 0.9357144915729321
35 61 0.3274366268744453
35 64 0.028143559080572977
35 65 -0.12595028067571246
35 66 -0.13977276643697634
35 69 -0.3853009718526481
35 71 0.9077417069897169
35 73 -0.4619965346152828
35 75 -0.3962560091019549
35 76 0.7565373409684031
35 77 -0.3128464951107508
35 80 0.7051658060440384
35 88 0.2553729286188946
35 89 0.29369147320842437
35 90 0.31117470729095875
35 91 -0.8127312240711206
35 92 0.6762436602636575
35 97 -0.36834862292902826
35 98 -0.2402723414559773
35 99 0.07622941864879906
35 101 -0.6532142366101534
35 102 -0.08980007510473009
35 107 0.8678716918867779
35 108 -0.3306265492365572
35 110 0.39445494285156046
35 117 -0.6270113778313553
35 118 0.4506575442414331
35 120 -0.2429598735345151
35 123 -0.8960471496582509
35 128 0.0620554068013186
35 133 0.15153814950725608
35 134 0.11587695400646192
36 40 0.6000285021828107
36 41 0.34257727967957763
36 48 -0.38666187515298045
36 49 0.8172871558182366
36 50 -0.7306593495501512
36 52 0.539110777637658
36 55 -0.45790286717821194
36 57 -0.19007988009895604
36 60 0.5741555470364097
36 64 0.09504688725706512
36 67 -0.1059454860058422
36 75 0.8048477695309209
36 77 -0.9500204644110266
36 82 0.12981442445457336
36 83 -0.03706693210258316
36 84 0.6244427362537097
36 85 -0.5503324638879847
36 90 -0.9882822326591323
36 91 0.2549093804489786
36 99 -0.2158736367109253
36 103 -0.9890221590888284
36 104 -0.9883761902833401
36 106 -0.07359714807439
36 115 -0.9127174574014063
36 116 -0.31039096442603187
36 119 0.15753133948412734
36 123 -0.30632576617834295
36 129 -0.2825071715170224
36 130 0.5132189887364
36 132 0.33438667539107536
36 133 0.5379782505678148
37 39 -0.21542949262554334
37 40 0.263383296854939
37 47 0.1589811345354486
37 49 0.053313367704325376
37 53 -0.21149929521008914
37 56 0.49641850710705704
37 60 -0.6427503476226495
37 64 0.4408568381787483
37 65 -0.2435221244351422
37 66 0.5448071708617808
37 69 -0.6797569640004477
37 70 0.6703287090326677
37 71 -0.2631778155214719
37 75 -0.9676803928259179
37 78 -0.16391023332707255
37 81 -0.17799393434736288
37 83 0.5315392047260523
37 90 -0.18809614872353597
37 92 0.7969981774443022
37 93 -0.05091256145812495
37 97 -0.5680837554032818
37 98 0.10500695019605044
37 103 -0.06623083363145565
37 104 0.7679526270547068
37 111 0.4104095319840051
37 112 -0.8068859895075113
37 113 0.48038526454226393
37 116 0.13642435383725737
37 117 0.7263341685349771
37 119 -0.8413239303256892
37 120 -0.8832817811009772
37 122 -0.6057835441130173
37 125 0.17423959374130016
37 126 -0.6478791476038037
37 131 0.39195179046876194
37 132 -0.42174734790941404
37 134 0.6133398341087892
38 39 0.32717621080700443
38 40 0.9811763240211575
38 44 -0.9235630339925267
38 45 0.0949197865535163
38 53 0.4502609031127167
38 58 -0.9588087350193895
38 59 0.5710241707365193
38 60 -0.686575593695679
38 63 -0.8218458226840399
38 64 -0.46336668960679384
38 65 0.6266277622416134
38 68 -0.9346782021077209
38 71 -0.06307185550611094
38 72 0.38721727060363276
38 73 -0.23470105412129683
38 82 0.3657447043847166
38 83 0.44251148436807974
38 84 -0.4101742745502739
38 87 0.8008929105722518
38 90 0.4707027277223337
38 97 -0.2945293298207843
38 98 -0.6268249255060836
38 100 0.5779606510278938
38 101 0.06069451169395701
38 105 0.07408427608461454
38 108 0.4216658438511256
38 109 -0.7262420644030725
38 110 -0.07262536830063904
38 111 0.4498970719581039
38 112 0.3626306667661183
38 114 -0.30140576260375473
38 116 -0.7805548885008651
38 120 0.9933453634445444
38 122 0.9037776641294246
38 126 0.07602672572992586
38 128 -0.8943173484288403
38 131 -0.5157272767282439
38 132 -0.5678918952080729
39 40 -0.40974734949115166
39 43 -0.20288390210968532
39 44 0.9303627356014148
39 45 0.6504225704881215
39 46 -0.1468285572336836
39 47 0.8222177253478244
39 49 -0.10969405383865061
39 59 -0.3025031700706393
39 61 0.9931794510885239
39 73 -0.863268381914587
39 75 0.24696985196274035
39 76 -0.07839202067633066
39 77 -0.663300329471598
39 78 0.08067550645179833
39 81 0.9241448982264748
39 84 0.1349765928824591
39 86 0.8064886205062236
39 88 0.8501340839241596
39 89 0.05359215254478933
39 93 -0.5472172090376692
39 98 0.7584251484968882
39 99 0.7601829978409305
39 102 0.1637739611981368
39 105 0.8558988806166383
39 107 0.3323453956086684
39 109 0.6683895253557846
39 110 0.21371062783101458
39 114 -0.2946633842264994
39 115 0.0583206383241226
39 118 -0.979151900360465
39 119 0.08792047829067973
39 122 -0.616264446467889
39 123 0.26700125572161193
39 125 -0.9827184209926616
39 127 0.2759749574236434
39 129 -0.9985275390832844
39 132 0.14494716166345012
39 133 -0.4950275402677815
39 134 -0.09319612634147112
40 43 -0.07349822644066761
40 45 -0.37124066166048086
40 47 -0.2552911770956139
40 51 0.41418024614322024
40 59 0.7361522536623153
40 61 0.09874369732951838
40 63 -0.14114112232993525
40 65 -0.6306313943357333
40 66 0.07616581799643796
40 69 0.324693395578624
40 73 0.4601989289363422
40 74 -0.34537469267652043
40 75 -0.7968621082376344
40 76 0.0582783476821207
40 77 0.05358678946079909
40 80 -0.8054075404758814
40 84 0.6588482739011092
40 85 -0.1556862548308906
40 86 0.7005119622290836
40 87 0.11730064679277508
40 90 -0.0429169934048943
40 94 0.06097946710648561
40 97 0.5632089129253186
40 98 0.6392113224615659
40 99 0.47527030395500947
40 100 0.48872347298485863
40 106 -0.6741817400751189
40 107 -0.2280197114392144
40 108 -0.8096600346057046
40 111 0.48784928217501267
40 112 0.779949353135162
40 115 0.34850328981608714
40 116 0.913166902029779
40 121 -0.6835424553951377
40 122 0.7950171699935096
40 125 -0.8541853278344482
40 126 0.8701494899315116
40 127 0.9621438025966922
40 129 -0.7189299327381287
40 132 -0.32983088893565427
40 134 -0.37043256476069586
41 49 -0.6128513885758371
41 50 -0.7254009882424142
41 52 0.6359611933522418
41 61 0.030760646678623882
41 63 0.4607579901045944
41 67 -0.23534028415935926
41 69 0.22816649981895143
41 73 -0.39040262420135496
41 77 0.13547317209936582
41 78 0.3915591186787226
41 82 -0.0047816367971218465
41 83 0.12353762190376893
41 89 -0.40600107805120533
41 93 -0.6999903726747327
41 94 0.2224757598355378
41 97 -0.6731841681785775
41 98 -0.841791604357583
41 99 -0.5566601177987889
41 100 -0.8574329916344079
41 102 -0.11246921038231195
41 103 -0.7830435484990603
41 104 -0.6226337700163713
41 105 -0.014783160635532644
41 106 0.0123311876048946
41 108 -0.7849838774251827
41 110 -0.6985964037184274
41 113 -0.584405378179091
41 115 0.010219178657410177
41 117 0.8484035899165414
41 119 -0.5212237977305867
41 123 0.014658158049108305
41 130 -0.053000987662275234
41 131 0.6534370317426379
41 132 -0.21485405136489044
41 133 0.5475447077950657
42 43 -0.24595030626076908
42 48 -0.09499874904429073
42 49 0.37384002433665664
42 55 -0.8976015872775451
42 57 -0.9097974622179512
42 62 -0.9598786561713863
42 63 -0.3458267345838406
42 64 0.38733770297873327
42 70 0.9052139843569036
42 71 0.2512654094700546
42 75 -0.3605302947066016
42 78 -0.03005499544797119
42 79 0.08814097183937086
42 82 0.7079587179588593
42 83 -0.3872791510971849
42 84 -0.695339731822066
42 86 0.33242683668038553
42 88 -0.9761852569543206
42 89 -0.5943504306928638
42 90 -0.6918717031639232
42 91 -0.3324483767978914
42 103 0.6008617877570359
42 104 -0.36744640181592825
42 109 -0.21183807639390273
42 112 0.13215385294055437
42 115 0.1584808661612247
42 117 0.30192816587744975
42 118 -0.628350606808115
42 124 -0.07261909723350923
42 127 -0.9049371590775541
42 133 0.9598000387394541
42 134 0.09988437406433204
43 48 0.12149672037462467
43 50 -0.15576942488483825
43 56 -0.8034468714769467
43 57 0.6758724241876846
43 58 0.10051546929126776
43 64 -0.9148952963014592
43 65 -0.40526286427494074
43 66 0.3221819494057854
43 68 0.6194195984481119
43 77 -0.3227334909616324
43 78 0.5347355768773012
43 81 0.22919541643879127
43 86 -0.6515802470201062
43 90 -0.03217441486899686
43 98 -0.7358493976937843
43 99 -0.1733769175398836
43 105 -0.37038298916076684
43 107 0.23232143979218334
43 112 -0.5365854262814056
43 123 0.49401912956628413
43 125 0.6887955095793012
43 126 -0.19561012485344165
43 128 0.025810584739953457
43 130 0.7549269372242311
43 133 0.4096887312457391
44 45 -0.9423442995764728
44 46 0.9439522163995451
44 49 -0.8507637601173617
44 51 -0.09113788492358466
44 53 0.051437831486022434
44 55 0.5966163538535196
44 58 -0.17343830865265275
44 60 -0.724889028865066
44 68 -0.7747861243445469
44 70 0.3189659327062693
44 72 0.1717524798944139
44 73 0.6384916020212807
44 74 0.9345734711063167
44 76 0.725484423907311
44 79 0.49737870209284885
44 82 0.12748148571073492
44 87 0.4554491418603275
44 88 -0.9450933042143297
44 90 0.681308006841725
44 91 0.364393363559941
44 92 -0.6894010631460628
44 94 0.3964553948923615
44 95 -0.8388633256424531
44 98 0.37082959011507466
44 104 0.4031822992933365
44 105 0.529802708263224
44 110 0.7125423750705961
44 112 -0.39239225891906426
44 113 0.10978144970323833
44 115 -0.4501541952816639
44 125 -0.456098001181654
44 128 0.08276395836736716
44 132 0.39126416501262407
44 133 0.19111492030129384
45 49 0.6220248023148292
45 56 0.6945276446168389
45 57 -0.9786742873118239
45 61 0.3607514861161445
45 62 0.15945516934999482
45 67 -0.4374386322235251
45 71 -0.996044537552238
45 72 -0.3410612173712879
45 78 0.4405054723736779
45 82 0.2113278709602171
45 84 -0.3463066445244827
45 96 0.30757686314690025
45 99 -0.6794868535022978
45 105 -0.9172186750438067
45 111 -0.8806292602541252
45 112 -0.26059433766994244
45 113 -0.042171453819223936
45 116 0.3298618886821938
45 117 -0.1474358988283062
45 118 -0.8353421487951644
45 126 -0.46979318143810356
45 133 -0.4136587687720774
46 51 -0.5464182458347218
46 54 -0.6316351497473469
46 56 -0.7816430044047844
46 59 0.6025377494096915
46 60 -0.6038085743933701
46 62 0.2531241518153704
46 66 0.1406998762812357
46 70 0.00813353904795533
46 79 -0.41217234393751445
46 81 0.9908275449574662
46 82 0.4644256362679404
46 91 -0.9888434919476128
46 92 -0.7690272142889683
46 97 0.8085113564935575
46 106 -0.5036768733521317
46 108 -0.23422896414371297
46 115 -0.7625959775720055
46 116 -0.4335676612243986
46 117 0.060638335310120084
46 120 0.9588797807950324
46 122 0.5896062470787748
46 123 0.8820815914385174
46 124 0.33067476527388906
46 126 0.7739617639494232
46 132 -0.9580795419661761
46 134 -0.8375372129449496
47 51 0.998879611361094
47 53 0.06880521586469435
47 57 -0.7729782410509978
47 58 0.6710711904629478
47 60 -0.7243503550217882
47 61 0.07829097561877862
47 65 -0.7503171896060292
47 66 -0.5841275908273664
47 67 0.9594186704009602
47 68 -0.03518535796070221
47 75 0.7697317455688404
47 76 -0.8929959713390581
47 77 -0.19438159668426946
47 81 -0.041813277478607525
47 85 0.5562182711014632
47 86 -0.8341550384197247
47 91 0.06324022767574111
47 94 -0.7984666891876409
47 98 0.3770684119589316
47 100 -0.8908258536695863
47 101 0.857765983961682
47 102 -0.5647077118977712
47 104 0.6012003365809164
47 106 0.589557131485521
47 109 -0.1342370221038447
47 112 0.6420425258309534
47 116 0.8359925167385915
47 119 0.7831517886537527
47 125 -0.8926635567553332
47 126 0.3088489747782419
47 131 0.4058314456724792
47 133 0.5838507201770478
48 52 -0.05291268055622833
48 54 0.6950532071869175
48 55 -0.47149559734067803
48 56 0.24509794621574987
48 58 0.02025743304141514
48 61 -0.7828951394663384
48 65 0.5116307509993527
48 68 0.49897322530097865
48 69 0.5512002702395897
48 71 0.28340551187630103
48 73 -0.2108972459434737
48 75 0.5256543481863494
48 78 0.22169677603596694
48 80 0.19965639290436377
48 86 -0.8687025097988428
48 97 0.3192064882835908
48 100 0.637791152121455
48 103 0.9753720072689986
48 109 -0.6411759954584737
48 112 -0.8649830697854479
48 113 -0.8141566701296348
48 114 -0.009746961689655498
48 116 -0.023057968784210514
48 117 -0.14342810736471567
48 118 -0.37030039006909043
48 120 0.7349474274715231
48 121 -0.9934383985746364
48 123 -0.6551336516029167
48 125 0.5076087936947138
48 126 0.9035125537477009
48 127 0.9347708144544105
48 128 0.2941634911921345
48 129 0.4478535001380357
48 130 0.6973342203600998
48 133 -0.5787295576608236
48 134 0.98891171682203
49 50 -0.9589883273687014
49 54 0.25785189020707255
49 55 0.3362047483965096
49 57 0.4814737156743032
49 60 0.7193662674291532
49 61 0.7237831625412592
49 64 -0.5274708951024059
49 70 -0.8125662376638914
49 72 0.7292584639311701
49 73 -0.8046317108698333
49 74 0.9553594690143645
49 76 -0.2187198405706796
49 81 0.8829024444614799
49 84 0.2083055773093765
49 86 -0.4391543721901263
49 87 0.05135883610030767
49 89 -0.991091793401971
49 99 -0.11257293585294526
49 100 -0.5024217821002146
49 106 -0.9062268498834909
49 109 0.07073821216235965
49 110 0.9655623698882989
49 111 0.005785358791802198
49 115 0.8326588700001476
49 124 -0.9479285591769755
49 127 0.8374892923204904
49 129 -0.12498881532683304
50 51 -0.12831838537835094
50 53 -0.9783527261508376
50 54 0.3732931929546752
50 57 -0.7259673502042765
50 62 0.6344250964246954
50 69 -0.9849108391390837
50 72 0.8568579642311038
50 73 0.7662510532586337
50 74 -0.6106484139742516
50 81 0.27101595294889824
50 86 -0.7888707829005204
50 90 -0.4489247676628263
50 94 -0.9827776683070231
50 107 0.9375783710191024
50 109 0.7041790814968332
50 110 -0.6257121555347205
50 111 0.7706072113180593
50 114 -0.43340123399181696
50 119 0.005106985338849457
50 122 -0.5375359709958791
50 123 -0.1008341410748923
50 124 -0.255860271038175
50 125 -0.33089832142874887
50 130 0.085064377990415
50 132 -0.015180608668170725
50 134 -0.9800534715811193
51 54 0.9412583038647417
51 55 0.9558029619824091
51 56 -0.4290931240982323
51 59 -0.4797728100470693
51 61 0.8511711275385696
51 63 -0.9421039398349034
51 64 0.8905709758572269
51 68 0.23014833012659297
51 80 0.5290813894992981
51 87 -0.8887690115618185
51 88 -0.9217153177655035
51 90 0.49849530086133176
51 91 0.7716981058231469
51 92 -0.4598052917812345
51 94 -0.6563341903327911
51 95 0.3056380775427481
51 98 -0.9641106062431744
51 99 0.9672181604817762
51 111 0.32744138957935576
51 113 -0.833842109664098
51 115 -0.28794585660207495
51 117 -0.11688928102620655
51 119 0.7783905547691559
51 120 0.9299171159891331
51 121 -0.8766813770295758
51 126 0.9145755956132628
51 128 0.9047286756610917
51 131 -0.2849204767021367
51 132 0.3382892891459821
51 134 0.10963930589606408
52 60 0.4380290089407737
52 61 -0.46465083708019383
52 62 0.06424871371783869
52 67 0.3655189258853393
52 68 -0.3741737221079582
52 70 -0.6938416160012586
52 77 -0.11567107326509163
52 78 -0.7586162804815373
52 79 -0.20239069443067303
52 81 0.978953973310982
52 83 -0.040841460646561245
52 85 -0.2903369877924111
52 90 0.7328294279806296
52 96 0.3175002802213436
52 99 -0.033460817187547676
52 101 0.03273336145793282
52 102 0.7754139020435584
52 106 0.9690788572581648
52 110 -0.4995281429604759
52 113 0.6368180059474964
52 115 -0.4202738916721833
52 117 0.17846617192114844
52 120 -0.12104041902978757
52 122 -0.6491395832067421
52 125 -0.8615281815415978
52 133 -0.6422106921193618
53 55 0.7610993531776113
53 60 -0.5315019425375285
53 63 0.9767816727572205
53 64 -0.9249554557302548
53 66 -0.5694623984731981
53 67 -0.7145199160477971
53 68 0.37373566880708387
53 69 -0.26147777502778013
53 70 0.6060987143482963
53 72 -0.9923789835748835
53 73 -0.07748419010010665
53 74 0.8591171671805129
53 76 -0.7363670932620481
53 77 0.16408159326661664
53 80 -0.4451376390698456
53 81 -0.6145257811449267
53 87 0.9623505701997468
53 88 -0.7107896646683616
53 89 0.01789254203598145
53 91 -0.05587846189386991
53 92 0.4396406742094856
53 93 -0.6953376885873013
53 94 0.35769173459515824
53 97 -0.7205177524394071
53 102 -0.1979001133309175
53 105 -0.789223440374142
53 110 0.2351055016133865
53 111 -0.018510924872992218
53 112 -0.8790480718484937
53 115 0.38469102442653647
53 116 -0.5380073350393118
53 117 -0.9138071293731254
53 119 0.9119989963751616
53 124 -0.12076003491853515
53 125 0.36993764345882596
53 130 0.7151039158173971
53 132 0.9850023219087214
53 133 0.9328244718450889
53 134 -0.5349888238009517
54 58 -0.3783941851480872
54 60 -0.8794318896045024
54 63 -0.27861292207578625
54 68 0.03758680631612488
54 71 0.092794534983069
54 72 -0.03495110545645641
54 78 -0.436648716174753
54 86 0.4454665900447101
54 88 0.11933816679560771
54 90 0.47360376400235826
54 91 -0.30798071446521247
54 92 0.6680680369658298
54 97 -0.8829747856276897
54 98 0.03705370997925406
54 99 -0.3622484856614281
54 101 -0.31150620486832015
54 104 -0.4567554102504907
54 109 0.5579996394398721
54 112 0.7952134186874
54 115 -0.874845371511277
54 116 0.5660411335295052
54 117 0.9738583761660158
54 119 0.700943916019249
54 121 -0.7628773237288802
54 123 0.019088899081100008
55 56 0.8379362259226291
55 59 -0.8903436533276545
55 63 -0.8474921624445308
55 65 0.4719909452291633
55 67 0.29868343784161655
55 70 -0.33082627822567745
55 78 0.38352087855597716
55 80 0.5461827773598078
55 81 0.11227123419224827
55 82 0.6923672105376535
55 83 -0.9377073377222711
55 87 -0.8262774622514735
55 90 -0.889868417349998
55 92 0.1742755663896296
55 93 0.24442280160153618
55 97 0.958838060837943
55 98 0.41044134709673963
55 99 0.29921711340397916
55 107 -0.11222562885274678
55 108 0.01174957701575896
55 109 -0.6305058039782541
55 110 -0.003617159369302181
55 115 -0.1037419190124853
55 117 -0.1928755695616049
55 120 -0.8883277923509703
55 121 0.12307754102874147
55 123 -0.36177991804994347
55 125 0.08472814632368753
55 127 -0.7001978396961424
55 128 0.7213967942812041
55 130 -0.6564155001762912
55 131 -0.36857026636905177
56 58 0.8048369518134686
56 61 -0.2635165158818704
56 62 0.15208352285908466
56 63 -0.7318446250639017
56 66 0.688793783004789
56 67 -0.3900632857902284
56 69 0.6784151440978152
56 70 -0.37681644572466433
56 72 -0.1406582956727387
56 75 -0.7822868696840606
56 80 -0.625075043932831
56 81 -0.5838436466174797
56 82 0.8432018811084194
56 84 0.4887349897035915
56 88 0.7174530381560491
56 89 0.0805060904949717
56 92 0.15030663738813477
56 94 0.5049115503265804
56 95 -0.6392022036627394
56 98 -0.19976727177659215
56 103 0.2738838026301009
56 105 -0.4789576252966683
56 111 0.9820818940500033
56 114 0.48061925832333374
56 119 -0.37345961006765926
56 121 -0.4501164788139578
56 122 0.4506296901389839
56 126 0.08118942496375836
56 127 -0.8398110448682023
56 130 -0.4442802326031867
56 133 -0.28474083392394256
57 59 -0.41829412997352144
57 64 -0.4463547105698389
57 65 -0.10743431748722654
57 66 0.7895710270645211
57 67 0.34642015486925426
57 68 -0.1727070946442113
57 71 0.296436545468455
57 74 -0.9110320715032316
57 75 0.4987389627808734
57 76 0.5186888940906642
57 78 0.6576316762241405
57 80 -0.3446056003068043
57 84 0.8014586359275504
57 85 0.9066926551258672
57 86 0.09387028618406767
57 87 0.34810104450627377
57 91 -0.18500001374142983
57 92 -0.9603299312031115
57 95 0.5025817023085073
57 97 0.27638278033106434
57 99 -0.26444726389825823
57 102 -0.9856268401837174
57 106 0.5578718058578962
57 109 0.7270488446937036
57 114 -0.3156061392710765
57 119 0.31888816871886316
57 122 -0.46582137039128346
57 126 0.8891916643528948
57 131 0.7041999021750227
57 134 -0.0566970036775063
58 64 -0.49776272720932635
58 69 0.7748576434415282
58 74 -0.20907359222589772
58 79 0.0040958263198729306
58 84 0.8889013943570172
58 85 0.22239975540963108
58 98 0.030046661361366356
58 99 0.63860288429717
58 100 0.0053181696221602515
58 101 -0.7178936305909602
58 107 0.4713577225616217
58 113 0.06572096390566062
58 115 -0.9835634168474654
58 116 -0.30791729841002224
58 125 0.1895169819832212
58 129 0.0942451446781345
59 69 0.7759447141018851
59 70 0.6580656102711011
59 71 -0.929639791104073
59 74 0.5724989684362796
59 84 -0.8832915927880161
59 85 0.028534122138657247
59 88 0.7277911263429513
59 89 0.46065735230651317
59 91 0.7214625353213113
59 92 0.1928591133241535
59 95 -0.9594180642774652
59 96 -0.9439364272622233
59 97 -0.9811838040968612
59 99 -0.8047218408384691
59 101 -0.29319989088581266
59 106 -0.5254340372152093
59 108 0.9101077375119955
59 109 -0.6036423167859146
59 110 -0.42914324375189206
59 113 -0.14995121316811955
59 114 -0.9022140079453143
59 121 -0.05827241964257346
59 123 0.13901847207501072
59 125 -0.6799255774122785
59 131 0.865308978979292
60 63 -0.3217328036587659
60 64 -0.13665026556512627
60 68 -0.32418459653828324
60 73 0.1651571942260992
60 75 0.14151684394923447
60 78 0.9449933195780189
60 80 0.42934066633069845
60 82 0.7774286815362363
60 86 -0.6891190365042814
60 91 -0.28353866071043976
60 93 0.17146641356363213
60 94 0.1645954972568746
60 95 0.7860902787508732
60 99 0.29363439510658296
60 101 0.49199377833325486
60 103 0.3654399689278971
60 104 0.19524910036085363
60 107 -0.8786632767411897
60 108 -0.5151351450511998
60 112 -0.568040987059689
60 115 -0.14053300595645668
60 116 -0.08216654424943481
60 118 -0.7302567580816741
60 125 0.3375101630257318
60 126 0.10774852758265063
60 127 -0.2936279445559069
60 128 0.751892872354575
60 130 -0.6549897075958966
61 62 -0.022483646813713065
61 64 0.5920427663404655
61 66 0.1712282037419497
61 68 -0.8794582455020448
61 69 -0.7593675718049961
61 70 0.6200016965432373
61 71 -0.4955462739448435
61 73 0.21769039165919168
61 79 -0.44576235802434794
61 80 0.6432324310748085
61 84 -0.9457662810890799
61 86 0.5186443252077928
61 91 0.6187124980916505
61 94 0.674301581581223
61 97 0.5274599473528552
61 99 -0.7330667939534079
61 100 -0.49743560441235735
61 102 -0.7456531558420214
61 103 0.13928909600752926
61 106 -0.5973594234466473
61 107 -0.3940013294009923
61 109 -0.39794454249855593
61 112 0.24358119833933922
61 116 0.5330246810326997
61 118 0.8078361855322493
61 119 0.8369566301124847
61 120 -0.7829601577651268
61 121 -0.4885258277797462
61 126 -0.11888711838599164
61 129 -0.8948413528693744
62 64 -0.4383730391884335
62 66 0.9828612432569062
62 69 -0.41251083382124
62 70 -0.6350159213806741
62 72 -0.22624918694153906
62 74 -0.7384467397643817
62 94 -0.9931373068333904
62 96 -0.7254667351765103
62 97 0.942174595312915
62 98 -0.6138719488644457
62 99 -0.4745383348417984
62 101 -0.22119764971033584
62 103 0.7866164454085927
62 104 -0.4118012936175435
62 108 -0.4919103938856484
62 109 0.9995417499898815
62 110 -0.9483507911509712
62 111 -0.04851805623148797
62 116 0.07792453096544283
62 118 0.8248804281125299
62 119 -0.10570886106500721
62 121 -0.16087635710384007
62 123 -0.21656098950949376
62 124 0.26421970571478703
62 125 -0.38150493878653546
62 133 -0.7698315221108953
63 68 -0.30932031872452836
63 73 0.685057249450324
63 74 -0.4025407349802512
63 78 0.8839643767727752
63 81 -0.8357571041110958
63 83 -0.06661152836442197
63 85 -0.7016266215727534
63 87 -0.25704952571292883
63 88 0.6007967434664314
63 97 0.9111293194077918
63 98 -0.3151956701866454
63 100 0.9220120584381739
63 103 0.2760390198030169
63 104 -0.023233574770946452
63 105 -0.8876524803392287
63 107 -0.28434665521904545
63 110 0.2892228871632514
63 119 0.7648307343242906
63 122 0.6176719146274465
63 126 0.3501607756845251
63 130 -0.8594869004896089
63 131 -0.4162548614287416
63 134 -0.6221954404840839
64 68 -0.9551865441538652
64 69 0.08555809987822705
64 72 0.7315815305214783
64 73 -0.10183320265064677
64 82 -0.958850189060763
64 88 -0.7852849658937937
64 90 -0.5656636043778267
64 93 -0.7200428704511979
64 94 0.3326718541316638
64 104 0.7541363316710634
64 105 -0.531779488388729
64 110 0.8668188880348673
64 111 -0.8946832750692422
64 115 0.12454337477972155
64 116 -0.42663181652360715
64 125 -0.4391274311325444
64 132 -0.03279721891646825
64 133 -0.8930279396520482
65 67 -0.7185063979278334
65 75 0.5029581152290148
65 79 -0.5725767082976223
65 81 0.537935947884999
65 85 -0.6064067323476185
65 87 -0.2319031685223112
65 90 0.07630929860933988
65 91 0.9164544851347536
65 92 0.9742446099337911
65 94 -0.9975823203001999
65 98 -0.17600105804607713
65 103 -0.9789170604667055
65 110 0.0025776707974698443
65 111 0.04603160197450129
65 112 0.6314832283236078
65 114 0.7142929505487949
65 116 0.7448662287307743
65 117 -0.026684525750211074
65 118 0.049511696752902346
65 119 0.03796955591523199
65 121 -0.9564779576255114
65 124 -0.04200168727950282
65 129 -0.3485574995621381
65 131 -0.19498440930262517
65 132 -0.5553591594506204
65 133 0.1064245007129685
65 134 0.12923331240334623
66 67 0.0714803672405091
66 68 -0.321618000380691
66 70 -0.2390281945769932
66 75 0.20629536920208302
66 78 -0.21270601789919574
66 79 0.2389841814698639
66 81 -0.8057070511085356
66 82 0.05587690093347497
66 84 -0.4674135211837007
66 86 0.43152320562106516
66 89 0.6043738463673425
66 94 -0.7420060437343321
66 100 0.9907477493804544
66 104 0.40426337602712903
66 105 0.26949220729686885
66 107 -0.7312780240306564
66 108 0.745425019256085
66 109 -0.056607940742003926
66 112 0.6840187762377359
66 118 -0.6894415544466825
66 119 -0.6956652119590792
66 122 0.7585822003536073
66 124 -0.6996877644326636
66 128 0.023319594556356682
66 132 -0.8086837391373862
67 70 0.5569946445713554
67 71 0.6485563391678473
67 72 -0.020479820051520825
67 75 0.7136533924541384
67 81 -0.5125136322096033
67 85 -0.34644853672719633
67 86 -0.7245197913601424
67 90 0.39931128823469697
67 91 0.3836618523650521
67 92 0.875366101911002
67 99 0.5832019337044896
67 100 -0.9573993642122647
67 103 -0.8460405276160115
67 118 -0.38197681241029824
67 123 -0.9029838804041632
67 124 0.3002594592587913
67 127 0.799618568822368
67 132 -0.7439024003177761
68 69 -0.22011931257374107
68 74 0.49809400398059656
68 81 0.4092426046232833
68 82 -0.27094254027421183
68 85 0.7358363317282461
68 86 0.5183659999559671
68 90 -0.658849635236449
68 92 -0.37691108698702536
68 93 0.14674779123073045
68 95 0.27088155883955856
68 96 0.5295490338586395
68 97 0.18597986706756342
68 98 -0.4511211043126493
68 100 -0.23005357155303452
68 103 -0.37142107053496476
68 106 -0.9062829552268024
68 109 0.8305506537200797
68 110 0.6696592372574173
68 112 0.5656118659148723
68 117 -0.40318407361245145
68 122 -0.5093297074542984
68 131 -0.838411424333785
68 133 -0.5694785328893384
69 71 0.01323045110213461
69 72 -0.5598622378597227
69 73 0.43230191858247813
69 78 -0.7436489986023553
69 79 -0.984588352008424
69 80 -0.5684275049587342
69 82 -0.4403874284888596
69 84 0.09114668349963062
69 88 0.4115455934104195
69 89 -0.713848561696909
69 93 -0.97993075911017
69 94 0.9047477769464294
69 95 -0.20168763394234035
69 99 0.955818322406853
69 102 -0.24200570315706416
69 103 0.8696371512329593
69 104 -0.9602991747096883
69 109 0.9885984688311975
69 110 -0.8799372449065863
69 111 -0.29898071766028367
69 113 0.6266966264897038
69 124 0.9608672577713473
69 128 0.25740806405936145
69 130 -0.055976392222880866
69 131 0.28117475453773055
69 133 0.24881049389602605
70 71 0.20331564785669531
70 72 0.8656022550823526
70 75 -0.3755545320133309
70 81 0.707739751655591
70 85 0.6026625847812164
70 86 0.41143333654831804
70 92 0.11431179379856005
70 97 -0.8754203291544325
70 100 -0.5255780990352743
70 107 -0.48512084238110953
70 109 -0.6145359168638775
70 119 0.7331437961133851
70 123 -0.3741802930217193
70 127 0.5945623936721391
70 132 0.10870492363704787
71 84 0.9970631410403108
71 85 -0.8246591237131906
71 86 0.9707761810575593
71 87 -0.9586689435462754
71 95 -0.28918244863910014
71 96 -0.7698214560542906
71 97 -0.22737740052814281
71 98 -0.7515705543464368
71 99 -0.2123723641526023
71 106 -0.36561619807453605
71 110 0.36543192264687185
71 113 -0.9761526198608883
71 114 0.7789672329467519
71 115 -0.4403312101190908
71 117 0.20770401978203745
71 118 0.8996832632340555
71 120 -0.7691251029688537
71 122 0.7060677083645082
71 130 0.488701653992863
71 131 -0.11118183352556454
71 132 -0.009252937963581731
71 134 -0.21068816511747235
72 76 -0.6916183987025784
72 78 0.8492395395894026
72 79 -0.5506468107151605
72 83 0.8055978720295633
72 86 0.7520522544984551
72 94 0.1030064673009008
72 95 -0.6387601863383918
72 98 -0.007514162811141034
72 103 -0.7433246729000083
72 104 -0.5658825598519186
72 106 -0.43765635571705874
72 111 0.6186690511842645
72 112 0.667854018962023
72 113 -0.24932311678194008
72 114 -0.686229001152264
72 115 0.8485408839385598
72 120 -0.18957922185806475
72 128 -0.5552576643048912
72 131 0.3232025970665322
72 132 0.9347322662582951
72 133 -0.8047123786902304
73 75 0.37299267284696414
73 76 0.9282922062690584
73 77 -0.9141589757938251
73 82 0.2830413446633002
73 85 -0.6405356507212501
73 86 -0.3513111685139938
73 87 -0.024149802165136958
73 90 0.08469802751055555
73 92 -0.11414139605347207
73 94 -0.7401081897484056
73 96 -0.7006978862348325
73 99 -0.16080630984975808
73 101 -0.8709634042548557
73 118 0.17531594834430142
73 120 -0.47502883182280153
73 123 -0.7564853219828183
73 126 -0.869101227864642
73 129 -0.30190902868994596
73 130 -0.393752614149518
73 134 0.4166505292668865
74 75 -0.43180089568381996
74 77 0.5649627071881234
74 79 0.06435425764104075
74 89 0.9717387726813698
74 90 -0.3469710341359433
74 95 -0.8949043055536878
74 97 0.660591217959809
74 100 0.16208761964370266
74 101 0.4500776313591164
74 105 0.612869417143109
74 106 0.8062362676434078
74 107 0.7457213402129113
74 108 -0.4326368343128957
74 112 -0.38497642158928214
74 116 -0.9205702340552804
74 117 -0.9434637175954066
74 118 0.0072309984729603816
74 123 0.1964129298044286
74 126 0.5123389280781647
74 129 -0.1266367227057732
74 131 0.9532032882515347
75 77 -0.5427468098027308
75 84 0.5493849335457317
75 94 -0.7478994599046378
75 95 0.08545582817136133
75 97 -0.6034516899347517
75 98 0.2901830599426276
75 99 0.975605936537689
75 100 0.8209389825075135
75 102 0.6295866805820698
75 103 0.3830998235950165
75 105 -0.6076591589312421
75 106 0.34079725361832924
75 110 0.1342831753966145
75 111 -0.39808218291657016
75 114 0.1437563809659108
75 116 -0.40765953836360835
75 117 -0.9257658560171254
75 122 -0.4622630307459712
75 124 -0.1840744534302221
75 125 -0.7028477485559421
75 126 0.07149141916364754
75 134 -0.6469316859512793
76 84 -0.5264257739311542
76 86 0.6209036613459649
76 88 -0.16737105712417133
76 95 -0.5368962108938102
76 97 -0.7954268030122209
76 99 0.5687559127726518
76 104 -0.9890420642926883
76 106 -0.1837666704950398
76 111 -0.5592928288525543
76 112 -0.433534505720651
76 114 0.2500679804051138
76 121 0.21455637664779226
76 124 -0.46879880771138094
76 127 0.276097969681514
76 129 -0.05008546044084383
76 132 0.6032425749982664
77 80 -0.7814196384960037
77 85 -0.6852665650967797
77 89 -0.8696521270032582
77 90 -0.9856055651354121
77 91 0.6898039930502564
77 92 0.5664778952858296
77 95 0.1863702675117005
77 103 -0.5990466361672648
77 104 -0.8260904772691346
77 105 -0.03330187288437725
77 107 -0.4067538364838086
77 109 0.5673314159049525
77 110 0.20642518983232838
77 115 -0.7048774049560502
77 122 0.6017969159822762
77 124 -0.9292096051055698
77 125 -0.5017096331069166
77 126 0.4325326417304689
77 129 0.4518009148558473
77 133 -0.6127266069288764
77 134 0.2798951317787004
78 84 -0.5083565328012762
78 86 0.005703253511309514
78 88 0.12967052021237468
78 92 -0.2919418891395902
78 94 0.10128218881941065
78 95 0.8295440598070065
78 103 0.4049826666414509
78 109 -0.24312106574494585
78 110 0.9953346079028913
78 112 -0.519758151929606
78 113 -0.2941179195713104
78 116 0.8971735440381174
78 117 -0.4350496759008864
78 118 -0.9456327481310143
78 120 0.6617969796744911
78 123 -0.7266681505106838
78 134 -0.49257363087964157
79 82 -0.6815234663375906
79 89 0.5204305116468557
79 91 -0.1866016801791459
79 92 0.7173556625374569
79 93 -0.5885210487291257
79 97 0.5391146192957919
79 99 0.2149973919712702
79 101 -0.2488997952796479
79 103 -0.15339406677215606
79 104 -0.858815916813596
79 108 0.5103231076119794
79 111 0.9794667333042779
79 112 -0.5629524597597657
79 116 0.3506338276083145
79 121 -0.775991209786282
79 123 -0.1856183895382224
79 125 0.09097704229452863
79 127 0.5183022633114707
79 128 -0.7904333638193126
79 129 0.625147522876335
79 132 0.5595365657373739
79 134 0.1366216521707584
80 81 0.6120965847538966
80 82 -0.8408787641158153
80 84 0.8902153504225998
80 87 -0.49801677460312077
80 100 -0.49291374411351585
80 105 0.17795090676580916
80 108 0.22312897908799023
80 110 -0.12342155898273788
80 112 0.6558888078352503
80 115 -0.1879335469088863
80 116 -0.5645534386935789
80 117 0.9006428151345218
80 120 0.9764239920478996
80 124 -0.21474443051930314
80 126 -0.07526781392263748
80 131 0.08229012007161907
80 132 0.6826213343882195
81 82 -0.4008862047361632
81 85 0.6668703483688667
81 88 0.2523342328488545
81 90 -0.6824457205537606
81 102 -0.6322170452344023
81 104 -0.860147690566639
81 107 0.8075150769927042
81 108 -0.28655832235748835
81 111 -0.6394290808382732
81 114 -0.9633731934895293
81 115 0.27006279351085527
81 116 0.2864468233209636
81 119 -0.29728703479054963
81 122 -0.11729299607672616
81 125 0.7983299921095386
81 129 -0.016483467330342005
81 134 -0.757212428283516
82 84 0.6516084448729975
82 85 -0.008109483506284043
82 89 -0.4213525789758752
82 90 -0.9974294737960703
82 93 -0.756457308730341
82 94 0.19258473895553196
82 96 -0.5747858190504829
82 99 -0.7717284292179312
82 101 -0.15491016796776336
82 106 -0.8604894952564728
82 109 -0.849542376714512
82 112 -0.02181965921505702
82 114 -0.16353964563580536
82 120 -0.6456483520778216
82 121 -0.5709616679675127
83 84 0.44926195526688595
83 87 0.09499533065334509
83 88 -0.9293171914568377
83 89 -0.47738071629728807
83 90 -0.19602658688649655
83 92 0.4383829834448465
83 95 0.34408408300843263
83 101 0.0816683780248495
83 108 -0.20460073675863866
83 109 0.6446589059735703
83 114 0.015249763850564868
83 116 -0.6645060056418215
83 119 -0.9162187381519957
83 121 -0.9167302193386562
83 125 -0.7152965961723601
83 130 -0.7380979526304019
83 132 -0.5491086813444781
84 85 0.9761687180472767
84 86 0.1568022886928735
84 87 -0.535187195888051
84 88 -0.7041339815012404
84 91 -0.5219779201873733
84 93 0.6623696721208048
84 95 0.7731188885230422
84 98 0.4370359684315961
84 99 -0.5904114784470356
84 105 0.979626221841573
84 106 -0.7493292881286349
84 108 -0.6702102013328854
84 109 0.668761513181598
84 110 -0.8635033571584738
84 113 0.19736538655299918
84 116 0.2890014919773589
84 117 -0.8578349715826736
84 121 -0.21455809379149415
84 122 -0.010002818242430545
84 123 -0.6421925801204975
84 125 -0.6082224128615874
84 128 0.9063337112641439
84 131 0.6390504021729526
84 132 0.34250037544194667
85 89 -0.856198195508453
85 90 -0.6212984253978664
85 103 -0.32293635193609527
85 104 0.2161760812332012
85 106 0.767874843693801
85 111 -0.6880947627740304
85 119 0.5056530546811606
85 121 0.25656161167702973
85 122 0.14084323086581074
85 123 0.42988253374496055
85 131 0.4381494766101388
86 94 -0.19992379159253915
86 95 -0.09322452915931456
86 99 -0.9057544507727722
86 100 -0.29547151641815894
86 101 -0.1936485680150697
86 102 -0.17853808373505098
86 104 -0.8776074827485612
86 105 0.6040453551949825
86 114 -0.586276501010977
86 119 0.6070637388878959
86 122 -0.9588710793580566
86 127 0.950483202129381
86 132 -0.1771450464962674
86 134 0.6549486508926579
87 89 0.5342550357567639
87 91 0.402256977005198
87 95 -0.3233430159468349
87 98 0.36625385145279243
87 100 0.4113987583851433
87 103 0.20882463326310696
87 104 -0.9186098572756352
87 108 0.683074621345406
87 109 -0.3005694953273019
87 110 0.6233370677500083
87 111 0.19194083311017773
87 112 -0.9605881177682847
87 113 0.006959512915631461
87 117 0.07444442992994116
87 118 -0.4456142951192803
87 119 0.9768293721583412
87 126 0.9261482125619613
87 129 0.406328361868902
88 95 -0.37853033653081236
88 97 -0.5037027185346137
88 100 -0.4998512070395422
88 102 -0.5757431549905232
88 104 0.09625938324016015
88 105 0.5166144209637369
88 107 -0.800768741464678
88 108 0.19372439673215225
88 110 -0.6804978057051572
88 111 -0.1900576689802438
88 112 -0.13283439109484885
88 115 0.5508824291787318
88 118 0.1615013150020954
88 120 0.06507685174217737
88 122 -0.33047511802296814
88 123 0.11272084190370979
88 127 -0.4692389874687819
88 131 0.32817379437734506
88 133 -0.42287847714815263
89 92 0.6838789382653412
89 95 0.6129329615565975
89 100 0.955438258018942
89 101 -0.9368606669797661
89 103 -0.9672556526996174
89 109 0.2768879797371675
89 113 -0.06308400700514483
89 114 -0.11091389967641518
89 115 0.41574193842319507
89 117 -0.40515970767371545
89 119 0.2714827094159704
89 124 0.3023218937853449
89 125 -0.9484582248315234
89 127 -0.46263129272045433
89 132 0.2515168546921194
89 133 -0.2967289795893333
89 134 -0.07960515629546094
90 92 0.46165575588529606
90 94 -0.5031549412159526
90 96 -0.09454885058799634
90 98 -0.7199698864499138
90 105 0.44465421503144875
90 107 -0.9097203452580316
90 113 0.16011868533751206
90 114 -0.9392325191778863
90 115 0.9770879272357804
90 117 0.9348998751485327
90 119 0.9192155245560996
90 121 0.16429042960164564
90 122 -0.9741302308737729
90 124 0.7749261679339732
90 125 -0.7794126917389257
90 128 0.039703569920341186
90 130 -0.5656340983795982
90 133 -0.02022975046302622
90 134 0.059165590402713075
91 98 -0.8565044086022668
91 107 -0.10581849288875222
91 108 -0.2253534306031515
91 110 0.35975780717105144
91 111 0.19239683367423832
91 115 0.6826250169068118
91 118 0.8140839843712271
91 120 -0.9916919784454914
91 122 -0.9694640281395284
91 129 0.7998373506432641
91 133 -0.004757061087386827
91 134 -0.3276921618751514
92 96 -0.38275721422186537
92 98 0.6035057935773664
92 101 -0.9407032046400252
92 102 0.20253206787428013
92 103 -0.8711567601406136
92 104 -0.21892355582460388
92 105 -0.5381086583516708
92 109 0.6050590680138752
92 111 0.30892277581784544
92 113 -0.9573881395915538
92 117 -0.7685439399338965
92 122 0.252168370388125
92 124 -0.2564171790645866
92 126 -0.12789990164590415
92 127 0.975013137613711
92 130 0.1132068958341399
92 132 0.5357784730566528
92 133 -0.39443305482678315
92 134 -0.37710567064379585
93 94 -0.9890185032931247
93 95 0.6483548393068561
93 98 -0.5515040408665515
93 106 -0.5558940396164196
93 108 0.04737958068992487
93 114 0.2605319208615007
93 116 -0.23902573184522558
93 119 0.40378802393534396
93 122 0.6217008819530654
93 131 -0.009048724582060519
93 133 0.501879933046042
93 134 0.1454304425680104
94 95 0.28375550645118874
94 96 0.32602120430995907
94 98 -0.029174027790448864
94 101 -0.7272255110346362
94 103 0.16753421361315723
94 107 0.9598848746349369
94 108 0.6401298872104395
94 111 0.9947326871527256
94 112 -0.4110583484342938
94 114 -0.9381435760845973
94 122 -0.14223873061946457
94 125 0.5801216426598161
94 126 -0.9966250878215475
94 130 -0.8051041898798661
94 131 -0.9444999383978441
94 133 -0.20406209215508264
95 96 0.9549545999086522
95 99 -0.9356416760265653
95 100 0.3462211176516863
95 102 -0.6891240065059989
95 108 -0.021132335197970864
95 112 0.27734662965530865
95 117 -0.7958445756065475
95 123 -0.3248772703854441
95 125 -0.7970199787492793
95 129 -0.24169751184343502
95 130 0.7149192792132053
95 131 0.6672255266015363
95 132 0.9320273158500392
96 103 0.17604200466050202
96 107 -0.8942151461627239
96 108 -0.42872124468952877
96 115 0.011093406291109886
96 116 -0.6702286498502943
96 117 0.11327106975901624
96 118 0.624874969434452
96 121 0.831556055939876
96 123 -0.7982613916861698
96 126 0.5037783211447651
96 127 -0.7815215602274648
96 129 -0.7542662000593658
96 132 -0.4553308706050203
97 109 0.4060250819522726
97 110 -0.7712797587424778
97 113 0.15706525398007787
97 115 0.2478749014005528
97 118 0.0659051413087981
97 122 0.39732848101286367
97 123 0.627852584546065
97 127 0.5514986159821129
97 129 0.1323454234674084
97 132 -0.26776634367514784
97 134 -0.2801858371298518
98 100 -0.8442384479169915
98 101 0.9441540460457891
98 103 -0.7634612664247986
98 104 0.19208452214949934
98 107 -0.9808313795685124
98 109 0.8685746937839796
98 110 -0.9314601111128034
98 112 0.9671337268451459
98 115 0.5703320293468044
98 119 -0.42603002190738803
98 125 -0.5958943340090359
98 129 0.3613282610990842
99 101 0.7663307971558757
99 102 -0.544641040990238
99 107 0.3102278027486014
99 109 0.9165532473337754
99 111 -0.8671236808875078
99 112 0.2846890023164985
99 113 0.5417262641058453
99 115 -0.19071896243252318
99 117 0.9396414861298921
99 123 -0.7389917186870836
99 126 0.6090965923002842
99 128 0.4958516149875096
99 134 0.002442679617465471
100 104 0.9586222447311479
100 105 0.1264056043295385
100 108 0.9305168264009049
100 110 0.1859940179285473
100 111 -0.7963479420442519
100 112 -0.5557354433487205
100 114 -0.8329490415709844
100 115 0.5136323396824454
100 119 0.22335711724504836
100 122 -0.09602923053136014
100 128 0.9686356099906273
100 134 0.45607446566524845
101 102 -0.46510581166735343
101 107 -0.10449781474965936
101 108 -0.41955352214177344
101 115 0.6839213685415597
101 116 0.21309496469864309
101 118 -0.8750350355006864
101 120 -0.13263885099896666
101 123 0.6765769554294647
101 124 -0.3976846560176708
101 127 -0.15854294169888483
101 129 -0.9491308254463127
101 130 0.15178416493674174
101 132 0.7884839784078779
102 107 0.47797200386882377
102 109 0.2557597408808647
102 111 0.6564090829166882
102 114 0.26948850350809295
102 116 0.893043170655738
102 123 -0.03300998780145825
102 125 -0.5367934789217006
102 130 -0.720116042403395
102 132 0.6029107431122609
102 134 0.5574991743590756
103 104 0.8022598470843414
103 107 0.8897338496122946
103 108 0.36306869504863326
103 110 -0.41345777082954327
103 111 0.2770209716603982
103 115 0.07785800218038852
103 117 -0.9637111992655063
103 125 0.09754942103957598
103 127 -0.3937706141091819
103 132 -0.9737097874426213
103 134 0.0032656916036550854
104 107 -0.645947392157266
104 108 -0.6078021191276812
104 109 -0.9812555166597399
104 111 0.5944130694255136
104 112 0.9345846263252324
104 120 -0.08829935269801137
104 121 -0.295742975105288
104 122 -0.014822025905409042
104 123 -0.7283989658569532
104 124 -0.9456545086458339
104 130 -0.1986570978686506
104 133 -0.7945080819624459
105 110 0.9169873629239189
105 113 -0.33109453494150376
105 114 -0.193352827218374
105 118 -0.4124612597807471
105 120 0.1819636962947191
105 121 0.07635325009223148
105 125 0.4853867223998587
105 126 0.7408967971317317
105 127 -0.37807816163326335
105 129 -0.10353536463817603
105 130 0.4056725756325059
106 107 0.9016476752285978
106 109 0.2992770657603441
106 112 -0.12129095058591122
106 113 0.6284400338776999
106 117 -0.18970029047906745
106 120 0.5978035064488665
106 121 0.7352653464078565
107 109 0.4316316864247094
107 111 0.03232162298947672
107 112 0.6353169367884235
107 114 -0.503551012470115
107 117 -0.7672853129652613
107 119 -0.9745741670787194
107 123 -0.6057412881676594
107 124 0.21851836566287997
107 126 -0.7733716159947797
107 133 -0.06464166715159059
108 112 0.6468951550604598
108 115 0.7704763435473789
108 119 -0.18097914507612956
108 120 -0.4934258629118562
108 124 0.28033396502955443
108 132 -0.43821809070988116
108 134 -0.24610839618850222
109 111 0.8897881157084515
109 114 -0.27538362158804364
109 117 0.6284052747734292
109 121 -0.0732795910421018
109 127 0.5845385554438474
109 131 -0.4963798466426448
109 132 -0.6474706166571154
109 133 0.4855127713582863
110 115 -0.6647322516475886
110 117 0.020921266923785486
110 119 -0.8760683478887017
110 127 0.2266382402990157
110 130 -0.15306190371701733
110 132 -0.06166219833249498
110 134 -0.7352859951333728
111 115 0.40986354527329993
111 118 0.9006882070501521
111 119 0.9162854921739867
111 120 -0.6617312101904038
111 121 0.2748501260428411
111 124 0.5074967219168973
111 127 -0.6900895965235339
111 129 -0.6623870394187681
111 132 -0.3562748029072995
111 134 0.7687197346117374
112 114 -0.4978176399859975
112 117 -0.5028433047116707
112 118 -0.4617883680669286
112 121 -0.4156835405677053
112 122 0.08661482932245823
112 124 -0.5599427703596518
112 126 -0.42207115398755946
112 129 0.9415717502280048
112 130 -0.7468481305884358
112 132 -0.47107902095924814
112 133 0.9582235621453699
113 115 -0.5531845744001034
113 117 -0.6974394963731982
113 120 -0.784905167109152
113 124 -0.7921057494919517
113 127 0.2502623329422713
113 129 0.7908384394656911
113 132 0.6997676119722362
113 133 0.024541728736467316
113 134 0.35351831703136916
114 115 0.562707247099935
114 116 0.2602240438594665
114 118 0.060525984516422104
114 120 -0.585307805300816
114 125 0.10571654926042129
114 127 0.42141148373768544
114 128 -0.3275878334269626
114 131 0.9942183938166553
114 132 -0.9840175448790711
115 128 -0.30597289606104017
115 129 0.6360744496897786
116 117 0.7233469892546318
116 118 -0.45669793227292943
116 120 0.04393496195229285
116 122 0.5945745275408427
116 123 -0.8320171053316723
116 124 -0.45651975578785486
116 131 0.6278121582351084
116 132 -0.2766096802450433
116 134 -0.8848290709209734
117 118 0.43029214894773915
117 120 -0.1596505739792291
117 121 -0.9641955198716288
117 123 -0.5168388153425638
117 125 -0.622979427003912
117 126 -0.8777874042315112
117 128 -0.8470152249020195
117 130 0.3989860412167823
117 131 -0.6185006768637844
117 132 0.9218036632748905
117 133 0.021202699222662602
118 119 -0.47891866835198815
118 122 -0.14976501960527044
118 123 -0.6753198638070854
118 128 0.49163471786377166
118 129 0.7565392117880327
118 132 -0.6049674247882975
118 133 0.9824526294449081
119 120 -0.3932403621545568
119 126 -0.8613988193784905
119 128 -0.4044947073256999
119 129 -0.2658236985090632
119 133 0.4699719057663587
120 123 -0.3567907439628395
120 126 0.169563967692006
120 129 -0.5113779031147789
120 131 -0.8168747010223367
120 133 -0.38272404862107523
121 124 -0.9109850625338187
121 125 0.5142212421102652
121 129 0.1864262619702921
121 130 0.7556037560855502
121 132 0.9435021934529051
121 133 -0.3260124752190301
122 125 -0.9076029967798855
122 129 -0.012603925359959467
122 134 -0.1462398873886268
123 124 -0.3719151056507326
123 127 0.23405027476054374
123 128 -0.019120500700161136
123 129 0.020503475735547783
123 131 -0.937156812806093
124 126 0.5583618704491404
124 128 0.9865272416795943
124 131 -0.5293546458966154
124 132 0.3958512549358555
125 126 -0.40499971158462467
125 129 0.11389055022467653
125 131 -0.3128105336083553
125 134 0.02811717669258207
126 128 -0.21906410574256974
126 129 -0.3543074904983059
126 133 -0.9823752856626558
126 134 0.09767649927855881
127 132 0.3668988484081954
127 134 -0.6767188257672314
128 134 0.1873333377311177
129 131 0.3715624894111569
129 134 0.15450877805409147
130 131 -0.3134078119735453
130 133 0.783070154120679
131 133 -0.6761526187290687
