175 2276
0 -0.1376175559334183
1 0.6817186537500906
2 -0.6397075970104167
3 -0.5913736930386253
4 -0.5388179763482062
5 -0.37105071663578104
6 0.6537405925737889
7 0.6469492449751955
8 -0.276592605387616
9 -0.5126220557972594
10 -0.07261365997474667
11 0.3674483295109996
12 -0.9520158249929178
13 -0.7902284578267724
14 0.46970521817526145
15 0.487884002999575
16 0.7077464833049809
17 -0.5854490816588573
18 0.018819617354883134
19 0.8881857792064645
20 -0.9549001852421439
21 0.9264517195608797
22 -0.5991592286525131
23 0.6158395578185021
24 0.15072801884581621
25 0.7361133966875106
26 -0.7628766908824645
27 0.03264735987603373
28 0.2625771821143099
29 0.3451274213263871
30 -0.36913744078100863
31 0.10539647177508904
32 -0.153746537388733
33 -0.17946361459504656
34 -0.9841973158624127
35 -0.6394173341541969
36 -0.9783212125892815
37 0.5165554636213694
38 0.15142400652833365
39 -0.7661709570966482
40 0.831448732086759
41 0.5584449470593971
42 -0.42835510762560736
43 -0.21748537484504027
44 0.7096655755630394
45 -0.49439301143686265
46 0.6067983062919566
47 0.6227636479171639
48 0.6337646873549065
49 -0.748816958061884
50 0.42507445691827095
51 -0.5054278618867516
52 0.527401480787137
53 0.41204209027031324
54 0.49907164807691573
55 -0.7941891699934616
56 0.8603541984410004
57 -0.48408527087559516
58 0.374090050851009
59 0.5768219598745581
60 -0.9553517004103498
61 -0.8096528275895178
62 0.8435010393313556
63 0.6712165802895118
64 0.03298458628846168
65 -0.740877742514946
66 0.08782323772844691
67 0.4350585056098082
68 -0.37137519036955835
69 -0.3254771839037929
70 -0.9943062968627459
71 -0.14972754712203384
72 -0.3790028091772464
73 0.4518914398192495
74 -0.75325332448432
75 -0.43227480476453506
76 0.5039998715461824
77 0.8383214601302702
78 0.5274826469047476
79 -0.8245483875141977
80 0.8851633563682204
81 0.6290556321640117
82 0.9834014227336441
83 0.20350996921298714
84 -0.33852540475836235
85 0.8210293322053903
86 0.6556488409754881
87 0.324618092055007
88 -0.08472516322041934
89 -0.6281999333444557
90 -0.6440647124420054
91 0.8907291258234129
92 0.29941445968409863
93 -0.3569928303391914
94 0.14449944170870332
95 0.3986157193538624
96 0.4803561735103654
97 0.36653661279797123
98 0.22311709366718957
99 0.7655394240745828
100 0.46570013178664516
101 0.5560359102028252
102 -0.2381712289245821
103 -0.09927802559653154
104 -0.5285375870011597
105 0.43984350404611816
106 -0.9826300129892438
107 -0.19463062055856994
108 0.25599204630754957
109 0.07492624821775351
110 -0.17555394631390908
111 -0.35583101425715413
112 -0.5137655975330242
113 0.7243469048905333
114 0.9837402237433481
115 -0.10718867478149163
116 -0.9264944000118662
117 -0.08378667681712626
118 -0.8890580732453741
119 -0.9708840392019
120 -0.11344627882085034
121 0.007606929762982384
122 -0.26142981965064394
123 0.5192912841212822
124 -0.6634130416226742
125 -0.033502856002794346
126 -0.8266230172826949
127 0.6343336750476265
128 -0.6360077516368818
129 -0.4102029015802433
130 -0.3915497823614751
131 0.25210060507004184
132 0.2784803404646814
133 -0.27205416106483415
134 -0.9848030881195984
135 0.14645650103622865
136 0.5712069170681684
137 0.15129431594704434
138 -0.9194663711050417
139 -0.6052629137300072
140 -0.9730193620939391
141 0.3238341453944624
142 -0.7209644200541148
143 -0.729988338836747
144 -0.5249605272295808
145 0.9687103051497608
146 -0.8231688247911171
147 -0.6010971480273402
148 -0.31928521113811104
149 0.9606960118144285
150 0.8517167053820882
151 0.5826996648137974
152 -0.7306195739066699
153 -0.9939915072200582
154 -0.17057432411342965
155 0.45986761971845636
156 0.6943497331231352
157 0.9411815372226906
158 -0.9808057898350329
159 0.2206879212530961
160 0.324320273779267
161 -0.48351675822685913
162 -0.3614248250489267
163 0.5511243151820138
164 0.1291647366672446
165 0.5410229328060518
166 -0.8193507648639857
167 0.4070007731128047
168 0.7547289346271042
169 -0.7316662388777231
170 -0.009258078587350616
171 -0.6303092967153725
172 0.05053693438823781
173 0.34292826921216557
174 -0.03463556373499088
0 19 0.7653511214343969
0 28 -0.14969767154592128
0 41 0.3596065701199578
0 44 -0.18832698193600006
0 46 -0.56563511930559
0 54 0.7846530090668544
0 56 -0.44000768013717195
0 69 -0.23920639049133818
0 73 -0.2650703013646005
0 75 0.12489999099770244
0 76 0.9200369256930696
0 79 -0.2729184183752129
0 87 -0.6538668196569937
0 95 -0.2787349188665822
0 100 -0.2679947398916487
0 103 0.4512455649075884
0 105 -0.10277500705059661
0 114 -0.7606310495235542
0 120 0.9930471501604252
0 142 0.42204846036663746
0 144 -0.298703144471979
0 156 -0.5483167141982339
0 159 0.20434445274141977
0 162 0.7490782665661406
0 169 -0.2762058167692083
0 171 -0.21596310171531452
1 24 -0.24283112199712953
1 27 -0.07714367574599046
1 32 0.27390555740126654
1 45 0.7043986910622428
1 55 0.8236662163977211
1 56 -0.055414058632614616
1 64 -0.9288003884107947
1 71 0.535096234731989
1 76 0.35447435722165177
1 94 -0.7566573516405333
1 110 -0.20874447404959184
1 113 0.5137630517742586
1 120 0.5999401788737246
1 127 -0.6731744835502151
1 148 0.030936425804777956
1 153 -0.40989112351940826
1 166 0.5670007953294558
1 174 0.2123825884283066
2 4 0.8482919457054534
2 5 0.22449483612365162
2 14 -0.0927423954995954
2 21 0.07373771962368103
2 52 -0.8054856578825864
2 56 -0.10572873256908544
2 63 -0.36839081087951153
2 75 -0.3291387020982499
2 80 -0.1435847828992476
2 82 0.8783180202725533
2 84 0.44895003229094055
2 85 -0.22281500702514778
2 88 0.7320850290054106
2 91 -0.6591325862597777
2 95 -0.053069437266811015
2 97 -0.7173868014118612
2 104 -0.8663598491085227
2 105 0.4876340287814076
2 107 0.8536083042621934
2 113 0.13272627128294312
2 115 0.2690803516586082
2 121 -0.9141558859556977
2 129 0.6888374301608229
2 135 0.5174768255324824
2 136 -0.21682485008566998
3 4 0.3771309162128378
3 6 -0.24696223631819625
3 7 -0.8234282590928679
3 8 0.42238982927689483
3 15 0.28228658950130003
3 17 0.6295635439662708
3 22 -0.5761232497703748
3 25 -0.09860139171696702
3 34 0.3299290963581929
3 35 -0.377650004544239
3 45 0.4452073152706273
3 48 -0.9832570011582169
3 50 -0.9500521994099578
3 54 0.5712440237923864
3 58 -0.39841290429321274
3 60 0.07584367395156177
3 62 -0.1508236655062305
3 74 -0.3045170884737245
3 76 -0.5105844922894509
3 93 -0.8189266102587804
3 99 -0.613125666582951
3 107 0.9577533988018407
3 110 0.20793649450191065
3 121 0.502825356468166
3 131 0.7954155329169235
3 132 -0.8532508028080805
3 135 0.7802938308267995
3 136 -0.13890671989284753
3 141 -0.12040465789810773
3 149 0.4979320673411398
3 153 0.056346404987226206
3 158 -0.9757773811540889
3 160 0.14782240366936938
3 161 0.5510966378519484
3 164 -0.9861896515681359
3 172 0.9924950854838426
4 12 -0.05709229367629298
4 18 0.8389607811875677
4 19 -0.7941733016631842
4 26 0.4215756910728423
4 29 -0.794162189308967
4 40 -0.9069144645826352
4 42 0.7919648905146364
4 43 0.015978382891517873
4 60 -0.013325779972782836
4 61 0.4810467552418105
4 79 0.8651866474228007
4 95 0.31738121877996006
4 98 -0.42483055094567446
4 108 -0.435972118109601
4 128 -0.3282327009623127
4 134 -0.3693969364877674
4 136 0.9731835993410802
4 138 -0.013762215721872195
4 141 -0.23265029998310682
4 157 -0.0838909195705595
4 161 0.5999779971075327
4 166 0.5870228342327606
5 7 0.5917468361499367
5 11 0.34151053444472934
5 13 0.10936906158646997
5 16 -0.6918742610237298
5 24 0.9590864087031654
5 29 0.3621235889117753
5 38 -0.00320070886060031
5 54 0.367540628371704
5 75 0.19460912950359566
5 79 0.848424253992955
5 103 -0.7729045208322971
5 111 0.1834776980004118
5 126 0.8233365083948114
5 131 -0.37957583037177955
5 134 0.9657409770919747
5 138 0.409128461215031
5 143 0.03438904085221206
5 147 -0.28863758000510265
5 163 -0.052924931473228964
5 164 -0.2319897143260854
5 167 -0.2931481326185763
5 169 0.7707992539311037
6 7 0.6303761069638827
6 13 -0.7431749535989769
6 15 -0.39797972351178923
6 17 0.7021288982045295
6 26 0.937088996338397
6 27 -0.8881048880815714
6 30 -0.600420533805448
6 31 -0.7895346969101986
6 34 0.6528825554725604
6 44 -0.10790174342890113
6 45 0.4352075064308545
6 48 -0.1942447105755758
6 49 -0.09873990090243989
6 59 -0.6877857444628621
6 75 -0.02070745254648343
6 93 0.551797159812363
6 97 -0.8344365458966734
6 100 0.3177163412985884
6 109 -0.9511509410242054
6 119 0.650645065491896
6 122 0.02315410938014284
6 135 -0.9146532102260703
6 140 -0.42584253780761516
6 144 -0.5199544469421795
6 153 -0.21710489273395206
6 156 0.5158111737352382
6 169 -0.5644449292760343
6 172 -0.6024221975475357
7 9 -0.2543962756070113
7 16 0.45340429900275825
7 28 -0.3572490747746351
7 31 0.2814564776664239
7 39 0.27231175964367327
7 52 -0.09122869789529764
7 64 -0.3835760716458323
7 65 -0.8283292633314332
7 68 -0.13962426083077384
7 78 -0.8757894849346333
7 82 0.3236078373199964
7 84 0.37348954261047584
7 88 -0.3745266441837525
7 89 -0.6469996252298194
7 93 0.7694862602908192
7 98 0.37271435942099784
7 99 -0.015624262504002395
7 101 0.5094889532199467
7 108 0.08068302894407342
7 113 -0.6416865290273293
7 132 0.13438419859287376
7 142 0.32111570350606566
7 149 -0.878474435786365
7 161 -0.8345806602618546
7 173 0.0180369486144778
8 11 -0.5041899229220348
8 18 -0.5286066545963872
8 23 0.22602374499181987
8 27 0.30034907278937095
8 30 0.9328413079666744
8 34 -0.1459410653612503
8 39 0.6761388410203459
8 43 0.12890287223129193
8 47 0.9356335503130984
8 48 0.09947230613989322
8 50 0.4348662609579146
8 52 -0.7636421498709527
8 79 0.792259816710549
8 80 -0.03649940451329692
8 93 0.1209306169624107
8 113 0.5297509692532452
8 117 -0.677521738766131
8 125 -0.0807996107334199
8 137 0.9034165730384123
8 151 -0.4498986534142184
8 152 0.5520178162247025
8 154 0.2171456628239241
8 155 0.08328932636675512
8 158 0.7332122546286792
8 161 -0.43014402148394204
8 164 0.6062110820730084
8 171 -0.4872770217625213
8 172 0.08256167326043551
9 10 -0.9172068819366439
9 14 -0.9853687175581471
9 15 0.47595389219330064
9 16 0.803673862434571
9 18 0.09199076952671592
9 19 -0.020369965215196517
9 30 0.9954843902568986
9 31 0.7290173056619094
9 42 -0.7150174897305581
9 43 0.9629493277794599
9 52 0.7846128711235285
9 55 0.49001938090243136
9 67 0.19374814762110848
9 73 -0.7605925016096509
9 75 0.8820126305246829
9 76 0.5276986583483978
9 88 -0.534169498776017
9 91 0.6506628733639443
9 92 -0.541769961358151
9 101 -0.34979369537515503
9 111 -0.8636130930882204
9 121 0.6306153400154562
9 123 -0.44963710849259364
9 126 -0.29643235192599526
9 129 0.06766189875938489
9 131 -0.819394444288738
9 135 0.20027434420679557
9 147 -0.5962403230353193
9 170 0.5834247741197349
10 12 0.4763948338158488
10 19 -0.20676121025273475
10 25 0.5972164319697169
10 26 0.5750696720420583
10 32 0.2772835180110469
10 45 0.8925263107466481
10 53 -0.8797481051152749
10 78 0.5558370371079637
10 79 0.7400503044647324
10 114 0.5293725469351662
10 120 -0.27178920330715184
10 123 0.7347060977145865
10 127 0.8875299645150059
10 129 0.4542845037970187
10 135 0.629904317127931
10 144 -0.1677051784102841
10 149 0.955379132593509
10 151 -0.6472146803317591
10 152 0.924799659496151
10 170 0.06113757339492687
11 19 0.7274157241361596
11 34 -0.28997616425641226
11 36 -0.5743857424377787
11 40 0.09325339078283301
11 42 0.2565998835092933
11 44 -0.938128646306603
11 48 -0.7723279242691448
11 58 0.4045433624100223
11 59 0.8440622777279589
11 62 -0.9897496208111427
11 67 0.5629198981012742
11 71 0.2303735462151364
11 76 -0.6742408041631596
11 98 -0.034060052880781955
11 99 -0.12983630606020813
11 101 -0.519841839963449
11 103 -0.7794237146555449
11 111 -0.29672929017200134
11 116 -0.34087771887669804
11 118 0.8404456141746892
11 119 0.7839203400761199
11 125 0.031526761588344776
11 131 0.4241856578255827
11 139 0.08681191260756194
11 158 -0.2979558516651546
11 162 -0.3644471515618539
11 166 -0.7938260129866255
12 19 -0.714387284131619
12 31 -0.4795643842999433
12 33 0.09223593644141981
12 42 -0.4066192012408001
12 44 -0.7228024887847959
12 51 -0.7157387298752198
12 57 0.17269750635028736
12 58 -0.14673932359445008
12 67 0.8320580975801282
12 76 -0.7995389013732037
12 85 -0.55025127354112
12 87 -0.3873785804626906
12 96 -0.41702267835804885
12 99 -0.1856593356023588
12 102 0.521837437012971
12 105 0.21508555641720095
12 106 -0.032562430137597076
12 111 0.5291740051963703
12 126 0.2663292077554198
12 127 0.9017422834257498
12 141 -0.9684508890170085
12 150 0.0171063359488004
12 161 -0.48744012273185033
13 24 -0.6557155838793922
13 28 0.020471745705355815
13 31 -0.28730876243668524
13 34 -0.3477648987891635
13 39 0.8937668338745104
13 56 -0.023513207540354575
13 63 0.7228960136813396
13 68 -0.49069639252920716
13 89 -0.9731325011797407
13 97 0.09932367108191853
13 122 -0.8839219665963658
13 143 -0.8407717602289826
13 153 0.4246343709307576
13 161 -0.8649677109038787
13 165 0.5270455986783864
13 167 0.365424478357093
13 171 -0.4774004565566172
13 174 0.21553821578263288
14 22 -0.6466738967883159
14 26 0.6773092002748555
14 27 0.6298161300113649
14 29 -0.43421333705218124
14 32 0.9262594569024643
14 38 -0.9369557986303751
14 39 0.4210578430992804
14 53 0.13020711226133996
14 60 0.3488242990219712
14 66 -0.41916232316721436
14 80 0.8996336897913775
14 93 0.11130496834559245
14 97 0.5632873757181849
14 105 0.6791413734806657
14 107 -0.7976575889830744
14 108 0.7694878117733932
14 126 -0.05291361512083648
14 132 -0.9315644614974874
14 142 0.8968231702910556
14 143 0.42144396469733736
14 145 0.8573023104433413
14 161 -0.4188417927040069
14 173 0.7689443510855212
15 38 -0.2477933328208035
15 43 0.39268473835623774
15 64 0.12088143964852005
15 65 0.44806957228210775
15 89 -0.589366494901649
15 94 0.18541142675239342
15 107 0.3816747473229427
15 113 0.5307717839411819
15 116 -0.009252071362667147
15 126 0.07454142702173772
15 135 0.44077866473828853
15 136 -0.8354928526371679
15 143 0.7555210187863171
15 147 -0.917361465606775
15 152 0.6135552639076096
15 154 -0.41129974163824845
15 158 -0.38899066978740704
15 159 0.8269467569902953
15 163 0.2672060206088782
15 169 -0.09810304766358224
15 172 0.45679716598014153
16 17 0.49699250820211827
16 21 0.2923810026824154
16 27 -0.049385896325320866
16 37 -0.8531641545033462
16 71 0.469803892531206
16 81 -0.10575844562218961
16 84 -0.06686859743450624
16 88 -0.5097459559230708
16 96 -0.2992989305537921
16 99 -0.5455552078853021
16 112 -0.6910141523804747
16 126 -0.9757194486231995
16 128 0.7767065740292567
16 130 0.5165554036372764
16 136 -0.9799407217511906
16 140 -0.9866855741875755
16 146 0.041719432997245454
16 160 -0.21435261578000242
16 162 0.47198566420699706
16 171 -0.42726407687026025
16 173 0.6434257318150431
17 19 -0.6563362572477909
17 54 -0.888574217751833
17 62 -0.3750044291908585
17 75 0.26551292889789746
17 80 -0.6247803892016905
17 81 0.6054195260795547
17 89 -0.2920093981492635
17 102 -0.0491822302851479
17 105 -0.14079270811542877
17 115 -0.3928660412456293
17 116 -0.959673654900228
17 120 -0.9518248373555633
17 124 0.08794413386223177
17 135 0.28312545244286014
17 138 0.2927655093213135
17 143 0.20137898378779995
17 150 -0.541635783723003
17 159 -0.7801934832596331
17 161 0.5780435787032605
17 162 -0.08255439445363777
17 164 -0.5120874598352707
17 165 -0.38300558517885963
17 173 -0.3987787538570047
18 20 -0.5462755983821066
18 23 -0.5600971273054889
18 30 -0.6010297595400231
18 43 0.6105334730329406
18 60 -0.7776294517766829
18 62 -0.5233352768089568
18 67 -0.2657560418850713
18 71 -0.10479306651707487
18 77 -0.9500372090811604
18 85 -0.23927461459103427
18 91 -0.039380153073245605
18 95 0.763682317944149
18 96 -0.9140198946223499
18 101 -0.43754510860351004
18 110 0.908530373809997
18 112 -0.3862830222170104
18 115 0.12852904846571378
18 117 0.22418318508082558
18 118 -0.7135139737612495
18 119 -0.18829381786400679
18 121 -0.6561242843899227
18 126 0.8720931613427167
18 132 0.0012409747958921358
18 133 0.938413147244366
18 136 -0.8532753259467254
18 153 0.7662763194637436
18 156 0.9805718597248219
19 25 -0.840988573774516
19 27 0.3213112343147497
19 36 -0.9661674812085779
19 40 -0.7871135598860877
19 41 0.4393697705085553
19 66 0.08647937415512219
19 74 -0.41929068120889745
19 102 -0.6756474263564305
19 107 0.6819900716450393
19 116 0.17490597319174084
19 119 -0.39422106183792094
19 124 0.09362386157726421
19 133 0.28041846250738267
19 144 -0.6867189189630747
19 148 -0.2592403281132831
19 149 0.47173846888396365
19 150 0.03874430836429288
19 153 -0.7437467546404446
19 154 0.8897462339108835
19 162 0.2508210248846605
19 163 0.09827791282840392
19 166 -0.8170750498259769
19 167 -0.2675504871794774
19 169 0.19195425458817894
19 174 -0.22710216761012236
20 21 0.4870528496981157
20 23 0.5279876068274894
20 31 -0.6455155939161477
20 38 0.30829298387361437
20 39 -0.7997827683312337
20 73 0.5385404459163419
20 80 -0.5406704608510307
20 84 0.8720292742339255
20 89 -0.6179551661229408
20 91 0.44607275010135194
20 97 -0.11762315018307867
20 100 -0.31991427270285233
20 114 0.5367167777773003
20 131 -0.28087589051055284
20 133 -0.8973089928206359
20 137 -0.41018162396751023
20 147 0.3703295092162975
20 148 -0.5682051111790536
20 155 0.47754749383733297
20 157 0.27719866687408246
20 170 -0.897358766868162
20 171 -0.8696477760806118
21 34 0.7717330909485389
21 35 0.8243697948810906
21 38 0.5338331090904271
21 44 0.23631967627407025
21 55 -0.401545495642329
21 63 -0.9000577551209754
21 66 -0.5401877477413211
21 68 0.7181922724072916
21 77 -0.9348553176261758
21 82 0.9990305224392437
21 84 -0.6410623072400581
21 86 -0.7107857634953689
21 95 0.18412099851117492
21 99 0.9093102344649537
21 109 -0.14410325091611353
21 126 0.45339035822946805
21 128 -0.451401860677221
21 131 0.8906418462222256
21 144 -0.8502969242192677
21 145 -0.8582201129551066
21 146 0.6418090436519881
22 27 -0.7993710659897804
22 33 0.9483495466154674
22 34 -0.13342061485932044
22 52 0.1401192854001556
22 57 -0.5354629879362474
22 58 0.6094454717365656
22 60 0.16859012457220168
22 61 0.727828444097975
22 83 -0.033500821065635344
22 87 -0.2075219694862953
22 90 0.9273190292162585
22 98 -0.8608384884565898
22 101 0.5140352208668046
22 108 -0.9845485692743114
22 118 0.20686544511076432
22 120 0.38218367836090694
22 138 -0.5046520914168051
22 142 0.656588140046457
22 148 0.446906757577646
22 151 -0.8819202510493962
22 154 0.030065529709240035
22 162 -0.884846517685697
23 31 0.8287873705125444
23 34 0.5863600320434987
23 35 -0.16196130016449173
23 36 0.20495205725512666
23 39 -0.912513355147871
23 42 0.9084579119479632
23 46 0.8476450760853287
23 56 0.47575567286819975
23 57 -0.951511698480539
23 62 0.887428230865327
23 79 0.8609395907977833
23 82 -0.9616484648710288
23 88 -0.08223490168589587
23 109 -0.24140954324837738
23 119 0.527715976456044
23 134 0.7500752551411993
23 139 -0.2908352017664524
23 142 -0.6278760133673573
23 149 -0.8707008199464861
23 156 0.8543229125781804
23 172 0.009803504374338523
24 30 -0.6916028694649676
24 33 -0.5899154199274563
24 43 -0.1506517431390182
24 44 -0.37294313098747933
24 51 0.5457570668450293
24 53 -0.2667909927141954
24 55 -0.2040604775331578
24 59 -0.8845051739716145
24 65 -0.3009961196187514
24 76 0.8446105686210323
24 79 -0.7698146508798842
24 87 0.4396202839353345
24 88 0.8388371289247749
24 90 -0.44839513143119003
24 95 0.9205480952103913
24 107 0.06564324234816499
24 108 0.17777794392502821
24 128 -0.3601261430413889
24 132 0.7636965102032129
24 137 0.8255819074313149
24 139 0.8629484716701259
24 142 0.5009201170135993
24 149 0.7150921717411132
24 150 -0.339175984591944
24 153 -0.05942138882561787
25 30 0.16864007216745303
25 32 -0.6632667730727393
25 35 0.7726288921218178
25 40 -0.9436699264437387
25 44 0.571468445940815
25 54 0.07317742824851248
25 70 0.02686580029040808
25 72 -0.258041681420047
25 73 0.7387409567933965
25 89 0.956947124555932
25 96 0.035208269977351936
25 102 0.34108755599843454
25 112 -0.7393386677457414
25 123 -0.5479052794503341
25 138 0.40996345464494155
25 142 0.9430370880912566
25 151 -0.9973771906065614
25 154 -0.06714299838542148
25 163 -0.38770665191499765
25 164 0.6381741483059138
26 29 -0.8834667485998964
26 32 0.564343789070022
26 46 -0.4688467785395414
26 48 -0.22889182959803378
26 53 -0.9168885864630305
26 55 -0.9656759287105021
26 56 -0.07519739837308714
26 69 0.8157236676764963
26 75 0.7395698471311769
26 81 -0.703640423623908
26 83 -0.1052042017637751
26 97 0.9016964792000501
26 101 0.4280448382507127
26 105 0.06238108596968828
26 108 -0.09942761774510545
26 116 -0.1146618686029941
26 122 -0.8753063747366163
26 123 0.7753557064533725
26 126 -0.5441842958956808
26 129 -0.9249753981469864
26 130 -0.4490304207126896
26 131 0.8430814693197763
26 134 -0.524120131011772
26 153 -0.32829948626855243
26 155 -0.42436702204968957
26 158 -0.13197596416876345
26 162 -0.8349113409290361
26 173 0.9998623891176779
27 28 0.8914681934002753
27 36 -0.9926345880339589
27 41 -0.7441421139281765
27 50 -0.22681930123120497
27 54 -0.4722935384989675
27 59 -0.7542956891367405
27 64 -0.8385609399441474
27 66 -0.897190667767257
27 87 -0.2129792808206845
27 113 -0.615497964663809
27 114 0.05333423305467222
27 150 -0.6411052032723126
27 153 -0.1499268915206864
27 157 0.08547899481760024
27 167 0.3158378279860572
27 171 0.8511597451903816
27 173 -0.31441320424519015
28 30 -0.3907627358588748
28 32 -0.10110277007669377
28 36 0.6269923794092023
28 37 0.36742070401778837
28 52 0.6181980487129057
28 101 0.2750110136579398
28 115 -0.07545658579809666
28 121 -0.023651981740727246
28 126 0.9584749328167035
28 129 -0.6557106208935863
28 130 -0.6121039502456607
28 131 -0.4381904552048621
28 142 -0.36144446153090604
28 149 -0.9327392721515466
28 153 -0.04792964016742873
28 155 0.5830341099801255
28 156 -0.3234268924585326
28 163 0.4637281435987817
29 36 -0.2466677842637388
29 39 0.4313679608383194
29 41 0.2212278473256415
29 45 0.419265027885974
29 56 -0.49548461379471376
29 60 0.4798108422747853
29 64 -0.3460148455620935
29 69 -0.23185582469191623
29 82 -0.9030425048278405
29 88 0.9991643172401035
29 90 -0.1793659379550483
29 121 0.2675202953619831
29 139 -0.02850463565198469
29 140 0.8667344674281028
29 161 0.7873592003028018
29 167 -0.5237256464473887
30 34 0.018223451747622965
30 45 -0.2959348135885296
30 54 -0.20225010661003862
30 55 0.6408189497849348
30 58 -0.3450389997010537
30 60 0.9294018731659204
30 61 -0.5150584878966145
30 78 -0.26765182453364056
30 89 -0.7747167615971171
30 90 -0.9618162289730992
30 99 0.5484432635945076
30 106 -0.769053542961829
30 113 0.5773750766068522
30 118 0.9833071810688507
30 120 -0.1197673676306461
30 121 -0.5426945571051411
30 124 0.36473928128928823
30 128 0.9526387824018632
30 141 -0.40520802600766204
30 151 -0.24935822923656503
30 156 0.6097441019127754
30 165 -0.3978737388373732
30 172 0.30274571250038584
30 173 0.816661331022432
31 43 -0.09965884369560363
31 47 0.951639531176812
31 48 -0.27764146363946596
31 52 0.7062021638057989
31 66 0.023558501534417742
31 75 0.22896724511204503
31 77 0.6446933464557363
31 95 -0.5183178092578136
31 99 -0.3088921114101062
31 101 0.7677666729671517
31 107 -0.48600358984943925
31 110 -0.16291019175567745
31 119 -0.7333310013114547
31 126 0.1557035583713453
31 131 -0.5855877122578099
31 136 -0.7193594410544613
31 140 0.80696032814604
31 143 0.12569291815807904
31 149 0.3492156578321568
31 150 0.845974741784477
31 173 -0.561269072768452
31 174 -0.48498834171365224
32 66 0.815034650580075
32 72 0.9419858668564813
32 81 -0.6782299937003327
32 83 0.8075098673625178
32 90 0.45209662158462893
32 91 0.05603196970122992
32 97 0.7750005830196167
32 98 -0.32769731706495087
32 100 -0.7261166292948571
32 106 0.041878307007269466
32 107 0.2597488274766002
32 115 -0.095079828176734
32 122 0.19962667633068154
32 133 -0.6863302864018468
32 136 -0.6261579915088891
32 141 0.8197094863320564
32 149 -0.450089524639383
32 154 -0.7628507103187525
32 163 0.7517153494236093
32 165 0.544259072994006
33 47 -0.9962061797994419
33 50 -0.5850454858344145
33 53 0.1379475775836161
33 56 0.13536661859353094
33 58 0.1739334419892682
33 69 -0.6015562302667654
33 70 -0.3365956386896529
33 76 0.6473945058908206
33 82 -0.9124086103197833
33 83 -0.934113621276667
33 86 -0.28699427504247854
33 89 0.8215033687243969
33 90 -0.5224871770154449
33 92 0.04027677850909428
33 102 -0.5861027619130434
33 106 -0.41536025042550206
33 113 -0.8737994266708267
33 117 0.6136460487643594
33 120 0.6607188797269679
33 127 0.09991505738492856
33 131 0.6414952526220592
33 137 -0.7912979892337897
33 143 0.886817436355287
33 153 -0.29907778659046813
33 160 -0.9175202957241346
33 165 0.02908068550061582
33 166 0.9873111752403096
33 169 -0.278131889963974
33 170 -0.09689000980383988
34 44 -0.4739355717995777
34 57 0.5687334751262623
34 60 0.8369493851965661
34 67 -0.8890057391460993
34 72 -0.5628951944472365
34 73 0.4160539846805871
34 74 0.7839741739171016
34 80 0.10121424222533659
34 95 -0.7756028022109547
34 96 0.32890510193856204
34 102 -0.8034407767642915
34 104 -0.6791548064735136
34 108 -0.8804798976388948
34 109 0.788037235055183
34 110 -0.12896913771579865
34 111 -0.15287721589526804
34 116 -0.879869226353108
34 123 -0.25014441534450715
34 132 0.888752070012802
34 149 0.21667136503027695
34 153 -0.6229395100173316
34 158 -0.12725893209789607
34 161 -0.6324903300329239
35 51 -0.6480962196950173
35 53 -0.34377041800165165
35 59 -0.8161003248331884
35 62 0.9254805314483161
35 65 0.08899595833013674
35 66 -0.6136144135668611
35 68 0.7938816910118782
35 71 0.6621203940473936
35 74 -0.9158270742006609
35 77 0.43488781636421514
35 80 -0.5259708268849499
35 90 -0.5296619386228196
35 94 -0.0018910773184419583
35 97 -0.9648066979386893
35 102 -0.08991856125485653
35 108 -0.5557273478611053
35 126 0.8659208776697438
35 129 -0.5413483631000668
35 154 0.05155658261679452
35 156 0.9781428137646468
35 163 -0.7281833233867743
35 164 0.170799143584917
35 169 -0.8637223936658822
35 171 0.05896346410682152
35 172 -0.3997670841185903
36 46 0.6533893216785585
36 51 0.07570577545094914
36 70 -0.45517699567400793
36 72 0.9781029583680771
36 74 -0.990159562217787
36 78 0.007637526200216849
36 81 0.7533404800619607
36 84 -0.3416931867168924
36 94 -0.16299425763199227
36 104 0.7867614925149526
36 113 -0.3112902896565972
36 117 0.7837790687967179
36 126 -0.1255833539372555
36 127 -0.44563625913109295
36 130 -0.44660641345849106
36 136 0.9642920869800933
36 164 -0.22460583499708608
36 165 -0.5184032559045189
37 58 0.15186657091790545
37 61 -0.8775939057325142
37 71 -0.3560169577809362
37 99 0.952315015393316
37 108 0.593413041358605
37 109 0.17430847689846884
37 120 -0.1485357444286881
37 123 0.2149040817864949
37 128 0.5287153859458831
37 129 0.2742307659003571
37 134 -0.17649013331908714
37 139 -0.35502335910494276
37 141 0.9037750159124069
37 143 -0.7112252161737245
37 146 0.8174509967443309
37 149 0.9220502171895073
37 150 0.5286727966118951
37 167 -0.7626741953413945
37 174 -0.721153411526883
38 49 0.48976853196160786
38 57 -0.16709142034167979
38 64 0.45180693818962325
38 71 -0.863608411885763
38 73 0.8245105672320798
38 79 -0.16638268336697393
38 81 0.012462513962100186
38 84 -0.6455075634222907
38 88 0.002106033274199781
38 91 0.24614134022308143
38 92 -0.812878986170749
38 93 0.31417168501812953
38 100 -0.9973499819042599
38 101 -0.6742146905788053
38 112 -0.7615735871038707
38 116 0.1567006098399515
38 121 -0.30030626626452617
38 124 -0.0022087784922650844
38 128 0.9115664420686909
38 129 -0.15357384741921964
38 130 0.33108510840384997
38 149 -0.8933332792880782
38 174 -0.4998166336742016
39 43 0.7037322144664488
39 46 0.631102207681264
39 56 -0.6844713389452441
39 65 -0.9640295708255322
39 80 -0.1407099535823888
39 95 -0.854493546732702
39 98 -0.5411987735745447
39 99 -0.304211313935316
39 102 0.5155170551607449
39 113 -0.2138917494394441
39 121 0.4337642700607862
39 125 -0.6321375955655726
39 127 -0.12490952514712905
39 128 0.8629037372064248
39 135 -0.9015063331318913
39 145 0.5211644857267643
39 151 -0.11009304558318989
39 153 0.049594970299597474
39 161 -0.43820983650884004
40 44 0.9009437942121816
40 49 0.5168865792778667
40 50 0.1593129493162979
40 53 0.22936694092007515
40 63 0.9138269669007764
40 72 0.6150579210994613
40 74 -0.5208513526116083
40 75 -0.8447719698861984
40 81 -0.09332115531073515
40 82 -0.8309832566898876
40 86 0.7979666799657703
40 107 0.9347233373640156
40 110 -0.4673714232957096
40 131 -0.21223318157417537
40 138 0.20059982053064163
40 146 0.34110819314900764
40 163 -0.5689815292314302
40 168 -0.5375761503643397
41 52 0.7696316058238015
41 54 0.24384135493884718
41 59 0.9334530499969518
41 76 0.9753809242522602
41 87 0.8002404366274614
41 88 -0.26571574107694684
41 90 0.6551101670602957
41 111 -0.5302937363286271
41 118 -0.06963090206880218
41 119 -0.6335584148433122
41 127 0.8527462363531597
41 130 0.4471418279659536
41 148 -0.653990410962195
41 150 -0.06866597007426689
41 151 -0.573883087609995
41 160 -0.9786761043277938
41 166 0.4632140966560394
42 43 0.9730031009587652
42 46 0.055491415765607455
42 50 0.9378273071976619
42 54 0.17746625143360872
42 56 -0.13930521234786752
42 64 0.024241833382288025
42 87 -0.0657633970470608
42 101 -0.3381775069902073
42 102 -0.15507994525343483
42 108 0.7141152316531223
42 113 0.5468599808339398
42 123 -0.2509855471716955
42 130 0.7480210080887173
42 132 0.6360859757375312
42 133 0.7812467487389863
42 144 0.5788098035269162
42 155 -0.9201029754144161
42 158 0.0009348027273496928
42 162 -0.21735276593036645
42 171 0.4425773370928101
43 60 0.06534354029403588
43 67 -0.5124118009363492
43 69 -0.886525878015324
43 70 0.4551470864147007
43 76 -0.9143440553762905
43 91 0.8763195204870105
43 94 -0.8072158832145224
43 100 -0.5771221889388489
43 103 -0.2513599676385805
43 122 -0.1921882755623252
43 138 0.8142735476132623
43 139 0.001318631050690966
43 141 0.06255000046269887
43 147 -0.3971242960635253
44 52 -0.14538020172030186
44 56 0.6510522152284692
44 57 0.5764446380853314
44 62 -0.6334087450907382
44 64 -0.2875558221075478
44 65 -0.5005721404499504
44 66 -0.448032026150776
44 68 -0.11868105001517493
44 70 -0.37923733842043794
44 77 -0.6313174608188452
44 79 0.38726887369558916
44 90 0.5984211037547842
44 92 -0.009499603013629843
44 97 0.2715127914303066
44 106 0.02203881812499553
44 110 0.4137571518776795
44 111 0.2852784553186547
44 120 -0.9516981910476676
44 137 -0.18548490364497772
44 140 0.9978778338003074
44 142 -0.06516206637329969
44 151 -0.436886222704282
44 165 -0.9802388768815844
44 169 0.9187519091159038
44 172 0.8015843717797002
44 173 -0.721908656813887
45 46 0.45921567496036175
45 47 0.13773729029941717
45 55 0.1355874327333333
45 58 -0.9337546045030081
45 60 -0.587121335374063
45 63 0.8755202380467431
45 65 -0.8942871608748115
45 74 0.5433399709361513
45 85 0.29607391379057924
45 90 -0.7566139190202301
45 100 0.7690833878222134
45 106 -0.6550045988645097
45 115 0.319572806949026
45 118 0.43360295780295033
45 121 0.3206444916428093
45 122 0.6800494291052634
45 146 0.9441062027176659
45 147 0.4059458514177514
45 162 -0.4964452330857849
45 164 -0.8722177520016476
45 166 -0.25795327061378903
45 170 0.09301997228027536
46 51 0.9709226218369786
46 53 0.7828463404794301
46 71 -0.9104440311006334
46 72 0.12274923081480615
46 83 -0.03314842601019885
46 85 0.6321271293183122
46 90 -0.5944483462512911
46 93 0.9337284947026347
46 95 0.1711649061038787
46 99 0.7823591341684968
46 108 -0.16182759859485785
46 109 -0.9978520007528695
46 110 0.6984853368277102
46 113 -0.5683802891205083
46 117 -0.34956290109926136
46 125 -0.9383508916761518
46 128 -0.8388761718344342
46 131 -0.5047891220665546
46 140 0.27140501029004005
46 141 0.11982750288071475
46 152 -0.41794482553290013
46 157 0.19797656578370448
46 158 0.6684892257448454
46 161 -0.9280733044863669
46 164 0.36592676776871413
46 167 -0.5268647071689563
46 168 -0.8145729157327684
47 72 0.2590995485950589
47 91 -0.7342566851849017
47 100 -0.24687524356152468
47 106 -0.2858229297473718
47 116 -0.8766980166315206
47 117 0.21601640871510353
47 127 -0.03993786116562159
47 128 -0.4517024041814588
47 130 0.8604345915194305
47 132 -0.1367535597719416
47 136 -0.40937678599645055
47 143 -0.5810872604040822
47 145 0.5897538915425382
47 154 0.5257095080865002
47 156 -0.7222219757142851
47 166 -0.28961444591933705
48 55 0.5332989099362238
48 72 0.6878981977770904
48 77 0.7063095159734207
48 82 0.9800797799276322
48 84 0.947144480298046
48 85 0.8221080251006541
48 95 -0.07231498289339577
48 105 -0.9032811299407226
48 108 -0.19942816760196935
48 114 0.1085002473701222
48 118 0.7900703536916036
48 134 -0.7457071758090033
48 140 0.0020299024403414023
48 149 0.8758122260306738
48 152 -0.4645831740918809
48 158 -0.5093993938340629
48 163 0.8627431962343854
48 165 0.7580296927904702
49 58 -0.8689792017195483
49 69 -0.7321442446571418
49 72 0.25453796601464607
49 74 0.5077173636445504
49 81 0.7330702571779946
49 83 0.1655922941483272
49 86 0.8905380095959115
49 90 0.6295200122831737
49 91 0.022802558796437555
49 94 0.13237336956391887
49 103 0.07685665725406876
49 110 -0.2840200266326096
49 117 -0.48541551449417986
49 130 0.3655191846327781
49 132 0.5219152062178516
49 133 -0.5263572907876044
49 146 -0.9822189311298801
49 160 -0.8621538204501709
49 165 -0.23400817393450923
50 54 0.23529412978627406
50 58 -0.8050466224091533
50 61 -0.6464935775108125
50 62 -0.24807435604404016
50 64 -0.794976193232372
50 68 -0.1585605906964671
50 75 0.4793646397814533
50 83 0.13536760406697712
50 84 -0.1610212076929769
50 87 -0.35426824516932465
50 95 0.19087130367007177
50 106 -0.17545907952121587
50 107 0.17096604304955387
50 123 0.430142017231115
50 129 0.2285315995874233
50 130 -0.5082697478918514
50 132 -0.15637487161732166
50 136 0.8479019477099292
50 139 -0.5070580856345137
50 145 0.9809564064716922
50 156 -0.24621700232178
51 59 0.9665946155458436
51 67 -0.3588666281172932
51 81 -0.09482185992901448
51 84 0.7828611446147475
51 88 -0.9448879519297702
51 91 0.9625479352785473
51 100 0.38917454520781436
51 111 -0.8153385853085942
51 117 -0.22917528134154463
51 125 -0.4421272668791454
51 129 -0.3166645200242628
51 132 -0.4940456087494993
51 140 0.7886671492762822
51 141 0.8324459737305481
51 148 -0.7000853317994746
51 156 0.8427766434754036
51 157 0.197659240341856
51 158 -0.5973731376839628
51 162 0.008810865562104642
51 169 -0.3217438592953987
52 55 0.7684074775882308
52 56 -0.004561921029880622
52 62 -0.3443989665628584
52 65 -0.4356197306621892
52 85 0.25674832002573345
52 86 0.8691638279161493
52 93 0.18860748407957417
52 95 -0.6364240850690315
52 102 0.6141635533787222
52 104 0.299446952424137
52 108 0.7009381171721691
52 113 0.8784092742107621
52 133 -0.03607689091028021
52 140 -0.23986521257322324
52 146 -0.14656816933422134
52 149 -0.07213892870355476
52 153 0.8213388557825214
52 154 -0.6685059979736996
52 155 0.3243461891203261
52 156 -0.7664500128178029
52 158 -0.3902916581149096
52 172 -0.6424076551200724
53 56 -0.18076780261221992
53 63 -0.8678638452385099
53 75 0.3707111978711368
53 79 0.3551083927566492
53 83 -0.9798811950536634
53 89 -0.7472050240132448
53 90 -0.447011491579393
53 97 0.30539780279847717
53 99 0.6202418782352772
53 107 0.05715525735443383
53 108 0.23145080678188368
53 109 -0.34490236407189223
53 126 0.05275937806934583
53 131 -0.15990578531702093
53 138 0.879650966493509
53 141 0.481991162853145
53 143 0.9580290733241617
53 147 0.5183349534196295
53 149 -0.8139841412447715
53 152 0.07857122966417829
53 158 0.9621778752840455
53 162 0.8559064854126848
53 165 0.5719297198898883
53 169 0.8087421604068754
53 174 -0.8679904753927339
54 66 -0.8530123158765246
54 73 -0.5297602414894524
54 74 -0.6245170024184183
54 86 0.05263799444023909
54 89 0.2884857528364002
54 94 0.5525848180820945
54 95 -0.7496749784536845
54 103 0.8274799127139085
54 108 -0.2546749389985914
54 117 0.8413593605422567
54 123 -0.4512921723749188
54 137 -0.20649666312439408
54 139 0.8314672034007462
54 145 -0.7185501802416638
54 150 -0.32735983821513126
54 159 0.7637516142479617
55 56 0.2686818189419782
55 70 -0.6603280980078878
55 94 0.20479871580590037
55 95 -0.2178366415561992
55 105 -0.35178987875842016
55 111 0.3276087092352591
55 121 0.4832454183525243
55 127 -0.45324657627072673
55 132 0.34931267125809007
55 140 0.38495110006960465
55 142 0.2468562056588599
55 156 0.4085824802368654
55 167 -0.5599236435800412
55 172 -0.4281975922643255
56 60 -0.33427708437828807
56 65 0.4816327486113008
56 74 -0.7284487756557099
56 77 -0.10842072888404064
56 79 0.20821689110020203
56 96 0.019647171606216762
56 113 0.5224623176972694
56 125 -0.42831048102079183
56 130 0.6965321700737548
56 131 0.4129054382750861
56 133 0.802513597428856
56 136 0.3450071690711709
56 137 -0.5595611203176529
56 154 -0.6236988184429066
56 157 0.7728673077151773
56 167 -0.09550169437840395
56 170 0.8227953748727415
56 172 -0.19598869614360015
56 173 -0.8140110518585562
57 75 -0.4180195360138883
57 83 0.2614872759355975
57 89 -0.773872599179287
57 103 -0.056597742470842594
57 123 0.41516247312856636
57 124 -0.4602415448455901
57 133 -0.7309520184344325
57 139 -0.3170170712878806
57 146 0.18036855955363218
57 152 0.07883403049977944
57 155 -0.21819783715449592
57 157 -0.6160294648173972
57 166 0.449135003604777
58 61 0.2942571353455503
58 75 -0.6983915294068859
58 80 0.014488714133301439
58 82 -0.4271531188759825
58 94 0.8628280359590415
58 106 -0.8808444847770267
58 109 -0.8258540745296095
58 110 -0.8626424803042121
58 116 0.8271527562076002
58 122 0.7224166863156078
58 130 0.763520282575229
58 134 0.5202290741169793
58 143 0.8694288315148639
58 149 0.9543317475978734
58 150 -0.7278272620431032
58 165 0.16119485146566093
58 168 -0.6636024986841134
59 61 -0.9257343608115218
59 62 -0.10121116438527689
59 67 -0.30727246905705186
59 68 0.9271728370859147
59 69 0.25195846511658715
59 73 -0.36795785464370323
59 75 -0.8521148205753102
59 77 -0.8745675343746564
59 90 0.046256905759032074
59 93 0.25202305610030495
59 98 0.15117789783649527
59 100 0.1884781682578207
59 104 0.7329298373357895
59 115 -0.9412577171594463
59 117 0.24419162108575843
59 126 0.5632397703580252
59 131 0.4168075993936573
59 135 -0.6208977678724121
59 151 0.3243743266049768
59 152 -0.7683605173625607
59 154 -0.9675772054748233
59 155 -0.8068380200838492
59 156 -0.4159156838943161
59 171 0.6885393675065734
60 72 -0.33403909962030154
60 76 0.9061988883885448
60 84 0.21531871857861917
60 86 0.1172084240255109
60 91 -0.7840954487885661
60 106 -0.959613823654293
60 114 0.21316009380525247
60 121 -0.9008843143422598
60 136 0.8729879309081201
60 139 -0.93387730623458
60 142 0.5636443927478065
60 145 0.4051970653871726
60 156 -0.4340323403446129
60 158 0.05375675650515288
60 161 0.7806411021309376
60 172 -0.5820628530382963
61 62 -0.9921067394845346
61 64 -0.8792794389523784
61 65 -0.39047929678197124
61 80 -0.9149211226284444
61 88 0.349672708706142
61 89 -0.8266852360508257
61 95 0.22244950207087588
61 108 -0.3847488607799303
61 110 -0.5843779371949205
61 112 0.6179276234376727
61 129 -0.3517455025389504
61 148 0.5650468301833349
61 151 -0.37056955706166095
61 155 -0.11268147370208825
61 159 0.5338283017955436
61 161 0.8713713077288738
61 162 -0.8388688266508251
61 163 0.5655403178881608
61 165 -0.38284103835567374
62 68 0.11239471679539448
62 75 0.45685441057213305
62 83 0.7402941870701869
62 85 0.5744274776133507
62 87 0.6830249757667961
62 89 -0.6196011400562254
62 90 -0.6069444791023035
62 93 -0.8571532252230893
62 99 0.29174785508583745
62 110 0.5919054847724006
62 115 0.6442434154221359
62 117 0.612779330601128
62 122 -0.23244438928347422
62 126 0.675817913217005
62 130 0.03611102194811777
62 138 -0.36353521358383234
62 139 -0.07579490467238403
62 156 -0.42802237817584876
62 168 -0.4275459369231127
62 172 0.13537881260379847
63 72 -0.9110301517228843
63 74 -0.9950061108689627
63 88 -0.7544287122844415
63 97 0.14754327490372154
63 128 -0.6994419516792034
63 139 -0.6659240906844175
63 141 -0.3138501611196911
63 149 0.5899356380541616
63 151 0.6676636556271789
63 153 -0.3255490341468805
63 156 -0.08664255675548382
64 70 0.792355226336795
64 80 -0.6498307763958711
64 81 -0.48351979096802533
64 83 0.410796213416764
64 85 -0.236523431449011
64 86 0.9944377638820983
64 90 0.6468597762026103
64 98 0.8775915212452887
64 107 -0.48591752073038275
64 122 0.2641110559061297
64 131 -0.6699594114279568
64 160 0.5646696680837238
64 172 -0.6450685437225854
65 70 -0.32689823564116915
65 72 -0.20087642897253621
65 84 0.41303035511472297
65 86 0.6185707557080791
65 94 -0.3926211631859662
65 104 -0.9809025014348816
65 105 0.5618431896256755
65 106 0.7892586826270342
65 110 -0.9674371767547447
65 116 0.33686963967857775
65 124 -0.6942571157021056
65 134 -0.41278535837099817
65 135 -0.6164065697482923
65 152 -0.49807440675149417
65 159 -0.545717190319517
65 161 -0.5892519337676254
65 165 -0.8899581682590045
66 79 0.6899298478641793
66 80 0.440378017451186
66 82 -0.38625186297812353
66 84 0.24398904771831487
66 102 0.8447426960655531
66 110 -0.06403388395535425
66 111 -0.9276375247068671
66 119 -0.04894220260202009
66 121 0.951803045678683
66 123 -0.7614659163023831
66 126 0.4614358746684608
66 145 0.48212033528748877
66 146 0.4250766813403779
66 168 0.4700802096093921
67 71 0.9142132010715966
67 105 0.24341598304426948
67 107 -0.873893994225005
67 108 -0.7876558636112723
67 109 -0.29675374285032663
67 114 -0.4620636325411227
67 115 0.5926343028676759
67 121 -0.7753072477575795
67 122 -0.21240360798569768
67 124 0.030282989494440304
67 128 -0.7305205527723735
67 130 -0.2193380044540998
67 152 -0.6417153974432588
67 154 -0.34911503328173055
67 157 0.2503614702946171
67 164 0.3039346310665285
68 75 0.606161738443715
68 76 -0.3095469983326913
68 92 0.056409812645490165
68 100 -0.25588080083803466
68 123 -0.5181450559883358
68 139 0.6268516803156299
68 148 -0.5546268014952933
68 156 -0.46018818645550463
68 158 -0.5073434729032595
68 167 0.38400037215733573
68 171 -0.3524621912098702
69 70 0.6334345273489022
69 71 0.6643536911619397
69 76 0.2850998587206175
69 87 0.8088070181744549
69 93 -0.06449466561547812
69 103 0.07672497091385955
69 110 0.1562255221543951
69 117 -0.27054578285620723
69 121 0.6388861885643584
69 126 -0.8849282131638603
69 129 -0.4645137841985456
69 132 -0.17711362763344796
69 144 -0.856727378677216
69 149 -0.46462821017389344
69 160 0.46517406913940573
70 72 0.5612804830654254
70 76 -0.39210828956112254
70 96 -0.6106924211603748
70 99 0.623855891145668
70 101 -0.07062912186005876
70 102 -0.8174015314400327
70 110 0.40326641512050276
70 114 -0.6380020477807085
70 121 -0.045248053872577465
70 123 0.7211216704614456
70 125 -0.327229296439316
70 128 0.6624283021029478
70 142 0.4929155408211532
70 144 0.9394274253312518
70 152 -0.9607934539962482
70 159 -0.17136871978540547
70 162 0.9281291394265332
70 166 0.7908193700156703
70 169 0.9607041640858269
71 73 0.04663926785528272
71 78 -0.6352727048736049
71 81 -0.05570773317702837
71 90 -0.08252910777613809
71 97 -0.9537326247262967
71 103 0.04846268597978498
71 106 0.1528808079247923
71 116 -0.529822606352977
71 123 0.6063117971144749
71 130 -0.12529054636533266
71 133 0.17413398980632544
71 137 0.5771290326907716
71 141 -0.9398068041943839
71 147 0.7940267198698179
71 151 -0.04164737244878225
71 165 -0.8986695594730585
72 97 -0.9282716548652099
72 102 -0.044275397735765054
72 115 -0.9324651038768565
72 117 0.10323524678302953
72 121 -0.9812259333193782
72 127 -0.866397138083318
72 129 -0.9889664363636135
72 131 -0.11372962276845988
72 135 -0.18211261858516448
72 144 -0.8647943766191948
72 148 0.23095067589386775
72 154 -0.6673818973459806
72 157 -0.18902015072639
72 159 -0.5016822654390736
72 163 -0.45727644909050524
72 168 0.06170788089207879
73 77 -0.1438148982069778
73 85 0.05776856536199326
73 93 -0.7954261280986707
73 96 0.6265339172651643
73 101 -0.8499515157000106
73 102 0.45162387912190094
73 105 0.5949872871938959
73 108 0.8229103827296433
73 110 -0.7413794164541971
73 112 -0.4645993272731366
73 116 -0.5320583530939806
73 121 0.4086783111307446
73 126 -0.22709914803329645
73 127 0.26399762590646625
73 128 -0.49421026171545956
73 134 0.7727616633241638
73 138 -0.7876686208275954
73 147 0.5620432511848708
73 151 -0.6899818215197224
73 154 0.1835865091274782
73 157 -0.46731508037247593
74 77 -0.009370164411490967
74 83 0.9867989239339496
74 100 -0.1376728911737386
74 109 0.47815786047979847
74 110 0.2218929748398748
74 111 -0.21697855294954316
74 118 -0.9957435323734973
74 120 -0.6096783697423789
74 127 -0.782872771876447
74 133 -0.9190394218397602
74 136 0.6085368321124665
74 137 0.6452028136572991
74 152 -0.4219963025912372
74 157 -0.30333431756379303
74 160 0.09562544529714545
74 162 -0.621675654266477
74 173 0.137547810323563
75 77 -0.06254738577966945
75 82 -0.8685332582309913
75 88 0.07829660279120865
75 90 -0.6493446047691329
75 94 -0.5080225343971605
75 96 0.30825127106417827
75 97 0.01974493541632527
75 101 -0.886914097583692
75 103 -0.52065425490743
75 104 0.5676045864332926
75 105 -0.824913722703172
75 120 0.8326286478092257
75 127 0.12146175747346444
75 132 0.9231148837386929
75 161 0.1783305321706412
75 168 0.2411860834696089
75 169 -0.34565873129787117
75 174 -0.02045679740023587
76 83 -0.7870467771653837
76 87 -0.9219270828972179
76 91 -0.7573114250846309
76 92 -0.8746394575440029
76 93 0.5916765196039304
76 96 -0.15229692333293254
76 102 -0.304352964812425
76 115 0.4813713100009731
76 121 -0.8144349353306308
76 125 0.32110010684062207
76 131 0.6809875983542708
76 132 0.07532875964161367
76 145 -0.4539442218415828
76 159 0.3274025842123762
76 161 -0.9149207144939091
76 163 -0.14711209263208036
76 166 0.3261771120481045
77 79 0.896641064792308
77 80 -0.2075157975483437
77 84 -0.42957825713716313
77 85 0.4871806717075249
77 86 -0.7093592298436633
77 100 0.7481814253635954
77 108 -0.6111122129841435
77 111 0.12373933671292958
77 121 0.5351506848552008
77 123 0.36818967043182993
77 129 0.42890117272149597
77 145 0.1804234765813848
77 150 0.14280858880800307
77 158 -0.3206270787009009
77 164 -0.6536806582397787
78 81 0.2919850322069415
78 87 0.5066778636293523
78 89 0.13432325677173296
78 96 -0.5234989219031914
78 115 0.6972877915226166
78 119 -0.5294315353883918
78 124 -0.7219370294959802
78 132 0.7861257116112752
78 137 -0.8394091627082214
78 156 -0.47343649292753187
78 164 0.2414878437043575
79 92 0.41340175062944673
79 101 0.996493079199144
79 104 0.5447038241758442
79 106 -0.8432164997711655
79 107 0.4614795929993243
79 127 -0.8140499235340024
79 141 0.047109274016310154
80 81 -0.7861580887754229
80 85 0.5141289424647759
80 90 -0.14473281022548234
80 108 -0.46456391494335336
80 113 0.1979777284475639
80 114 0.4140831071290594
80 119 0.48722582958077987
80 122 -0.02771177410196035
80 130 0.7841664162143069
80 132 0.06032721684451303
80 139 0.787301722340169
80 141 0.9025654678778261
80 150 0.9687922377464682
80 152 -0.6081539898518906
80 153 0.09911661734045851
80 155 -0.09008254501321056
80 163 0.9823527489345756
81 84 -0.3296223059287857
81 91 -0.6881824208428402
81 92 -0.13351710431860409
81 99 -0.635014264356109
81 102 0.534700114296109
81 106 0.027894405020828295
81 112 0.7958197221678838
81 114 0.12655480984245115
81 117 0.24007088961062117
81 119 -0.16126630888678406
81 121 -0.2894235122997937
81 143 0.3643264945631699
81 148 -0.29054620315361523
81 153 -0.7771240958012553
81 157 0.4160833902257768
81 162 -0.12194038793554784
81 163 -0.9224446936331474
81 168 0.23650942867718294
82 85 0.11727763555157766
82 86 -0.3570890490695686
82 105 0.8973966258299451
82 108 -0.07830988072356271
82 113 0.5518480066548366
82 119 0.43388473755345425
82 120 -0.3564262949800927
82 131 0.6246825507523299
82 145 -0.5410949217932681
82 150 -0.44487905015722573
82 151 -0.800308196883331
82 155 0.386483317795038
82 165 0.615699978989471
82 167 -0.874625326877011
83 90 0.1989484943366977
83 91 -0.9465444477148734
83 100 -0.982160157831792
83 101 0.6448317976494413
83 103 -0.6518940659975248
83 108 -0.6199734869901401
83 114 -0.5567193254844238
83 115 0.8260425891991772
83 123 -0.6239004791029321
83 129 0.9550951945344703
83 131 0.6521936400360493
83 139 0.7726454805472045
83 147 0.7799108617168515
83 169 0.4340114815175582
84 89 -0.42437837840182047
84 94 0.34805737107327817
84 96 -0.2901563260993838
84 99 0.3213690983140898
84 100 0.1437487525357548
84 106 -0.0433098035079158
84 132 0.7109343651801205
84 133 0.5412373445445438
84 136 -0.04767301641693811
84 141 -0.05715707226037137
84 146 -0.7063290160988847
84 159 -0.14148166356995828
84 173 0.5496076784706101
85 99 -0.6983945991225102
85 106 -0.27841804200099474
85 112 -0.4435089899985394
85 115 0.029703034838162834
85 116 0.01896097570982591
85 122 0.2749436699425034
85 127 -0.8926667965033899
85 136 0.6407184563681283
85 150 0.7072833228457711
85 152 -0.3448585949079517
85 159 -0.5587830721014009
85 171 -0.826381243694575
85 172 0.19690632036464617
85 173 0.21122805853393278
86 88 0.31404059985366883
86 93 -0.12175823699217436
86 106 -0.32209697451321695
86 123 0.3233943661034606
86 132 -0.4634910877476399
86 158 0.7199962893335221
87 91 -0.29203763075679534
87 92 0.6596712918363075
87 97 0.5586534060269344
87 104 0.5097029630567362
87 112 -0.46636636182301494
87 115 0.3396199358352958
87 152 0.8788107601008766
87 168 0.12920042909193263
87 170 -0.10681358214405345
88 97 0.16467741971713035
88 100 0.1565486453886673
88 102 -0.25991086907619754
88 109 0.0063181994462042645
88 130 -0.5165604423210464
88 134 -0.34739538873577547
88 136 0.12854636796556607
88 138 0.9985371327715964
88 144 -0.4997029414695311
88 150 0.16640210235935338
88 156 0.8456671104053826
88 159 -0.22720952987991372
88 166 0.9218150272520651
88 170 0.26008349247450013
89 98 0.43724184182619563
89 101 -0.8646958243374117
89 111 0.19226649207505786
89 130 -0.5250877456525105
89 132 -0.2789550781490371
89 139 -0.27767979824297884
89 140 -0.09550497145155212
89 150 0.8778619346040291
89 153 0.9658015501949544
89 155 -0.15304452250856881
90 104 -0.1605399855608416
90 107 0.4386929725890063
90 112 0.15727599488019828
90 125 -0.6192864971150978
90 129 0.13891918283539817
90 132 0.24231949541646447
90 134 0.6907146936250443
90 144 0.5538165406655013
90 150 0.6883292342193654
90 153 -0.041525870740404924
90 159 0.3489276941041326
90 164 -0.43850257383596314
91 100 -0.5701530124546959
91 103 -0.6479974791173622
91 115 -0.5109692756708613
91 117 0.3159255744069205
91 118 0.23958618355168326
91 135 -0.2503774517867481
91 136 0.18461276620015976
91 140 0.6816894011564212
91 141 0.6417094968532
91 142 0.8390924067559189
91 144 0.4139247281832483
91 154 -0.47634657415688264
91 161 0.306267202205732
91 162 0.172098090500735
91 164 0.5065527505436116
92 108 -0.45893821074126273
92 114 0.12248546702821916
92 118 -0.9705283264014863
92 120 -0.8405021536124873
92 129 0.11042311842482899
92 135 0.514563843867168
92 138 0.5190025251890888
92 143 -0.44227242652091836
92 145 -0.11518507998196315
92 151 0.005104875694027289
92 157 0.9979627700735887
92 161 -0.08907248819200264
92 164 0.9206009160864805
92 170 -0.86209372824871
93 94 -0.5074763120754522
93 98 -0.248266406593308
93 100 -0.764084947968138
93 106 -0.9654906907528094
93 115 -0.12724021919328865
93 116 -0.6098768443786653
93 117 -0.9963990373850451
93 133 -0.698600892736966
93 142 -0.4894716504936374
93 148 0.6033972469689759
93 153 -0.9886536051878052
93 155 0.6699024507983022
93 173 0.21249927633754395
93 174 -0.5312803843931486
94 98 0.13735666283479664
94 102 0.8461485885333349
94 104 -0.10944202146782023
94 109 -0.5783214029439387
94 122 -0.08891017046135175
94 131 0.8017895424228323
94 133 0.9996112029036628
94 144 0.6851809163415823
94 148 -0.7952776712419316
94 158 0.7743634902561711
94 159 -0.10100786832078668
94 164 0.3115661602297306
94 174 0.6172850595277641
95 97 -0.7111212533003468
95 110 0.44730920419275133
95 132 -0.6503610059928842
95 135 0.13272885575917992
95 136 -0.2932734374335664
95 139 -0.40351599017689654
95 141 -0.2363021863476651
96 102 -0.14518471264127486
96 111 -0.3146069461593599
96 114 -0.9349042631939621
96 132 -0.4427795607088507
96 135 -0.19116258520052964
96 143 0.4900601280386354
96 153 -0.10549117993555113
96 156 -0.3236986087847411
96 166 0.7865257929295988
96 167 0.556548892798582
96 174 -0.14962158167739492
97 98 -0.49281421977985174
97 113 0.19872706011146324
97 121 -0.18592680138540674
97 122 0.7223381814368388
97 131 -0.3763208785571419
97 132 0.6344900041924575
97 137 0.7472198140388036
97 152 0.29715766625182893
97 162 0.08737630538935282
97 164 0.03566028544349131
97 167 -0.0736263903312615
97 170 -0.851984236577882
98 102 -0.1553842872626523
98 103 0.8918479728969204
98 105 -0.6770750040183131
98 110 0.08061859860350884
98 114 0.3797090635990916
98 128 0.43053151653657884
98 132 -0.04270765156998846
98 145 0.6882434318445267
98 148 -0.36221753993348327
98 150 0.6375344665439748
98 154 -0.5075869946468297
98 157 -0.23753077264246514
98 164 0.5573649115044617
99 110 -0.23349807470728612
99 111 0.5716443023799251
99 112 -0.4134948000075105
99 120 0.8222197113449197
99 129 -0.4150091571092758
99 130 -0.05115938507371354
99 131 -0.32381730146979004
99 138 -0.7755461424022387
99 142 -0.3711260480767491
99 143 0.5207397484044605
99 146 -0.4578144425415491
99 155 0.9222191649522584
99 164 0.967672327153908
99 167 0.9044894207944383
99 172 -0.5935860100028518
100 102 -0.10109698996755245
100 103 0.585458160938471
100 107 -0.9011480633376321
100 108 -0.8579367102792672
100 113 -0.43203616228968666
100 120 0.9657584352306028
100 122 0.5346286366863209
100 134 -0.8264155251210841
100 147 0.739166988573329
100 167 -0.13313217964794588
100 169 0.8131988057171498
100 171 -0.696155465993944
101 102 0.33434624129487855
101 107 -0.2815081133485773
101 108 0.13805693405969444
101 117 0.42063204937741383
101 121 -0.3495655355394758
101 127 0.656480487244413
101 133 0.23047244300312575
101 135 0.5085476507536091
101 142 -0.05144362116157852
101 147 0.25165810170888947
101 149 -0.03769920292490281
102 103 0.4726150653372898
102 104 -0.49320844896350247
102 106 0.7668327203107344
102 113 -0.41752297569134966
102 116 0.5295939191613259
102 126 -0.0214222882804449
102 133 -0.9166489390814652
102 144 -0.43040879841611845
102 153 0.7342611125600573
102 154 0.8430136053221855
102 156 -0.5993502995569431
102 158 -0.06813174325749927
102 161 -0.12012980503973125
103 107 0.6598683453188239
103 121 -0.705553162201572
103 131 -0.7893481844270724
103 136 -0.3679103123016325
103 143 0.8707054765739717
103 146 -0.5798447954423596
103 163 0.6772888350297193
103 165 -0.693317748114864
104 105 0.5643975008430766
104 107 -0.23317837728577073
104 108 0.969236898664408
104 123 -0.33660892997090763
104 134 -0.6796398629953619
104 138 -0.06525934902438357
104 142 -0.9938632342139839
104 153 0.5395975203013561
104 157 0.05182851868734595
104 164 -0.27176783671324745
104 172 0.7146549099337578
105 111 0.42309185667983185
105 120 -0.5360397599768119
105 137 0.2804650186193183
105 143 -0.43655102789765254
105 160 0.0237232471215858
105 169 -0.01278786329877768
106 114 -0.3605581247083822
106 115 -0.610284336398007
106 128 0.8271627323805835
106 130 0.3820523004427627
106 136 -0.1729245151441159
106 154 -0.6688682703358617
106 173 -0.6990269875168664
106 174 0.5126944995764109
107 108 0.04863953559514411
107 123 -0.1664151915560781
107 126 -0.5940757874498939
107 128 -0.5610601206159063
107 129 0.35549428685301865
107 133 0.525498396493604
107 143 -0.8621842879637547
107 144 -0.6937270952606902
107 162 -0.9984321946937356
107 163 0.8264497315231087
107 164 0.7383515130008012
107 165 -0.08237634905572278
107 166 -0.3776796673840388
107 167 0.08747495786895487
107 170 -0.8313627192031112
107 171 0.19484677612877555
108 117 0.700481332476403
108 129 -0.6294346061991565
108 130 0.5899010874781105
108 146 0.670408443080746
108 151 0.5097188591659803
108 162 -0.15140814431493
108 172 -0.175162936429047
109 120 -0.4167106425333864
109 122 0.9901857096373687
109 125 0.893963842480131
109 135 -0.49732905807749894
109 138 -0.36158599294482996
109 140 -0.7139763105809125
109 148 -0.12117349004139677
109 151 0.095591559675545
109 164 0.7683226685130655
110 123 0.8014246094136361
110 140 -0.9016200305840716
110 145 -0.09439624578799499
110 151 0.21267295326523272
110 161 -0.8163638586433921
111 117 0.7298652265256074
111 120 0.395659223840783
111 130 0.36189978995153416
111 133 0.7608181698908829
111 134 -0.0338921743831373
111 138 0.5457763259495512
111 144 -0.8160091831125027
111 146 0.5483274460131502
111 148 0.7367672943525794
111 156 -0.49696194919611414
111 157 0.4267905219613053
111 167 0.6446224429955574
111 168 -0.10958845781232207
111 172 -0.8242469346751491
112 119 -0.1462829938160619
112 124 -0.31935591630265825
112 134 0.07124968221411687
112 137 0.6056720510689224
112 140 0.569583253886417
112 143 0.07352382060156692
112 145 0.10899036262314943
112 156 0.3272183924739258
112 169 -0.6959326197635218
113 118 -0.19156606945330457
113 120 0.07304495520182086
113 132 -0.7862563106143732
113 142 0.6016383373189649
113 149 0.19647039937780608
113 150 0.6943092587832067
113 154 0.14432483715770594
113 157 0.5036683623013001
113 158 -0.50026380379887
113 165 0.20722358425579368
113 171 -0.32173938861680784
114 129 0.3451395121259151
114 131 0.29118092146399444
114 132 0.6993533245975905
114 140 0.005196666869538458
114 160 -0.2033140906345876
114 162 0.9407031589325792
114 164 -0.10749903049072107
114 172 0.6434111666561997
115 122 -0.4548365149913969
115 133 0.9861613467928803
115 137 -0.5904136655995675
115 138 -0.24855907847643421
115 139 0.6699083236096859
115 142 0.19429230167235456
115 158 0.8973392748745948
115 160 0.6949684316810545
115 163 0.3446799060686143
115 169 0.28046852390011257
116 128 -0.19730046577546445
116 131 -0.41233248963226954
116 145 0.6359535525039564
116 154 -0.49224600774428273
116 156 -0.5213115409106244
116 167 -0.15995348571572277
116 173 -0.10720178236548228
116 174 -0.6787665402766478
117 123 -0.27035680077254765
117 126 0.8609175434413614
117 135 -0.27891785954042514
117 138 -0.9265666251854168
117 140 -0.9626080418031855
117 153 -0.8406395089839405
117 161 0.5440388148159172
117 168 0.28387003847996106
117 171 -0.07944326162851989
118 121 0.5604218129064773
118 122 -0.672784862013226
118 134 -0.3709488385614921
118 137 0.2215740823556518
118 140 -0.031198086053711993
118 143 0.2840731232169449
118 144 -0.2378901805408884
118 148 -0.06845206525481506
118 150 0.5119380882025331
118 155 0.2533143272860292
118 158 0.6390377844647073
118 171 -0.3760615343485876
119 125 -0.5560027342349587
119 142 -0.6622943817946425
119 143 -0.8201917787063273
119 146 -0.41294651984000863
119 147 0.36929549753435365
119 156 0.7356055785023432
119 171 0.22424229110993976
120 123 -0.4872606502317385
120 131 0.9617574703034757
120 132 0.828880203211183
120 135 0.553023455024868
120 137 0.6371204921067015
120 144 -0.6549440474844321
120 151 0.5539539113652112
120 158 -0.9330946501217647
120 159 0.4692239566792751
121 124 0.40687328842185466
121 132 0.20517453564688037
121 142 -0.805364382875911
121 145 0.005960832626326296
121 146 0.1635188225328159
121 156 0.339340542674762
121 168 0.5435468261013252
121 169 0.9244729337036628
122 139 0.0909813095313674
122 149 0.8572342139339286
122 153 0.4238233726482574
122 163 0.5390757804471924
122 170 0.812040800511936
122 171 -0.4640924095504897
123 131 0.07710243681144524
123 132 0.3393295983586504
123 140 -0.3474896577316031
123 141 0.46752491308339805
123 148 -0.9647715048701486
123 153 0.61062062722905
124 125 -0.029024719974045654
124 128 0.8035099071573308
124 129 0.33125808397573175
124 133 0.051553598731017614
124 135 0.5012760991309262
124 145 -0.38790059007248234
124 146 0.3604462632545409
124 149 0.9753823684243332
124 163 -0.26400300701054236
124 170 -0.7492652156662665
124 171 0.8866125494268398
125 135 0.7564777076312956
125 145 0.07681127004141097
125 149 0.939413790900244
125 159 -0.3409921002520335
125 164 -0.3575024117906047
125 174 0.35036350903814717
126 129 -0.5032690974031839
126 132 0.24020289325949662
126 133 0.213194653270244
126 157 0.863637135340001
126 158 0.624893692967132
126 163 -0.13719910184883055
126 170 -0.9647855106128229
126 171 -0.7567620983364305
126 172 -0.4637833633867554
127 141 0.3778911289509699
127 162 -0.4552699668967892
127 163 -0.5941718241078164
127 167 -0.14194802300161924
127 169 -0.8567760343809965
128 134 -0.7899497092947829
128 135 0.44423627232513696
128 157 -0.013411209793135592
128 162 0.9123006936772617
128 164 -0.029126639361054973
128 170 -0.5256929933147347
128 173 -0.9168710430818934
129 133 -0.8848602459144714
129 150 -0.5181561753285873
129 160 -0.16588445831360632
129 170 0.223581066927528
129 172 0.4916842592968227
129 174 -0.48306262931453325
130 132 0.6360746338323378
130 142 -0.7184102900853493
130 147 0.8155960203898036
130 149 -0.5664281781898612
130 150 0.2226797520750956
130 166 -0.2790251724592392
130 173 -0.5455562101244571
131 134 -0.8812372626091631
131 142 -0.3092932526925285
131 154 0.8992559283849033
131 155 0.705400427136424
131 166 -0.8021549157556249
132 138 0.9718390396459089
132 150 0.5034388914132086
132 153 -0.49203894846736285
132 162 -0.5259200221670102
132 164 0.18254350188213375
132 169 0.7342680584107069
132 172 -0.4017351361804704
133 138 -0.9041759686021995
133 139 0.005819689137784856
133 156 0.2579239163399678
133 162 -0.736536276301555
133 167 0.3017808099846455
134 138 -0.045267057935032495
134 143 0.5369662712061385
134 144 0.20557285970673567
134 145 0.4696440102389554
134 163 -0.5081534715810989
134 168 0.11033803685875476
134 170 0.2760606812833728
135 137 -0.3150577310205369
135 144 -0.8347799191127769
135 165 -0.9264464459077351
135 168 -0.8741977462489869
135 171 0.16714594567007257
136 148 0.5734935591248378
136 156 0.7485572091595407
136 166 0.3045578671012299
137 138 0.8545527119762784
137 142 -0.7869398150788876
137 150 0.2527586683213998
137 161 -0.8925018985039253
137 171 -0.13365865308199565
138 139 0.7745141915668459
138 156 -0.9828631562958539
138 163 0.9566948735059333
138 171 0.12905287518508213
139 155 -0.4857953546883076
139 159 0.8849348432024693
139 168 0.5178541606749556
139 169 0.9180846022986531
140 141 -0.8857649466495636
140 143 -0.9589788071533394
140 146 -0.22175199557067216
140 149 0.7306238140328387
140 153 0.611868537022747
140 164 -0.5589796213501168
140 167 0.7727440149281863
140 169 0.5629332622845795
141 144 -0.2350254993896741
141 147 0.11239685770170205
141 169 -0.7126577770551719
141 172 -0.17072490860856426
142 146 0.7524002770736982
142 151 0.7913235763371869
142 170 -0.5043874007938178
143 149 0.5000715249865806
143 150 -0.3177428079736988
143 155 -0.8175612341931553
143 162 0.39235469627971953
144 147 0.45748382346065375
144 150 -0.9782635240010065
144 152 0.5909629399785195
144 165 0.18655359718509046
144 171 -0.3660932584611445
144 174 0.6679762723389968
145 156 0.4662832776768209
145 157 0.33590396403425116
145 166 -0.9389481485896143
145 172 -0.7943606509040098
145 174 -0.449496559161888
146 150 -0.6901146248839538
146 156 -0.8346229417253888
146 160 -0.3004077384681483
146 166 0.0064943113217776904
146 167 -0.8046387663997643
146 169 0.9872616563011662
146 173 -0.05429775012768134
147 152 0.28344783211963276
147 154 -0.05646820947753062
147 167 0.5422068732778142
147 171 -0.8984659538095545
148 150 -0.04891892661129593
148 168 0.30562337341614687
149 151 -0.18426317251430202
149 163 0.19285223924992945
149 164 -0.37294448130339886
150 163 -0.754551951389079
150 167 -0.15474190189305936
151 156 0.23848181317098294
151 159 -0.04699836814092295
151 167 0.18067043208867695
152 158 -0.32968804617830205
152 160 0.6700123053842992
152 164 -0.8641857600113221
154 158 -0.14091883737991684
154 159 -0.3123422268198861
154 166 -0.3494325767675137
154 171 0.33469679431688926
155 164 -0.8745253466714578
155 166 0.9992609775281178
155 167 -0.9911245239361139
155 171 0.3990643005218524
156 157 0.104239421845856
156 166 0.4081462002274774
156 169 -0.053577006708589
157 160 -0.49889695977525284
157 171 0.45820162784128393
157 174 0.9626896532583813
158 159 -0.0065792329924050375
158 170 0.13242707774538953
158 173 -0.5181552251218418
159 165 0.031845095325099715
159 167 -0.8225165769938139
159 174 -0.809364923603962
160 171 -0.8005679293183714
161 167 -0.712697134626997
161 174 -0.4759282566368459
162 166 -0.8275164156319088
162 173 -0.22117011716733348
164 172 0.8133228107651238
165 173 -0.5678251591857513
166 169 0.7336529830271385
166 171 -0.3319936863031574
168 170 0.21290875912536977
168 172 0.4969826596287079
171 172 -0.3140357418269286
