125 1191
0 -0.7921337713755425
1 0.6645384290027991
2 -0.8885197567085121
3 0.9435216324716844
4 -0.934958031105682
5 0.00741517067335784
6 -0.6959565855303027
7 -0.7341129389637466
8 -0.1052095995843545
9 0.5904244363179405
10 0.9681791902403647
11 -0.7584445440027321
12 0.4866267870558747
13 -0.761083093384304
14 0.8317578233710137
15 -0.6800483470134908
16 0.47971823085240684
17 -0.6979478233514269
18 -0.10109159921259203
19 -0.5063490066148091
20 -0.8489911188670645
21 -0.6604048636145674
22 0.5597083453443388
23 -0.43222354556883635
24 -0.16173746456416582
25 0.126576178139429
26 -0.2670402543568646
27 -0.5747214625287844
28 -0.22061985793081162
29 -0.47475747186959083
30 0.12248636479351505
31 -0.9567818410595086
32 -0.6779837705914469
33 -0.4343406357319428
34 -0.48848215429137043
35 -0.4058464342996202
36 0.156279785441084
37 0.41809510850358045
38 0.6259230034919241
39 0.65051428145443
40 -0.9518381992902751
41 0.44216159606248495
42 0.41127974634498865
43 0.8691911785334334
44 0.482930054575921
45 -0.27021369666958894
46 0.9852293786227235
47 0.7840747418998375
48 -0.5199779148063284
49 0.8053907707700114
50 -0.9327931325365344
51 -0.46469181885119126
52 -0.37562845345115203
53 -0.24123406063591424
54 -0.44964109516094775
55 -0.45488977099749817
56 -0.8428493927534408
57 -0.2884127916983219
58 -0.3746457398117453
59 0.12861012314118336
60 -0.6696417333009201
61 -0.17595600645204312
62 0.4412902278924471
63 -0.33167882504327006
64 -0.5416007874242206
65 0.9677808662791454
66 -0.2117150820302811
67 -0.419228567246112
68 0.37391505565065986
69 -0.4845356164909922
70 -0.8036678595085622
71 -0.7248127106250932
72 -0.4878679547708973
73 0.8009850971185419
74 0.5674014241550587
75 -0.5581488229864162
76 -0.24330457463632382
77 -0.11676566109031783
78 0.11599911744355418
79 0.8202144765989665
80 -0.8708018001398128
81 0.9654249073967338
82 0.008382816243481361
83 -0.19982347174474846
84 -0.4564525643315911
85 -0.22378887965963945
86 0.8579272076999613
87 -0.709834422472047
88 -0.23709949946651898
89 0.4137193452426764
90 -0.2194428929701957
91 -0.6018643508405637
92 0.6212439455947836
93 0.0948308846198771
94 -0.18121155043495718
95 0.6178352048217017
96 -0.9946923049371053
97 -0.47661928672438303
98 -0.11811867461436365
99 -0.06141232783096018
100 0.8621388547542086
101 0.9284972063416197
102 0.9522671120588964
103 0.6941997731541594
104 0.4739809474967047
105 -0.36704465023187915
106 0.7542197102767241
107 0.902004280615772
108 0.8948554722960258
109 0.54343129421048
110 -0.9048559908557932
111 -0.9575060743939738
112 0.19156184050475988
113 0.28561126061074615
114 -0.1973466871873013
115 0.456888610562207
116 0.34725782525387405
117 -0.4343525330707474
118 -0.993513304958966
119 -0.47081784490095346
120 0.3556629837942793
121 0.09131157202513207
122 0.33340047817342167
123 0.07224156714213925
124 -0.9105971058081135
0 2 -0.6951123719659338
0 5 0.5697760184971028
0 36 0.8228796677684078
0 49 0.08562611081455684
0 55 -0.8196779450846727
0 56 0.44871273459946326
0 60 -0.4772674856456782
0 62 -0.2120007021001058
0 85 -0.06046228268704801
0 86 0.41831802070077195
0 90 0.3727365888881935
0 91 0.29636338348374847
0 103 -0.15070499005819782
0 105 -0.4541285842700433
0 124 0.11170045726614064
1 7 -0.6269120181111747
1 15 0.7957187112476567
1 17 -0.6769535551840469
1 18 -0.7767039802658333
1 42 -0.4022430173674474
1 43 0.5036674343967877
1 45 -0.5648477495227426
1 53 0.6368809983473991
1 56 0.7504574750716986
1 57 -0.8166733060349458
1 70 -0.6708919612605171
1 77 -0.27242389894177865
1 89 -0.9097088331132182
1 92 0.4538064005761957
1 100 0.8686055543905484
1 114 -0.009293989410510628
1 120 0.5016471626292414
1 121 -0.967964608472736
2 3 -0.24600953292771455
2 15 0.426411477141045
2 17 0.5420020363567801
2 25 0.21234063438202666
2 26 -0.49791540675175217
2 28 0.2934516259106872
2 37 0.5696782847139632
2 39 -0.9672561054820676
2 54 -0.09838009112429891
2 60 -0.633268722346584
2 62 0.1891980419682615
2 72 -0.4746158911648415
2 73 0.8628917062763204
2 75 0.5154668018766813
2 80 -0.9568623820860089
2 83 0.5546210573172692
2 96 -0.3105226678330948
2 103 -0.13005154363670823
2 113 -0.8702705690011754
3 9 -0.07268927585176921
3 19 -0.9855992038103838
3 20 -0.9576449750297422
3 29 0.2621245270250854
3 33 -0.38200880964286954
3 34 -0.8530420089887034
3 38 0.11704424277512016
3 39 0.5252857192480858
3 63 0.11401669454024166
3 64 0.016174032454846943
3 65 -0.3768391416858772
3 66 0.10467069417970731
3 69 -0.7658048359770762
3 71 0.38445953877248895
3 78 -0.8313064200068392
3 79 -0.09847373343684285
3 82 -0.974451297907601
3 83 -0.9208420433959708
3 97 0.42738236158210263
3 101 0.23331601780724376
3 113 -0.26184207649238633
3 116 -0.8735366667340043
3 117 0.26268526678305326
3 118 -0.3251586115748426
4 6 -0.5832133709735412
4 8 -0.851872234731818
4 12 -0.3745849458052133
4 16 -0.08834593324802298
4 25 0.6764877818432153
4 27 0.8048834306401602
4 28 0.3042242858729136
4 35 -0.43966998593651296
4 40 0.6238140506784962
4 48 -0.5315610764374048
4 49 -0.9138807670404538
4 64 0.6120922155251238
4 66 0.019862243655879963
4 73 0.5403895122847995
4 82 0.5810755035053534
4 87 -0.3200736715193069
4 98 0.653039182606501
4 101 0.039327431363627374
4 110 0.3342664497400547
4 119 0.6375558407921418
4 122 -0.22597132560161204
4 123 -0.628232435425901
5 6 -0.8527656337777711
5 14 -0.9280235850844167
5 17 -0.994186950012272
5 26 0.08206336791093816
5 45 0.0009964540182592074
5 58 0.9594061270324552
5 62 0.22882766909507457
5 66 0.15715527352364922
5 68 0.47102122043670613
5 71 -0.9214278558670546
5 72 -0.9568474246865932
5 75 -0.738871954171826
5 76 0.4961092005962866
5 77 0.8735764232076151
5 80 0.3462632071417542
5 96 -0.14729695580484314
5 102 -0.39865691208308873
5 105 -0.867437431637897
5 108 0.9411326282911234
5 118 -0.8785271982141347
5 120 -0.4439233475098705
6 8 -0.42920815039803273
6 23 0.5764235536184872
6 25 0.9777255420660402
6 34 -0.5059374498625149
6 35 -0.39952395202896684
6 54 0.5234960990516291
6 58 -0.9050875879244258
6 65 0.8354326520779145
6 86 -0.5143022609061942
6 88 0.827959290815006
6 94 0.7370010716073347
6 96 -0.027758031779449466
6 99 -0.27930817846715095
6 106 0.1424394059821208
6 108 0.012918739451964312
6 111 0.515339738554061
6 124 0.3265165003241486
7 15 0.5023547746093315
7 19 0.8941905339716019
7 33 -0.7526525218341196
7 38 -0.5432093615334457
7 43 -0.030016901703003862
7 56 -0.6554177261781331
7 59 -0.3350404555691411
7 69 0.4989577902914868
7 75 0.5606243854694621
7 84 0.6287775344318776
7 85 -0.43431647619366087
7 87 -0.05344942185116963
7 92 -0.3395810460484965
7 94 -0.0582157636369125
7 95 -0.9477004705367837
7 101 0.5162977269369222
7 102 0.3374004557740766
7 106 0.36727865266271453
7 108 0.04143491867100213
7 111 0.34881370783718646
7 124 -0.6941688112685942
8 12 0.6022320885790251
8 14 0.8376083011267454
8 17 -0.5431020493024035
8 20 0.5504480697088783
8 22 -0.46676144304216205
8 26 -0.7448523096882627
8 38 0.1471094305758467
8 39 0.5459616618606709
8 40 -0.9920102473494616
8 61 0.26084982489404696
8 67 0.2232900889693512
8 70 -0.9236794947053979
8 80 -0.9924901721986923
8 81 0.4791744910207951
8 83 -0.8713575014716788
8 90 0.30968287655977167
8 97 -0.6543684616804166
8 98 0.9312410841162526
8 114 0.26065389085161184
8 117 -0.10836524408940118
9 11 -0.5299521522208266
9 13 -0.148433029928688
9 19 -0.21814209952108254
9 23 -0.07193412826195433
9 31 -0.5930233458938374
9 39 -0.9051146942764607
9 40 -0.6792496006417212
9 41 0.7563307171902838
9 43 0.8812174613933139
9 46 0.5650485538565759
9 49 0.04421341532769785
9 55 0.7822722022969844
9 68 0.7164102017257012
9 69 -0.1106958372594713
9 76 -0.521779533694958
9 81 0.2550946915676826
9 87 0.06697789469967108
9 92 0.34134172553458564
9 96 0.7860892138116755
9 99 0.7778939730647365
9 108 0.11647497722875721
9 111 -0.7308075254837965
10 13 -0.12410356998989802
10 15 0.3114968696522138
10 18 -0.27097959390248194
10 21 0.16560824818656017
10 26 -0.39709724597677054
10 63 -0.079220516579382
10 67 0.9117329230015936
10 70 -0.963605688716118
10 73 -0.5855737723910066
10 79 -0.11067659502320337
10 91 -0.6214522480625302
10 94 0.40219980419611323
10 104 0.3287856166819072
10 108 0.3399706938393918
10 111 0.6181340480262858
10 122 -0.2188270396101677
11 15 0.807403044689784
11 17 0.45397728924459235
11 19 0.47326097884963225
11 30 0.3471660073957026
11 31 -0.6739198812033689
11 33 -0.012122776756733566
11 46 0.5571089274243655
11 60 0.3236766405037781
11 82 0.7677184277950848
11 89 -0.86224972157499
11 94 -0.769082511371854
11 96 0.5765645883211519
11 106 0.2281526016929043
11 112 0.8122179646997603
11 113 -0.8363172920557369
11 115 0.17814327140024
11 119 0.019917350761265107
12 15 -0.8335998889423397
12 17 -0.036488455308814505
12 22 -0.014638004728287912
12 26 -0.5452414032559945
12 32 -0.3598812163880505
12 34 -0.14825698507197327
12 39 -0.5053843576125847
12 41 -0.34514807648209844
12 48 0.4632986627301241
12 51 0.6094991334530548
12 54 -0.367329489447874
12 67 0.4169279471849541
12 80 0.9121891436278335
12 83 0.9865430449775434
12 88 0.011133079547537061
12 96 -0.5610542743891
12 98 0.555117714519362
12 100 -0.3268185601010374
13 16 -0.35719406999240166
13 20 -0.5978418184640475
13 56 0.003490507232514428
13 58 0.17023867127094983
13 70 0.2873515637201831
13 71 0.7817213481590901
13 84 -0.7322309798687283
13 89 0.6114833646361042
13 92 0.3574943661784542
13 94 0.11732375140909479
13 96 -0.5809398435882547
13 98 -0.6675327564708977
13 99 0.9093029135258581
13 119 0.12580682750704053
13 122 -0.13503512469899182
14 18 0.39239659735826304
14 22 0.9503013935245768
14 25 0.058535701521960526
14 26 -0.6916337966953967
14 30 -0.03151955645359328
14 36 -0.08174106767779277
14 37 -0.2713145493984874
14 41 0.5483666244353422
14 48 -0.019958318151777954
14 75 -0.6236025623849453
14 76 -0.7891034363583485
14 112 0.8549095691155169
14 118 -0.29525448487277317
14 119 -0.6646409833184272
15 25 -0.47085081801609063
15 27 -0.3359754108688666
15 29 -0.39855917128953977
15 46 -0.22800825448077444
15 60 0.7915767199711508
15 73 0.2652704958791545
15 78 -0.5571950665408156
15 92 -0.3400534202368617
15 99 0.4268266836778565
15 108 -0.1196050795379
15 120 -0.3960938150078519
16 22 0.6657766126593918
16 24 0.5652264522974226
16 39 -0.4779300813096632
16 47 0.8252970963767694
16 53 -0.4941399849996291
16 68 -0.7953258225224911
16 79 0.9654217745259255
16 90 0.32783176337286557
16 101 0.7332028898090497
16 114 0.12263526712162776
16 115 0.9406767877636624
16 117 0.6554530011402993
16 119 0.9373872808405466
17 33 0.9914269195026464
17 38 -0.04258810797657797
17 43 0.12619520152291863
17 53 0.28394617940585065
17 59 0.006089265253298448
17 70 0.027980379631707075
17 74 0.5558291563230866
17 83 -0.5625733599502345
17 85 -0.21413571826891276
17 90 -0.7464659240088429
17 93 0.1713187509622025
17 98 0.7876365060776287
17 104 -0.39657979033462354
17 106 -0.5006868111829661
17 113 -0.17644487449261081
17 122 -0.9683781806701026
17 124 -0.16597641090521198
18 19 -0.8897262636657162
18 34 0.22904376656305825
18 42 0.757069521651945
18 43 0.88964247515337
18 46 0.6968221115815652
18 50 0.7522297395201845
18 51 0.8166155957767072
18 52 -0.32702329314824286
18 65 0.9630368642636451
18 68 0.7806114908688278
18 69 -0.9889786989286979
18 77 -0.4501953837937487
18 85 0.017588168500426216
18 87 0.7219397544402655
18 89 0.9196862738718181
18 91 -0.015066051188548979
18 96 -0.10191418166656097
18 99 0.18908984724848565
18 103 0.7699185100231938
18 108 0.46779359343699434
18 111 0.05992792497952659
18 117 -0.36353507148821285
19 32 -0.04739301531461759
19 37 0.7476359003912252
19 48 0.4676150968885746
19 52 0.3059029847666288
19 55 -0.8563756130161801
19 56 0.7516000631645368
19 60 -0.8392062793819648
19 73 0.38038315787872246
19 80 0.712066239924602
19 84 0.6401459115625439
19 90 0.16620670581648156
19 95 -0.7288526112918408
19 98 -0.1532693672110257
19 102 0.29751026348975707
19 105 0.18759598172797798
19 108 -0.33808472381955523
19 115 -0.5416071103622637
19 116 -0.3051833800250945
20 24 -0.5528042648967553
20 37 0.6788117314208837
20 38 -0.34979277218725935
20 44 -0.6249292039534255
20 45 0.5511258442951823
20 56 -0.5805278267701768
20 57 0.9398386720617293
20 59 0.06044249634343424
20 65 0.7921532549394945
20 73 0.9798732838728066
20 87 0.8154842780811975
20 90 0.3998166526975404
20 102 0.260198617652432
20 105 0.2550244450495047
20 118 -0.5940860215755839
20 123 -0.0523693586496059
20 124 0.5286379930894407
21 23 -0.3604609662924443
21 28 0.8480751266015856
21 31 0.7364476881955888
21 33 0.47484224709315725
21 48 0.7774108081372233
21 51 0.6917541927957458
21 52 0.04858564819708189
21 57 0.42811770043653863
21 59 -0.7457092477482532
21 64 0.21980590133572875
21 76 0.2396271423068097
21 84 0.33431491514083334
21 85 -0.5374418141036055
21 87 0.6778095256297338
21 97 -0.5903522531089862
21 123 -0.09299350793512673
22 39 0.03582950556232145
22 47 0.26920187645550575
22 52 0.6463314122214807
22 53 -0.2751853812151692
22 54 -0.9482289503967982
22 57 0.048497297295247765
22 63 -0.15663004292972804
22 78 -0.9109825335627646
22 90 -0.35630782993543075
22 115 0.6532413165538349
22 124 0.6366990048556858
23 39 -0.47679137555200723
23 53 -0.71101232502114
23 68 -0.6869625244694977
23 69 -0.715605430626254
23 70 -0.5935361817357379
23 77 -0.7724326681204337
23 81 0.35924793695001234
23 92 -0.6197941499499502
23 93 -0.7703074081729824
23 100 -0.8217997712295069
23 111 -0.008382753810325383
23 112 -0.08737373430978224
23 120 -0.061593284216767685
23 123 -0.10967125282613588
24 32 0.46613721735520963
24 38 0.5433507496865058
24 40 -0.773247611691513
24 50 0.902464895238652
24 57 0.5867999434096307
24 63 -0.8381278672222641
24 71 -0.3353344122768789
24 95 -0.7306350301537332
24 100 0.3535916514232633
24 114 -0.8355004627078184
24 116 -0.1664729890083938
24 124 -0.4818864250705146
25 34 0.4355339270863914
25 50 -0.32788829641034845
25 51 -0.28723036686788994
25 56 -0.6456871006544807
25 61 0.48189106338291343
25 63 0.5468408668825577
25 70 0.8687742014896966
25 86 -0.6525897744561395
25 87 0.12366168642637265
25 106 -0.37800529298990915
25 110 -0.038024586124318915
25 111 -0.5961245180482029
25 116 0.5476337199521728
25 120 -0.4313127301350421
25 121 -0.3202411267941154
25 124 -0.06638324154908704
26 30 -0.979769820831166
26 33 0.46976122143120724
26 37 0.3314690134128968
26 39 0.22314497557473523
26 41 0.6625298578705903
26 46 0.493657746289927
26 53 0.9019289827155146
26 63 0.1636330992539501
26 64 0.08499032346352586
26 68 -0.3079470504639312
26 72 -0.6402393768308998
26 78 0.32274668539058915
26 80 -0.5279729871760461
26 85 -0.3932230796968925
26 86 0.34199192478336293
26 88 0.08845916096323037
26 91 -0.18321801989220687
26 99 -0.44485389062291536
26 109 0.38274002181362055
26 113 0.16881771741844998
27 28 -0.6540596375152616
27 30 0.7575757002450985
27 38 0.6369226422042753
27 49 0.9370655071106804
27 53 0.18862085786945149
27 56 0.09042205632165556
27 64 0.17252598207607073
27 65 0.657997928568443
27 81 -0.990590742629043
27 84 0.6302445292678545
27 89 -0.6916221583771751
27 90 -0.16701807724950002
27 98 0.4038016367772628
27 107 -0.9955005692024348
27 122 -0.7221563708088108
28 29 -0.4448056597365484
28 32 0.9122007210629717
28 35 0.6604280404716936
28 36 0.7886060710557583
28 37 0.31928102474034104
28 38 -0.9596487466470436
28 45 -0.8356339202134033
28 47 -0.38185021990191825
28 48 -0.6432589583013644
28 50 -0.6975952633524345
28 71 0.03307330862650604
28 75 -0.7634298049469823
28 77 0.8223521115915426
28 91 -0.7642827559097556
28 93 0.35134467311129103
28 113 -0.6750957427983124
29 33 0.6902162333575514
29 36 0.9152290170898423
29 38 0.9396870666736441
29 42 0.18268312973316303
29 61 -0.2634344348845019
29 87 -0.4041634769599589
29 88 -0.07646782099367644
29 91 -0.12398955436242631
29 108 0.09571561756284463
29 121 -0.10732244629409893
29 123 -0.21636200432056607
30 36 -0.9180372904839385
30 40 -0.4996681306972002
30 53 0.18879037095093
30 54 0.3994910718940925
30 55 -0.816124920955235
30 57 0.013627594037382451
30 65 0.21685603625932082
30 68 -0.6144512269464386
30 72 0.3027870591536823
30 86 0.3432416127822635
30 91 -0.4283969164281607
30 99 0.2946544968894578
30 108 0.34039258873858436
30 112 -0.7410134000565001
31 37 -0.7310284236051143
31 48 -0.22314341272777427
31 61 -0.16822892556171776
31 63 0.9230510350489056
31 65 0.810590793568813
31 86 -0.020014486261790143
31 98 -0.8427328543784856
31 110 0.7343142035368984
31 112 0.18185088624117007
32 34 0.7962149496164688
32 38 0.769594750855437
32 41 -0.6794417272243725
32 43 0.2452645125199473
32 44 -0.8482927710793904
32 52 -0.0630575146497685
32 53 0.8844463737569461
32 54 -0.8255192007118732
32 77 0.47094193340916735
32 84 -0.6994854068194292
32 91 0.5027415135732958
32 92 -0.9171031145879947
32 95 -0.020032382627701573
32 98 -0.19619446159963716
32 108 0.1580446867996883
32 111 -0.9875382077777781
32 116 -0.26898292140688773
32 118 -0.7980781030475312
33 51 0.5129291184512614
33 71 -0.9540010348672068
33 74 0.39785905577616343
33 78 0.13014608201007904
33 92 -0.4681877591153585
33 99 -0.5577542136570615
33 112 -0.9931489626414203
33 121 -0.6344554598260648
33 122 0.16015054521361072
34 37 -0.660570653603056
34 44 0.29395319290832633
34 48 0.37392391914206047
34 49 0.7375464597842689
34 62 0.9978961396075816
34 63 0.14442912766232374
34 64 0.6931646864360472
34 65 -0.2915563300449353
34 72 0.17795424631910084
34 74 0.43020788151369604
34 75 0.3060333780617288
34 90 -0.16956721356060744
34 92 -0.04455347146082622
34 97 -0.10202994290498224
34 98 -0.6914597703378336
34 103 -0.5931901114291072
34 106 -0.5559289615018457
34 108 -0.20001483591408165
34 116 0.3318839293754945
34 123 0.26708480992850414
35 47 -0.19661817281564686
35 50 0.2014615133079698
35 54 0.11889184038552103
35 58 -0.6108932472027444
35 60 0.46677191881752633
35 66 -0.6020008760704965
35 75 0.23870841995517722
35 79 -0.5429768021247541
35 84 -0.954195563219949
35 88 0.6716173511012731
35 90 0.45075912722810507
35 92 0.13281300800809404
35 101 -0.6530122302393169
35 116 0.6057744698832528
36 62 -0.4427283112502498
36 65 0.9490851351042249
36 66 -0.39786498724224684
36 71 -0.7492945039469985
36 75 0.9306251618533734
36 86 0.21086032847106062
36 94 0.719976351759263
36 96 0.3051951538118569
36 108 0.4335520259327672
36 110 0.17035484757695207
36 115 0.12884558085765807
37 50 0.5980728445943053
37 68 0.8232305130402047
37 72 -0.5012841284374587
37 80 0.7554646454485974
37 83 -0.4352411267047238
37 85 0.6700666838354805
37 96 -0.9077509638981762
37 97 0.06687631535590022
37 101 -0.23881994481361746
37 118 -0.1337468991700117
37 124 -0.6779811762345809
38 56 0.816942842197576
38 61 0.7650821612579233
38 62 0.6438540439311
38 67 -0.5444446189210181
38 68 0.09430913085437531
38 78 0.2591945219366387
38 81 -0.9575621569716082
38 92 -0.5427303685013851
38 94 -0.5541010415957295
38 113 -0.019289167832722054
39 54 -0.15911325768949824
39 58 -0.8620031351956501
39 65 -0.6510626384654183
39 74 0.8910511633793019
39 77 -0.20080210842936852
39 81 0.8904246780264538
39 88 0.8474353557188841
39 91 0.44827216217869936
39 93 -0.5597328152992167
39 94 0.17144299214978242
39 99 0.7329418446368983
39 102 0.6104402546952687
39 103 -0.4242659621803302
40 53 -0.520754765684563
40 58 0.3879855292730041
40 60 -0.6031775120195775
40 63 0.6479391047700838
40 69 -0.010584045287094446
40 75 0.9194438373106997
40 80 0.7241779648460549
40 83 0.9249241718412331
40 85 -0.44019396986059234
40 92 0.3472205604921692
40 108 -0.4292554649407705
40 110 -0.13111370726125693
40 113 0.4189228714136979
40 114 0.6010480574005599
40 123 -0.35185323789301326
41 43 -0.7526995270439856
41 53 -0.09720202197950667
41 54 0.8189130010008874
41 57 0.517317431745236
41 58 0.3918064534063901
41 67 -0.23458904871915487
41 69 -0.6712319090455692
41 79 0.8176791948290847
41 83 -0.8170184338397679
41 85 0.18747329852859074
41 97 0.40172579995917146
41 113 -0.5657502267268251
41 117 -0.37927923252594065
42 44 -0.7028308216574386
42 47 0.9533614195949178
42 56 0.667437793251261
42 62 -0.1818913128837243
42 67 0.5075071569112304
42 69 0.41091103037590115
42 79 0.12388865949032568
42 82 -0.019821604390447778
42 88 0.5123404484156071
42 98 0.1777973042977521
42 100 0.5474863902447722
42 103 0.48726435919996924
42 108 -0.8009116431734138
42 110 -0.5677438409325535
43 45 0.9719004765833077
43 46 0.6184451687131793
43 53 -0.2524769941708369
43 55 -0.44693302322318673
43 66 -0.23373701817104786
43 70 0.04898928374818978
43 73 -0.7844224125069896
43 78 0.5758092927188112
43 80 0.2873205102171563
43 83 -0.2486226065782331
43 89 -0.8516973635102685
43 108 -0.08520229411780456
43 111 -0.1322251691645695
43 114 -0.8359348319682669
43 120 -0.1909987095799035
43 124 0.962046766168279
44 45 0.6404758942535091
44 54 -0.13536324752870987
44 58 -0.17889590087599916
44 66 0.8913111793084607
44 79 -0.22366233919521772
44 98 0.9843248875503778
44 100 0.3615580569101635
44 117 0.3614533222098455
44 122 -0.7910203027562885
45 52 -0.5760053812789221
45 63 0.8923028740414611
45 74 -0.32732595393821406
45 78 -0.3304952219055588
45 85 -0.6503856162814454
45 86 -0.7436375863691813
45 88 -0.4888490180777556
45 91 -0.323282994739023
45 92 -0.9112950124326289
45 100 -0.8166376139482312
45 109 -0.3110378411212613
45 123 0.2300918955798188
46 65 0.9898729988424404
46 69 -0.8993812030273174
46 81 -0.8964283603724814
46 83 -0.23014482484876408
46 85 -0.37041155334723164
46 96 -0.9007108316122026
46 97 0.9673747145507097
46 103 0.9040064444630194
46 107 -0.8760887312822778
46 108 0.8012977768345024
46 119 0.7730451877918492
46 122 0.6630999309263175
47 48 -0.3127304756103284
47 49 -0.6663340942599818
47 52 0.8644543492766967
47 57 -0.3242725070022403
47 59 0.31752895706862483
47 61 0.5196045461765599
47 63 0.3156231722165659
47 72 0.5444444454999999
47 76 0.2612511843264671
47 85 0.9781339025143849
47 89 -0.3275231022752658
47 93 0.3026686625027699
47 99 0.018097736684375754
47 101 0.33897128955485245
47 104 -0.9000315734094348
47 105 0.9149996412820212
47 110 -0.3172434996793687
47 111 -0.05766232289117457
47 118 0.8728642496654535
47 121 0.9144807329779447
48 50 -0.8148479542800715
48 52 -0.5554133831306982
48 56 -0.6562989221208086
48 79 0.4390231836005376
48 82 0.3807144833797136
48 86 -0.3357510324309414
48 91 0.04575707410123453
48 93 -0.7761042959019959
48 95 -0.13077763113648966
48 102 -0.7522953257988505
48 117 -0.9596225718019671
48 118 -0.4527889281920996
48 123 0.560728315954407
49 51 0.7658025136906834
49 52 0.5482762899375899
49 59 0.9738844540900138
49 61 0.044241000822250465
49 73 0.494577550750231
49 88 -0.17227581361297784
49 90 0.8179481170113367
49 92 -0.04196137374308884
49 96 -0.17892881535658312
49 103 0.23820100447089643
49 106 -0.07738829785960788
49 110 0.488068491684055
50 57 0.6600620714144989
50 70 -0.07572078665476023
50 75 0.1058360845753239
50 77 -0.9994555664346658
50 81 -0.9104562541754002
50 82 -0.679324842015063
50 90 -0.3023716800924212
50 95 -0.3314000088593527
50 104 0.42775996319717313
50 106 -0.07391962333666524
50 117 -0.8606521133228948
50 118 -0.8676363019213484
50 122 -0.35093740890613323
50 124 -0.8499530901865893
51 59 0.19836850206339807
51 62 0.4040622696496441
51 71 -0.23246328786169235
51 76 0.5335622389451318
51 77 -0.7148478240102845
51 79 -0.2642847681168534
51 97 -0.0738813628374928
51 100 -0.6073840836723712
51 106 -0.46603005203375436
51 109 0.44499656154377165
51 124 0.5779404918770237
52 55 -0.47603437220235034
52 61 0.803253573407293
52 73 -0.8420298393953485
52 75 -0.21815139865279498
52 87 0.9862211422606355
52 94 0.1845966043893288
52 97 0.1598777753014553
52 110 -0.8822822924176543
53 62 0.20043291463722746
53 66 0.2114742546983548
53 73 0.9956749114432013
53 78 -0.8419932864842621
53 83 -0.15126730727132087
53 93 -0.3635023367911827
53 113 -0.534481539969418
53 123 0.8760697990823434
53 124 -0.26086665868999903
54 69 -0.930364633084146
54 81 -0.8671887863163528
54 86 0.5503541030736441
54 87 0.6666048948548704
54 97 0.23421221546922877
54 101 -0.07497347637809892
54 103 -0.898756834650305
54 108 0.9691718996860434
55 57 0.16924096547688938
55 66 -0.34383578510094415
55 67 -0.709966425973114
55 74 0.8246134096780018
55 79 -0.8228914798991636
55 94 0.1920969654320852
55 102 -0.7603890576924426
55 105 -0.3778237684107788
55 114 -0.9800019808137199
55 115 -0.09789409722203368
56 58 0.21492181555368473
56 67 0.9832876729521751
56 72 0.7913480352258815
56 74 0.05919062686154697
56 75 0.3872289374311686
56 77 0.5166252560052673
56 78 -0.5846473830237411
56 80 0.9768811639935551
56 82 0.30122762988908236
56 84 0.40657616514396366
56 85 -0.5795130805004338
56 90 -0.8993912571069287
56 101 -0.5843658754896757
56 117 -0.32477713300701505
56 120 0.8573411311685297
57 66 0.3750050540872374
57 67 0.9979108448826681
57 71 -0.8052159773029519
57 77 0.15358509587873415
57 80 0.6442198348766213
57 81 -0.8460110838826027
57 92 -0.4853777326571107
57 116 -0.3200514047657117
58 63 -0.08323101379845821
58 68 0.9401689737440297
58 69 0.902374762066463
58 96 0.3736832926714029
58 97 0.6341889134619849
58 101 -0.45313533759332514
58 103 -0.40104753526999626
58 108 -0.24864251357090583
59 60 0.6493691978514149
59 62 0.03147972341640792
59 67 -0.9966433432540165
59 70 -0.43456198737066787
59 77 -0.14985973049566614
59 80 -0.7947043910089027
59 90 0.3111949061682655
59 92 -0.8277542370421946
59 109 -0.055693869213241376
59 117 -0.8322254565262306
59 120 -0.9724229003436939
60 82 0.8070789382717012
60 90 -0.6216842073212261
60 95 -0.3795277724120698
60 107 -0.1696735027964702
60 109 0.9134451934641235
60 112 -0.35111639256188343
60 114 0.939591199362348
60 116 -0.24936786664726762
60 117 0.6603866808755108
60 119 -0.0746728962965133
60 121 -0.1357258815618767
61 64 0.26934848376162424
61 72 0.6419164562494988
61 75 -0.691584695188554
61 78 0.15730595682383464
61 80 -0.41214486615965495
61 90 0.388563357823269
61 91 -0.442423981084211
61 98 -0.1334487473115804
61 102 0.7375982344991809
61 113 -0.7488438688506813
62 65 0.24717646041069496
62 68 0.05636943049658294
62 73 0.8759529620781226
62 81 0.5963989915276979
62 87 0.1662282207016026
62 93 0.9970401709517991
62 100 0.3912393225438895
62 101 0.2160518351283811
62 103 -0.11293232089393412
62 104 0.11591987249121383
62 110 -0.24614717593878455
62 120 0.6220283309491226
63 65 -0.6592717824176932
63 72 0.34243242956113096
63 88 0.1377528677823343
63 106 0.2850127404196863
63 119 -0.8711682235176761
63 123 -0.5772100822780086
64 65 0.9941368373799238
64 74 -0.38163703455689
64 79 -0.1967835200632615
64 87 -0.9950850505605651
64 92 -0.29393466858771755
64 94 0.255898834150011
64 96 0.7614216593297485
64 104 0.4746947657264462
64 106 -0.8584702640524366
64 113 0.1679977912801307
64 114 -0.2638087562375069
64 116 0.6303623348123328
64 118 -0.8413033594928798
64 121 -0.7507254728729638
64 123 0.597511429702348
65 72 0.7113744648905964
65 75 0.8403970105490179
65 77 -0.010225189228596054
65 101 -0.0035945669318719897
65 104 0.008872767962642136
65 114 0.9991937142707985
66 74 -0.05261802972008378
66 75 0.1814308029167988
66 81 -0.7300229824386779
66 95 0.7579957810570623
66 96 -0.4991409524256656
66 99 -0.6638913130099742
66 105 -0.0007545280092946527
66 107 0.09093794094262786
67 68 -0.9880075842400835
67 71 -0.42346168157806363
67 77 0.32452198300472324
67 82 0.09755352930287242
67 84 0.9818021425854797
67 110 -0.191817129069334
67 111 0.11909381324805368
67 115 0.9386342971603507
67 118 0.8477312265881909
67 123 -0.1251434178425037
67 124 -0.26411051725337154
68 74 -0.8116862516336238
68 84 -0.39490096170893674
68 93 -0.009204225824756884
68 96 0.18458640802028725
68 109 0.9418340922644184
68 114 0.041892395866960586
68 117 -0.06476452191390858
68 124 0.961464759230164
69 81 0.10609779965952604
69 87 0.7635431488602402
69 93 -0.38309848342961117
69 102 0.3970844116392773
69 106 0.9401503175952697
69 107 0.6265591556207473
69 108 -0.03948383485611462
70 90 -0.2616646301111978
70 93 0.9541293765609444
70 103 0.9920186252940686
70 116 0.30953718817552134
70 124 -0.797423462584443
71 79 0.31378663761846726
71 89 0.9419711559150896
71 93 0.06374211669354879
71 101 -0.2740231378784932
71 105 0.5175181590618456
71 106 -0.3729209638683719
71 107 -0.8125272007906212
71 110 -0.11459800777543894
71 111 -0.2009287413710894
72 75 0.6528453619398529
72 90 0.5767623608349364
72 92 -0.4599704190989362
72 114 0.5588635747260859
72 117 0.5311546430064347
72 118 0.1908122268025747
72 123 -0.30039499310929485
73 82 0.6339641105217666
73 87 0.808782731285558
73 105 -0.9309019228908706
73 108 0.42844773288423954
73 116 -0.6113802122179686
73 122 0.5154803126987426
74 75 -0.1600478875287572
74 90 -0.1457005582821007
74 102 -0.4573809600283385
74 110 0.10708172051501097
74 119 0.5224816180810672
74 121 -0.4333565599018674
74 124 0.8776825936719308
75 89 -0.8277676959960132
75 106 0.5742160878933358
75 107 0.5994449199435772
75 117 0.011679500093743078
75 123 -0.975170995558541
75 124 0.7632429823100084
76 100 0.4145206254028897
76 102 -0.694182564246379
76 105 -0.5935841160618138
76 108 0.21827401367621135
76 110 -0.9844569075184704
76 112 0.7074054164864585
77 80 0.9774266876974731
77 84 0.5250425358179829
77 86 0.36477590818425965
77 90 -0.9031265703227125
77 99 0.3778348570798957
77 112 -0.08934086277100106
77 113 0.051083433076074325
78 83 0.22568978273308304
78 84 -0.38730037021670904
78 106 0.017053291449937724
78 107 -0.5108832946647153
78 115 -0.8475775806165595
78 120 0.8002562492307486
79 84 -0.41613445082159295
79 93 0.3357262898245379
79 94 -0.5548283065006836
79 95 0.15985440164135611
79 96 0.7628263437692369
79 103 -0.9054149273430352
79 118 0.46083470660325676
79 121 -0.23112975154775928
80 82 0.09629421304018493
80 84 -0.08399605367959229
80 89 0.20752830402757305
80 90 0.33240076627932025
80 92 -0.4959068540601814
80 94 -0.028521342493479374
80 109 -0.13312562112896265
80 110 -0.6618783311991518
80 111 -0.2324205391270724
80 121 0.37792606497289216
81 82 -0.2641173886303001
81 84 0.8237735902969383
81 86 -0.8474128508189758
81 98 -0.5817760593860835
81 99 0.006012232938012119
81 107 0.5974928975777174
81 124 -0.38215396051253725
82 85 0.09007145469510336
82 89 -0.8187247398104704
82 92 0.8378979029249565
82 94 0.30260015189593203
82 101 -0.7603166996289714
82 104 0.238687116067702
83 86 -0.3911298620883603
83 98 0.4385259799221932
83 114 -0.738403939073867
83 122 -0.3374048082741663
83 123 0.45181158324737014
84 91 0.011191062109242589
84 93 0.5802054039826825
84 96 -0.1451325620390027
84 105 -0.5362340751008912
84 107 0.38386730435857497
84 113 0.7975333943499407
84 121 -0.27481500825710126
84 122 -0.381028920004125
84 124 0.0024024013332804017
85 87 0.8158860087294841
85 88 0.2281174560587702
85 111 -0.02457543686100272
85 119 -0.2219815417107116
86 89 -0.7303897784300994
86 110 -0.9114962954937909
86 112 -0.35293545080890754
86 115 0.11152155653295992
86 122 0.8929414534079922
87 98 -0.8212068337198
87 99 -0.9362447654316406
87 103 -0.7389377190440836
87 119 -0.4383360733167381
88 93 -0.5939227897799333
88 101 -0.5299952730067543
88 105 0.9662878859278687
88 118 0.4056023677129805
88 120 0.48281262437469064
88 123 -0.1529970632911537
89 91 -0.5132793642753555
89 112 -0.6911069377074706
89 115 0.1992588313725976
89 122 -0.6529870385521477
89 124 0.2506144431678965
90 92 0.6170841386287909
90 93 -0.34035489219130133
90 94 -0.24564407994725013
90 99 -0.1337309227711947
90 102 -0.5210763923134207
90 117 -0.036787053693735805
90 118 0.2554003111357781
90 122 -0.8594672932776743
91 92 0.3101481465621201
91 94 -0.11445799863475781
91 99 -0.1531211625984894
91 107 0.6749228824351734
91 114 0.7852695288834717
91 119 -0.39010944576089157
91 122 0.6049635541267435
92 96 -0.35413634651039794
92 99 0.7510610930104107
92 117 0.0050168324366024475
92 124 0.9482463210858783
93 95 -0.9700000383502794
93 100 0.6368413797350159
93 101 0.9670048580692705
93 103 -0.9431329294480184
93 106 0.24825112140756977
93 119 0.43111419930422334
93 124 -0.5386814070342929
94 100 0.800466500214094
94 104 -0.1372018441695404
94 113 -0.48760128631358546
94 114 -0.544289477629661
94 123 0.33270645358018625
95 96 -0.28352760755473194
95 108 -0.3933682539540595
95 109 -0.8138134794362317
95 110 0.1911542729275708
95 111 0.767495210162088
95 116 0.19655820081408182
95 118 -0.29505885867155723
95 122 -0.6401927174937707
95 124 -0.3833945118138331
98 102 -0.040093437883129024
98 105 0.694204570924684
98 112 0.5855116088508696
98 115 0.8840956701395992
99 104 0.38638983186587406
99 111 -0.555678606548839
99 118 -0.11098388688962024
100 117 0.030874197473405918
101 107 -0.04114052393814327
102 104 -0.25990146073514975
102 110 0.5753030262521024
102 113 -0.612663609554726
102 122 -0.3579723733053557
102 123 0.8389689302712187
103 108 0.6811613545766262
103 109 0.24408384484970336
103 113 -0.8702249092762262
103 116 0.4119422066550824
103 117 -0.739244844396648
103 123 0.14463088676999591
104 109 0.9137734950281151
104 112 0.9671064584799967
104 115 -0.08616546587287588
104 121 -0.7685304233231518
104 122 -0.5743628650925772
105 106 -0.8074578472828033
105 107 -0.5813526628349532
106 108 -0.4794459089032481
106 112 -0.7413287102404644
106 114 0.45616414948524087
106 116 -0.6116144984283383
107 118 -0.032681783300188005
108 114 0.6167187929555682
108 117 -0.6951448564822209
108 122 0.5600498630736968
109 113 -0.27659176288549436
109 117 0.6545691956985833
110 115 0.31355779033749465
110 116 -0.8018351299623412
111 112 0.23700861142643603
111 113 0.6926329388304302
111 118 -0.05078384888502696
111 120 0.9889649312864182
111 121 0.2994424424271176
111 123 -0.6963625347350217
112 117 -0.4527783874516391
112 120 -0.47059493360558613
112 123 0.9046201774328833
114 121 0.9978398720885351
116 118 -0.6962857962469133
117 122 -0.18544654541269656
118 120 0.9243619183694578
118 124 0.6606963805067345
119 121 -0.5851070523833788
