175 1516
0 -0.12641158504809913
1 0.7817119639307317
2 0.7986493209988204
3 -0.4572616700705465
4 -0.8233562258182572
5 0.8409365576785353
6 -0.4325259247341058
7 0.8423431799865384
8 0.7413441472413655
9 0.1809304702990182
10 0.008060634820031387
11 0.7868518546540493
12 0.020971094377205235
13 0.2118749474432493
14 0.6742270653264448
15 -0.4959209947427148
16 -0.9627623666904195
17 0.888306096769558
18 0.3790919224301357
19 0.7025683747522744
20 -0.039731686858694104
21 -0.5017221098453379
22 0.5760941081754714
23 0.19322506629595737
24 0.5789544979785717
25 0.4887526096996
26 0.2729212901812281
27 -0.7042214081153375
28 0.7892826916721194
29 -0.2026725537582068
30 0.9472070738671641
31 -0.7780414638296571
32 0.32982250227974164
33 -0.9283167545974342
34 0.9801232922635426
35 0.9737032574594602
36 -0.6265546718962602
37 0.9738887729778076
38 0.30139877995578246
39 -0.7699439003024311
40 0.9548970572417794
41 0.21538634929800504
42 -0.40896796255669443
43 -0.1311234517866291
44 -0.5012463360774249
45 0.6802877666567542
46 -0.12748099471362861
47 0.33530344907729814
48 -0.6969395282698403
49 0.6557897101057752
50 0.46438561054260363
51 -0.6187966185101406
52 -0.2064442378566358
53 0.6627297052591083
54 0.10785891368930756
55 -0.2828785075402833
56 -0.8505356519623757
57 -0.2029445282393083
58 0.7502347860372027
59 -0.7847881834611456
60 -0.0392405379181322
61 0.13195030629799365
62 0.5522070467935765
63 0.5853643991028998
64 0.7792237766134453
65 0.8982042152623273
66 0.5795716553147221
67 -0.5379929915122195
68 -0.4650841261852714
69 0.9584024397451918
70 -0.15287185059590103
71 -0.9164157097994823
72 -0.3011365689773302
73 0.9864036184636309
74 -0.2807747883034022
75 0.6172012342216193
76 0.47562458611832503
77 -0.5143417154687613
78 -0.05815404977026595
79 0.9342485018120876
80 -0.34623232641035395
81 0.7391501971609948
82 0.7096495032068852
83 -0.5022414495779512
84 -0.6368794818259287
85 0.398152293936209
86 0.8646799839194921
87 0.8871646559257829
88 -0.6972923879032176
89 0.5055135039238765
90 0.32795271482542265
91 0.8608653933069024
92 0.19607543843484176
93 0.4331020106228003
94 0.26061412736057843
95 -0.7994275037399747
96 0.49212943624629024
97 -0.8353099931750962
98 -0.1423336185203523
99 0.1708532675637069
100 0.2778516067915524
101 -0.9936932063475652
102 0.049669688997486805
103 -0.5415051463562695
104 0.7966900528496523
105 -0.18650412320810772
106 0.6862544660191576
107 0.8011651117598733
108 -0.1265586837676378
109 -0.12535400064716473
110 0.09465142893811529
111 0.7365201171206042
112 -0.41088407938773486
113 0.7079219671905144
114 0.0649626559714509
115 0.5586986628448021
116 0.8331604965251018
117 -0.6702748066372644
118 0.8517601077893773
119 -0.8917720499673651
120 0.5367184917479768
121 0.18684666607879752
122 0.2963466697855981
123 0.5066787226939493
124 -0.028262969465771226
125 -0.40899418128282927
126 0.2634048455992357
127 -0.6544699902185076
128 0.9023034269554389
129 0.4894485803101709
130 0.35861845921603774
131 0.09460509912644599
132 -0.024941416100210834
133 -0.3690289810726681
134 -0.9480545714282578
135 -0.2897588074283033
136 -0.8484436244869193
137 0.6588261828563173
138 -0.5920443814538683
139 0.6027246852187913
140 -0.9111072131565545
141 0.46802034240654744
142 0.9112832141134555
143 0.8024259965721836
144 0.5928244913450742
145 0.6899578367173351
146 0.13601985967397656
147 0.9488180088028886
148 0.30657884008547387
149 0.41685193731166037
150 0.2837966739235749
151 -0.6558574151394838
152 -0.4761507612289937
153 0.9452379125456061
154 0.3736901366383487
155 -0.7219063483935431
156 0.20263948459366232
157 -0.2643109630506859
158 -0.723190915370443
159 -0.41928143290915276
160 0.5657722430692886
161 0.5745115286205593
162 -0.5596852876403802
163 -0.9374726271624547
164 -0.3180439120701031
165 -0.8366500131419266
166 0.9817870769573249
167 -0.11415445521405765
168 -0.09633828275075063
169 -0.4296347816550645
170 0.36459765856672655
171 0.3294162120219948
172 -0.604321795416618
173 0.48691626038468083
174 0.9138329974982549
0 1 0.14338347106756744
0 4 -0.11575495609046249
0 9 -0.046504336150581915
0 26 0.39740673175042907
0 35 0.9720365314533974
0 40 0.16048391828995134
0 60 0.4655768098973396
0 61 0.7351340601718079
0 70 -0.6895734440129546
0 86 0.7601417568197719
0 87 -0.030796907384529115
0 92 -0.9469517574355661
0 98 -0.2938534866796507
0 105 -0.17105567121153653
0 119 0.3254429937900245
0 142 0.3173780011919487
0 143 0.12757716216720638
0 145 -0.25023608463364466
0 149 -0.1436586000360207
0 158 0.9042830190449196
0 174 0.3349434333721537
1 7 0.738773571678685
1 15 0.12919213209019254
1 18 -0.27283675878257085
1 23 0.5181791682616361
1 43 -0.8886360765288221
1 45 0.3233208961001852
1 51 0.6133902007648893
1 52 0.3840209950410163
1 55 -0.3303220873838246
1 59 -0.6208300741882571
1 70 0.9676303704554234
1 78 0.6664813341837945
1 85 -0.32411930379419296
1 90 0.5626827710777023
1 114 0.7993714855680507
1 117 -0.2073132837299474
1 121 -0.6589037828370423
2 7 -0.0681349948224419
2 13 0.7948621031996452
2 15 -0.4399407130674837
2 36 0.7143491674955711
2 37 0.7423634409608986
2 50 -0.46606923847647574
2 94 0.9396844146058398
2 107 0.5942045259545212
2 114 0.9818045860387923
2 122 -0.8269029882400436
2 135 0.0787625921485724
2 141 0.051513000545593934
2 152 -0.16239739304066592
2 161 -0.21850691339865058
3 23 0.057235760058314655
3 24 0.13086545307807418
3 26 0.2162592383611721
3 28 0.5808787995823526
3 29 0.4719912528853958
3 56 0.030578686321597104
3 58 -0.29846748394198186
3 61 -0.2916411365822822
3 68 0.19131653636794144
3 72 0.8049625017257209
3 74 0.34810631779864454
3 84 0.3361777621811062
3 94 0.8012122160244164
3 98 0.5703628242932706
3 101 -0.12288601816401457
3 113 0.04236795066019372
3 134 0.4913832008803327
3 144 -0.07715389321805177
3 171 0.11928464688248819
4 8 0.5888785268178993
4 9 -0.6517680088285713
4 10 0.022048379685617903
4 29 -0.3785177132954751
4 36 0.1222533171784348
4 53 -0.14865715907435217
4 67 0.2784510561366975
4 107 0.4053299528223475
4 109 -0.9026646239951679
4 136 -0.47195529777765977
4 142 -0.7806380068830185
4 164 -0.029938876749589394
5 44 0.39881137308213344
5 48 -0.9156178140242643
5 76 -0.784446473162947
5 85 -0.7227109851655591
5 87 -0.9171548372532154
5 97 -0.7986589180047883
5 106 0.7891774368512467
5 117 -0.17014194432878593
5 122 0.4501589108964654
5 129 -0.48420044871697354
5 156 -0.9227753598316888
5 163 0.6132278366819262
5 165 0.15511159183236733
6 25 0.939164469519663
6 78 -0.1590268963955237
6 94 0.03340709564694122
6 102 0.12531865207110804
6 103 0.89065945725071
6 129 -0.957901662004836
6 132 0.39383452370104677
6 135 0.9251002704096563
6 160 -0.0256919150642132
6 163 0.46994620706384516
6 165 0.006757449525057302
7 9 0.6256465500072093
7 19 -0.3308384925760377
7 30 0.620589648846755
7 45 -0.04468238017721782
7 57 0.6044773088841093
7 72 0.5657520264335365
7 98 -0.40547141034738043
7 101 -0.9264241904404829
7 104 -0.1537016390817767
7 112 -0.1265918030303581
7 123 0.07159010124557819
7 135 -0.29625007286876914
7 138 -0.5481810326499932
7 162 -0.9021777742035895
8 17 0.18284829236051992
8 22 0.40602112039424676
8 24 0.25583829790480617
8 51 -0.40321289073725275
8 56 -0.4953096108929147
8 57 0.4811409010145995
8 73 0.420311157817699
8 76 -0.7107171933432173
8 88 0.6949882701078443
8 97 -0.8739203980338142
8 105 -0.4449993939188206
8 127 0.6456679021735297
8 129 -0.9634391193484948
8 132 -0.8332729296369443
8 135 0.11296649043162144
8 143 -0.61321941154918
8 152 -0.9209719420991944
8 164 0.11714635379096272
8 172 -0.58152998667181
9 45 0.02112675325731672
9 47 -0.4572387195759635
9 57 -0.21249487682585744
9 68 0.8606274199027844
9 71 0.6026434940819676
9 75 -0.1583757846122651
9 83 -0.6857935507965083
9 89 -0.8385362130709695
9 101 -0.44721462931173805
9 109 0.23852227697539696
9 117 0.6987142776942952
9 125 0.24109689492749498
9 151 0.49632895307630887
9 157 -0.988925652392654
9 167 -0.12827308900487977
10 50 0.870931283055034
10 54 -0.22199821793031682
10 56 0.7113708227647162
10 67 0.5503788352477452
10 68 -0.43715269979162175
10 75 -0.7214691376049491
10 76 -0.8758892179796876
10 88 0.40388698888482155
10 102 -0.2862805543276845
10 106 -0.3279390965171409
10 134 0.3828939788183803
10 135 0.4166517268672929
10 161 -0.1309751474777261
10 166 -0.7279834070395992
11 26 0.19341938825770888
11 37 0.05369241850120754
11 38 0.9587667969486178
11 51 -0.9164553354968974
11 54 0.3409893334683658
11 59 -0.5110962219089128
11 67 -0.9146735435649824
11 69 -0.9260816071714155
11 88 -0.695816656564338
11 110 0.33621468853092606
11 113 -0.5178840404864467
11 114 -0.6422342490091129
11 146 0.8055977528389808
11 149 -0.525801383921843
11 157 -0.7982186820754613
11 161 -0.8310303265814416
11 162 -0.01561762684006962
11 167 -0.4945157453200584
11 169 -0.11442612524500095
12 24 -0.4013416572312636
12 25 0.5824860613411948
12 32 0.56167863084078
12 46 -0.8683374455226249
12 50 0.6369552291796372
12 68 0.516608837101235
12 69 0.6638139002185546
12 75 0.17971533839378417
12 77 -0.30153942860303995
12 90 -0.7141122197772836
12 135 0.06578824909224945
12 165 0.0003668352915273676
12 166 0.019073827925415454
12 170 0.7315662993030743
12 172 -0.7519114668583724
13 20 0.9258365793259318
13 34 -0.14407685887253052
13 44 0.4979383312516805
13 48 -0.10962780677492323
13 52 -0.5694910884482378
13 60 0.842670264351493
13 81 -0.36287303553112316
13 91 -0.8600265309216659
13 96 0.4026623038285764
13 98 0.4105637692719093
13 103 -0.39217574176453174
13 115 0.7440737008148055
13 117 -0.6886486367815052
13 118 0.8583462431377931
13 161 0.33825877354509815
13 167 0.3406923997878806
13 168 0.3281173410314948
13 169 0.7372541994475368
14 19 0.9581742048326853
14 33 -0.6210662168306056
14 45 0.8499002257731656
14 46 0.49579391455057964
14 58 0.8958089449250155
14 61 -0.719948452794722
14 78 -0.28132788857413704
14 84 -0.9174621891775161
14 92 -0.9336363497060112
14 97 -0.580183461342491
14 134 -0.18630166064538844
14 135 -0.47764584576532765
14 158 -0.01319801258875275
14 160 -0.8738525799598886
14 168 0.5601334565361014
14 174 -0.519559355125947
15 36 -0.535277637118367
15 51 0.8005162707654474
15 53 0.452791450221681
15 69 0.11270592793679324
15 74 -0.7021712915292766
15 87 0.9862095946545681
15 95 0.6788583142086817
15 109 0.599668404882074
15 116 0.4052506176617663
15 119 -0.2289090528994555
15 124 0.17432438523439187
15 135 0.5015432381729723
15 147 0.6089589102978998
15 169 -0.9102405202508048
15 174 -0.9328965257770856
16 20 -0.10944043767108069
16 24 0.6524883530534791
16 43 -0.7966211908791585
16 51 0.9023149691262284
16 86 0.5978622769716353
16 97 -0.6681528965221206
16 109 0.21115033442871134
16 123 -0.8667794646476303
16 128 0.609647565948876
16 149 0.8311157893366798
16 159 -0.7016823848965057
16 161 0.8315173178806279
16 173 0.22748147670094876
17 20 -0.9395051236302783
17 38 -0.330735556508837
17 55 -0.7342949797442522
17 68 0.5206237310602031
17 72 -0.14374540309483197
17 86 -0.47749179356472293
17 88 0.31536228014976
17 112 0.16799552619219305
17 115 -0.8263595124883041
17 119 -0.6580024027274407
17 124 0.9376896265322523
17 126 -0.9767737946510988
17 139 0.6797774439163538
17 144 0.7889767555976472
17 146 0.5935284909992724
17 159 -0.29347177247996714
18 20 -0.18829202072280027
18 30 -0.16094364215672163
18 49 0.17654985659783362
18 60 0.6428714013446677
18 63 -0.6164404764258689
18 82 0.7267247169538904
18 85 -0.8608856810501295
18 93 0.994772278336971
18 96 0.5819445098108968
18 109 0.6407713117760736
18 125 -0.2647138150004069
18 126 0.7615146537411643
18 128 0.5029665416173179
18 135 -0.5650801726910797
19 34 0.23541336495668896
19 37 0.7719898315328355
19 38 -0.5998975928403201
19 63 -0.17200637262154728
19 73 -0.05357152550945776
19 82 -0.31185276795089556
19 83 0.4025059588476605
19 108 0.4246320325755326
19 109 -0.34061494636074063
19 110 -0.25757186116117814
19 113 -0.8198591092610328
19 119 -0.46981143453938223
19 174 0.10637018623404426
20 27 0.7367528897479416
20 33 0.6471834775545247
20 48 -0.08276635478157668
20 61 0.8674768153333041
20 77 -0.5336573018930328
20 81 -0.42831567615165334
20 92 0.9169830306820907
20 102 -0.625859031083206
20 109 0.26127520932010095
20 116 0.5896571738980825
20 119 -0.6926062080710058
20 125 0.8799049299074837
20 129 -0.4494187710570694
20 154 0.07503461257600241
20 171 -0.44661450344710985
20 174 0.17435561468006555
21 48 0.7824317313116511
21 49 -0.201379336665358
21 64 0.8303881423377699
21 81 -0.9780903929353402
21 86 -0.7405664379732853
21 88 -0.5963076325807648
21 89 0.8994487746621298
21 96 -0.06761252822541897
21 97 0.685038525379658
21 108 0.38010606483614007
21 112 -0.6353795493845378
21 118 0.8384714471457229
21 143 0.6493880246604697
21 170 0.8429724362067639
22 24 -0.2108777371598125
22 28 -0.5999364938934997
22 31 -0.5985607616117106
22 37 0.2054305555334086
22 54 0.111719921695288
22 56 0.16983374868344847
22 74 0.7508855480095882
22 90 -0.5839985041794009
22 102 0.07035333744710703
22 104 0.6275857033089027
22 115 0.8478830622492664
22 117 -0.9904925889396703
22 122 0.17812342057780395
22 124 -0.8473406195453614
22 125 0.8851797897361413
22 126 0.8129613263650546
22 144 0.9285519275528411
22 150 -0.976022966168081
22 152 -0.12519890093769193
22 153 -0.30254284617379534
22 165 -0.7422988184092443
22 166 -0.8571004709087904
22 173 -0.1316241444614763
22 174 0.22080881591549484
23 32 0.5227974538455773
23 43 0.18814127910324996
23 46 0.016338137293258725
23 60 -0.5248343612400281
23 63 0.3588034767176911
23 64 -0.9325752950288837
23 67 -0.4759432464950786
23 71 0.4155355311398161
23 72 0.6535537899684847
23 77 -0.5468103095608636
23 82 -0.6213801593684092
23 90 0.9673773017679408
23 92 -0.07456181413491203
23 108 0.4909004635545169
23 118 0.8913951984147628
23 123 -0.17128931099846456
23 124 0.31560738973513813
23 134 -0.6388853135665309
23 148 0.2448149041466554
23 162 0.53141823066541
23 172 -0.28652913024283433
24 34 -0.8860957586302571
24 38 0.19049299876796422
24 40 -0.43820253520272434
24 42 -0.48029224226648615
24 46 -0.3877338809196529
24 47 -0.6465651558983654
24 51 -0.6014474583172142
24 84 0.07984522222726853
24 85 -0.5780232267574281
24 98 0.7944505461760984
24 109 -0.3168983651067454
24 121 0.6400070941349842
24 132 -0.9595040341700176
24 140 0.6512973055874116
24 157 -0.30115007033684527
24 162 -0.31564399614737915
24 173 -0.20536119002913922
25 28 -0.3338656659277839
25 53 -0.6985843439009702
25 60 -0.8037282185236843
25 67 0.0263602762897428
25 110 0.22275720831107315
25 127 -0.5996502848811862
25 130 -0.09615052682484615
25 131 0.502330205024613
25 140 0.5058165069441056
25 142 -0.40812824464891206
25 147 0.5327055220909063
25 173 0.6530274666636187
26 34 -0.439463928750077
26 40 0.9833363967750601
26 45 -0.006437104761127577
26 79 -0.92324609104884
26 83 -0.3946896766404804
26 88 -0.7765724594154384
26 91 0.5659791541462198
26 97 0.98881914245735
26 105 0.47779493048708765
26 111 -0.4195909702502547
26 115 0.3378130379752733
26 133 0.8967777974756623
26 143 0.514397455534183
26 148 -0.198242933148574
26 163 -0.7936768092684459
26 164 -0.16138562149709856
26 167 -0.8741422488641573
26 168 0.6733734687698665
27 36 -0.7658602726904393
27 48 -0.7022484458567555
27 55 0.3260553502390533
27 74 0.3307907785611144
27 82 -0.6403112945721703
27 89 0.7954103039978417
27 97 -0.13923768788405733
27 101 -0.9402363187437284
27 105 -0.8852023641574531
27 117 -0.19858384981366828
27 123 -0.0052054845403555206
27 125 0.8319062969366544
27 133 0.9975467998443848
27 137 0.5463300258279724
27 141 -0.9600363890733012
27 142 0.780110448823331
27 155 -0.9776737604278269
27 168 0.573161315665965
27 172 0.7117206570913119
28 50 -0.268880219998723
28 52 0.1266395509628242
28 73 -0.968421194146655
28 75 0.9575736069476319
28 78 -0.7125315806853576
28 80 -0.8005226836093793
28 84 0.2978998523556198
28 89 -0.3558611999445076
28 98 -0.5912520268315078
28 101 -0.84639956924042
28 117 0.13600511406146154
28 136 0.9091625597186419
28 137 0.1697430214823863
29 38 -0.03167214404787155
29 40 -0.43872409748117835
29 41 0.7767514246317608
29 52 0.47222892794889426
29 64 -0.28567878124724233
29 69 -0.9452181272784104
29 73 0.5908994471077331
29 79 -0.3726893226114094
29 93 0.9168457056219079
29 95 0.8249432123953866
29 116 -0.667505763004246
29 117 -0.49549126411357336
29 123 0.020264582483511262
29 125 -0.3217825358665769
29 133 -0.2524424344624958
29 134 -0.8787196558663073
29 137 -0.6105725976122192
29 149 0.5073604947943593
29 153 0.610150214696715
29 158 0.8326598857740228
29 163 -0.493575649111081
30 49 -0.2956757529638916
30 50 0.14907149457008173
30 65 0.6966862322601526
30 80 0.6793114329718319
30 86 -0.023769187411710302
30 110 -0.0018433868582721225
30 118 0.14163236395879775
30 131 -0.3583287966000479
30 150 0.9910677878935634
30 153 0.6118821446761322
30 154 -0.6469787951510848
30 170 0.09506292445591358
31 45 0.7900876262138508
31 57 -0.789917135545048
31 73 -0.227851284565866
31 105 0.23925094710473616
31 126 -0.4706648795058388
31 128 -0.09847922613653592
31 129 -0.5417645745395063
31 131 0.6489774533209625
31 135 -0.8968608392486599
31 148 0.3390389974052219
31 169 -0.992342074135413
32 35 -0.49035572740551947
32 37 0.6082896266111932
32 43 0.6943505584038696
32 51 0.36199514011624356
32 65 0.18617929275636524
32 93 0.6583755276785135
32 94 0.7751798896141999
32 100 0.5443826911860279
32 137 -0.24586692798629506
32 138 -0.6410886869975498
32 148 -0.38341845974979694
32 152 0.8710277624823188
32 157 0.17496684597907075
32 165 -0.7729808017287889
33 51 -0.9293989182402234
33 62 -0.7986194009943592
33 64 0.2749298044195865
33 70 -0.9471646635691531
33 74 0.2133052214877338
33 83 0.7086312718356231
33 107 -0.5620985734364696
33 110 -0.17064319449473775
33 115 -0.07908960718275826
33 121 -0.15528330756621878
33 124 0.23062169913837183
33 127 -0.6268202550878337
33 149 -0.12982283973205866
33 174 0.5550125421785983
34 37 -0.6047562429392928
34 48 -0.3834747869429076
34 55 0.726562644311973
34 56 -0.3189901750037678
34 60 -0.34240109613292113
34 73 0.8984646790740571
34 80 0.9066612500244642
34 82 -0.6553158281991525
34 85 0.5342713358608955
34 97 -0.15021801946467717
34 100 -0.44792167457297993
34 153 -0.8899094755545489
34 154 0.8360668524176675
34 157 0.4950120452270004
34 165 0.3211127480478997
34 172 0.7004445200342027
35 40 0.936045432291426
35 53 0.20952628397347972
35 69 0.005307021872095641
35 73 0.747917064456382
35 75 0.954583943277842
35 129 -0.553238390309319
35 149 -0.842585752942306
35 152 0.023089038575358156
35 159 -0.4753607065137393
35 160 -0.9039696002957349
35 173 0.8857566261181655
36 43 -0.021453221219551066
36 47 -0.13764646368617095
36 76 -0.5177171611340801
36 84 -0.49148218525868015
36 101 -0.5952292287535745
36 109 -0.9738452508584858
36 124 -0.6935444407017792
36 126 0.596599229060016
36 133 -0.64240814756231
36 134 0.005162638283837673
36 151 -0.23991544504345663
37 44 -0.8980148561884633
37 47 0.3627087147610315
37 49 0.36243019916997077
37 67 -0.0797412372747468
37 78 0.40614796475418213
37 93 -0.1881645276126458
37 102 -0.9838414735384517
37 159 0.4770998269485107
37 162 -0.9589827799811617
37 169 -0.7976016484400701
37 172 -0.016267059160293806
38 55 0.039143596117828805
38 60 -0.6583340616650095
38 61 0.5150575105558926
38 68 -0.9407349639023967
38 74 0.6104417282323402
38 87 -0.10140260679008684
38 97 0.8105825117881038
38 100 -0.01570347219688406
38 101 0.5815165465656176
38 103 -0.1914124015973393
38 108 0.8580751644312867
38 111 0.39021160362247986
38 123 -0.0685347283404476
38 128 0.44227437604035424
38 149 -0.2897788813722255
39 42 -0.4982282010482395
39 45 -0.30487320367879134
39 53 -0.7044839764944719
39 67 -0.7019442206743012
39 98 0.6199199269996214
39 101 -0.20698811766403225
39 110 0.5986789766740412
39 116 -0.09862474008768807
39 117 0.3253182148779472
39 123 0.22515636476099044
39 135 -0.3273557873576223
39 143 0.8264598280183375
39 146 0.4719242520747988
39 160 -0.5508221776352349
40 51 -0.059585408327895495
40 53 -0.5836013399888056
40 110 -0.3553916049556636
40 122 -0.9733865342924979
40 140 -0.6248806238720761
40 146 -0.931902995149003
41 63 -0.6633844960780828
41 74 -0.6068741665889044
41 86 0.9446944390700953
41 87 0.11142381822646685
41 92 -0.9576061316543285
41 93 0.45986337745202577
41 115 0.06326614660130492
41 118 -0.8522200976971088
41 120 -0.06705778906570559
41 140 -0.35406351119603197
41 144 0.732560453308891
41 160 -0.9199956939688678
42 74 -0.7844389379757077
42 82 -0.6486897971250012
42 99 0.10022305871428738
42 102 -0.49364542853211657
42 106 0.5877268712994901
42 110 -0.19156274270854978
42 133 -0.8819003885727927
42 148 -0.7496241445979757
42 160 -0.3081400369915006
42 165 0.6656350669883533
43 46 0.48589370540141896
43 58 0.34537842312315736
43 67 -0.025197392657169138
43 87 0.048261834683151594
43 115 0.44812737517310786
43 119 0.32012539111438376
43 133 -0.4837027244071026
43 159 0.9830539535641467
43 160 0.6085959135329042
44 49 0.6437889577651643
44 55 -0.9444222101628592
44 72 -0.5144644591653942
44 95 -0.20647072277687828
44 115 -0.03743198527297209
44 121 0.8870057943807541
44 142 -0.7334994885546748
44 154 0.41325849267303716
44 156 0.21995730816460624
44 158 0.7158976903516401
44 162 0.30764402669379987
44 171 0.3772207220395134
45 58 0.08064651111471766
45 64 -0.6078445791119449
45 72 -0.6750820904200538
45 74 0.41279767435884684
45 88 0.9702785604891204
45 92 -0.5379987089578238
45 110 0.637391721385155
45 131 -0.9693450288470749
45 138 -0.7665649955936624
45 163 -0.8808120377752733
45 164 -0.6072726198444127
45 173 -0.0004816238176517107
45 174 -0.2737634607322921
46 52 0.5792803552163874
46 63 -0.3139473335031202
46 71 -0.6003209917726335
46 77 -0.5525321639508873
46 78 0.07355410663158013
46 79 0.8119583788735312
46 81 -0.985457623326752
46 89 0.39065318863500176
46 93 -0.0022777008670356036
46 96 0.37720599315343395
46 105 -0.7572285597650124
46 108 0.9437275883400713
46 113 0.1037647714469907
46 128 0.7893169816997347
46 140 0.1834811874973492
46 174 -0.6440564186825819
47 63 0.4381052520904707
47 85 0.5470353930363565
47 89 0.15892607397890446
47 91 -0.36046711927145814
47 114 0.42742691417648704
47 121 0.6741513219932063
47 125 0.7946343338135131
47 126 -0.7552866737334181
47 131 -0.6647108000686424
47 132 -0.959119680358365
47 162 -0.38722431459101125
47 164 0.11739378488617369
48 53 -0.9839449029853744
48 71 0.02231499994114472
48 73 -0.3948221589474159
48 74 0.828826986315105
48 93 0.7638951237332279
48 98 -0.8604872126130632
48 107 0.9588707891329533
48 111 -0.8702453870664553
48 122 -0.8021015535534652
48 130 -0.9473853943598141
48 132 -0.07491375305646786
48 138 -0.3140850327045617
48 146 0.17972352223444132
48 164 0.6070872473267583
48 171 0.6340395378315429
48 174 0.37367341897083906
49 50 0.10724015157696853
49 66 0.15737407592584285
49 113 -0.695769799450086
49 115 -0.5241231442902761
49 116 0.13580731891845743
49 122 -0.8911202018621533
49 140 -0.02998007199353392
49 142 -0.7391492223424991
49 150 -0.4164206567375457
50 56 0.6629390152867296
50 70 -0.2327696126755634
50 88 -0.6285979307586695
50 110 0.3601445417663178
50 142 -0.8905011411868728
50 149 0.18747250130659454
50 163 -0.07140471971257467
50 171 -0.6220495954567231
50 174 -0.8977375234961262
51 53 0.8941381409683069
51 56 -0.11786795305538322
51 57 -0.830001050896594
51 62 0.8919742882950099
51 77 0.1118813113185464
51 78 -0.2973281923652995
51 101 -0.5003039907295384
51 107 0.6903671935911693
51 117 -0.8239610163725175
51 119 -0.07921790211101665
51 129 -0.1694647595375678
51 148 -0.022999365498829416
51 154 0.6189395832256821
51 165 -0.9116344110488444
51 169 -0.5748825200490939
51 172 0.0975650440732223
52 73 -0.12414033220419052
52 96 0.6902003212666412
52 107 0.08913095454705333
52 110 -0.6019786639764246
52 111 -0.4438473718583238
52 113 0.5363599562133692
52 115 0.5919874691730744
52 116 -0.051038339985354675
52 118 0.5638209668506537
52 119 0.47946265450773895
52 121 0.6333474933322685
52 129 0.4879254486524667
52 133 -0.13483765233368095
52 142 0.5240667586912833
52 155 0.6872881863349471
52 165 -0.34913388728958816
53 65 0.16099993624902975
53 75 0.15526720759860746
53 85 0.8982006359229853
53 91 0.6286650077310416
53 92 0.3719044385492354
53 115 0.3185078971681774
53 125 -0.8359798194169041
53 160 0.2251259396232883
53 172 0.44190629043988605
54 60 -0.7221126199688057
54 62 -0.9148329045652517
54 69 0.13347146322360226
54 110 -0.5499949321798634
54 120 0.3425424302757081
54 138 -0.535956906836436
55 75 0.7368071228853461
55 85 0.22814153948047422
55 92 -0.6370308942046752
55 103 0.708997198185312
55 112 0.5816045997687482
55 113 0.8047936011632766
55 120 0.9667489297159222
55 129 0.8115567446289087
55 145 0.35022798348938067
55 163 0.5950898674957354
55 168 -0.40720222152949503
56 57 -0.1755622266342387
56 74 -0.039350137902213866
56 76 0.5254118247689648
56 80 -0.5480336864345894
56 96 0.030057142330251363
56 107 -0.7282186606716003
56 109 0.981783320642847
56 110 -0.0127214629430068
56 117 -0.3332615730246171
56 123 -0.7046868497819068
56 124 -0.45342343761122517
56 127 -0.48965300673699175
56 131 0.9335598306418929
56 147 -0.2525039009286041
56 162 -0.49700516544462103
57 67 0.3975475713012151
57 77 0.08116809293261218
57 88 0.4309947949834796
57 99 0.27345729671985075
57 113 0.7695036126648134
57 140 -0.05708963487760221
57 153 0.9664429996865069
58 64 -0.7952023835822932
58 75 -0.2047629582744772
58 78 0.9530207797142582
58 86 0.2978254489621728
58 88 0.12647357837774087
58 94 0.48723773617935495
58 142 0.632410734005816
58 146 0.07347588789119675
58 151 0.36176993569573357
58 167 -0.06649178523051824
59 69 0.4051622202601812
59 79 -0.11223965619664877
59 93 0.615569857148689
59 120 0.1761591461478753
59 122 -0.5807320094808648
59 125 -0.5077756530508863
59 130 -0.013658527732505643
59 132 0.953601620194128
59 134 -0.651399289258382
59 135 -0.05676283312124708
59 136 0.2203665651957467
59 150 0.134129044295058
59 151 0.5030496609724227
59 158 -0.6799937275600043
59 161 0.02553381405018995
59 166 -0.1763842815709593
60 73 0.2516860819442437
60 77 -0.9054208331333786
60 84 0.4558963697882128
60 92 0.5292075882290133
60 102 0.2221892051815748
60 113 -0.4133507037777733
60 114 -0.7262745789742391
60 141 -0.8426703985994106
60 163 -0.3588393501894491
60 172 -0.7403248202056547
61 65 -0.11373809901001475
61 72 0.743479406204052
61 77 0.5166847093542939
61 88 -0.99758981276999
61 94 -0.3830590623198413
61 98 -0.4777544662963573
61 105 -0.8026345062040348
61 119 0.04579387712830507
61 151 -0.2944783731171241
61 155 0.7828068664212504
61 157 0.5901751493106355
61 172 -0.42119138865595707
62 63 -0.057725714367143466
62 70 0.07186662394710219
62 74 0.18347390858104573
62 75 -0.8698874147531419
62 98 -0.6289760131513873
62 103 -0.7576325901982428
62 106 -0.5609565229625781
62 125 -0.2797454177720562
62 141 -0.8375065036733003
62 142 0.7273445593102528
62 165 0.7192339413649391
62 171 0.9624829463969631
62 173 -0.5805764767874602
63 66 0.4701401109586656
63 78 -0.2552524858150096
63 79 0.9049953396151353
63 88 -0.07829632184949564
63 92 0.25902995467135503
63 130 -0.4245092657739815
63 133 0.1885803036056406
63 144 0.8666881803410011
63 148 -0.9378432383968272
63 153 0.08136184465902496
63 165 0.29764499858067217
63 172 0.8316231163434298
64 69 0.07904493662148826
64 95 0.3352779007806099
64 100 -0.8289608114999085
64 101 -0.2935820240463205
64 104 0.8821769602599874
64 125 0.32644598147300496
64 156 -0.6247072403893641
64 167 0.21628355496328644
65 82 0.08155994292152635
65 87 0.5368638268122685
65 91 0.5458069057227712
65 115 -0.8048625306047597
65 128 -0.6984606067476093
65 132 0.7687499529664283
65 133 0.006545896859471156
65 138 -0.915423150387858
65 139 0.571190360412599
65 141 0.9723740661541986
65 142 -0.7590868245900804
65 143 -0.2312954533713949
65 150 0.06738080908405086
66 71 -0.23397477442957149
66 72 -0.48431212670056545
66 85 0.9837355623945596
66 87 0.9623462156723663
66 92 -0.6272988162822084
66 95 -0.36043518434383404
66 99 0.9607173116826853
66 100 -0.6015302291263103
66 105 0.7563698095001445
66 108 0.9487877698418568
66 110 -0.4424620818112699
66 132 -0.8828824771147938
66 145 0.8972756544353837
66 153 0.5828454598369381
67 73 0.2881378297415227
67 122 -0.9284759628137209
67 136 0.1607401907409276
67 145 -0.37802185815817335
67 150 -0.09263426264409369
67 155 0.5450757158585908
67 162 -0.9509616981057338
67 166 0.34645853891459333
67 170 0.5345821485930511
68 71 -0.07826567681066687
68 72 -0.8717724969986012
68 83 -0.22845072735160965
68 95 -0.500820340677073
68 105 0.9671891241058417
68 110 0.21509993382590542
68 112 0.617775342430968
68 116 -0.057985806317546906
68 124 0.8747592273190306
68 138 -0.5966390333409328
68 142 0.6976001787181261
68 145 -0.7973257724417491
68 152 0.6484714581341968
68 153 0.7567296307140894
69 72 -0.12023224027290191
69 90 0.6114874364456313
69 94 0.25494023159461343
69 103 0.5432052031653751
69 107 0.6057360873358097
69 117 -0.4856802734024279
69 129 -0.8659719734137736
69 137 0.457474586466053
69 170 -0.5361519190658877
70 82 0.16292129717101433
70 83 -0.7848970422954544
70 88 -0.6875461448758882
70 101 -0.7105333754681866
70 102 -0.7243829636750267
70 105 -0.10390011773821706
70 119 -0.45308380893545563
70 138 -0.23177786646626486
70 140 0.13023501938550752
70 141 -0.5363119618759447
70 144 0.4498855241676081
70 146 -0.014483048978897628
70 150 -0.398127051874241
70 160 0.6620466197546544
70 162 -0.37549349986419855
70 166 -0.9770855991526104
70 168 0.5968816895015174
71 72 0.7448391156432259
71 89 -0.032158064133253506
71 95 -0.09093941596767885
71 101 -0.27945304237541224
71 110 0.7428476622910807
71 120 -0.5421003963567852
71 131 0.0856444860035348
71 132 -0.7603276680631812
71 162 0.6223100162104613
71 163 0.26772125228329924
71 171 -0.9514181381170375
72 79 0.2518986063210391
72 86 -0.7716374839512454
72 112 0.45076293923995125
72 115 -0.6974475939937304
72 132 -0.13016866847102793
72 138 0.11452501109865887
72 145 0.4198859520344962
73 82 -0.4101552242402873
73 83 0.5369392050947146
73 86 0.6892035453196603
73 97 0.9519363655902502
73 120 0.060368008107182014
73 122 0.7902861893989332
73 133 -0.730867809709735
73 134 0.4148753391180733
73 141 -0.15623725189299265
73 143 0.8837225818813503
73 149 -0.11135956845598205
73 154 -0.019663444999737045
73 158 -0.7333246479867379
73 173 0.4139649251894497
74 75 -0.5421520075526167
74 76 -0.31282743029697135
74 88 0.16211692027105284
74 90 -0.08652150854119833
74 100 0.4121177013510988
74 104 -0.4736323335445378
74 122 -0.5724278011469162
74 142 -0.7660284325146927
74 157 -0.7083293063182428
74 160 -0.9643357072662286
74 172 0.38113034108919397
74 174 -0.7452698528177544
75 90 0.5189395646921202
75 126 0.5097898380269177
75 158 -0.5910061104840969
75 169 0.07951518945705138
76 79 0.5919122453999799
76 86 0.9893342871138506
76 106 -0.3949125419018513
76 107 0.1840417539460295
76 110 -0.8299661066240249
76 113 0.365468221819661
76 116 -0.575150813313188
76 122 0.26605768551643916
76 128 0.8377933883535909
76 129 0.6137043925020802
76 136 0.7698346425891116
76 142 -0.75890531150917
76 146 -0.6032345179778016
76 155 0.42808205684911327
77 95 -0.7293231008002896
77 98 0.2479930418860541
77 105 0.36497488801418565
77 106 0.5465041699502051
77 134 0.8346958074099309
77 143 0.2480537066816424
77 149 0.030110816037198562
77 161 -0.049386490009295736
78 88 0.43303049696462326
78 125 -0.8248393240586089
78 126 0.8994071941798261
78 137 0.8338038854856473
78 154 0.9543953370425837
78 155 0.8118707704722492
78 156 -0.8043967911420997
78 160 0.09151153898128683
78 164 0.5055973120763131
78 173 0.059206552694295755
79 91 0.03456875319079589
79 105 0.3628178612915429
79 118 -0.8550567970267742
79 123 0.03284719330909325
79 124 -0.23487682923274655
79 132 -0.17925362256008337
79 154 -0.38781169081904876
79 174 0.08469013644828793
80 81 0.8620835959682851
80 92 -0.5447258948547573
80 98 -0.3071508129206575
80 120 0.938310508057107
80 126 0.6944469966255198
80 151 -0.12015815863061263
80 168 -0.7595432429527305
81 96 -0.811937711237791
81 100 -0.9877966990998839
81 117 0.5347808201540922
81 118 -0.2894768475082983
81 120 0.13111150633257784
81 128 -0.617832103978547
81 141 -0.8491462976702979
81 154 0.2932183391252059
81 163 0.9092778326709832
81 165 -0.4602341463783082
82 94 0.6721335870090368
82 103 0.6653835472047658
82 107 0.72561814357272
82 140 -0.9007907316696848
82 159 0.512953451752437
82 161 0.3290926229295936
82 165 0.6725750538392499
82 166 -0.16452484230153086
82 170 -0.44155023080632083
83 93 0.970527660677039
83 97 0.18024514971919348
83 105 -0.5488800436244003
83 124 -0.2983986130326206
83 126 0.43515640603207584
83 128 0.09577499206378826
83 129 -0.25725289477088764
83 152 -0.6753169249005573
83 168 0.14191414858907692
83 171 -0.8537590431172228
84 85 -0.3115130149175087
84 87 0.6732896497459602
84 94 0.3158227488882872
84 106 0.8012829145361868
84 111 0.15345259779765485
84 116 -0.899285092536575
84 117 0.4488595852181403
84 145 0.9383795290363848
84 149 -0.6218770315590949
84 150 -0.07294818634945965
84 151 0.6453898718935256
84 152 0.6069756965526423
84 169 -0.3124897149447765
85 108 -0.3762412269153499
85 116 0.8033076510677333
85 125 0.3912577060089275
85 131 -0.7344945955573499
85 156 0.9148851604437447
85 173 -0.8081724934554537
86 104 -0.8190823240532152
86 107 0.9742490608463197
86 113 0.8212885988963148
86 119 -0.7146466558405848
86 123 0.2231816319871176
86 125 -0.8155941177265438
86 130 0.04150135960883894
86 132 0.7403277297834747
86 140 -0.9679254112246685
86 145 -0.37355223084773614
86 152 0.5717636523323963
86 157 -0.786596873816046
86 162 -0.8827618517463878
87 88 -0.6373948229216471
87 98 -0.42669213603135736
87 99 -0.0023780337642596017
87 120 0.7676607922246883
87 126 -0.41532885717239787
87 156 0.625496746030108
87 162 -0.2033174754471443
87 170 0.8367373858097651
88 89 0.804637056475251
88 123 0.4816120745014125
88 126 -0.17152524300926753
88 131 -0.9356498133623734
88 133 -0.6371145471958268
88 140 -0.4874476979778455
88 152 0.8353770778032237
88 160 0.21625223852109587
88 171 0.6267670239013114
89 96 0.9975169324289048
89 105 -0.8884520606722843
89 109 0.49834632615272256
89 115 -0.24355712019181164
89 118 0.19816271862521972
89 120 -0.029568336894562508
89 124 -0.5445609294607565
89 127 0.32059509274458575
89 141 -0.21441308549760651
89 150 -0.12756484402241552
89 156 -0.8133852639116421
89 162 0.732809379283295
89 171 -0.4943471656882612
89 173 -0.33444675981619554
90 95 -0.40616697055576534
90 100 0.04427337272062881
90 123 0.929447419669527
90 127 -0.6044205445339226
90 139 0.6123582336388922
90 143 -0.07470836768445688
90 149 0.9757145790017794
90 155 -0.5789711554993919
91 95 -0.9086240932916914
91 115 0.2145105427271321
91 125 0.3893350796957997
91 126 0.5048310568516325
91 134 -0.2788577112489439
91 135 -0.2683805152764984
91 152 -0.4839735999820729
91 156 0.3089997704326284
91 158 0.8735634566719666
91 174 -0.09497600377290305
92 114 0.4350828193399334
92 129 0.6811349820069419
92 136 0.31991784906908083
92 137 0.02294553970641422
92 142 0.9558393391545177
92 143 -0.007058273110205349
92 156 0.7629128461555517
92 157 -0.2229434532097858
92 167 -0.024216085286716815
92 170 0.7892080100524386
92 171 -0.9318751036826494
93 96 0.9431815967407693
93 99 0.42521038910993125
93 100 -0.9964369137297715
93 102 -0.6039599138587435
93 117 0.6987766130345774
93 123 0.40396941184277746
93 128 0.8150167398913932
93 141 -0.014181727972221392
93 146 -0.1109016007607575
93 150 -0.2953373468171887
93 151 0.61302143876414
93 162 -0.2073520050658293
93 169 0.5564508535677752
94 95 -0.0567926213295642
94 109 0.05482777720060206
94 117 -0.8674150150562014
94 119 -0.22511681644510895
94 135 -0.5931588877242662
94 146 0.3862939688502738
94 166 -0.7249370825749226
94 169 -0.877468752187379
95 96 -0.23653037696206103
95 109 0.414447190306132
95 129 0.7997217190547423
95 130 -0.07510217372521555
95 135 -0.43430173006324146
95 143 0.8786197348393674
95 163 -0.569953406658191
95 166 -0.16708179855973637
96 102 0.5109246588651002
96 107 -0.9550451297475593
96 131 -0.47240974274922687
96 132 0.06496433980168725
96 145 -0.014050646082897744
96 148 0.16106066723397827
96 152 -0.3725680184435143
96 167 -0.2690541643527051
96 172 0.1149027970326193
97 104 0.5746855096350838
97 108 -0.4210187352360206
97 129 -0.5778010810184753
97 135 0.6179630278238135
97 141 0.3369333823647467
97 167 -0.4719032456595462
98 129 0.8179917779730108
98 140 -0.29484204524673463
98 152 -0.49810796182801576
98 159 -0.15094307407917307
99 119 -0.9374901974339969
99 121 0.8761833014945499
99 128 0.7477792231244054
99 154 -0.5066285242250925
100 126 -0.8943158687435209
100 132 -0.4302735474021764
100 142 0.5616271981520518
100 147 0.295851603375928
100 163 0.9390469185638364
101 128 0.7114481496352685
101 145 -0.933162900668064
101 151 -0.8261169479153416
101 166 0.4821986221573584
102 103 -0.8166544340191233
102 112 -0.1620584772742817
102 113 -0.1198098718999876
102 126 0.7113740075144603
102 133 0.12126494903596297
102 138 -0.9304344404666427
102 156 -0.6543061930753848
102 157 0.08770924329051333
102 158 0.9445211714039736
103 105 0.7836080733001749
103 112 0.7293482826156106
103 117 0.9204159976487674
103 142 0.7471556058154909
103 147 0.9469260633214074
103 148 -0.9947155163638814
103 162 0.8727361701225469
103 167 -0.4151731261875009
103 171 0.7379548952712738
104 106 -0.3557952716628181
104 111 -0.6441091531699854
104 126 0.6203846757125207
104 129 -0.3338522176177443
105 120 0.45654145002545166
105 121 -0.4296705999117134
105 137 -0.8887171114753085
105 139 0.049971550030038836
105 144 0.3666330829122699
105 156 0.7576199301143209
105 161 0.5212561433375604
105 163 -0.18271965592948036
105 164 0.21949113510977702
105 165 -0.31372034699051876
105 174 0.48116855161127314
106 121 -0.6849123634985013
106 128 -0.7236982342624991
106 137 -0.6902542811389365
106 138 -0.399269091601244
106 141 -0.9294199680126838
106 142 0.1062593359470807
106 153 -0.7290919375102201
107 109 -0.7004517602294422
107 116 0.11462305741331802
107 128 0.07434972634239201
107 138 -0.4251879422931619
107 147 -0.43996609979496615
107 148 -0.7438036737336746
107 161 0.4653957730177085
107 171 -0.9148407166454939
108 109 0.24024142335360388
108 117 -0.13961869472785238
108 121 -0.9624880106874854
108 131 -0.9248152747610456
108 145 0.16874828329918068
108 148 0.8984213331194428
108 151 0.3032445133219126
109 121 -0.7286031258746817
109 130 0.5512840177700236
109 135 0.7736879491532405
109 136 0.7212760060456771
109 145 0.5515498925613962
109 151 0.2850669666550525
109 155 0.9227918420737864
109 157 0.2959602803490564
109 163 0.4664955595799909
110 112 -0.5060966557161597
110 144 -0.41334158796046494
110 149 -0.7478955203372997
110 152 -0.2878933925498395
110 165 -0.16293581575352567
110 170 -0.013788173357757394
111 115 0.07910935219687709
111 117 -0.2878810949124173
111 124 -0.8377812015834991
111 131 0.9715815236548961
111 137 -0.9728909760997406
111 146 -0.6115589878420558
111 150 -0.6306765939013073
112 119 0.08558985685136622
112 126 -0.67206386472237
112 130 -0.33989685019290583
112 137 -0.1754771176671035
112 168 0.7614912849222026
113 132 -0.9090709621137605
113 135 0.40993033728827255
113 140 0.6245700575410307
113 145 -0.45526023780456737
113 147 -0.02697059831529658
113 157 0.8978163702732467
114 127 -0.5507431763792026
114 128 0.19391281552855388
114 134 -0.9145861504207271
114 156 -0.5187853985928554
114 169 0.6009770119328575
115 122 0.5631322045211351
115 150 0.20574178986147684
115 153 -0.15519977128103868
115 156 0.49919952914008836
116 135 0.39522966924674097
116 136 -0.3441765525050553
116 152 -0.28855335711211083
116 163 -0.03796190515028042
116 164 -0.8923203474821977
117 124 -0.42536169821258607
117 160 -0.07393716938871053
117 171 0.8638199072019521
118 122 0.2631773158201105
118 124 -0.328837814739513
118 141 -0.20772896796081453
118 162 0.6925960096790662
119 130 0.5421077835711867
119 133 0.17787807120896293
119 138 -0.9187686879973886
119 148 0.36449217210543705
119 154 -0.6484958266854566
119 163 0.10242871816786203
119 170 0.3586567696022478
119 174 0.24982787510543525
120 122 0.821232862975235
120 128 0.8694496646937104
120 129 -0.4795433339201758
120 132 -0.3763734780228749
120 157 -0.7370167681707447
120 168 0.08686774321947621
121 122 0.23364723713215296
121 126 -0.6524951103697205
121 128 -0.4316476038860919
121 129 0.5893886623729256
121 152 0.10956209073438972
122 136 -0.11070470822686418
122 143 -0.7244393429321863
122 145 -0.17204551752009722
122 147 -0.36068407490373167
123 136 0.05162994175863056
123 141 0.022611927394889042
123 144 -0.759053571483008
123 150 -0.7647891859104887
123 154 -0.8949699493478638
123 155 0.9292546414843257
123 159 0.7499913359611328
123 168 -0.42547938879269576
123 170 -0.03496706430812879
124 145 -0.644147496501182
124 149 0.7522180608558966
124 158 -0.2528353270512729
124 163 0.5960929007857427
125 130 0.42286669558852497
125 137 -0.6570651515703274
125 147 0.6288908798048638
125 163 -0.5775412476089665
125 168 0.5848894771991386
126 128 -0.18416753511591377
126 138 0.38717826208783057
126 153 0.09740397948679869
126 174 -0.15351415106356026
127 130 -0.3940716977645935
127 141 -0.8736345966538193
127 149 -0.15275063120899657
127 156 -0.50970766820936
127 160 -0.6697111991070279
128 139 -0.7695712180635492
128 143 0.8522886604982187
128 147 -0.6610611943218601
128 155 -0.17713569235696425
128 166 -0.47775214664138654
128 167 0.9225132805621756
129 154 0.8134007325910007
130 131 0.2552083665221574
130 137 -0.04053491773694118
130 143 -0.046248614584929015
130 144 -0.19905277637823904
130 165 -0.8164689521182202
130 174 -0.7417476356953363
131 136 0.5596451001076124
131 171 0.34499419215570537
131 174 0.5310725110815009
132 140 -0.006084138151515539
132 141 -0.5123644071408378
132 148 0.08202685828812095
132 150 -0.15407903153796854
132 163 0.278999161314583
132 168 -0.8889325042303386
133 136 0.03155288768241049
133 140 0.43297412854338924
133 166 0.7579112986179679
133 172 0.5754828197646338
134 137 -0.6711652757639417
135 139 0.5027891826877091
135 144 0.25679310918050313
135 153 0.48974116190297656
135 166 0.0011335722071017518
136 149 0.09102080295513182
136 150 -0.5499283777909632
136 157 0.8067932896322147
136 159 -0.752801964932482
136 164 0.8921019136465971
136 166 0.26962730180331307
136 169 0.590509469539336
137 138 0.9455290827958192
137 142 0.7821499702584409
137 149 0.5103646107482964
137 152 0.7822046968119389
137 155 -0.13454532783656292
137 157 0.24096588098233362
137 169 0.41860866525886564
138 149 -0.4487014785945658
138 153 -0.4114020377348597
138 170 0.2330611927978532
139 146 -0.0008755117992069739
139 148 0.10113227403909208
139 157 -0.18696042387044276
139 166 0.15852463128078664
139 172 -0.5165747421209652
140 153 -0.7756207782955895
140 158 0.39103326375688185
140 166 -0.8419998655783907
140 172 -0.38124232283121384
141 153 0.6771158476518624
141 155 0.975434914353372
142 144 0.8185937212620333
142 165 0.7750948918115765
142 168 0.7497526607681864
142 169 0.3351513123097003
142 170 0.034442618870137665
142 173 0.735468773431506
143 150 0.37923294462554646
144 169 0.13121805074492476
145 151 0.20066252467543078
145 153 0.37062214816852856
145 155 0.02207416059541001
145 156 -0.2154843137396445
145 158 0.9000326534999956
145 159 0.9724200955467228
145 169 -0.34061636291296216
146 150 0.7225621808312004
146 162 -0.4649635681206781
147 156 -0.05720231996942915
147 162 -0.1933698808991604
147 171 -0.8743831101138884
147 172 0.8756726813577207
147 173 -0.9689607027726184
148 150 0.00574388247703439
148 159 -0.2594119686884775
148 161 -0.23356548427453694
148 174 -0.7414936651896433
149 151 0.8646223158665141
149 169 0.011469985830840912
151 173 -0.770585655688171
153 170 -0.3350013232623723
154 172 0.018284267961869993
155 166 -0.2099818749980975
157 166 0.4254955259405693
157 171 0.48542204303150394
157 174 -0.4919105419098093
158 166 0.03806391554143884
159 160 0.7985321927921405
159 161 -0.8051381053560471
159 169 0.006058175062840565
160 161 0.5669650162090707
160 162 -0.906062001459613
160 173 -0.30012497420314665
162 167 0.5576094177602746
162 170 0.6355386549985482
162 171 0.5206552204200676
165 172 -0.33315775944878623
169 174 -0.4845078462785317
172 174 -0.8876347940355729
