115 302
0 -0.8774565724208081
1 -0.317608997324037
2 -0.549251594664504
3 -0.8814371442600468
4 -0.8330494776345596
5 0.6177519706867356
6 0.046995804828954935
7 -0.8099392799697054
8 0.22415683552236687
9 0.6959224352356492
10 -0.4544257212290195
11 0.6678753663162318
12 0.5875018612192533
13 -0.6080002942000509
14 -0.44085979679544485
15 0.21231360440910474
16 -0.4906024044871611
17 -0.7343976086640234
18 0.7537512808322018
19 0.1442394448769686
20 0.8788600645811138
21 0.7046026117397055
22 -0.5309380502242427
23 0.2470022475963165
24 -0.3872305096233264
25 -0.9391043550633456
26 0.6852914589344321
27 -0.9669434781783319
28 -0.7508901595379742
29 -0.3117125686669111
30 0.8999425789154902
31 0.0012777769012095597
32 0.07488906526588313
33 -0.5426023611625355
34 0.5532915367035836
35 0.5548117533464252
36 0.34030162502257144
37 0.36239273942268846
38 -0.3459215035468679
39 -0.2536645940808868
40 0.33358750820672634
41 0.0012342571243264544
42 0.027204260445609307
43 0.8280360607934483
44 -0.8362776538497136
45 0.44856679143750733
46 0.6719055821851683
47 0.8343522203119063
48 0.044946792596050056
49 -0.009210211773912125
50 0.4947898626210476
51 -0.11298583571532439
52 -0.9195332938241907
53 0.5830739972825492
54 -0.33766897854784017
55 -0.8943867738365858
56 -0.6295986344392985
57 -0.7624054720380102
58 -0.46252888142072
59 0.26421214310901897
60 -0.14066085058707856
61 -0.4697287250707707
62 -0.1678472527630419
63 -0.4894177427768216
64 -0.6792862832046009
65 -0.11124491569865991
66 -0.3526737307408656
67 -0.5049394935655669
68 -0.9512705824826462
69 0.11047947754038834
70 -0.919676218181761
71 0.2513865247120659
72 0.4235657509580051
73 -0.5299725902261458
74 0.8553425387693077
75 0.8356045766262978
76 -0.5747466507152379
77 0.699491705554139
78 0.8588040791753859
79 0.7518748414129397
80 0.3964893801310374
81 -0.1565824000056122
82 0.8723309489962492
83 -0.7836153656088451
84 -0.042144526785780734
85 0.8598572910240525
86 0.3877779449488201
87 -0.8930928485020342
88 0.005684470728980262
89 -0.38465019794128574
90 0.6822667224821157
91 -0.039448148587134524
92 -0.9107742593648525
93 -0.02973162717398159
94 0.4241343039463965
95 0.8793227349932149
96 -0.34424105587665665
97 -0.5566454450249427
98 -0.9296542240406473
99 0.42572587279192065
100 0.575564217929939
101 0.3627492262736376
102 -0.27177046239957137
103 0.8402070578342771
104 0.28423604700250094
105 -0.47171261457685665
106 -0.9115632536264493
107 -0.9976781112976314
108 0.7439213421382498
109 -0.21745242013878485
110 0.09182832020722831
111 -0.7532127894549836
112 -0.15433174864292942
113 -0.07478203769000125
114 -0.9066198652981323
0 7 -0.08780015306463795
0 11 0.6661263667397384
0 32 0.6271762388909141
0 65 -0.059412874824248174
0 75 0.7131035137640933
0 91 -0.4394181155828796
0 109 -0.10754963274047724
1 9 -0.8353739740157036
1 16 -0.23589451790407812
1 36 -0.2420310057033488
1 77 0.586784094654691
1 80 0.44384280522489084
1 101 -0.6057885670281817
2 8 0.9658678879124358
2 18 0.08976089510644236
2 78 -0.12786254121021434
2 80 0.31815226736863034
2 101 -0.7397629384677704
2 102 0.2936862067855437
3 29 -0.9997101901833325
4 37 -0.19054135211813117
4 59 -0.4205201423806624
4 92 -0.8369203264872387
4 100 0.5207884885260694
5 19 0.04910131714448651
5 27 0.2526076619338098
5 48 -0.09847709477795497
5 60 -0.3758568194407004
5 68 -0.5095482492727355
5 75 0.0614021835437073
5 97 -0.933431208871562
5 103 -0.011728486646690905
5 110 -0.0336403281137303
6 14 0.884640538599371
6 37 0.06737836762964022
6 38 -0.6469875475553992
6 44 0.6965889500127027
6 51 -0.7620485049936603
6 53 0.8567768890583778
6 57 -0.8651352507425973
6 87 -0.46556844026496447
7 8 0.4707818368362844
7 10 0.07905641035037081
7 26 0.03606398180391235
7 53 0.7045914357572542
7 73 -0.6190303399812462
7 99 0.8866432745290331
8 29 -0.5464373672665668
8 51 -0.6017575737288716
8 60 -0.2143750216704967
8 68 -0.2696193892699228
8 108 0.47736539836538916
8 111 -0.018793369012727767
9 13 -0.02930491443423877
9 34 0.36317787268855417
9 64 -0.21783777534785687
9 67 0.7071394765570371
9 73 -0.3136895602975798
9 85 0.8119573434532219
10 49 0.9003962282210998
10 71 -0.6666848963590757
10 80 0.7468910807942153
10 105 0.003772626294786141
10 112 -0.7048350310461204
11 38 0.45164613443759416
11 51 0.572847428442937
11 56 0.6211930630894278
11 76 0.47962277184602176
11 80 0.7200616742639032
11 83 0.08754477680962691
11 101 0.9864507147331623
11 104 0.03125112505374239
12 103 0.1607408202272662
12 111 -0.9083772653177449
14 30 -0.17031917492399407
14 32 -0.7892188256191164
14 40 -0.609431116635961
14 71 0.6677708663721136
14 103 0.7059035876328943
15 19 -0.7781217627236556
15 46 -0.11047801592088113
15 47 0.0071923286599415714
15 69 0.46200552962059405
15 73 -0.5657045877027047
15 76 -0.3083538833686055
15 85 0.3010197034718707
16 20 0.13372151110565267
16 31 0.8136747643172877
16 70 0.3257276332735859
16 85 0.1266239834461036
17 47 0.7718727402278063
17 64 0.4056399036214191
17 69 0.6452102468912224
18 21 0.6294067241704269
18 42 0.04717972653072611
18 86 -0.9587097228310129
18 88 0.9992522929413579
18 90 0.32498982896085593
19 48 0.5990589161235267
19 99 -0.47125084989726473
20 23 -0.3298035786590787
20 24 -0.13172963481887545
20 47 -0.4613600581332804
20 55 -0.5870044344750034
20 66 -0.7535036102680941
20 70 0.9838709628350526
21 24 0.8406132712936902
21 37 0.2844465641650582
21 74 0.2431944588771504
21 111 -0.4604101751081118
22 38 -0.39550619898957695
22 52 0.25028514089046894
22 91 -0.4115201281286296
23 65 0.4407541261339023
23 70 0.4184980805809564
23 77 -0.8502226021411807
23 79 -0.23446981074781337
24 71 -0.06818333888172701
24 96 0.5191006998359746
24 109 0.4461100031954319
25 35 0.07991272293104368
25 37 -0.22646267515807184
25 58 -0.9895729042355916
25 66 4.74204388838384e-05
26 77 0.4124499554613068
27 78 0.5240438973158388
27 112 0.9819455288879397
28 31 0.5126887445598558
29 33 -0.170948661428175
29 35 0.5188017162000356
29 69 -0.7125650506687657
29 87 -0.27460967524115754
30 48 -0.38379313208136545
30 63 0.8071399135602273
30 69 0.3103093178959764
30 75 -0.8897802035051521
31 51 0.1707659447763037
31 52 0.9277680799138734
31 79 -0.37787887133374465
32 39 -0.05694188729937233
32 78 0.43956869464077863
32 100 0.05862901843013413
32 111 0.7817814736074968
33 34 0.6764881094329924
33 44 -0.029256019782513354
33 48 -0.7696510019419294
33 50 -0.8594873367345492
33 52 -0.07369384568187187
33 69 -0.1279228310831091
33 72 0.24747025267484135
33 77 -0.5689681132214148
33 79 -0.15007404258466472
33 90 -0.36760305767507706
33 91 -0.17317723632625737
33 95 0.1417630875300122
33 108 0.3556122629057017
34 99 -0.38039501315883517
35 69 0.3015728954061232
35 102 0.586533777710839
36 37 -0.5195364070549318
36 49 -0.2557228745527407
36 96 0.10415474045145712
36 109 -0.632225477084009
37 72 0.9312591323819976
37 90 0.04349100807926232
38 60 -0.41342352670126603
38 70 -0.6502749513378254
38 99 0.04459061066843706
38 108 -0.7640597839665653
38 110 0.20595962607373397
38 111 0.7319625655132596
39 75 -0.08308777098762099
39 81 -0.7883030420609385
39 95 0.6389896626054119
39 99 0.18291909093347702
40 49 -0.6644993865182625
40 54 0.24007090235867712
40 107 -0.24400809689876524
41 87 -0.47177197730280507
41 110 0.5066226233131503
42 106 0.4985907392785598
43 89 0.040480398783254046
43 99 0.497081394543178
44 82 0.8525240771210456
45 57 -0.9875038448771065
45 58 -0.6862450914513398
45 65 0.29029731741560205
45 74 0.12619389309565965
45 105 -0.06783055983644615
46 70 -0.769469611168913
46 80 -0.6263344594297526
46 106 0.2617520410226679
47 66 -0.5146291231118689
47 67 0.05449950276049287
47 70 0.49756529795825033
47 72 0.9704076033896614
47 82 0.5761864068638758
47 85 -0.8970411026572405
47 90 -0.7417337719619193
47 100 -0.4640097988576777
48 50 -0.4466047722354556
48 75 -0.3462930263807278
48 102 -0.8937268904903477
49 54 -0.7967799782769451
49 80 -0.4467368185801863
49 106 -0.9976680418087216
50 76 -0.9520725201845559
50 85 0.4175724020607987
51 53 0.5194177762717562
51 69 -0.33804320434953294
51 78 0.06753825368516342
51 100 0.21052267455696416
52 70 -0.5054892079393964
52 87 -0.7601212529059904
52 89 -0.9168083396630267
53 79 -0.24317383861944997
53 101 -0.7875184933319117
54 63 0.25317244915144954
54 93 0.725395193591611
54 109 0.15144724945624577
55 78 -0.09617170448831391
55 99 -0.33340487709134936
55 102 -0.43651067614715444
57 59 -0.19015094675005195
57 66 0.4111700213674496
57 75 0.7290339945219471
57 99 -0.6493062031299663
58 67 0.1734693384532373
59 67 -0.15090015704222326
59 99 0.8019114579083928
59 105 -0.24455278776219713
60 107 0.1325172180419807
61 89 0.3063572645400352
61 93 -0.5345121193044686
61 94 0.6251971656514821
61 97 0.8016560128404238
62 66 0.3685411295872143
62 87 -0.32649369657954086
62 88 0.1149350357386707
62 101 -0.22881174347551747
63 78 0.8311957617969652
63 85 -0.19783721151849876
64 91 -0.5412876395348243
65 81 0.0015644502967837592
65 102 0.9436526255694744
66 73 0.9490083913381924
66 88 -0.4461954876408485
66 93 -0.5365809532678583
67 72 -0.7475333368255574
67 103 0.9716502523517581
68 73 -0.9452427239651362
68 97 -0.6296824609069873
68 101 0.3418755527781743
69 81 -0.5986853111957939
69 91 0.090216637466773
69 103 0.22945604803910435
69 106 -0.21267265948876757
71 79 -0.001929435841514504
71 107 0.8599890204378111
72 77 0.8256225221394033
72 89 -0.4795330770650328
72 103 0.7608809269441335
73 87 -0.3845874160873415
73 88 0.20471601027171427
73 92 -0.7764708532574258
74 79 0.3647462278185365
75 76 -0.07188599824255859
75 86 -0.691445067485895
75 88 -0.6383836410987747
75 103 -0.7239112642723211
75 109 -0.3708115604966664
75 113 -0.24944211702048502
76 99 0.8342490425058982
76 113 -0.3649861770642977
78 92 -0.40697844385509696
78 111 0.6606822409693147
79 94 0.21326791662550582
79 107 0.28981324901947314
79 113 0.13807061739178916
80 105 -0.8623404811352464
81 89 -0.9271253116583249
81 94 0.4473194013226931
81 114 0.5794657623228001
82 99 -0.370102541023559
83 94 -0.0745054610620175
85 91 0.1593112591531849
85 106 -0.6845179456410542
86 97 0.08094781653139194
86 107 -0.038827349319819904
87 96 -0.6456972622988209
87 98 -0.10347101798050917
88 112 0.9448648963091704
89 110 0.2842709650201718
89 113 -0.4905013485372711
91 105 -0.43952693461887193
91 106 -0.022653149484324064
95 107 0.15210678832280466
96 101 0.6665762637197616
97 112 -0.9855985288854281
103 105 -0.18695080393358454
106 111 -0.2523933221001158
107 113 -0.22441109601262865
