135 1388
0 -0.2626309673477363
1 -0.24350000214185075
2 0.5491035030145077
3 0.8368794918402807
4 0.4366019462841053
5 -0.6391457858383216
6 0.3399030845089732
7 0.9313833622700096
8 0.43827151252566443
9 0.6788202568009918
10 0.5211974064591847
11 -0.42334560662591514
12 -0.39166658527650355
13 0.4225227122950781
14 -0.15170038487431858
15 0.5236732642807302
16 0.9944293893033207
17 0.5946346582740945
18 -0.38208494275386395
19 0.9748495879721184
20 -0.8338540496352402
21 0.20630272576344355
22 0.5584073602531365
23 0.9103538864509806
24 0.8549040687034266
25 0.32957166639761337
26 -0.9125071481571096
27 -0.08555039705853651
28 0.5993189448558889
29 0.1379137173244458
30 0.27619840804583595
31 -0.6649424779017357
32 -0.3839593146861089
33 -0.9404871926934972
34 -0.5940047948105858
35 0.8847064676299123
36 0.6382622018025004
37 0.559685405739859
38 0.07599627589516667
39 0.4365177944066978
40 0.97655307973514
41 -0.8119115870861573
42 -0.49442500348805174
43 -0.13158521563396053
44 0.6193556252094161
45 -0.0858435661808643
46 0.23562526843411402
47 0.8095243885433356
48 0.5114593233215474
49 0.608476068235239
50 0.04793770728048696
51 0.036070819302076895
52 -0.355636032835408
53 0.5013420484060598
54 0.05450830111587934
55 -0.11547529837066395
56 -0.7388222456805962
57 0.03962608600049866
58 -0.2861216092248373
59 0.31462988477992404
60 -0.3702539046804494
61 -0.3761444782321888
62 0.33836239168074056
63 0.9058202726215914
64 -0.8629773566780794
65 0.25672469651603214
66 -0.7141529555073087
67 -0.693239625859627
68 -0.29423437263262153
69 0.523736726748206
70 -0.4756959734418149
71 -0.06712452347299869
72 -0.9399673849287129
73 0.9972566610096887
74 -0.3100500820208525
75 -0.3173741212169836
76 -0.517006403484594
77 0.9749254333777597
78 -0.29690082002616025
79 -0.2241780062517138
80 0.23714405201030142
81 -0.6720718799718657
82 -0.6622528538190362
83 0.9615930424670074
84 -0.34351100343936936
85 0.09067371318989803
86 -0.5979598796059409
87 -0.05025766548995936
88 -0.6242630827461804
89 -0.7681440511713684
90 -0.425113881451318
91 0.2650226116708705
92 0.13563423953003584
93 -0.43416545634332615
94 -0.24974998344676025
95 -0.24162638003108916
96 -0.09710719751156582
97 -0.046614664048248766
98 0.6318806642751775
99 0.08665892662386154
100 -0.860005398639103
101 0.20543469501674538
102 -0.8280815575027585
103 -0.45645569922740714
104 -0.3450695607260379
105 -0.8390187271759963
106 -0.9522872786023031
107 0.19381902252385919
108 -0.3268178667881614
109 0.5347274332387839
110 0.7759597269292817
111 0.49368261984010253
112 -0.6245161754533692
113 0.25647580079562715
114 -0.3451638973803286
115 -0.43948464271008447
116 0.5312691968348846
117 -0.8666057777514706
118 -0.3012993929850287
119 -0.6302039284106367
120 0.6193854523588869
121 -0.2858085002991788
122 0.5835025762521682
123 -0.7547194976344158
124 -0.9670695589849612
125 0.8944576277582732
126 -0.3817833208103911
127 0.26788749022308056
128 0.5410262691235452
129 0.9711011833895298
130 0.6053598297108762
131 -0.7608497518785273
132 -0.7341414524775831
133 -0.8711073225579387
134 0.0691827001186438
0 3 0.9852322042786348
0 5 -0.5816794988520266
0 11 -0.34197245120487474
0 16 -0.7036510740784689
0 38 0.13909050566457104
0 44 -0.8408167557521198
0 49 -0.5794973195193773
0 52 -0.6444957194503893
0 58 0.7231283404077176
0 69 -0.9581382289974627
0 85 0.3720619302077548
0 90 -0.03552036121762492
0 91 0.20665947984193922
0 96 0.9997402609387596
0 98 0.5851429291823373
0 104 0.37060095595631704
0 115 0.8151641847388285
0 116 0.768885312964052
0 118 -0.7946908241498538
0 119 0.04305147551330357
0 121 0.4244716187160609
0 124 0.36285013420574797
1 7 -0.02901527712642582
1 32 0.8066452742149768
1 34 0.9437157988361313
1 38 -0.8345476948960955
1 40 -0.5962920993646124
1 46 0.1101348669901121
1 53 0.9649005594590638
1 56 0.17465420565507284
1 64 0.7636248393570633
1 72 -0.9541925209079267
1 100 0.5819230096767243
1 101 -0.9887338486860977
1 104 -0.913927082231945
1 109 0.05426955866360306
1 111 0.9891764841725039
1 121 0.24632736596302252
1 127 -0.371607548746832
1 132 -0.7583129939898072
1 134 -0.08379284321762781
2 5 -0.06369047037120534
2 19 -0.7713678980722749
2 21 -0.32751078914191245
2 26 -0.6719985633694643
2 35 0.982789999728255
2 38 -0.3612664718437446
2 46 0.7378714169065059
2 56 -0.3303495728071575
2 57 -0.7250393131079487
2 58 -0.3814238992157106
2 63 -0.9206856758661102
2 65 -0.046737717929882905
2 67 0.09046207443205212
2 73 0.3246643796400257
2 83 0.7163975026465919
2 90 0.07770333360108461
2 93 0.6540893911983776
2 103 0.7704660446205069
2 105 -0.7204100522502406
2 119 0.6666103213899297
2 124 -0.8176615424114728
2 125 0.28347375671049235
2 127 -0.01415141272029996
3 19 0.869592666831591
3 21 -0.32039335301962035
3 24 -0.6900376402152126
3 35 0.22309827779902291
3 39 -0.6906186562903109
3 41 -0.5119698008301066
3 43 -0.888971882405156
3 55 -0.09859892201971432
3 61 -0.046519671749099434
3 65 -0.991992609941478
3 69 0.05534636261372916
3 94 0.27219827195570745
3 104 0.5487339117338628
3 120 0.35688330338109675
3 126 0.03247937324115191
4 8 0.5967622009185589
4 14 0.15059449847527517
4 21 0.352477216143235
4 22 -0.9539202945781358
4 23 0.9223490892414694
4 24 -0.2614546873012322
4 33 -0.7262730837020261
4 34 -0.24244985796052432
4 38 -0.7659741778964473
4 46 -0.36211993408528786
4 62 -0.5114294512400219
4 63 -0.5888829587699833
4 68 0.10571840531306842
4 72 -0.9383807594310085
4 77 0.3763279881846022
4 78 -0.602732493948988
4 83 -0.43140741812595573
4 89 0.7524118517352476
4 98 0.4273417422364767
4 105 -0.4547498241825896
4 110 -0.49752525855365404
4 114 0.5991851817336269
4 118 0.8985954014211675
4 127 -0.861264856891351
4 128 0.2842239271533247
4 129 -0.6555954551701859
4 133 0.3837114621037414
5 14 -0.4022479066511482
5 15 -0.8197980961942737
5 19 -0.33680548737392435
5 20 0.6989692808875405
5 22 0.8810077098356321
5 28 0.7166321918631997
5 29 -0.48845893417852926
5 30 0.8005426445855541
5 34 0.11594535625777014
5 39 0.15656989521913767
5 47 -0.0954195372374651
5 54 -0.8930795256016206
5 60 -0.4498891999460337
5 62 0.682458799831565
5 71 0.17903433987050743
5 80 -0.8558964672770746
5 84 0.49185692124054614
5 103 0.936431562249304
5 111 -0.3098803245674575
5 113 -0.9735499120459352
5 114 -0.26787817146603454
5 117 0.29542739491542047
5 118 0.6367410889598564
5 119 -0.4443176723616076
5 124 -0.8755907272456342
5 134 0.5871910323727256
6 35 -0.6569138716568015
6 39 -0.3488685163388341
6 47 0.4471215535122328
6 74 0.7758398696388376
6 76 -0.9368607648337672
6 114 0.646065492661255
6 118 -0.6967477945685767
7 11 -0.7479718758715925
7 16 -0.20905387689371246
7 40 -0.3535632362518566
7 44 -0.5974415224663154
7 45 0.3489035658989219
7 50 -0.7587618051449858
7 53 0.893727325558014
7 67 -0.94942710608548
7 69 0.5461938421056973
7 70 0.39578371404769563
7 75 0.9434326908844382
7 81 0.8821489924314374
7 85 0.488677979350554
7 90 -0.6462415731227655
7 106 -0.7536228345874627
7 117 -0.5009317849700266
7 118 0.44130317989271717
7 122 0.8679144950145654
7 124 0.12648973910914907
7 132 -0.02373217572562747
8 17 -0.04939956671744583
8 22 -0.7832820721135196
8 31 -0.8852113605980976
8 36 -0.658698984555701
8 37 -0.7179588981504581
8 38 -0.04449387221651935
8 47 0.48173282139860163
8 62 0.8946881671363314
8 70 0.557102147729337
8 76 0.1228943113896932
8 84 0.1252593183701567
8 94 0.47985742347045335
8 100 0.22726495307125827
8 107 -0.6424178699995133
8 108 0.7815518258609118
8 118 0.31458665384155315
8 124 -0.27813112106051685
9 21 0.006674322755452433
9 22 -0.30092609578970064
9 30 -0.28632716163659166
9 31 -0.3899951489558271
9 34 0.7037943952300327
9 36 0.5910479656976255
9 42 -0.5092329078302029
9 43 -0.9960674796432649
9 54 -0.9899230549819071
9 68 -0.5804747168202038
9 71 -0.18622320631796008
9 82 0.029711878337126185
9 83 0.545201150681619
9 86 -0.8620986024861514
9 90 0.5146572493514032
9 96 -0.26686053404372045
9 99 0.28923435936231634
9 107 -0.2801035208173106
9 109 -0.10859887837073146
9 111 0.3284568913070083
9 115 0.10692161455997029
9 121 0.520330215454593
9 127 0.5900544885645862
9 131 -0.7613433392522735
9 134 -0.8948198049613554
10 53 -0.8548338897569272
10 56 -0.3882597717411327
10 59 0.10462478332705571
10 61 -0.9989232461109383
10 77 0.5364331244967515
10 85 -0.06414381553012216
10 89 -0.9793830065358797
10 111 0.8925414433299359
10 119 0.4641828360199254
10 125 -0.5474921498004619
11 12 -0.8797594012801664
11 20 -0.11988936151828411
11 35 -0.13753081078660534
11 37 -0.43478241268731765
11 38 -0.15971183179333015
11 40 -0.9059544877654881
11 47 -0.654223030428885
11 49 0.7042150033708734
11 63 0.7293996436649335
11 66 0.5112461451359733
11 104 -0.5620343828687784
11 110 0.45955536887448334
11 113 -0.4296282028562717
11 119 -0.38570305471440025
11 128 0.9202742755688758
11 129 -0.9793373212966763
12 14 0.6707966338538638
12 17 0.018919163712413756
12 21 -0.04027052955651955
12 27 0.9570802223693569
12 29 -0.42293623201771124
12 44 -0.8718599023661948
12 49 0.564404491645063
12 54 -0.2720604791347221
12 55 0.4799304712688668
12 56 0.6172728899169622
12 61 -0.7924641923631259
12 65 -0.8595352636116145
12 66 -0.618281560042431
12 71 0.9258599830936574
12 73 0.5838189010814387
12 76 0.058078512562962814
12 78 0.29333843707017926
12 82 0.48875492570403356
12 84 0.8838405168018919
12 86 -0.5527307625910405
12 90 -0.7901606845114895
12 98 -0.6766835205569879
12 119 -0.4587246087009429
13 18 0.6616756523244864
13 20 -0.7558379600933456
13 31 0.03179165378491078
13 37 0.061786397637897394
13 39 -0.30497042997446755
13 44 -0.38902059243013065
13 45 0.891385460975892
13 56 0.8725959182251715
13 60 0.09328414110378058
13 65 -0.3847933008454667
13 67 -0.5293405348180542
13 74 0.7022995044557578
13 75 0.8540566848752442
13 79 -0.2711967658767591
13 80 0.3070649136995556
13 82 0.5948564745407847
13 86 -0.04939671915242427
13 87 -0.5459765928392606
13 89 -0.6648907803754085
13 94 0.5958449863064827
13 98 0.2569527840943886
13 107 -0.6432910428175749
13 112 0.19229351132102823
13 134 -0.36659204750366414
14 15 -0.7736209181293381
14 21 -0.6170130283999691
14 31 -0.20016841531755958
14 32 -0.5678370242501318
14 34 0.6516724381520933
14 40 0.6474482569865527
14 46 0.007332370459022686
14 48 -0.6100508647416807
14 50 0.4511579167299917
14 51 -0.9406801810005547
14 61 -0.9012924294518625
14 64 0.5210354683250384
14 78 -0.5822789036958054
14 80 -0.9148598507393846
14 87 0.4089734764643902
14 88 0.6405259654252629
14 94 0.33668168421069633
14 110 0.27299665400308615
14 131 0.05376317561170496
14 132 -0.5335492378442526
14 134 -0.9026310031403366
15 22 -0.34753347895363085
15 28 -0.10331384358569617
15 31 -0.4739024695939271
15 43 0.18704409212050388
15 50 0.7831743592452585
15 52 -0.003783592995888041
15 54 0.5577811019512868
15 60 -0.6853991419566754
15 63 0.13618633862595386
15 72 -0.6817436757489312
15 81 -0.5561376762500068
15 83 0.7322905378227276
15 84 -0.11136844515165789
15 85 0.9617419209645108
15 94 0.6583191321026642
15 103 0.7042967328758749
15 105 0.7127878302879771
15 109 0.407358128789578
15 111 -0.9890268092105408
15 118 -0.836358783587998
15 132 -0.7195529824467062
16 21 0.689857889799717
16 22 -0.4318979995546226
16 27 0.6243231332799299
16 28 -0.3275927934024323
16 33 -0.24629222410189322
16 41 -0.8096137055878334
16 43 0.14902833874120636
16 51 0.629549070332581
16 57 0.6062058699233306
16 68 -0.07795408357157485
16 71 -0.4204622464570602
16 78 -0.8275968767125377
16 94 -0.7157367125135887
16 122 -0.9975162348412092
16 128 -0.4048653952820567
16 133 -0.9721367189164174
17 20 0.7255251501238422
17 27 0.9672765125787479
17 28 -0.3271881416608138
17 36 -0.6044541535911425
17 53 -0.9186731513830828
17 58 -0.05603552684185398
17 59 0.17630756019649718
17 61 -0.5513951444960339
17 66 -0.9325618701002709
17 67 -0.22176103999222074
17 70 -0.21404826357564843
17 86 -0.6961757751472413
17 87 0.9380531247941979
17 90 0.667958933652735
17 91 0.838586479219225
17 96 0.36235179270887263
17 97 -0.39917579382238366
17 99 0.8307059210564023
17 107 -0.4359214284194626
17 119 -0.9597362184313001
17 124 0.1670503579150684
17 125 -0.1399194573567477
17 134 0.7261005198438057
18 19 0.46657195939299756
18 24 0.46625916105979903
18 36 0.7037462238372005
18 39 -0.5531832595217363
18 45 0.3437017986733515
18 57 -0.5874973766894549
18 63 0.00849972104575425
18 65 0.006176371124366309
18 69 -0.4688951781750321
18 75 0.22415841291225913
18 97 -0.34977046884510865
18 104 -0.8791686337759075
18 109 -0.108685460324079
18 131 -0.6177908776915555
19 21 0.4957303310830041
19 24 0.8795115359491181
19 25 0.17672987259410733
19 26 0.202158414573814
19 48 0.16891688965452545
19 52 -0.7442091102100776
19 70 0.3341135615245616
19 76 0.00265803843140322
19 79 0.6664450593111293
19 98 0.6177374542299943
19 108 -0.23469991116673472
20 21 -0.7648942624130524
20 22 -0.5826562270622326
20 29 0.09037129783477194
20 38 -0.13779300542486017
20 56 0.29926734322250326
20 59 0.1373070255822333
20 66 -0.2876852117720228
20 70 0.3744426160022145
20 71 0.6623201578106015
20 72 -0.5738321108307789
20 86 0.03724916415424384
20 94 -0.8363447753698918
20 103 -0.903577724322121
20 107 0.8673600586816743
20 109 0.375182847074907
20 116 0.9830394413258527
20 118 0.8499848061925854
20 132 -0.21386959672786987
21 29 -0.26777919039094167
21 32 -0.977555474193162
21 37 -0.28039583906894316
21 83 0.8737762916784799
21 84 -0.962309357224266
21 89 -0.0921194867271462
21 101 -0.05074764711351398
21 105 -0.6076332364602341
21 106 0.6963515328523986
21 113 -0.1400200928750015
21 129 -0.8329554961632335
21 133 -0.14662876192274577
22 45 -0.9664279062650729
22 53 -0.7551441744920544
22 54 -0.5722892659984697
22 60 -0.27065238297431704
22 70 -0.3536651943361191
22 91 -0.16641441140901092
22 93 -0.7516732716441501
22 94 0.6746703062682258
22 96 -0.3094198978753444
22 112 0.4037270305835199
22 114 0.0762367305473528
22 115 -0.8537139576819388
22 116 0.7554054088537461
22 121 0.0015166349590820527
22 127 0.11680944918066327
22 131 0.19479720856145133
23 27 -0.7243367326427452
23 36 0.24229245591140747
23 43 0.02914934215121523
23 46 -0.793185913896264
23 53 -0.7206722526690421
23 60 0.035847998971835215
23 72 0.7425731614930762
23 74 -0.5860899280883853
23 77 0.4261815791318646
23 87 0.7913042251415496
23 92 -0.8124249372771777
23 97 -0.7972985482127408
23 99 -0.32732661718519585
23 107 -0.9908766017137529
23 115 0.8459420461911467
23 116 -0.32876531545188414
23 119 -0.9127245161065098
23 126 0.262405752947074
23 131 0.1278092056057516
23 132 0.2801650632273651
24 32 -0.23341403975881247
24 44 0.35405348684251736
24 48 0.4800781159704979
24 51 -0.19064991402040676
24 53 -0.6939783564724984
24 54 -0.14648110665712166
24 60 0.31617536162122706
24 71 -0.8344945922133176
24 94 0.07565046440906098
24 99 0.6379440973689332
24 100 -0.6907454414003571
24 109 -0.31686275518356477
24 118 -0.2689494057089814
24 123 0.4851847067250503
24 124 0.44297141269055307
24 130 -0.23831767523783753
25 27 -0.579541282008408
25 35 0.322648267871704
25 56 0.5955861783352119
25 57 0.09872133833040442
25 62 -0.5395139185051001
25 65 -0.5800016185571388
25 66 0.5835279329132925
25 77 -0.8108895828721068
25 82 0.22920261372808892
25 83 0.9730422856809824
25 96 0.14867885825820548
25 98 -0.4925023122429897
25 106 -0.5264408280165271
25 107 0.6934117248108278
25 109 0.4414649424898298
25 110 0.6270519534194579
25 113 -0.8325252499009868
25 126 -0.5934796042367383
25 129 0.2003806794153149
25 132 0.7684131838975241
25 133 -0.05067550937024756
25 134 -0.5506385897952353
26 28 -0.1493923867119562
26 29 -0.18597662803876114
26 30 -0.14147139284693377
26 32 0.14091564364412035
26 48 -0.3744776831617602
26 57 0.8506226377946566
26 61 -0.893358200602012
26 63 0.7677111919790798
26 65 0.7441768312976755
26 67 0.8041930246172115
26 74 0.6677976030008388
26 78 0.6411094265657107
26 79 0.3846074241308075
26 83 -0.24050922334882419
26 91 -0.14760071476449865
26 94 0.31392101326723143
26 111 0.26548554018295567
26 123 -0.12462535440004818
26 126 0.7962398974345273
26 128 -0.6530815381298676
26 129 0.8577905133781758
26 130 0.7258526661458324
26 133 0.10033330830713161
27 37 0.8826962845371131
27 47 -0.4040541272971403
27 58 -0.2578875307014359
27 69 0.10795996122386131
27 86 0.9584035178260102
27 88 0.6292099739331696
27 95 0.3554121185082433
27 97 0.5833241126708537
27 99 0.3768715285345041
27 108 -0.9205807172657505
27 109 0.07746544731214855
27 111 -0.24054440739632477
27 116 -0.7224934441891777
27 119 0.6707090125388555
27 128 0.938002276218814
27 132 -0.7482547705043625
27 134 0.6422332551365206
28 30 -0.4333785308672795
28 36 -0.4768206144489815
28 40 0.5048618193371248
28 47 0.9716399347932883
28 51 -0.0006563194009145956
28 58 0.6968193883822269
28 60 -0.043712045907346786
28 61 -0.9774655309728932
28 64 -0.9924859002290525
28 66 0.24342992001002783
28 73 0.08067136117015572
28 74 0.12439504970475879
28 77 0.5509583916180603
28 78 -0.6572937114667678
28 109 0.7307298764661705
28 112 -0.3314972114206154
28 114 0.9531489539798732
28 117 -0.5949612742465051
28 124 0.8470074003348331
28 130 0.8405871271179319
29 30 -0.31635367964389083
29 32 0.6927312192049742
29 34 -0.7095241397202257
29 53 -0.8688257568605218
29 70 -0.12468544415972782
29 79 0.6824151953083117
29 84 0.5366056771425254
29 110 -0.3362482966433169
29 112 0.9909186247428137
29 120 0.05602547641771061
29 131 0.0884188062108362
30 36 -0.9944047580181139
30 50 -0.6527160022740006
30 51 -0.9092522046732021
30 52 0.4648612688560603
30 56 0.8050425946736359
30 60 -0.9544239422541794
30 62 0.7223244278707364
30 66 -0.8552962453111292
30 74 0.628446583490117
30 77 0.7293672452929274
30 91 0.6273851578122112
30 95 0.31533936994598033
30 100 -0.5035986366796099
30 112 0.4385706528690345
30 120 -0.5500140326875882
30 125 -0.646377323212814
30 129 0.12316744419684156
31 42 -0.0011307636725750303
31 51 0.5104142550192847
31 55 -0.9115908722959176
31 61 -0.4046778797682262
31 63 -0.8129664723812728
31 72 -0.11553199910691703
31 100 0.5498215331552261
31 105 0.10515637051603188
31 112 -0.9645325489336423
31 120 -0.8918757671469382
31 129 -0.17938917385978836
31 133 -0.870958654678929
32 39 0.3741023832213617
32 42 0.9662388849331474
32 43 -0.5649272486302834
32 71 0.4412365545199608
32 87 -0.44438604207400023
32 92 -0.892303481112132
32 100 -0.5548989969311959
32 104 0.8958025530431648
32 107 -0.2091491353207282
32 119 -0.6829141202296889
32 124 0.35625762797000227
32 128 -0.6871428953439309
32 131 0.9072899404877832
33 37 0.8952474189879034
33 38 -0.502247044413819
33 39 -0.0157790194512073
33 43 0.011343439157724733
33 50 -0.9940192541863022
33 52 0.724976344471508
33 53 -0.03424269738786534
33 60 0.42818243194220873
33 63 0.38832023413135297
33 64 0.5505420073832155
33 70 0.24329059797635955
33 72 0.200293471252049
33 78 -0.0950004928187489
33 80 -0.8425558261035682
33 81 0.36449052581641683
33 82 0.12943168095014945
33 84 0.9244558194491745
33 100 -0.926267841042768
33 109 -0.5942529615895604
33 125 -0.036280092358487614
33 132 -0.8187850456017072
33 133 0.27810796726537745
34 48 0.04864744830052681
34 61 0.036357714293687726
34 66 0.157447035073226
34 72 0.17951193108661134
34 73 0.24351523910694173
34 77 0.9497650314880981
34 80 0.5959096561618973
34 97 0.4216819657179516
34 113 0.9975107299599084
34 128 0.5521393492696789
34 131 0.14406810242691437
35 43 -0.5698130440063194
35 45 0.7792459567586316
35 48 -0.4849315054451542
35 50 0.6099470176865049
35 51 -0.44861490726773434
35 56 0.2716763545168852
35 58 -0.13620261127252564
35 59 -0.45858554394751305
35 70 0.6144668138041081
35 81 -0.21844336686629773
35 87 -0.8089364173057085
35 93 0.5994204625299462
35 99 0.6191357409419915
35 113 -0.02964478842977969
35 118 -0.6160945490757683
35 121 0.43964725401866067
35 124 0.6436938483817307
35 126 0.7758611110592482
36 38 -0.3085698545832223
36 54 0.6695489465126634
36 57 -0.9320135489173165
36 60 0.30696243082269303
36 70 -0.6335670478366096
36 71 -0.4667533288694954
36 72 0.6553436671794481
36 85 0.5081323086752767
36 87 0.030653394744989182
36 88 0.8459664892109462
36 111 0.31767156206994973
36 117 -0.3732717654673825
36 120 0.5661884561642283
36 127 -0.8880812178482222
37 40 -0.3620160625353539
37 44 0.2551915493018615
37 46 0.8631938914397725
37 47 -0.31615647632476596
37 48 -0.6027343841431536
37 59 0.6892772542025656
37 71 -0.4330295260005228
37 73 0.6165208607780499
37 77 0.8373194408636668
37 80 -0.8957875156885022
37 86 0.07681688056238034
37 91 -0.8515527124656084
37 93 -0.19138487809112203
37 101 -0.4669627616297798
37 115 -0.17294859947724817
37 118 0.2784439329751023
37 120 0.5562394038036864
37 122 -0.11929906035348425
37 130 0.807812565852811
38 40 -0.4059236995710549
38 45 -0.9680292035051052
38 49 0.13254589563589803
38 55 0.5714318185066676
38 56 0.19608917864876552
38 61 0.03323023105706513
38 63 0.9509284453656122
38 74 -0.6649425568800824
38 76 0.10100648363783149
38 77 0.8294631076409367
38 86 -0.2336491068401476
38 95 -0.9962525503511133
38 100 -0.20764736431830055
38 103 -0.16197458514046326
38 108 -0.49620480901464403
38 111 0.14515775589023505
38 113 0.24728608965438537
38 120 -0.2908864134814726
38 121 -0.6486903599087737
38 129 -0.5426984743931997
38 131 -0.8556754439164258
39 45 0.13796470644415604
39 56 -0.3988893562954339
39 62 -0.20966912612351085
39 68 -0.9284380156506258
39 78 -0.7736026291892772
39 81 0.12949072962432018
39 84 -0.5328098473334641
39 106 -0.40393462827798166
39 111 0.040271718954860036
39 120 -0.5868896045341303
39 123 0.9663281899509977
39 133 -0.15505932649000354
39 134 -0.5113392824685381
40 46 -0.8377331243149899
40 48 -0.21002006077176905
40 50 0.03154471802401382
40 56 0.7294909959268849
40 61 -0.07768937148414867
40 64 0.1598944344786446
40 76 0.4848112438197498
40 78 0.37586748191908903
40 83 -0.6127948758393449
40 93 -0.13032420624075103
40 99 -0.4029973143326362
40 102 -0.36152284927371636
40 111 0.9068035592230324
40 118 -0.2392149092262228
40 125 -0.7072462356647062
40 128 -0.0025213606722647164
41 45 -0.045613582396098584
41 46 0.9419216812623599
41 49 -0.3132481574437853
41 51 -0.8764007576580028
41 56 0.41284510718039313
41 62 0.3074417120716102
41 63 0.8056011547487847
41 84 0.0951754018373685
41 85 -0.008031650400610824
41 95 -0.2943922577119653
41 101 0.5817495088194824
41 102 0.12675919074237574
41 114 -0.85285687055469
41 118 -0.01206300334648791
41 119 0.3751476242810481
41 120 0.9549213246038608
41 126 -0.7288946111010717
41 128 -0.06012887859103233
41 130 -0.36183181318469293
41 132 0.7894345582532556
42 58 -0.5747713494794424
42 65 -0.30138468309807687
42 67 0.15936657333634674
42 69 -0.14960453366757065
42 71 -0.03053834616722484
42 72 -0.8824107989688279
42 76 0.5720060137905527
42 77 0.17480679555229317
42 84 -0.7656302068794174
42 86 0.860000864694801
42 116 0.7495441484740171
42 121 0.6300723283454042
43 44 0.9449508352630276
43 48 -0.18580444345978542
43 50 -0.9433319301593885
43 61 0.22728979534663107
43 63 0.6259622299181165
43 108 -0.6623527203436774
43 116 0.5214901882582348
43 117 -0.34806537333322374
43 120 0.874021993652063
43 129 0.25296925493243916
43 133 0.3911198896590251
44 48 -0.9581130491056715
44 51 0.37064959897809
44 53 0.6016265130604954
44 69 -0.016272028198939248
44 81 -0.4021969449001581
44 86 -0.3531311063531144
44 92 -0.1393448585618875
44 106 0.28476834976495
44 111 -0.08340705292303952
44 114 0.6625161897862875
44 115 0.2865849461381065
44 116 -0.5038967305396409
44 117 0.39634063697436206
44 123 -0.8523661191264662
44 127 0.5628286673525515
44 132 -0.9956949639816199
44 134 0.8200638366077806
45 48 -0.22422923351240565
45 62 0.8524210321780692
45 72 -0.8163598170259796
45 87 0.9662360174168203
45 93 -0.42848092019193684
45 98 0.6947063783377354
45 101 -0.11599089672246188
45 106 0.5144842098014284
45 113 -0.514112465573666
45 125 0.22980849562960715
45 126 0.5236074319683597
46 62 0.1704319308167801
46 66 -0.8163712969341681
46 68 -0.420103374550012
46 75 -0.19071543992354156
46 79 0.7568087279992668
46 87 0.031230836133730344
46 91 0.894810564293075
46 97 0.5714424709231296
46 105 0.1892806662853712
46 115 -0.9589173612670256
46 130 -0.8353691947085968
46 131 -0.6725368410570949
47 53 0.18611017101645588
47 55 -0.9941906933409026
47 73 -0.9845518644180089
47 74 -0.7404527142269202
47 78 0.4358722245936977
47 92 -0.7936964388302394
47 93 0.2636856376405152
47 111 0.7383564665722084
47 118 0.39436893961216923
47 119 -0.861012355523707
47 130 0.4720441249138383
47 134 0.44525687520443213
48 71 0.5668531897580873
48 77 -0.7210926502176893
48 86 -0.988724355060522
48 92 0.3328901602619112
48 96 -0.20367755755824435
48 98 -0.49484127783628074
48 100 -0.4410840634517983
48 112 0.6835806360090873
48 119 -0.9025730161186962
48 121 0.4653706563461104
48 122 0.4720090076066179
48 126 0.617100451358289
48 128 0.01973904792237624
48 130 0.17591157748012054
49 51 0.6754300251603405
49 56 0.9064482484683971
49 57 -0.5360096486747092
49 59 0.5394850442731205
49 72 0.8329167650511953
49 73 -0.965820282742339
49 74 -0.9663615331270965
49 75 -0.7873902214788557
49 76 -0.3452814924668395
49 98 0.5481247307300849
49 100 0.6098175075455865
49 114 0.5980426071871348
49 126 -0.8067411970931526
50 78 -0.30694238149805764
50 83 -0.6208206986357787
50 84 -0.5662956843498055
50 90 -0.284990818939163
50 94 0.08534451124066345
50 102 0.4391335980336717
50 116 0.2143465702240981
50 117 -0.7357444721335504
50 124 0.3436314160422296
50 127 -0.4512162954852825
50 134 0.9225875951335814
51 71 -0.9222071687020477
51 75 -0.5448095935414095
51 82 0.22727778665773313
51 88 0.5967827614319519
51 95 -0.6340130776896176
51 96 0.294748533706388
51 101 0.04944699046825929
51 102 -0.23648064061550356
51 113 0.5874788444274137
51 114 0.6083343371902707
51 115 0.5792376461083364
52 54 -0.1485884112623752
52 58 0.6337469015170751
52 77 0.5936029377659913
52 83 0.08185979737575977
52 87 -0.7914411435751951
52 110 -0.877542408147169
52 112 -0.7838761515801276
52 116 0.19997900227268706
52 121 -0.25843266900725137
52 123 -0.020334315942912573
53 66 0.4378901970309974
53 67 -0.880998134354227
53 72 0.04269930930164745
53 74 -0.9561365465274023
53 81 -0.7363362436339818
53 85 0.37045332609703374
53 99 -0.8369030213730535
53 105 -0.9889319714053431
53 120 0.9132837239407658
53 123 -0.8843482714752506
53 124 -0.5269601045314001
53 134 0.1437209540796376
54 62 -0.4920021382900286
54 67 0.5406729989110945
54 69 -0.565298424722253
54 84 -0.7281110638412129
54 90 0.49328286758247963
54 93 0.4271899891567206
54 94 -0.09544855569283062
54 97 -0.747656508742093
54 99 0.6518745939867459
54 102 -0.2756494504313589
54 103 0.2549941262970177
54 113 -0.05284471712895367
54 115 0.9713750431269776
54 117 -0.7379377122562714
54 122 -0.6007894155699307
54 129 0.5336187718854801
55 63 0.17113155918626144
55 78 0.49491445195833306
55 82 -0.7230488755881115
55 93 0.46400045395665357
55 117 -0.053966048009268075
55 118 -0.5030919053261007
55 123 -0.4262917215513138
55 126 -0.9664189766323452
55 127 -0.8295806025997758
55 129 0.4641184750965328
56 69 0.6583053830452972
56 79 -0.3287006641582695
56 81 -0.6438756747864829
56 83 0.6031452551399838
56 87 0.9747245997179044
56 103 -0.8128642214051656
56 119 0.7442684052369437
56 124 0.00494929337760186
57 61 0.49628257212667104
57 62 -0.8998532409743127
57 65 -0.5352503313713799
57 85 0.9559693827077964
57 86 0.2874463628926385
57 88 -0.7705136873735106
57 90 -0.04054649766723428
57 95 0.0286428886229515
57 97 -0.5883050440008917
57 99 -0.4288938905482822
57 106 0.9732416401609618
57 109 0.9203691916736012
57 119 0.20329319591967887
57 124 -0.4364429177934901
57 125 -0.12712179443508154
58 63 -0.10767824970848205
58 65 -0.9675689292932108
58 70 0.5935663496542096
58 85 0.0971424481547889
58 98 0.649272593626232
58 106 0.5242381643774865
58 114 0.6155951735423457
58 118 0.3835474288891696
58 124 -0.8907229963079775
58 129 -0.2676431239742816
59 65 0.5486365276512766
59 76 -0.33310847493816653
59 90 0.45468017030591223
59 100 -0.3466478999373328
59 105 -0.7201531253953755
59 121 0.04997541768848768
59 123 -0.9693532546401082
60 62 0.9429181749675244
60 63 -0.3641616382691988
60 64 0.5238475985967213
60 78 0.0489148572103677
60 79 -0.9472000180083338
60 85 -0.14981432131245875
60 101 0.8362819247096862
60 109 -0.7541714184915644
60 114 0.28156528735479824
60 115 -0.3349491416478183
60 121 0.9064997838564475
61 63 0.3546985842635766
61 66 0.9390899378819715
61 68 -0.570959236853813
61 82 -0.7425981809269706
61 87 0.5376923678180581
61 89 -0.5720849581380332
61 99 0.5539181878497605
61 119 -0.9378825167104008
61 134 -0.7568445674444788
62 67 0.483130699555403
62 70 0.7789378333681196
62 75 -0.2204850089526833
62 82 -0.5979868277090303
62 86 0.006286542570850262
62 88 -0.5925982232320703
62 91 0.72336604820683
62 107 0.06150735281445119
62 127 0.920935598138793
62 130 0.8915872576755395
63 83 -0.2348868367756809
63 88 0.7842482974336062
63 96 -0.6890580574692575
63 97 0.2165501573036024
63 100 0.17619727442088307
63 103 -0.9968258404843264
63 104 0.49932820908223485
63 120 -0.42023798963134773
63 121 -0.7250183743851506
63 123 -0.4611886657531383
63 125 -0.6023987903082217
63 132 -0.26994531259586085
64 78 -0.8678789415593058
64 81 0.97344598373561
64 86 -0.898404367133429
64 95 -0.3777706408735264
64 106 0.8760823518953316
64 109 0.15359859798214304
64 112 0.2560591929243299
64 117 -0.7154160508066219
64 118 0.3869983487724704
64 120 -0.003976287644227305
64 124 -0.046541871404174096
65 77 -0.87161540143604
65 79 -0.7690505863287211
65 80 0.4818406649557925
65 81 0.3692269011381679
65 88 -0.6405160035296189
65 89 0.5255287102081081
65 91 0.1282893824332838
65 93 -0.23712312569616123
65 123 0.7438885254379011
65 127 0.17945210811940826
65 131 0.6310473541988904
66 68 -0.7571965394608635
66 69 -0.4145130274099076
66 70 0.4181330153103955
66 73 0.36064105138205016
66 76 0.6180395727974684
66 77 -0.9923481159367793
66 88 0.47947543903792544
66 97 0.053397909311754255
66 106 -0.6412501569795992
66 109 -0.44126363094505416
66 113 -0.5064904825222272
66 122 0.8417203776375008
66 123 -0.8612379882288208
66 124 -0.4597867384761809
66 126 -0.7481994070166094
66 130 0.6123475029485224
67 73 0.12607328919285732
67 78 -0.5598585951211996
67 80 0.7815409380464384
67 81 -0.051867499559265395
67 87 0.60890249769443
67 94 -0.9834458587953996
67 99 0.817932793597135
67 103 -0.22593346267960368
67 104 -0.681032956717335
67 105 -0.016793608813183036
67 112 0.18914375452298082
67 113 0.7597527159200386
67 114 0.9858748435285059
67 119 0.40689595480899343
67 120 -0.609982531746539
67 132 -0.23516664527343
68 80 -0.6087672679353611
68 86 -0.7059807749293885
68 95 -0.5431300508179957
68 99 -0.5226194924076488
68 105 0.4656478040114216
68 128 -0.4529082910513482
68 131 0.39094362195034926
69 95 -0.5236487403849392
69 99 0.04362581748581107
69 102 0.9007770380222939
69 114 -0.6927122624435562
69 127 0.07638680047732027
69 131 0.2005653698166301
70 91 -0.6267122040440014
70 92 0.8378582621920341
70 95 0.6885840290017349
70 97 0.7788614049231779
70 98 -0.2776237366643113
70 121 0.23803977124709497
71 75 -0.20983936175269036
71 79 0.5405690052964627
71 86 -0.8533831383810095
71 88 -0.8615620586585833
71 89 -0.8845076220706993
71 98 -0.9520468686235459
71 104 -0.05577916134906724
71 118 0.6920640796902879
71 119 -0.669010825622945
71 120 0.9482435649288645
71 124 -0.8442615545724896
71 131 -0.4489549084694817
71 132 -0.4368748125430031
72 73 0.2817516941371556
72 94 0.4260479090800413
72 98 0.9023288463891816
72 102 -0.13765002176140584
72 106 0.8824601239870509
72 108 -0.0283671499552256
72 113 0.34562831460471966
72 115 -0.09380268388766444
72 119 -0.47453464289439795
72 120 -0.5997905336686067
72 125 -0.10023845587909919
72 126 0.004349340909766575
73 78 0.16402276817593675
73 82 -0.8649790951555352
73 85 -0.15938831064201375
73 93 0.1861999572575035
73 94 -0.1310650702566729
73 98 -0.5473266866483568
73 101 0.49939225439031265
73 106 -0.011855126664702231
73 121 0.2437969391518542
73 122 -0.7218944222788737
73 127 0.2735313020691681
74 77 0.8541207322865747
74 82 0.6214340484829288
74 87 0.9949059065226806
74 97 -0.166958092535326
74 105 -0.1709683277043379
74 111 0.3011205189616417
74 117 0.4944455645080028
74 127 -0.16726933495404195
74 129 -0.9279244319044768
74 130 0.604426523507777
74 131 0.9839141976655301
75 76 -0.6618160955444949
75 77 0.9931173975791887
75 82 0.19478752878048922
75 87 0.7114947441641282
75 96 -0.48356041132778516
75 101 0.39489392941652035
75 103 -0.43959371236328537
75 105 -0.20798168178707277
75 116 -0.413854610033382
75 118 -0.9524181715132365
75 120 -0.02110530120570764
75 131 -0.9737046267467289
76 79 0.07033537296331627
76 81 -0.4533740907445094
76 91 0.4826240713794301
76 108 0.2335495577941975
76 110 -0.43755684572862186
76 115 -0.3016466946501688
76 122 -0.9890137259895158
76 124 -0.7909819866218244
76 128 -0.8008860161950815
76 133 0.23658086509888498
77 79 0.5048716845980485
77 83 -0.9961731334261124
77 95 0.5303273955467571
77 99 -0.031159617031145892
77 122 0.2625451027584591
77 126 0.561054551865777
77 129 -0.6982729456656409
78 82 0.8647332662837266
78 83 -0.22756656862695634
78 91 -0.8036045644859597
78 92 -0.21753485001426998
78 115 0.5172895678935623
78 116 -0.37556686726057853
78 126 0.04831561568985432
79 80 -0.5664368508211497
79 81 0.9887080118146796
79 86 -0.5367705939310494
79 87 -0.7273094049502191
79 90 0.46572445863951684
79 105 0.3395693621417395
79 119 -0.8799336955477057
79 122 -0.26065465026599277
79 123 0.7812011134886325
80 81 -0.7962371462788707
80 85 -0.9944441035816367
80 88 -0.06992085280098226
80 89 0.5125458828237115
80 90 0.6877297923144723
80 92 -0.05809181165823074
80 93 0.6906161474328605
80 103 0.7426394735652464
80 110 -0.9606897064236264
80 120 -0.6204730251087271
81 91 0.4968040007737522
81 110 -0.4249370058775592
81 111 -0.907421647236877
81 112 -0.022060771136829027
81 119 -0.5353740204693711
81 129 0.627906517258956
82 108 -0.33525275938816024
82 111 0.5921299335737107
82 113 -0.7774129321265744
82 114 -0.22285801191133725
82 120 -0.49575635835376963
82 124 0.027925282046416866
82 129 -0.0325064714273926
82 131 -0.9720428144772049
82 132 -0.9632281344228335
83 92 -0.8266349784889047
83 95 -0.4352739410036941
83 110 -0.751460090279283
83 116 -0.9148451441439582
83 119 -0.17642544620046463
83 123 0.35101339197148396
83 127 0.6623213802792551
84 86 -0.386008213348217
84 88 -0.8773125210847876
84 93 -0.4690508738323531
84 115 -0.7314367149059626
84 119 -0.5236098042014126
84 131 0.9677817571984062
84 133 0.04502936674942193
85 88 -0.4505764736993696
85 90 0.6239057733024518
85 93 0.09731766208089887
85 112 0.36381369857008483
85 115 0.26569215019938075
85 121 0.3216286350954216
85 134 -0.23530738669571605
86 93 -0.8286580659843141
86 109 -0.15356483899256546
86 111 -0.4791642538613332
86 113 0.47240295871663784
86 130 0.05141914914428791
86 132 -0.1056626485958414
87 94 0.4371733486737268
87 96 -0.785834470307853
87 101 -0.8206966697328737
87 103 -0.8435367875600894
87 105 0.03987275398251455
87 122 0.43614401778699885
88 93 0.6680056511314982
88 95 -0.06256945514950396
88 96 0.015628994006734453
88 105 0.4694137467194064
88 106 -0.585832490310443
88 108 -0.3125841703367509
88 123 -0.8482622098909212
88 129 -0.4350717879930077
88 134 -0.7056171373563715
89 107 0.8698490521538611
89 111 0.5154301003029464
89 113 -0.6747877244902427
89 117 -0.4968493305822965
90 92 0.7428844479084706
90 94 0.8607408454168113
90 95 0.1600888679269059
90 97 -0.0887653100232888
90 100 -0.7081040274091628
90 103 -0.3850780916683707
90 109 0.8413103508884667
90 114 -0.7114855207508957
90 115 0.9271406237063664
90 116 0.06131845878281239
90 120 0.5162162568391973
90 122 0.07497102273677547
90 123 -0.5277476304791493
90 127 -0.9434867273759127
90 130 0.7981969576819419
91 92 -0.13452639134419497
91 117 0.04152340372792729
91 130 -0.9585844685529035
92 93 0.5553786807545182
92 94 -0.38043089609478953
92 95 -0.5678772238086476
92 107 -0.8258106594027588
92 108 -0.7176821958214159
92 111 0.4150955848835405
92 119 0.9578131606343827
92 120 0.5866104484830277
92 122 -0.842230039129394
93 107 0.8515828888373793
93 118 -0.010244750422765403
93 132 0.5272771150275339
94 98 -0.8666339512445758
94 103 -0.4136573847258367
94 115 0.7493167030718877
94 119 -0.36757982464465133
94 120 0.8706939180265238
94 128 0.8168938886415302
95 99 -0.9240915703984762
95 109 -0.8101006487533675
95 126 0.21043711739894677
96 103 -0.3346497567165698
96 119 0.07732044415936512
96 124 -0.8163263073549929
96 132 0.18060346132260485
97 103 0.18434513103926564
97 111 -0.7717689269867569
97 114 -0.935680434338668
97 119 -0.4766915290871936
97 121 -0.17093117422225967
97 125 0.8878017130724651
97 131 -0.13119098364934167
98 99 -0.8669109780827924
98 100 -0.1107479828919935
98 133 0.9906342748681143
99 106 0.7423550144972109
99 119 -0.5253489753107123
99 124 0.4506947660977976
99 125 -0.9352071111284179
99 130 -0.09277456715364907
100 104 -0.962232959251009
100 106 0.31190751650652104
100 119 0.5572480187629512
100 123 -0.8301988032416379
100 126 -0.09327110776818048
100 127 -0.03284147865014164
101 102 0.8381091903466749
101 104 -0.34406410457425385
101 107 -0.1022497553371724
101 115 0.9269647499742866
101 120 0.12624286233826165
102 104 0.7558405019341234
102 123 -0.6950181533781468
102 128 -0.42372452402429817
103 107 0.9077419440339207
103 108 0.6042998432954014
103 109 -0.6457224707976583
103 121 0.26244164887597154
104 112 -0.6926942960892548
104 123 0.2956374694086472
104 127 -0.8091920123251624
105 114 0.829419661387574
105 117 -0.8705612750254632
105 118 -0.8598907600591827
106 107 0.738887341242167
106 121 0.29813944987623064
106 124 -0.6671314794649519
106 128 0.4745325187601037
106 130 -0.12575869815251717
107 122 -0.0324669267482558
107 124 -0.01687693812090907
107 130 -0.054316340502355676
107 131 -0.8964802323820731
107 134 -0.5821298352826152
108 112 0.8362782670151474
108 114 -0.5790434480717046
108 118 0.3418674715564045
108 119 0.5949267767643542
109 116 -0.917135249783571
109 122 -0.8812584220495872
110 121 0.8368206876450757
111 112 -0.7197189615697153
111 113 -0.9196685389023165
111 117 0.931373040959677
111 122 -0.17528065006697013
111 127 -0.5778351373366006
111 128 -0.032385090053917986
112 113 -0.9402790430165959
112 115 -0.17096470646509543
112 116 0.12030423815044977
112 118 -0.9781881904245855
112 128 -0.6424238850523072
113 114 -0.24281352479741725
113 115 -0.18857642104207017
113 122 -0.7255398239805924
113 126 0.6660167754254136
113 133 0.12813932531157146
113 134 -0.6156747245886951
114 133 0.7441541147840889
115 116 0.310840618965438
115 122 -0.6434558137022335
115 127 -0.42191320763835494
115 129 0.304573448948086
116 120 0.44543503036565113
116 121 0.6085920505331897
116 125 -0.1659581411752149
116 133 0.914122106082689
117 131 0.7651931183156502
117 132 0.04552894649727768
118 120 -0.4559971518033392
118 133 0.6973103913441054
119 125 -0.4428122091399187
119 129 0.4022379172971515
119 133 0.29237768395757247
119 134 0.08156008482037347
120 128 0.9050326391949408
120 129 0.53497414286157
120 130 0.2668017462385788
121 127 -0.3815530623428931
121 132 -0.2509640719731272
122 134 -0.9058164173618779
123 126 -0.8102762057970472
123 133 -0.6595596527099741
124 128 0.1303594144044844
125 129 0.890309765477727
126 132 -0.2510162168432901
128 131 0.6999198028409948
130 133 -0.9978490314672583
130 134 0.8470021060170483
