115 1350
0 -0.2093486283139261
1 0.6438744662571503
2 0.7341096879526912
3 0.5879031533180794
4 -0.22190623101392815
5 0.2723694584689067
6 0.09799030739468328
7 0.4903767043622489
8 -0.9891394628211962
9 0.40040556547978134
10 -0.44448777826532715
11 0.35464073476288216
12 0.5440989884885745
13 -0.8718041033028432
14 0.5420517782252829
15 0.3774322733428612
16 0.39003682426976716
17 0.9764982499637234
18 0.36519084483633746
19 0.3304645559584012
20 -0.815056451221357
21 0.6683066219321638
22 -0.04741774724027947
23 -0.6553329376222623
24 -0.2665977944221556
25 0.24902391596550055
26 -0.10576113678395394
27 -0.8791409262659415
28 -0.3311455893240125
29 0.7187027095883034
30 0.7503657754817492
31 -0.061066300949360164
32 0.15496692244629773
33 0.9949501287969325
34 0.023986924189505432
35 -0.905916723602864
36 0.12108630141391918
37 -0.6661570181373553
38 -0.9310643166818429
39 -0.9306639672221784
40 0.8168342219507514
41 0.9085883409281006
42 -0.6098170480303509
43 -0.5186581856989823
44 0.7703366894058061
45 -0.6657554617368788
46 -0.376788936867372
47 0.7184817216219803
48 -0.29092455644131965
49 -0.48776831024662637
50 0.01302070139146716
51 0.37273699220670253
52 0.7241533588000411
53 0.9508432191876777
54 -0.9770251143300228
55 -0.634006914530526
56 -0.9299333667597387
57 -0.7583403443770451
58 -0.7813121648583206
59 -0.8740161653355263
60 -0.8901955399064236
61 -0.08517515391348174
62 -0.48543559454955965
63 -0.8590471765784333
64 0.6347396968549752
65 0.365082681871312
66 0.8618001894489111
67 -0.05598468934052492
68 0.6402662868336106
69 0.9208019127915779
70 -0.6118109868430945
71 -0.01791759051453723
72 -0.3311891148128576
73 -0.8835306106358485
74 -0.23298867702994053
75 0.4752927932417914
76 0.6039705688373735
77 0.5075436874316941
78 0.41197679061345904
79 0.3629330479792816
80 -0.019586850039328807
81 0.7239146756263704
82 0.28104578118134316
83 -0.4384113074032754
84 -0.2692795489664406
85 -0.30139919816735894
86 -0.7096420908437577
87 0.6160389831952995
88 -0.250980849829181
89 0.8657633563275902
90 -0.3019477179577823
91 -0.45048657005302073
92 0.6058143795941038
93 0.13511590820326913
94 0.2560984611117523
95 0.14331842186058585
96 0.7634635281047155
97 -0.2091495977012161
98 -0.22587853206055608
99 -0.7692661584850442
100 0.7580408624500596
101 0.035855307160560956
102 0.27672797147556194
103 -0.19754158282941758
104 -0.1704881773307958
105 0.46938714148239247
106 0.39289856543981005
107 0.6925652196611469
108 0.29378887653071906
109 -0.30114487937730616
110 0.899736905489239
111 -0.15811549817684534
112 -0.31980613955662696
113 0.8201616602758883
114 -0.18064705002630643
0 4 0.40377751476266277
0 19 0.1842097687058375
0 23 0.893835953465113
0 27 -0.5793189297233794
0 30 0.6681964078331546
0 35 0.20412932318215193
0 48 -0.22992895389502976
0 49 -0.8286095392906916
0 50 0.22733046295921144
0 61 0.9565403597446112
0 62 -0.6969235436553556
0 69 -0.7147127464243404
0 77 0.11662686850242143
0 89 0.12081125900365319
0 97 -0.20254780666234673
0 104 -0.9038995940826995
1 4 0.5532069144779008
1 14 -0.15118406928871475
1 18 0.7676756819437824
1 21 -0.6485727733541211
1 25 -0.02273480289951091
1 26 -0.19260856975623608
1 31 0.5435093505506201
1 34 0.8244994869076774
1 40 -0.9939862724426696
1 42 0.5808141502165864
1 48 -0.6413633096952909
1 55 0.4092205962713298
1 58 0.015527553996662391
1 61 0.23238713403836808
1 64 -0.9721830693428437
1 67 0.8338578531653054
1 70 0.7663619531463841
1 73 -0.9303530316717199
1 76 -0.9368947938879413
1 90 0.08389294177611073
1 91 0.38390945897695605
1 99 0.019028233977625986
1 104 0.9184973633902984
2 4 0.22120965542195914
2 11 0.39406976779663494
2 12 -0.7977755049148367
2 23 -0.34357264741412874
2 24 -0.7699639009213015
2 33 0.14554470350528836
2 36 -0.7459816345117598
2 46 -0.29826994195141987
2 47 -0.580936906410557
2 62 0.724803078805452
2 67 0.7312149723787411
2 68 0.3065254364726031
2 79 -0.2152074810148643
2 83 -0.4223899641276805
2 86 -0.041323211520229775
2 94 -0.0892413434868724
2 106 0.30827632803326255
2 111 0.44537001900170603
2 114 -0.45530359522651076
3 11 0.7923582969063878
3 15 0.32019050151557527
3 21 -0.03386148035096692
3 23 -0.6547302264217503
3 32 0.533887270812039
3 33 0.28298933635252643
3 35 0.7173106141359982
3 46 0.2928553947599295
3 63 0.7887470366525202
3 77 -0.0044661674655781525
3 78 0.7992450272667995
3 79 0.40596010337951705
3 82 -0.597257355661829
3 84 -0.7400138142088535
3 89 0.8701489034823002
3 99 -0.08152057564857573
3 101 0.061971765055546024
4 8 -0.9400100504189055
4 17 0.22638480041111064
4 24 0.9575079327583544
4 32 -0.002151737313534019
4 36 0.6299802137063037
4 37 -0.06322826484489519
4 38 0.63154442366953
4 39 0.9836996321397469
4 47 -0.5126807021532962
4 49 -0.5533739053165163
4 53 0.9517465323396128
4 56 0.33960456611210454
4 62 -0.8315838168384788
4 66 -0.6463500857545859
4 68 -0.030232196554124124
4 74 0.5138213032959802
4 78 0.2011699050101483
4 79 -0.23884288777652718
4 83 -0.9131217029193255
4 100 0.7112222304315117
4 101 0.7380203405414603
4 103 -0.3397516926650872
5 13 -0.7647695943469845
5 15 -0.20326121499983207
5 16 0.49544671225342385
5 17 -0.6208507434121635
5 22 0.13299037497189903
5 26 0.2819125546601675
5 29 0.8242771754767235
5 33 -0.41748779668993485
5 38 -0.5827172657046868
5 42 -0.9594818235336036
5 48 -0.038827956050699886
5 54 0.20885476163540173
5 56 0.6003005402236368
5 58 -0.07357785126508132
5 63 -0.11946946268070513
5 67 -0.193751232986487
5 68 -0.5022086918640778
5 69 -0.47059628027066336
5 74 -0.6647192653434897
5 75 -0.9725346387892544
5 76 -0.46510677751351603
5 79 0.5317903766725465
5 96 0.03822292824435625
5 98 0.5703944908678764
5 102 0.9075013372649636
6 10 0.48678002332713577
6 19 -0.6332560648526699
6 21 -0.09458209196660805
6 23 0.3335611240497649
6 45 0.06306213000943317
6 47 0.7724699033188489
6 48 -0.07832267477792798
6 50 0.14289804213738067
6 67 -0.08730968826987628
6 70 -0.8018199824657808
6 71 -0.2727799052384263
6 76 -0.5393939311376383
6 77 0.33919646748522814
6 87 -0.48430435379503733
6 90 0.10720664480625097
6 98 0.1699170950841533
6 100 0.6349705315849334
6 105 0.7443154102991534
6 110 0.31871928454937004
6 114 0.3335618014609145
7 16 0.4957639097103044
7 17 0.5651046385905378
7 20 0.3104921545312671
7 22 -0.32460844855821436
7 40 0.8337025505778974
7 41 0.41603353160570267
7 44 -0.07331945127448902
7 54 0.0687988895330005
7 57 -0.8781080309473066
7 67 0.7844957974512778
7 72 -0.8868026929868429
7 73 -0.4437065670678144
7 75 0.2143531583058833
7 79 -0.45136741625469745
7 88 0.045866160464020034
7 90 -0.8499275489612637
7 98 -0.9141742368559769
7 101 0.8603085367979015
7 107 -0.9242338838659003
7 109 -0.6310911130873993
8 19 0.15001092969311136
8 25 0.7717347546210731
8 26 0.00011467227165651295
8 31 -0.16701258127644092
8 41 0.7515017980942127
8 49 0.3717112951597519
8 64 -0.4207500968603717
8 65 -0.5308552169569527
8 68 0.622714668684883
8 73 0.9255768470082371
8 76 -0.961705424151635
8 81 -0.8951436744309891
8 86 -0.13185290753820578
8 97 -0.1708950600507233
8 98 0.9717587190264916
8 99 0.9673400384395907
8 104 -0.8774496152060784
8 109 0.5088365710083447
8 110 -0.4610398594371068
9 18 -0.4390846732714899
9 19 0.9844677969106364
9 31 0.75308240521723
9 36 0.03377369373735939
9 37 -0.5586682522159583
9 41 -0.44565005854793704
9 57 0.6668206213022849
9 58 -0.44280309071113266
9 70 -0.6198756655446129
9 76 0.7858428074207888
9 80 -0.80607720639991
9 101 0.9744016515320457
9 104 -0.5643764587512115
9 108 0.8821526709991319
9 109 -0.06023043167557507
10 11 -0.7841118260015412
10 13 -0.3316358177004399
10 27 0.5023122396529318
10 28 -0.8732473864583479
10 29 0.373773933164371
10 30 -0.9269261620804197
10 34 0.7633444449876468
10 44 -0.8653091519090597
10 52 -0.846215190900528
10 54 -0.21837041267923163
10 57 -0.03190359957451028
10 63 0.36489421836488867
10 72 0.173415588454372
10 73 -0.2544106067689771
10 74 0.543613635070016
10 75 -0.4092529471397659
10 78 0.6754185872221035
10 79 -0.77495636772912
10 81 0.158413682953235
10 82 0.596325587378234
10 91 0.1856820434349693
10 93 -0.09626610450437889
10 101 -0.5995631563206434
10 106 -0.5564408246049299
10 108 -0.7547404941581937
11 24 0.925439724118287
11 27 0.5074633497299705
11 29 -0.18668378247753736
11 30 0.4071342655628647
11 32 0.44844541154423045
11 34 -0.5186197746742902
11 38 0.7008436199773986
11 71 0.5363824494519638
11 74 -0.9366761469162588
11 83 -0.18161884861123534
11 86 0.9542477823069295
11 90 -0.6415021915492485
11 93 -0.31196641699555405
11 105 -0.16330184817173632
11 109 -0.7740728083057322
11 110 0.03241603224461098
11 113 -0.3522878380711174
12 14 -0.75884295971026
12 19 0.638751572323885
12 24 -0.4224645579167048
12 37 -0.37622077275498067
12 44 0.3456711641486734
12 45 0.6325567351749095
12 47 0.8874401468304292
12 48 0.8084181719059254
12 52 -0.9639534548680881
12 53 -0.9179470217974046
12 58 -0.43434850072839315
12 59 -0.8853509368004602
12 69 0.9327889810893497
12 70 0.4217008211209399
12 94 0.8351428059346475
12 101 0.42245637632920885
12 108 0.42916332707384286
12 110 -0.04900561159084238
13 14 -0.0759541941236983
13 16 -0.7388177520254291
13 17 -0.6797437183311914
13 29 -0.011873878167226293
13 34 0.08657947093943696
13 48 -0.5849241934040372
13 50 0.35279619664614814
13 70 0.7045659479997908
13 71 0.42249293389784226
13 78 -0.5952314922580846
13 79 -0.3195164377505637
13 80 -0.1435909451171442
13 83 0.9467924864172308
13 85 -0.026098020063825444
13 86 0.9490611576365069
13 88 0.7928028055413527
13 93 -0.5184524359544584
13 94 0.43660566286974745
13 96 -0.6107295037838016
13 103 0.917385815590885
13 108 -0.6065503811639414
13 109 0.2558979586984045
13 113 0.8080102335039312
14 17 0.26083472079547376
14 27 0.19058984092238562
14 28 -0.19692692028535563
14 29 -0.860609399506072
14 30 0.26443125773692344
14 33 0.39003478538617586
14 44 0.4423927390575577
14 45 -0.8844585297651806
14 48 0.9063923898868425
14 50 -0.12276232643899432
14 54 0.2502654548064671
14 55 -0.838334728426037
14 66 -0.6606929003745321
14 75 0.29969745747011944
14 87 0.2007970191377908
14 89 0.8090355673266252
14 90 -0.03065982199920736
14 91 0.2237554315150896
14 96 -0.3905142254231997
14 103 0.5310515980727697
14 112 -0.5180554429517645
14 113 -0.6894277495677088
14 114 0.40381098979131624
15 24 0.7316803891833987
15 37 0.3583607863304359
15 38 0.48032714847925106
15 47 -0.7811308953581384
15 49 0.7830690913892058
15 50 0.5876844830208428
15 51 -0.8117998331354912
15 53 -0.7825217577315695
15 54 -0.43152792587112576
15 60 0.8114009022511104
15 61 -0.5879184373990958
15 62 -0.8842824028804721
15 68 0.5979658849967777
15 78 -0.7309133771498786
15 80 0.6212930441157312
15 92 0.9114978623881969
15 94 -0.40479498690974647
15 96 -0.2924396826022342
15 100 0.5316980416773003
15 102 0.9537362065481381
16 20 0.6292557389355797
16 26 -0.44244505424913183
16 31 -0.7472531626995913
16 32 -0.11614287604514018
16 42 -0.7889416678780854
16 43 -0.3155135868469432
16 53 0.10434363703682559
16 59 -0.40853498119759935
16 62 -0.9951223886310205
16 65 -0.9309421421238802
16 71 -0.5486289805270936
16 77 0.575585321876402
16 81 0.8388104481501968
16 92 -0.20089716967977211
16 98 -0.8284833544130175
16 99 -0.6668974508226531
16 102 0.6242136871287536
16 103 -0.624342017344091
16 104 0.27529863334534244
16 108 -0.41536863921553957
16 109 0.5819829715850502
16 112 -0.2636837882444598
16 113 -0.3757966948288909
17 23 -0.9149955625503601
17 30 -0.57501546926057
17 31 -0.09158782168576352
17 35 0.0697895085460234
17 36 0.3505677821548838
17 39 -0.8903975281935816
17 41 0.8187956144808561
17 42 -0.7921069945931829
17 44 0.6117490474224843
17 51 -0.7335803242859709
17 56 -0.7908665805290256
17 57 -0.026993703244881928
17 60 -0.206541959526368
17 61 -0.5742140755849379
17 71 -0.9367544932152077
17 73 0.6051737648073121
17 76 0.2021775826805139
17 82 0.9792374645885529
17 86 0.761904920609207
17 88 0.02423694257690978
17 91 0.8736238589624499
17 97 0.9785687997000525
17 98 0.7595644745877159
18 19 -0.7348013567535561
18 22 -0.601006960788677
18 24 -0.7777549685062133
18 37 0.3971133958456041
18 43 0.06808372680831543
18 53 0.25656832398719587
18 54 0.9921510032151379
18 55 -0.8775697086281433
18 60 -0.7904492959636251
18 64 0.5845119277217752
18 70 -0.8123922823603023
18 72 0.5900609723537726
18 80 -0.05981381522012086
18 86 -0.7670199470153893
18 95 0.8188990019573092
18 98 0.5494151311420414
18 99 -0.8996745316735317
18 104 -0.7818617226075193
18 106 -0.7329334180273199
18 107 0.8434862147056319
18 109 -0.5154099407951813
18 114 -0.6463990250103424
19 20 -0.019111183126093056
19 22 0.18168837441097097
19 27 -0.09614097543890843
19 31 0.29858240497132615
19 34 -0.1673511475695113
19 49 0.7164244592560194
19 57 0.45113706074605386
19 66 0.23900321319033457
19 67 0.21977858517323035
19 68 0.2956334985789246
19 69 0.3716682084397822
19 72 -0.5384313649093526
19 76 0.932588724323633
19 77 0.7430617776353068
19 85 0.6115474873933873
19 100 0.6248611534046287
19 104 -0.18703654954430204
19 109 0.820838652711342
20 21 -0.09642259118339358
20 27 0.471869306528623
20 29 0.953471788670402
20 36 0.7926792912018175
20 39 0.46603567039710625
20 40 0.6329522145947077
20 46 -0.545832807160213
20 64 -0.10773593235428236
20 71 -0.9343322058757872
20 88 -0.3640873674206555
20 91 -0.4993539012009276
20 92 -0.04587668689812929
20 93 0.921058554467763
20 96 0.2163235003416104
20 98 -0.8864922497963055
20 99 0.061339164478993125
20 101 0.1254346040410108
20 102 -0.9814435506029839
20 106 0.15945576411537554
20 109 0.5069812524143846
20 112 0.869521776165423
21 28 -0.4106629961934063
21 29 0.012951722234750385
21 32 -0.1690803798711269
21 33 0.2178645592291315
21 39 0.6945439136388594
21 46 0.8849708111001158
21 51 0.4999298788038311
21 53 -0.12198772548726056
21 56 -0.42138594623361003
21 60 0.19661318779632042
21 61 -0.7732442353774427
21 67 -0.02737045075758715
21 69 -0.8218099424941718
21 70 0.40692152998349007
21 76 0.4568525451636296
21 79 -0.4247369307866935
21 81 0.1311415135851146
21 82 0.8962339875168326
21 86 -0.09303301764763017
21 89 0.591422012201726
21 92 0.3021380158839746
21 100 -0.36515055725554535
21 103 -0.018511135832893544
21 104 -0.9686203473659445
21 111 0.1780589337956422
21 113 -0.8112502965095023
22 26 -0.4263255439485383
22 44 0.9380027779274807
22 54 -0.4158822490485483
22 65 0.4301002875822799
22 66 0.15142733249908913
22 79 0.6736496439428759
22 81 0.30886513273140803
22 92 -0.18519021446896544
22 93 -0.9810227887209955
22 94 -0.3627005174101232
22 104 0.8001944532476537
23 29 -0.022776709734299905
23 31 -0.2739968297055133
23 35 0.371926916167709
23 48 -0.26400085384342975
23 50 -0.15650471339872696
23 56 -0.7140250088536007
23 57 -0.45205580387780064
23 61 0.29197866837995545
23 62 0.2668320765859322
23 64 0.06802807282383694
23 65 0.5363794941163325
23 70 -0.06461103632170562
23 71 -0.4177666117743122
23 74 0.7644994026352263
23 75 0.8853179456061027
23 78 0.10771940427028559
23 87 0.4105058098976224
23 97 0.8728922356776361
23 107 -0.7044253842091235
24 25 -0.6219734429888168
24 27 0.9143264762883336
24 28 -0.4403963649251046
24 29 0.35724360390804133
24 32 0.7385604986593697
24 35 0.19408101596169058
24 49 0.21309413015589374
24 54 0.7773330206469984
24 55 0.8912581531876771
24 59 -0.19651878803201983
24 62 -0.3510453349346425
24 64 0.42531972719093325
24 67 0.7696160892012942
24 72 0.2571620080971153
24 73 0.5981182385234001
24 75 -0.5593689807941395
24 79 -0.3914339853442659
24 80 -0.4046584639086024
24 82 0.5256837377758365
24 86 0.23682367480981337
24 95 0.9298191258176132
24 97 -0.7651557117124923
24 98 -0.9200996694402384
24 112 0.34712658344192016
25 28 -0.2660298627785107
25 37 -0.156873598526033
25 38 0.6931608146877695
25 41 0.7034539072172412
25 43 -0.05975754593274396
25 48 0.07981770013177347
25 53 0.609963394083
25 54 -0.943192110846897
25 57 0.5382542287046426
25 58 0.9066254081870047
25 61 0.2649494134694057
25 68 0.295529846296368
25 69 -0.15950379010028226
25 77 0.6126945676665729
25 79 0.6224682339890724
25 82 -0.9900218990630845
25 85 -0.17053709876028833
25 86 0.7919138923520881
25 97 -0.7047942838369825
26 28 -0.8808287656882927
26 33 0.9853708219705499
26 34 -0.8383125076630062
26 36 0.9419176065834935
26 39 0.8683864744828917
26 45 0.22670223460324546
26 48 0.5146125786633451
26 49 -0.8071744016213314
26 51 -0.2264913730896232
26 53 0.3102135904472385
26 58 0.5854307399439547
26 62 0.6145724348635251
26 65 -0.4718867974968044
26 75 -0.7950556709689263
26 77 0.6318307694096987
26 84 0.481790420261218
26 90 -0.27864142858800345
26 92 -0.4367511507979964
26 96 0.19459732600878565
26 102 0.3087980902705225
26 114 0.582462252677501
27 29 -0.24738418334747858
27 31 0.4222462963196787
27 32 -0.7116677141324346
27 39 -0.060144534829506435
27 42 0.2362883518644192
27 52 -0.139926824883724
27 57 -0.506085840517293
27 60 0.6571857035360307
27 61 0.6039926162448372
27 62 0.07941357409907335
27 65 -0.6974108847263083
27 72 -0.2557104900162064
27 73 -0.22367629239894748
27 74 -0.9464618778546927
27 78 0.9912848127548735
27 79 -0.6938906508666949
27 84 0.7360182944059821
27 85 0.5155600764431323
27 94 0.9334441390858892
27 99 -0.8096573847524959
27 100 -0.08225084767056812
27 107 -0.09083236564608899
27 109 0.5224656984434306
27 111 0.20854858299166779
28 31 0.007896864914526569
28 33 -0.4806430286240351
28 34 0.7763768025666893
28 41 0.5586523332489537
28 43 0.4781760664484864
28 52 0.45271365123922247
28 54 -0.4850638469025459
28 57 0.3976795639077808
28 58 0.005813749176778238
28 63 0.37280192898995046
28 67 -0.38260387688937003
28 70 0.12806499251855263
28 75 -0.0015334887487841176
28 81 0.6208662540788712
28 86 0.24758479304620562
28 89 0.30358936676708015
28 91 -0.2694518724967858
28 93 0.13097084526497071
28 95 -0.46225179441420083
28 98 0.8710870736357583
28 99 0.35073850699565345
28 100 0.8734345014465328
28 102 -0.09065209462028823
28 104 0.5262512426925032
28 105 0.6663240741211118
28 108 0.42956902183341295
28 110 0.7744499241835718
28 112 -0.47294066363448994
29 31 0.5463983792318396
29 35 0.8619381354139413
29 42 -0.1281338620811152
29 49 -0.31026533029739345
29 50 -0.08953833739033978
29 56 0.14553855314045183
29 59 0.028962095726077886
29 63 0.5058547154714681
29 66 -0.6401681414735849
29 70 0.3967893680596497
29 73 0.07617988873951864
29 74 0.6129397007827626
29 76 0.49866715640976933
29 79 0.9982099536227853
29 80 -0.4241280733190378
29 83 0.5460159475874617
29 84 -0.15300439001417354
29 85 0.6710262191507572
29 86 0.990678169763056
29 90 0.32826304034320786
29 91 0.5408751693983029
29 92 0.9298785927182867
29 93 0.8180515549641032
29 99 -0.9941327625257528
29 103 0.6902071780543737
29 105 -0.570153451110547
30 33 0.3235934287357811
30 35 0.9584984295623369
30 38 0.2706741573939213
30 41 0.6951192393084549
30 42 0.46884307946265147
30 46 0.5711709928605291
30 50 -0.773848932321727
30 51 0.5228008700721496
30 54 0.23884275170179903
30 61 0.4812425811027148
30 69 0.04343167783445456
30 78 -0.3994196548785274
30 81 -0.3072709337196362
30 88 0.8067522796071813
30 93 -0.6745655708114986
30 99 -0.36544971710890684
30 102 0.5739223764412054
30 103 -0.6998770441549009
30 112 -0.48115412637441324
31 34 -0.7214802487522813
31 36 -0.08087080166564853
31 63 0.5359995503926862
31 66 -0.7262724334682162
31 70 -0.42566623742645926
31 81 0.4092239933611741
31 82 -0.9039545577453452
31 83 -0.5180336980091258
31 84 0.3238151569706653
31 89 -0.010366954408167706
31 94 -0.3659919904004876
31 107 0.08567364945599198
32 34 -0.7505378743589659
32 35 -0.6367208455123441
32 37 -0.9070568253146829
32 48 -0.550656829657266
32 49 -0.8086233583611224
32 53 0.7820284857578355
32 60 -0.1153489338994671
32 74 0.3769140832145901
32 75 -0.3994938330040587
32 76 -0.9767185074679479
32 79 -0.6918010900196185
32 83 -0.8756834228332464
32 84 -0.1576570000774451
32 85 -0.8492084301410292
32 89 0.4989668223959991
32 93 0.5959865586802406
32 105 0.6295117159077706
32 106 -0.23353028294743305
32 111 -0.7816662245081099
33 35 0.30962035654737297
33 39 0.46086243851402675
33 42 0.9496642052729516
33 43 -0.2889008449481316
33 45 -0.53438693787908
33 54 0.5519878450067262
33 66 -0.558206006430477
33 71 0.7415514864653412
33 72 -0.518752736626612
33 82 -0.913472993273315
33 83 0.22012097683294551
33 85 -0.9894525851983451
33 86 0.9576340757545225
33 95 0.053404445861578775
33 98 -0.4389293158250409
33 99 0.32636968028470514
33 104 -0.1668684838943535
33 106 -0.4864517407475155
33 107 0.3774374831476557
33 111 -0.8760336324446367
34 37 -0.8804288144273165
34 47 -0.6361231200888342
34 53 0.9909165638158124
34 54 -0.4299086707018096
34 67 -0.036616553725618006
34 70 -0.3503842897963194
34 74 0.24374759138180457
34 75 -0.4741432255306608
34 80 -0.7106948529216552
34 84 0.2384578521573788
34 86 -0.7797582551776625
34 90 -0.09103610546668994
34 96 0.2522575452188136
34 101 0.12772094607265538
34 113 0.9806788849325061
35 37 -0.49432568711092695
35 39 -0.171474832736491
35 46 0.10276751846090848
35 48 0.5237484434956319
35 51 -0.5696577748140881
35 52 -0.4509603129109294
35 58 0.5064263657159764
35 79 0.7829968487392296
35 87 -0.5968353739147543
35 88 0.556591455477113
35 89 -0.36478489477481313
35 92 0.3128777871011277
35 98 -0.7191928510966692
35 106 -0.3163534467419242
35 108 0.6452342109084264
35 109 0.0874780008911431
35 110 -0.8705842214381465
35 111 0.37341606316332254
36 44 0.6395265717749821
36 47 0.06719236955641494
36 51 0.08706166919922431
36 52 0.6944209359570808
36 55 -0.8373080354953639
36 62 -0.9545752810982198
36 75 0.4670987561735247
36 76 0.3778829635950782
36 79 -0.5058687403969346
36 88 -0.9428798249239767
36 98 -0.8384920842532786
36 100 -0.2761711619226004
36 110 0.03503982297433916
36 112 0.47376945167103934
36 113 0.24829365240226853
37 38 -0.34210387193424086
37 40 0.29615143520098
37 41 0.7119750137932566
37 42 -0.035114357221415204
37 48 0.4688330780794008
37 49 -0.9859743714801801
37 50 -0.2551959723985455
37 71 -0.9768219640955391
37 80 -0.23898383849674332
37 82 0.11695453983842286
37 90 -0.41630639036286055
37 92 -0.014715865514625559
37 94 0.3681920871766995
37 98 -0.5427714778748811
37 103 0.29426346787171287
38 40 0.2701676123631833
38 46 0.704968056558114
38 51 0.716672599644359
38 63 0.9466974006580229
38 68 -0.6216246941252863
38 78 -0.5739912634255004
38 81 0.7351257330130962
38 83 0.9801368217059376
38 84 0.027670537453304833
38 85 -0.2453944395670402
38 94 -0.3649155530866388
38 97 0.8735923022456056
38 102 0.15435145864522437
38 104 -0.5533014434733032
38 106 0.7962347267247043
38 107 -0.6413551279839378
38 108 0.3785665744652478
39 53 0.30589584652439505
39 60 -0.21892815077710592
39 64 -0.7988801970602395
39 71 -0.6893662216014778
39 80 -0.4056313743917399
39 85 0.8415351800461817
39 86 -0.1707537856789343
39 87 -0.31848388396885263
39 99 -0.14593205155939892
39 104 0.7864935703369815
40 44 -0.7561888452329
40 51 -0.67164576918863
40 59 -0.3378983699443041
40 62 -0.19860122356840226
40 65 -0.2641674683017672
40 73 0.5266505363074856
40 74 -0.025494460867667046
40 76 -0.9035428687843354
40 89 0.0776627973095374
40 92 -0.5112019096693878
40 97 -0.4608682572237377
40 98 -0.21365665418081425
40 106 0.7219038633204595
40 107 -0.9148332888136079
40 109 0.07558562137169633
40 110 0.5736289869133542
41 45 0.9291833742663256
41 52 -0.552646784697592
41 59 0.214627849334466
41 66 -0.028469012859253517
41 68 -0.028596592284776623
41 73 -0.8403941743481385
41 75 -0.6377786731320216
41 84 0.3480858336423023
41 90 0.5718191821804519
41 95 -0.06525874924568198
41 97 -0.5303961109950102
41 98 0.6526439757740297
41 102 0.22071368883530185
41 104 0.07815931107751051
41 113 0.4426505782214438
42 44 -0.8787753116244839
42 45 -0.13085672597805553
42 47 -0.5907815354753978
42 54 -0.7674699169423231
42 63 -0.33786911750599513
42 73 -0.5523782003976543
42 80 0.5971843683974409
42 87 -0.7576220928066657
42 93 0.8963522166003663
42 105 -0.8374661384164095
42 106 0.9746887519586438
42 111 -0.6878157892875405
42 112 -0.26764537683642287
43 48 0.43493732102314975
43 54 0.032795873556680455
43 59 0.31752357416692223
43 64 0.6492802768862258
43 69 -0.863453072993916
43 73 0.8246244152439748
43 75 0.14387318456763976
43 90 -0.31825800788375624
43 94 -0.884973574528529
43 99 0.9032710254223184
43 102 0.15756431111080982
43 105 0.49638371884023
43 112 -0.9310999788361929
44 55 -0.5515624452043919
44 57 -0.5283663046634293
44 58 0.4888025698275975
44 62 0.024586413073276914
44 63 0.9310795309535462
44 65 -0.4801721460333541
44 66 -0.5474620733301201
44 69 0.7756144263600382
44 82 0.6926815840391869
44 99 -0.18185480091501205
44 107 0.9576101885573924
44 110 -0.6292738425116262
44 112 -0.49596366605390396
44 113 -0.07346160123500423
45 53 0.8734967639462945
45 55 0.6032230754641674
45 71 0.5033558490868368
45 73 0.7785721289381671
45 76 -0.29515683000319926
45 78 -0.45438581612995343
45 80 0.010620631745313469
45 82 0.14773849939402872
45 85 -0.14291335345674283
45 88 0.32145797735718706
45 89 0.816886287780962
45 90 0.3109896661868532
45 97 -0.853264667991982
45 103 0.6818505514537554
45 105 -0.6230832306408136
45 110 0.351645658740136
45 112 -0.7881593277118255
45 113 -0.02194278438921682
45 114 -0.5740053173517623
46 52 0.3691151068790486
46 53 -0.6284352662001564
46 62 0.4753023362785407
46 66 0.008225606871757662
46 78 0.242192654195293
46 79 0.7686414714146108
46 81 0.8427848930913302
46 83 0.400373418585545
46 84 -0.461942460368169
46 88 0.3414888642647398
46 96 0.1980267261942774
46 102 -0.022054154278778215
46 103 -0.6950035139885495
46 110 0.20866208415575804
46 114 0.3843514077650434
47 51 -0.3205298880783334
47 57 -0.07669982272912601
47 58 0.1748890958754361
47 64 0.7745554034930704
47 65 0.01094482587555623
47 66 -0.26232147767142067
47 74 -0.5451881680177804
47 77 -0.6464696599175515
47 78 -0.7226171390542768
47 79 0.8095106141670088
47 87 0.6144320994864569
47 89 -0.24131867973054288
47 104 0.4053036694004002
47 106 0.8566134916781212
47 113 0.6771886501144275
48 59 -0.020440924995337895
48 63 0.2401530181682181
48 66 0.1312161906239444
48 73 0.7252792439961084
48 76 0.3818621195648424
48 77 0.8399641743687725
48 79 0.28089947309905594
48 95 0.743135094556197
48 105 0.5257105959279698
48 112 -0.7653014488863903
48 114 -0.23044243592934932
49 57 0.7176087438820258
49 59 0.3829589798085582
49 73 0.6164045288352353
49 75 -0.5696677790156295
49 86 -0.5626352913972568
49 87 -0.4117243941083746
49 91 0.3976736489388417
49 92 -0.3855703331204514
49 94 0.382626023689028
49 99 0.4849842384279719
49 110 -0.019984858888069557
50 58 0.5728214805704686
50 70 0.08888834967531767
50 74 -0.4623338746277197
50 77 0.43599682982457977
50 82 0.5698168976563067
50 83 0.010055807453614118
50 85 -0.1396515513073835
50 93 0.14947171738652898
50 94 0.031539720568702245
50 95 0.6842085399015212
50 96 -0.3535318082188901
50 100 -0.9055353149164052
50 109 -0.22266273096539635
50 112 0.2765701499922977
51 54 -0.5848101863034121
51 59 0.799973038645948
51 64 0.6018217441768396
51 66 -0.05239486094888979
51 67 -0.5913683114842392
51 77 0.055365693778772984
51 82 0.4775491350937169
51 93 0.8368128689459757
51 97 -0.9658795253451236
51 105 -0.7847796549964454
51 107 0.24044430801379613
51 109 0.3307934457468864
51 111 0.6239827654993566
52 56 -0.8902482778015797
52 62 0.9776141066408546
52 67 0.21007186906185105
52 84 0.04864713505812013
52 85 0.8051428405899141
52 87 0.9255566290556687
52 89 0.17905816063576419
52 93 -0.007259340033029638
52 100 -0.893282878915368
52 104 -0.090102166998278
53 54 -0.0463008589966043
53 56 0.8346480625857908
53 61 0.8235724068215615
53 63 0.19852804195192553
53 67 -0.8938067851299565
53 68 0.7902001454454162
53 69 -0.37365437361085574
53 74 -0.7308902606079839
53 81 0.54326743898448
53 90 0.9772367371221513
53 94 0.8835997345089264
53 101 -0.5828803369027575
53 102 -0.41554332900276925
53 110 -0.645396044486072
54 70 -0.35051119654013374
54 74 0.8384607675305797
54 78 -0.7341703527968848
54 79 -0.34195673600861487
54 86 0.5756859015656246
54 96 0.08238257342508204
54 100 0.20124556107696812
54 102 0.7277551090481926
54 103 -0.5298617617836408
54 106 -0.6215566347792105
54 108 0.0299017816500724
54 114 -0.6213308456707654
55 61 0.04936161874559253
55 76 0.939319244369097
55 79 0.596042056525466
55 80 -0.4787856777864019
55 84 0.5222232160079121
55 85 0.6304963803857031
55 87 0.831578141288859
55 101 0.9503199330542103
56 60 -0.39723816642830334
56 63 0.7449692159862991
56 64 -0.3597026284629654
56 69 0.11891336846495437
56 72 -0.5506081553280557
56 73 0.6982763949641189
56 81 -0.5385397936389913
56 82 0.21142931090423978
56 88 0.4495909501617701
56 89 -0.01308531854238959
56 90 0.8762938737746382
56 98 -0.8801456123009381
56 106 -0.8949046355384993
56 108 -0.6831107133921213
57 61 -0.3730726287234547
57 67 0.4039452639571164
57 72 -0.79882270982424
57 77 -0.09961747397134668
57 89 -0.3973372576855687
57 90 0.9897992530054245
57 91 -0.1484859039456805
57 93 0.3703762953211225
57 96 -0.34437729683655816
57 97 0.021465201057323524
57 107 0.24093734471411365
58 63 0.458810049867195
58 67 0.7316768406311207
58 71 -0.4089006204604486
58 81 0.16513125764357395
58 83 -0.37581306065607967
58 86 0.34287872252129614
58 87 0.15506365737648187
58 88 0.05754923158256964
58 90 -0.7971380380447168
58 91 0.7833811984176882
58 99 0.22467430504691488
58 108 -0.5823515315750818
59 60 0.42990598915902534
59 61 0.04945954289571297
59 71 0.74308250880596
59 83 -0.9192499994871435
59 85 -0.500409248070192
59 93 0.1851895843755107
59 99 -0.26260340788288805
59 100 0.9301512870894477
59 102 0.9331177061613767
59 108 0.7476725779327578
60 63 -0.5192689353601578
60 73 0.3876282947330292
60 77 -0.5259750278325133
60 82 -0.19479189072562186
60 92 -0.2038636070397688
60 99 0.8482592177688484
60 109 -0.6273165231912647
60 110 -0.7455165158816919
61 65 0.42025371416442225
61 77 -0.4931877348016869
61 80 -0.7209964854085802
61 83 -0.9642526732515291
61 86 0.7465592817005986
61 89 0.05370767901930518
61 90 0.4466304371536336
61 100 -0.7687184398873723
61 101 0.6247466324327142
61 103 -0.982561641491716
62 63 -0.2167513500477143
62 64 0.7800636221271247
62 65 -0.7605798746795471
62 68 0.7897620840948361
62 76 0.7278765154877476
62 82 -0.27791043525846715
62 83 0.7560087270897298
62 93 0.0384657895756777
62 96 -0.5531884375611069
62 98 0.1811086892113929
62 100 0.062438007559646014
62 101 -0.029732542017518293
63 67 -0.7338331839124956
63 68 -0.1786097215510556
63 73 0.7347406875851135
63 79 -0.551655388188294
63 85 0.1344340288637953
63 87 -0.9177713205773681
63 89 0.46929159309038515
63 94 0.4255725356216169
63 96 0.514233937353195
63 98 -0.053625509415101025
63 102 0.6126862795449011
63 105 0.5504988018893378
63 108 -0.38714725116967497
63 109 -0.6948835681320649
63 114 -0.7913007884576468
64 65 -0.6417807683218084
64 70 -0.7302120279322875
64 73 0.5301319213166544
64 81 0.9592416819185676
64 86 0.7631020493333975
64 87 0.8330201225231719
64 90 0.6744143464548311
64 92 0.7483476230170687
64 94 -0.6061274188107797
64 96 0.4138657745098624
64 98 -0.052922324626308415
64 101 0.33008052766058205
64 109 0.3933435550958697
64 110 -0.7448169312483472
64 114 -0.33614340814798016
65 69 0.6779103068583199
65 70 -0.3383467322875018
65 83 -0.08617866899912108
65 85 0.2860202129360907
65 91 -0.4129079001603997
65 103 0.6597679800516552
65 107 -0.6171488486656282
65 108 -0.09662474034993496
65 113 -0.9072092891892107
66 67 -0.2977984398435234
66 68 0.7421520072770356
66 70 -0.4359908673675992
66 71 0.15132059495401018
66 75 0.8103468707837316
66 83 0.045211366421663124
66 84 0.09727895116677665
66 85 -0.8929994306525366
66 94 -0.1830328947395512
66 97 0.724548736513827
66 101 0.44080600565564887
67 72 0.8526239519035652
67 87 -0.3108085948158734
67 89 0.3535259423370001
67 93 0.8269625696578751
67 97 -0.574475623627007
67 99 -0.9279169384046635
67 102 -0.6223169721326809
67 108 -0.14050064740672186
67 110 -0.907056348464464
67 114 -0.6753206715560494
68 69 0.9540110476926138
68 72 -0.9228609214468326
68 78 -0.47652735596688167
68 83 0.8162608375058167
68 84 0.997723114807636
68 91 -0.9199840187926731
68 94 -0.29170490846810515
68 96 0.48706187022915115
68 105 -0.8592772911166187
68 110 0.5552482236718133
68 111 -0.5755511024079234
69 73 -0.80548156205057
69 79 -0.23617824149646816
69 81 0.8031439544606236
69 83 0.2882712017363456
69 90 0.12516913329507973
69 92 0.5205070686895366
69 108 0.24464098735141726
69 110 0.7868088434254659
69 113 -0.8026558694590453
70 72 0.20210691727002295
70 76 0.49951330120878135
70 79 -0.5819001519975342
70 89 -0.6570018405256137
70 90 -0.3526339679946311
70 94 0.7069299998581955
70 98 -0.10916339362070415
70 101 0.39686610224024665
70 103 0.3433593404376687
71 82 0.2092745113892467
71 83 0.059724501819239606
71 85 -0.8833435895900466
71 89 0.19641211456640173
71 90 -0.6387532286598239
71 91 -0.9224284764583917
71 99 0.12015816416033709
71 112 0.9169654241590384
71 114 -0.7803412603438129
72 75 0.7436151732778435
72 77 0.46517960944640335
72 87 0.8188467010903848
72 93 0.8851258054941147
72 98 0.12025929397681057
72 99 0.9341706451604033
72 102 -0.9421584438844735
72 105 0.4726847206241753
73 75 0.972930969806757
73 81 -0.3796492756952252
73 83 -0.31962259494840883
73 89 0.9374286087408796
73 98 -0.362273690453907
73 99 0.5839420854084598
73 105 0.9672501430069527
73 113 0.037623824172534626
74 76 0.18238416562610094
74 84 0.894775743072912
74 85 0.3584723412789472
74 92 0.6387041614144646
74 93 -0.5664879113987391
74 106 -0.4203480016128751
74 111 0.18824464016545606
75 77 0.680499310529538
75 84 0.9679250618072128
75 97 -0.12257270074745996
75 108 0.585794378664271
75 112 0.8677822295728559
75 114 -0.8436213135309985
76 79 -0.7183403627302256
76 86 0.5990441717807502
76 88 -0.8213167496515255
76 92 0.9419421941686463
76 100 -0.4419746273085794
76 101 0.9822397251322281
76 106 -0.03742736059192109
76 111 0.1606480661367844
77 83 -0.10120762030602215
77 93 -0.29622651424599367
77 97 -0.3637230851734998
77 100 0.5489832383770448
77 103 0.437097409375129
77 105 -0.9284979927207757
77 108 -0.6338245720329303
77 109 0.22841045360757972
77 111 0.6436581901249259
77 113 -0.6746765859494244
77 114 0.8057891070776642
78 88 -0.6921610362463799
78 92 0.6683390028333582
78 99 -0.06021581930425568
78 105 -0.7879837966098624
78 106 0.43341095039432864
78 114 -0.13386138847618345
79 84 -0.5616808081545583
79 93 -0.7095705783835735
79 94 -0.8609294190722583
79 96 -0.7176372204741697
79 108 -0.8354055462891097
79 110 0.07415501120814971
80 84 -0.4082767508690046
80 86 0.7014524153302624
80 90 0.23041959877360152
80 92 0.3128509125561667
80 96 0.9576754076087457
80 97 -0.49581099997917355
80 104 -0.5127080547561766
80 108 0.8885674613986967
80 109 -0.087246030172488
80 113 -0.7262622338425302
81 83 0.19576285380112846
81 103 0.7932382453138733
81 106 -0.45320271861796946
81 112 -0.9171819894070394
82 90 -0.4404474716683886
82 95 -0.025226737277454614
82 97 0.6793502881176054
82 103 -0.9325298861112561
82 106 0.7088432169616883
83 85 0.13070155082683965
83 93 0.8780275972774874
83 94 0.07211735050903445
83 96 0.09980222292518182
83 105 0.18585986528541132
83 107 -0.9768953141253827
83 109 0.2587526778049074
83 111 0.3384044874838301
84 87 0.7257161342910885
84 98 0.13227993913796565
84 100 -0.5495165045995549
84 101 -0.865352692191028
84 102 0.19566945226918664
84 104 -0.6667304392550746
85 91 0.6575744419778067
85 98 -0.2576168892533688
85 100 -0.27440271448766396
85 112 -0.33722174976288954
86 87 -0.1990922340445791
86 97 0.973658417543428
86 100 -0.011512547554063834
86 105 0.9622248388655028
86 112 0.8779756811427062
86 114 -0.3119764987237894
87 94 -0.7245625763984844
87 101 0.4506965626017838
87 108 -0.27894187613096655
87 110 -0.40602916317333526
87 111 -0.7771818408105644
87 113 -0.685583300960942
87 114 -0.7157680124324759
88 91 0.7235328644078223
88 99 0.16000510099922782
88 101 0.8638329847635609
88 104 -0.40845766330603017
88 105 -0.4565694101589661
88 111 -0.6321972117706505
88 113 -0.5528116975181931
89 95 0.9298641171898188
89 97 0.32195266807519496
89 103 -0.4492848288364435
90 92 0.7271239450280729
90 95 -0.5018992799274373
90 106 -0.3896556632127739
90 113 0.8588108118577311
91 99 0.4447568678947551
91 102 -0.6283236941923074
91 104 0.3442268870920424
91 106 0.5730372798461667
91 112 -0.31259921690899484
91 114 0.5360909907997944
92 114 -0.005347254695019066
93 94 -0.3943622149175263
93 98 0.20465634752020145
93 105 -0.9033313140006727
93 108 0.22948891323684517
94 97 -0.9456659109951899
94 108 -0.04355831168374058
95 100 0.9779977848259929
95 101 -0.7626200351429462
95 104 0.4260052632098348
96 104 0.9253718815641028
96 113 0.21099635643008874
97 102 0.05608104002292058
97 104 0.29651426575094786
97 105 -0.4804857646836964
98 100 0.09306468926070655
98 109 0.5389222948042676
99 102 -0.06737966487802094
99 103 0.13809515615832657
99 104 -0.7325495030879292
99 109 0.017358544064903336
100 103 -0.4994898463061965
100 104 -0.28867293844256237
100 111 0.9599236711828045
101 106 0.9506195728934088
101 108 -0.2155552953111588
101 109 -0.7385668406224437
101 112 -0.3333373012760963
102 105 -0.9214980747682018
102 107 0.2693353353881123
102 109 -0.3005488854553888
102 112 -0.7997947547516249
103 105 0.8507824478496269
103 110 -0.4187412810978146
103 111 -0.13428625914204262
103 112 0.581709877521857
104 111 0.13002791581020823
106 113 -0.276739857464932
106 114 -0.6481997062538722
107 109 -0.21411562838876175
108 111 0.8747768570884464
108 113 0.8061038647013428
109 111 -0.8937242422890397
109 113 -0.6988059738784258
111 114 0.18394884845134918
