105 3796
0 -0.5543729789827379
1 -0.7066557023846682
2 -0.384982183964387
3 -0.9620679284294615
4 0.5476444946345176
5 0.7863499109866852
6 -0.5821904553471311
7 0.7151284088455203
8 0.6086413163889419
9 -0.7586471011638252
10 0.14362401779247969
11 -0.8414342379098771
12 0.7131879707796882
13 0.6455819376327401
14 -0.25093069416310376
15 0.5600982937489765
16 -0.042307143981930695
17 0.2507608621107442
18 0.8581943777451435
19 -0.3299434890997608
20 -0.5166548796777874
21 0.08117855774316252
22 0.2774868458473778
23 -0.06739195779102225
24 -0.08697877311126967
25 -0.6259461878464794
26 -0.7188731303501592
27 0.83231533911829
28 0.405172452808944
29 -0.08838388651040563
30 0.8736140422720213
31 -0.702143349260349
32 0.489999669274197
33 -0.18082320640296534
34 0.026744710514710057
35 -0.5832603935923493
36 0.7051076130065355
37 -0.9397218237925968
38 -0.16655614419585874
39 0.22535102051235656
40 -0.5707705528797264
41 -0.07520269552642134
42 0.5906858070354797
43 -0.3827477887359514
44 -0.27040890217446023
45 0.21116002345480545
46 -0.6463652400552997
47 -0.8183254547644181
48 -0.10061644887603771
49 0.07600839851313923
50 -0.16000328489684623
51 0.30055881553897246
52 0.04505057714228733
53 -0.08764475501885327
54 0.33431617309781103
55 -0.3516786570859707
56 -0.8299835181587889
57 0.9987565495918811
58 -0.27426740042719255
59 0.7308053865483095
60 0.42493164266199845
61 0.08455834954252794
62 0.9963479479445863
63 -0.7452098888765086
64 0.3993844563380351
65 -0.9886338398740573
66 0.9561585187221313
67 0.026986578039093434
68 -0.29020306790184436
69 -0.6359900256438777
70 0.7943291296458872
71 0.6923781852787612
72 0.7792852894317945
73 0.9832032547418266
74 0.04761035172073669
75 -0.4946355339029749
76 0.23429931305285967
77 0.4404339569441311
78 -0.8617222342461863
79 0.67613203162491
80 -0.8857244285765495
81 0.9904194940858528
82 0.3049913018438333
83 0.17074408957893672
84 0.7487617599391618
85 -0.4982711313769774
86 0.058676727964528386
87 0.3522555832777936
88 -0.8363855967278422
89 -0.5694475423387277
90 0.0888622664353178
91 0.38692817832837
92 0.1285807450495282
93 -0.3760908309120585
94 -0.5177010892413119
95 0.03233504704592982
96 0.7089230368170156
97 0.8380693656257789
98 -0.8271062234245503
99 0.7758163259392219
100 -0.8717917802773858
101 -0.859173985298977
102 -0.5443908504707422
103 -0.09898435272620332
104 -0.25198689897304427
0 1 0.7058779170334735
0 2 -0.8478638015759363
0 3 0.22950003405327024
0 4 0.03232830532924447
0 5 0.11726706786265328
0 6 0.4580214960476232
0 7 -0.8972859132244633
0 9 -0.9827946142250563
0 10 0.04960262927983816
0 11 -0.7808652227865249
0 13 -0.6858793242218855
0 14 -0.5921614684065164
0 15 -0.4547794874238318
0 16 0.9077980366612102
0 18 -0.9007087855411018
0 19 0.9188544589455752
0 21 0.5327732513335799
0 22 -0.17767797078750158
0 23 0.02396167431228924
0 24 0.8843215632810704
0 25 -0.5844618862469118
0 27 0.6174674344064615
0 28 0.1971075362999828
0 30 -0.7132840487704366
0 31 0.07270275737649334
0 32 0.48513992103680414
0 35 0.18793403333928715
0 37 -0.6149860432855863
0 38 -0.15310288031500807
0 40 0.5360922094552949
0 42 -0.24379994602970867
0 48 0.1733398813141176
0 49 0.3346027010615249
0 51 0.11678451943403734
0 52 -0.4466031526017784
0 54 0.0058169513890717894
0 55 -0.4373982522973723
0 56 -0.023410801359225353
0 58 -0.14146685302127482
0 59 0.3837549444872983
0 60 -0.11000997116053846
0 61 -0.2624483055491196
0 64 0.26042855091425765
0 65 0.5812378920906425
0 66 -0.13606577592124025
0 67 0.35794868450614015
0 68 -0.9277748028837789
0 69 -0.8889415281932829
0 70 -0.9141738819642926
0 71 -0.6132666166591878
0 72 -0.702985988309994
0 73 -0.7493779555126421
0 74 0.6622388734129563
0 81 0.1693464831966709
0 82 -0.3079959974330566
0 83 -0.4829069392640757
0 84 -0.5759916750883098
0 86 -0.6938902920866139
0 88 -0.7607154127515872
0 89 -0.344167950228627
0 90 0.34903692758498717
0 93 0.10685063079292445
0 94 -0.10005232509774142
0 95 0.07960343682748072
0 96 -0.7510832828304452
0 100 -0.6769561030907358
0 101 -0.6580735737290326
0 102 0.05177270241593579
0 103 0.5289314011821256
0 104 -0.5836803403562905
1 2 0.6122199916571738
1 5 0.4069770912956092
1 7 0.9427973414533684
1 11 0.32115732596575697
1 12 -0.8276653179827846
1 14 0.20029875452279988
1 15 -0.16736746334454788
1 16 0.004034142592577616
1 17 -0.36183340920995155
1 18 -0.8961874086331805
1 20 0.8532495027835938
1 21 0.46542933416302446
1 24 0.38770105574284486
1 25 0.5360421197273149
1 26 0.7874020397111414
1 27 0.1888312192561339
1 28 0.10900813430702816
1 29 0.9148880350119095
1 30 -0.5902433940583867
1 31 -0.9465726125474763
1 32 -0.9372711633389788
1 33 -0.03758220188864381
1 34 0.3486462535550001
1 35 -0.9245257609217521
1 36 0.6053235579880485
1 37 -0.1651050848761566
1 38 0.44758690299933424
1 40 0.8890747007705473
1 41 0.30452285976778404
1 42 -0.5383730391636652
1 44 0.34950324378484443
1 45 0.1180536878678553
1 46 0.13055169381225418
1 47 -0.7914309241209796
1 48 0.6195061096632133
1 49 0.3424451897555807
1 50 -0.26830840851797855
1 51 -0.5792287071047244
1 52 -0.8757819194750809
1 54 0.5900804457679605
1 55 -0.7091864128152212
1 56 0.7223765307428782
1 57 -0.8146132084223618
1 59 -0.692488445908358
1 61 0.054592379742289365
1 62 0.3157545777410862
1 63 -0.6508452840826893
1 64 -0.21223025394869022
1 65 -0.3354144563670982
1 66 0.5566344149457134
1 67 -0.287496400846307
1 68 0.30351070012190107
1 69 -0.5948410336107532
1 71 0.8771569409658304
1 73 -0.6817904275019546
1 74 -0.1788681906406726
1 75 -0.6318575294866535
1 77 -0.3772012600461905
1 80 -0.14554806443255175
1 81 -0.10015409748163262
1 82 0.04074360061686133
1 84 0.39471407475223597
1 85 -0.25928014167539537
1 87 -0.3194776353822182
1 88 -0.4594132200985961
1 90 -0.9413249799805063
1 91 -0.9151074143140574
1 93 0.09333349520693268
1 94 -0.8664369683541255
1 96 0.6978475955305872
1 97 -0.949188651581381
1 100 0.03865311758019985
1 101 0.47157405378719464
1 102 0.8438808056684823
1 103 -0.2608170005516566
1 104 -0.8862758431039746
2 3 0.10308072811402291
2 4 0.9723840861896311
2 5 -0.26262301557715273
2 6 0.07979463904606043
2 8 -0.8519122440002886
2 11 0.9417890781121152
2 12 -0.3827496854100374
2 13 0.726201264906776
2 14 -0.0927917297980021
2 17 0.925673912343068
2 19 0.05390988044670486
2 21 0.7559297649236685
2 22 -0.5798721797458823
2 23 -0.18287400031745094
2 24 -0.3693326016948322
2 25 0.6994266769115476
2 26 -0.2138852072148203
2 27 -0.1256108746630764
2 28 -0.5764242144263112
2 30 -0.44548737789121406
2 32 -0.37810500046574
2 33 0.0033492619840480575
2 35 -0.3446122610739928
2 38 0.12173722742557547
2 39 0.729499649042918
2 40 -0.00836418116428228
2 41 0.5807820962858421
2 42 0.6605696365132716
2 43 -0.07468063525453905
2 45 -0.40153394250268826
2 46 0.6198523924531958
2 47 0.9985876279715693
2 48 0.3304565533901158
2 49 0.04821633588338936
2 50 0.47330277399251686
2 51 0.0017281986858794784
2 52 0.7164709152398585
2 53 0.5805229923108881
2 54 -0.8528719250140975
2 57 -0.6759544894450353
2 58 0.9088369144228787
2 59 -0.08846735521915505
2 60 -0.5764171805560387
2 61 -0.3381179763179334
2 62 0.7889290386275083
2 63 0.42948514906739144
2 64 -0.21066671387350744
2 66 -0.20017066407382522
2 67 0.791367290955348
2 68 0.36831905921059693
2 69 -0.3047799099451345
2 70 -0.9259051792614699
2 71 0.7296874359771881
2 73 0.9763623749647576
2 74 0.9307835247376066
2 75 0.2976862177841353
2 76 0.39022592538044076
2 77 0.2646730098863461
2 78 0.07777932427318479
2 79 -0.5791738831973501
2 81 0.680431558205185
2 82 0.04494175730048622
2 84 0.5326080572710918
2 85 -0.6763807461500695
2 88 -0.14319329183555962
2 90 0.6100403358718276
2 91 -0.8118890864517081
2 94 0.9183696609733498
2 95 0.41341922258935004
2 96 0.06369683599973497
2 99 -0.8658682203836292
2 100 0.3452575051159852
2 101 -0.3273717661675124
2 102 0.277395927083367
2 103 -0.6794242766489966
3 4 -0.040503041889194735
3 5 -0.13444614993235726
3 6 -0.4574097845678
3 7 0.3287784072884925
3 9 -0.18446243977081456
3 11 0.025165210370585944
3 12 0.512600774847767
3 13 -0.5757185740225566
3 18 0.4937216097142809
3 19 -0.13286740885952608
3 21 0.9986403530801484
3 22 -0.38699794234549634
3 24 0.3831508706421025
3 26 -0.3774940359798902
3 27 -0.24642375081425327
3 29 -0.23309328320049927
3 36 -0.7750644251598173
3 38 0.2679467399076192
3 40 -0.787017494771131
3 41 0.4273867504289752
3 42 -0.32255217161819383
3 44 -0.5447683640177519
3 45 -0.8665665714874087
3 48 0.1651699979160195
3 49 -0.16624906613183366
3 52 0.657737993736234
3 53 0.7664423209055098
3 56 0.041469114857328515
3 57 -0.7436410437657011
3 58 0.7934225587873012
3 60 -0.45852325331173516
3 61 -0.44616511928806535
3 63 0.8711468611131858
3 64 0.4325056775812597
3 66 0.2810348227659947
3 67 0.41839197844493103
3 68 -0.8232460716370535
3 69 -0.7460019247728864
3 70 -0.536737060955184
3 71 0.2698649388548635
3 72 0.7954096889586333
3 74 0.6888326833827156
3 75 -0.16988341036697685
3 77 -0.15994879747982949
3 79 0.7636706896416618
3 82 -0.2899330436278593
3 86 0.13747855367674044
3 87 -0.1835016634415274
3 89 0.7074409889953468
3 90 0.09514775569171419
3 91 -0.4064956678453304
3 93 -0.3542832010913537
3 94 0.28185103709897663
3 95 -0.23629879529897058
3 96 -0.5609443601241315
3 97 -0.7852231155354641
3 98 -0.24468068142473065
3 99 0.9940079163566713
3 101 0.6134683958222378
4 6 -0.3773882740467289
4 7 -0.005359086245686262
4 8 0.42186208563269734
4 9 -0.2983266543827445
4 10 -0.16076534448625357
4 12 -0.9821245237235161
4 13 0.10273340172530876
4 15 0.0289883758258227
4 16 0.8842582615408336
4 19 -0.1919623360916145
4 21 0.68777759662318
4 22 -0.711666846094255
4 23 -0.05908232887155007
4 24 -0.647847767016756
4 27 0.538745684778696
4 28 -0.2872656312969981
4 31 0.45165577502364873
4 32 -0.3934074523566049
4 35 -0.11703260887178124
4 38 0.9382236384274638
4 39 -0.6240267197893761
4 40 0.28972634838553435
4 41 0.3667660935665342
4 42 -0.7019854838926152
4 43 0.39815425751689393
4 45 0.14320068878843362
4 46 0.7239369614596172
4 47 0.1302937035059033
4 48 0.3868049526969821
4 49 -0.8914936514963243
4 50 0.41400494660965026
4 51 -0.5775555824089604
4 54 0.8905211602833965
4 56 0.5181445825605495
4 57 0.5033615439259771
4 58 -0.7568393249791514
4 59 0.43759962472987235
4 60 0.3218565283398329
4 62 -0.26410845196733
4 63 -0.9654567629828241
4 65 0.4822630636797669
4 66 0.19795784369234637
4 67 0.23279870472329955
4 68 0.4238394135417649
4 69 0.632364794179253
4 70 0.059494830052346126
4 71 0.2068712830659214
4 73 -0.12823890675270744
4 74 -0.48524132184794566
4 75 0.8063645674948161
4 76 0.05827261519684668
4 79 -0.2974892176224464
4 80 0.34619028711175837
4 82 0.5019445029386778
4 84 -0.8063623928571391
4 85 -0.9428383701938614
4 86 -0.4503563574952909
4 87 -0.4867107441872245
4 89 0.6087213349064378
4 90 -0.22837075962187958
4 93 0.7362850460026538
4 94 0.7637481547254317
4 96 -0.7050952821954886
4 97 0.033487342952798205
4 98 -0.5341538747266432
4 99 -0.4267685844138378
4 100 -0.20823167199797843
4 101 0.14699181860475252
4 103 -0.09671493527886588
5 6 -0.062158271195430714
5 8 -0.9233555105685507
5 9 -0.9881529675389322
5 12 0.43954485427970535
5 13 0.03971891155454288
5 14 0.1418819136514451
5 15 0.42119393544824657
5 16 0.9675607880139805
5 18 -0.5326885393013487
5 19 0.8189560732425749
5 20 0.1800373760165246
5 23 0.42060771953470044
5 24 0.7223255858684516
5 25 -0.7539638831317301
5 27 -0.9537339909414368
5 28 0.5286258745290187
5 29 0.827360542302596
5 30 0.7642463975765346
5 32 0.48707197092
5 33 0.4380385546373573
5 34 -0.3924265902646873
5 35 -0.41706699062799313
5 36 -0.5057022163916542
5 41 0.9521659281992938
5 47 0.20137574303577188
5 48 0.3484390621381199
5 49 0.8518889155539551
5 50 -0.5134022227906674
5 51 -0.6991235471521831
5 53 -0.7320819213737446
5 55 -0.12207402942995094
5 56 -0.24357929013341595
5 57 0.057115517935419025
5 58 0.17724451321217916
5 60 0.7192196672171336
5 61 0.361498439362524
5 62 0.28244853465834696
5 63 0.5178217284437363
5 64 0.8761858256300175
5 65 -0.9677546128859815
5 67 -0.5063765334868933
5 68 0.5794740621065135
5 69 0.8076865595563196
5 70 0.5837927594457326
5 71 0.7462854493274604
5 74 -0.11827944894691789
5 75 0.5654784830741357
5 77 -0.40700088013964963
5 78 -0.570355189911135
5 79 -0.6033728747074998
5 80 -0.2544840232289318
5 81 -0.6058190443028644
5 83 0.035148444417158364
5 84 -0.48653182048625143
5 85 -0.9329555450743652
5 86 0.9739689109493614
5 88 0.06941468025453656
5 89 -0.18586666919596584
5 90 0.7431587318228097
5 91 0.5961693215638832
5 92 -0.24350936917940147
5 94 0.6615975935791354
5 95 0.19314183197682588
5 97 0.22727656506863791
5 99 -0.28064151329680675
5 100 -0.5546300978261407
5 101 -0.003602234331788967
5 104 0.28540916997897714
6 8 -0.5527157819917285
6 9 0.21343886685044988
6 10 0.7440834520507233
6 12 0.4171884599237261
6 13 0.7178487384847185
6 14 -0.07789805503348513
6 15 -0.28045673409416216
6 16 -0.7373821882441911
6 19 -0.9594759560231747
6 21 0.3471005580718609
6 22 0.9687576405468581
6 24 -0.06372803364559587
6 25 -0.7102971742373945
6 27 -0.5919260907841153
6 28 -0.31438619411765134
6 29 0.4488952854107897
6 31 0.44490593049271454
6 32 0.6926379017700477
6 33 0.014094848099562851
6 34 0.2216834684182578
6 35 -0.6330001665201486
6 36 -0.9827007437204618
6 37 0.22935239039227073
6 38 0.5287531343790852
6 39 0.17333374221850795
6 40 0.6638714598797413
6 42 0.9767506296001394
6 44 0.8765965035057981
6 45 0.4308576084104292
6 46 0.15916822870455394
6 47 -0.42806369851637593
6 50 -0.384968794498896
6 51 -0.11517952187374525
6 52 0.913074393829584
6 53 -0.08358971276940075
6 54 0.28937587163779654
6 55 0.5768979474978726
6 59 -0.49336557294417926
6 60 -0.22815373750916468
6 61 -0.03003739261450611
6 62 -0.5977618183192066
6 63 0.6473396184968261
6 64 -0.2832661952680213
6 65 0.13422113748821873
6 66 0.09568107516266866
6 67 0.28062858545165614
6 68 -0.2354061901503295
6 70 -0.7334292129868791
6 71 0.7461259880037672
6 72 0.46652792797368225
6 73 0.7620319790070165
6 74 0.2734528634872666
6 75 -0.05940970702461712
6 76 0.39256334599245446
6 77 -0.8829906250905109
6 79 0.17479051663481648
6 80 -0.6312605572405201
6 81 -0.5644995289166201
6 83 -0.273134811913714
6 84 0.3557431873015935
6 85 -0.5274208395933757
6 87 0.9994493209816457
6 88 0.060072953917269745
6 90 0.29225709629670615
6 91 -0.9205505633628597
6 92 0.6647126476819885
6 93 0.4364968842453656
6 94 0.21240227307722348
6 95 -0.7689042839086941
6 98 -0.46133177129053604
6 99 -0.29966519740528264
6 100 -0.751913854844428
6 101 -0.7159968221316779
6 102 -0.6869313225856204
6 103 -0.10455324219975037
6 104 -0.22771129398790402
7 8 -0.4448502120237612
7 11 0.8116531525273167
7 13 -0.21394769494303278
7 15 0.9753252278590803
7 16 -0.8733474940523036
7 20 0.8613571251164545
7 21 0.5750078585790259
7 24 0.8840142331383516
7 25 -0.00371456776354373
7 26 0.1253982701932972
7 28 0.012643582168681
7 29 0.6056712277270968
7 31 0.061088055150258835
7 32 -0.3235104898299399
7 33 -0.9181936109846489
7 35 0.9186753764563871
7 36 -0.6262594012618536
7 37 0.8049342565029338
7 38 -0.42594646875825415
7 40 0.9404412915069298
7 42 -0.060989065209062554
7 44 0.11244864631406903
7 45 0.02618609151928153
7 47 0.8932052115983484
7 48 0.7853139277942836
7 49 -0.8897420072766276
7 52 0.36007573597285303
7 53 -0.489540623967059
7 54 -0.5605180060698634
7 55 0.4864374121305248
7 56 -0.4817920015290671
7 57 0.5346481095480757
7 58 0.6165466160674666
7 59 -0.9930260399231237
7 61 -0.8267505657306415
7 63 -0.9703860153292037
7 64 0.42209183501392955
7 65 -0.714451146164879
7 67 0.11820809097751828
7 69 0.1974203804888761
7 70 -0.07063257132148726
7 71 -0.08629545182244258
7 73 -0.11113746336080066
7 74 -0.5680951756301029
7 75 -0.36573122360616495
7 76 -0.8053002911503835
7 77 0.020769164184945454
7 81 -0.6364665531723401
7 82 0.313689450851536
7 84 0.4746521802862047
7 85 -0.5502370498777434
7 86 0.44914224340761777
7 87 0.9647760617251429
7 88 -0.7003593365076155
7 89 -0.13281525509390768
7 90 -0.8825134419645682
7 91 -0.9127779422646018
7 92 0.7638914581845992
7 94 0.8140364341912305
7 99 0.5563291439534868
7 100 -0.3150077472950932
7 101 -0.131666048554538
7 102 0.3611849264508342
7 104 0.3547775830055504
8 9 -0.5655827907074702
8 11 0.8002729577581384
8 12 -0.19522357253702594
8 15 0.3407249581992291
8 17 0.5023842387809789
8 20 0.7193732778848243
8 21 0.9723540470255385
8 22 0.4326783699959671
8 23 0.13526891428358878
8 24 -0.43634534757858234
8 27 0.38525655578970786
8 28 -0.1491486524695469
8 29 0.7783210355028676
8 32 0.5827337376705448
8 33 0.15922996902072994
8 36 -0.19427062112038662
8 38 0.8316582434124171
8 40 0.37160148241946334
8 42 -0.6572252302585095
8 44 -0.3587116871100149
8 45 0.28684141110496086
8 46 0.33393457720092035
8 47 0.9409947119850224
8 48 -0.9591050175940206
8 50 -0.16447133603359965
8 51 0.10306860629593984
8 52 0.6492601241284355
8 53 0.11870057490572172
8 54 -0.6548738731941481
8 55 0.09788397927278836
8 56 0.056385186508747465
8 59 0.792950510673119
8 60 0.46761488752885794
8 61 -0.6289932821070383
8 62 -0.11044209062658195
8 63 -0.6859157378354188
8 64 -0.45223912510839503
8 65 -0.1610295008817677
8 67 0.3979003097550382
8 69 -0.15397970238207037
8 70 -0.5781031177706404
8 71 -0.7189298936506059
8 73 -0.40987051737375557
8 76 -0.9968019138042572
8 77 -0.3114241418671715
8 78 -0.22132363520165743
8 81 0.5597395262342306
8 82 -0.32155599645573885
8 83 -0.6559783070658927
8 84 -0.5257887560518177
8 85 0.0799960577022345
8 86 -0.8549843140255862
8 87 -0.344953697100298
8 88 0.4005504576751786
8 89 0.1738886862216773
8 90 -0.8265310704747819
8 91 0.8130378014988924
8 92 -0.9921681749003433
8 94 0.8800897468740669
8 95 0.8642607477841202
8 98 0.18953316631954453
8 100 0.23644960287967964
8 101 0.16448175867914272
8 102 0.2542271401158007
9 11 0.38594917231664394
9 13 -0.3626456940486502
9 14 0.4226589356441759
9 15 0.3107538944684507
9 16 0.8950712900571245
9 18 0.629685424123829
9 19 -0.44486098477769365
9 20 0.450235559293658
9 22 -0.5058906248022472
9 26 0.6097858156390721
9 27 0.9546502954331986
9 28 0.9005600256813981
9 30 0.6298465847324317
9 31 -0.2023513312570171
9 33 -0.9109573507923965
9 34 0.8589700620704264
9 35 0.07202365105691966
9 36 -0.835430786493609
9 37 0.7102550439334745
9 38 0.35810322398364813
9 39 0.8129018779767749
9 40 0.03843983032672016
9 41 -0.4578352660106457
9 43 -0.023976108614632397
9 44 0.3886611034491596
9 45 -0.07695991849083739
9 47 -0.3305979276189235
9 49 0.9980031775446203
9 50 0.5790996775042851
9 51 -0.4441916000103381
9 52 0.8507987015110114
9 53 -0.7724736620494785
9 54 -0.8898862699233796
9 55 0.7672476784341908
9 56 0.805024389585222
9 57 -0.8179186944224961
9 58 0.41332926035384165
9 59 0.9991306455478435
9 61 0.5802507906339669
9 62 -0.4919094099111343
9 64 -0.6888641409253684
9 65 0.9059220057230171
9 66 0.7203744993105192
9 68 -0.537096935881826
9 69 0.5225597583339692
9 71 0.31675017008853734
9 72 -0.649279398947892
9 73 0.7288791419805964
9 75 0.70610267464618
9 76 0.7872149838598292
9 77 0.22021203581096316
9 78 0.08560906516072042
9 80 0.9038639531410249
9 81 0.4885957941255392
9 82 0.2307103040608669
9 83 -0.7373463017297923
9 84 0.8794186848819641
9 85 0.8439473169097729
9 86 0.1621201423750962
9 88 0.14164994242711826
9 89 -0.6553158016909815
9 90 -0.5408240813102252
9 93 0.4898788210752827
9 94 -0.3465022120318608
9 95 -0.5161236715523034
9 96 0.10851417677764874
9 97 0.20020066359236632
9 99 -0.12880516396076724
9 100 0.5600308437157628
9 101 0.44598637434389654
9 102 0.9729948384605702
9 103 0.8796691820156737
9 104 -0.3177024072960337
10 11 0.5232299046715823
10 12 -0.4456846023291283
10 14 -0.09107559123516462
10 16 -0.37418604057282434
10 17 0.10352385107135076
10 18 0.01534476782325922
10 19 -0.16529639505238003
10 20 0.32337047526295115
10 21 -0.6048822563098033
10 22 0.6111259564598892
10 23 -0.6375288280491316
10 24 -0.7151015399379006
10 27 0.9853984112461787
10 28 -0.8646769660540077
10 29 -0.5957292356719186
10 30 0.3588311307271932
10 32 0.8177507327565305
10 33 -0.17807949571360937
10 36 -0.4100386349148235
10 37 -0.9086571313035936
10 38 0.3655185747014027
10 39 0.22578535359677132
10 40 0.28449441997582503
10 41 -0.3757486033981825
10 43 -0.07443172501503015
10 44 -0.9426187259701633
10 46 -0.982999147722063
10 47 0.366268383318318
10 48 -0.13603245685659648
10 49 -0.4775795026895817
10 50 -0.40308057239404493
10 51 -0.9227940982614331
10 56 -0.9449367594115994
10 57 -0.5328767234814209
10 59 0.5941340974959155
10 60 -0.0704783689332622
10 61 -0.4597579838213377
10 62 -0.11588045310302175
10 63 -0.4925182835628017
10 64 -0.38980024659401824
10 65 0.7803347268099992
10 66 -0.11913912535755533
10 67 0.6078391757447905
10 69 -0.5471447434384542
10 70 -0.98245605807439
10 72 -0.9009368228179169
10 73 -0.27305389206939656
10 74 -0.9569336723012354
10 75 0.9876799149190592
10 77 0.5070696838980913
10 80 0.7137751499908929
10 81 0.4381609746049264
10 82 0.34188511142197187
10 85 -0.9227544894725934
10 87 0.7751271344149948
10 88 0.03832908228138976
10 89 -0.07627322523864066
10 90 -0.037278063609468504
10 91 -0.6386409301292919
10 92 -0.2191888314187289
10 93 0.016939876759331618
10 94 -0.16885488530943782
10 95 0.10261272683165679
10 98 -0.7703778591385022
10 99 -0.7099298511846246
10 100 0.2813210310450649
10 102 -0.8126659285420423
10 103 0.6981876920424821
10 104 -0.6555453784170173
11 13 -0.2456782759975895
11 14 -0.5956236212061368
11 15 0.338416250293303
11 16 -0.30212925070199326
11 17 -0.9158994233888862
11 18 -0.8204065348279383
11 20 0.7161925493312935
11 22 -0.8344606872992415
11 23 0.7570152041988945
11 24 0.726027476874856
11 25 0.3074852620295918
11 26 0.8711218582434064
11 27 0.09998269404523263
11 28 0.37588162103467604
11 30 0.1412559585622153
11 31 0.5597181956484962
11 32 -0.6067145667074061
11 34 0.987216402827215
11 35 -0.2518969439716292
11 36 -0.011947637666063216
11 38 0.9500959727626086
11 39 0.8640842563392459
11 40 -0.7944784230965571
11 41 -0.25087673065531035
11 42 0.03093110476522054
11 43 -0.9440336142921384
11 46 0.15763221348965772
11 47 0.21299368025415522
11 48 0.9246638957186841
11 49 -0.3450969979058185
11 50 0.05032995372752547
11 52 0.873402950233432
11 53 -0.8174213711291636
11 54 0.21063079105981775
11 55 0.10520401254703216
11 56 -0.9277919109512218
11 57 0.24957084425639775
11 60 -0.2764175934626374
11 61 -0.17510338363379918
11 62 0.28660358183398604
11 63 -0.8857479762290028
11 65 -0.10764302449296448
11 67 -0.41177225794794214
11 68 0.9456549496327384
11 69 0.4561591067970141
11 70 0.5343917815688255
11 71 0.08853770275316886
11 72 0.4910341829612268
11 73 -0.6718776363777699
11 75 -0.7412962463529917
11 77 0.8613538385669286
11 78 0.08695387622400563
11 79 -0.7758258501940234
11 81 -0.6218427085636442
11 83 -0.959992513699041
11 84 0.6420027667065944
11 86 0.5696548968602115
11 87 0.4317868988889022
11 88 0.17608780328089724
11 90 0.7348983444214914
11 91 0.6139832237140161
11 92 -0.7250378931524348
11 93 -0.27882289843673425
11 94 0.31034033084166324
11 95 -0.8527694466338278
11 96 -0.7795769452924939
11 97 -0.8883259427103678
11 99 -0.64232797258277
11 100 0.9180634860928036
11 101 0.04295330374254158
11 103 0.6006479196266967
11 104 -0.8462338244567158
12 13 -0.015429485791262465
12 14 -0.5388360150538198
12 15 -0.5073823536938113
12 16 0.6130247328296881
12 18 -0.5474422105065502
12 20 -0.3996434758757126
12 21 0.15263330283451793
12 22 0.6931548721615155
12 24 0.6253822608517463
12 27 0.9688540426619194
12 28 0.802171534585546
12 29 0.7137493227314962
12 30 0.901971491753663
12 31 -0.6430839227268192
12 33 -0.3000113297068512
12 34 0.36964896779896494
12 35 0.5858333299663909
12 36 -0.8080918198129523
12 38 -0.9124959299557787
12 39 -0.1774801301769804
12 41 0.35305512282960727
12 43 0.25705084961973834
12 44 0.3970539793414507
12 45 0.7344300897641078
12 46 -0.2738442652902666
12 47 0.10368022032485325
12 50 0.7385317949962908
12 51 0.40749764851703363
12 52 0.999753096454375
12 53 -0.30389528847584546
12 54 -0.5703238977421556
12 56 -0.5331605580906857
12 57 -0.5778690196886036
12 58 0.23503840521995678
12 59 -0.6190265610346892
12 60 0.8751845451722966
12 61 -0.7258596672033801
12 62 0.5057051210120866
12 63 -0.2887652827243772
12 64 -0.6323997842933444
12 65 -0.43370202767433064
12 66 -0.25326427370031634
12 67 0.4483871325476374
12 68 -0.1843418069117866
12 73 0.6268951777469507
12 74 -0.3085772725141609
12 75 0.8441874482205367
12 77 -0.4428028836062632
12 78 -0.9246851986655771
12 79 -0.37188076357763533
12 80 -0.9215248858407856
12 81 0.6546079305547325
12 82 0.325261930840399
12 85 0.23574835532287874
12 87 -0.9811655184852899
12 88 0.368522502453958
12 90 -0.14283849515624758
12 91 0.8098033704805885
12 92 0.6737928383666387
12 95 0.8826106436191814
12 96 -0.18200387446650512
12 98 0.47733819109167186
12 99 -0.04374227573549794
12 100 0.6323262010989525
12 101 0.26778786137307
12 102 -0.8399857747248112
12 103 -0.8764066557310464
12 104 0.9655727564368781
13 14 -0.374779254828115
13 15 -0.42279368067441947
13 18 0.30328305017560897
13 19 -0.29441698486379453
13 20 0.3195781119423091
13 21 0.49876153571672477
13 22 -0.6999588030384154
13 23 0.6936501303873228
13 24 0.29458363433383994
13 25 0.3027563342645756
13 26 0.17675243920669348
13 27 -0.6541277531747771
13 28 -0.9380096056532177
13 29 0.9820816460219377
13 30 -0.3639826320844235
13 33 0.38356604465640864
13 34 0.14695496890986037
13 35 0.33785925247074866
13 38 -0.24123176810258284
13 42 0.4449049482651093
13 43 0.3364059500417116
13 44 -0.9719718976595362
13 45 -0.6310426947975636
13 48 0.3241866430131646
13 49 0.5008027014267895
13 50 0.35046466931654163
13 51 -0.6237578938021355
13 53 -0.9944182889693294
13 54 0.7673526434921871
13 55 0.3152624060562941
13 57 0.04189527107418756
13 60 -0.22586663754608982
13 61 0.8105715519826466
13 62 0.8854149362725503
13 63 0.9349035880314833
13 64 -0.6308786653315805
13 67 -0.8528329686315976
13 68 0.8427984404387716
13 69 -0.9703867266677018
13 71 0.6438949356847585
13 72 -0.096999270966458
13 73 0.984425260947499
13 74 0.3614301500445374
13 75 0.5423120640642232
13 79 -0.588953416813867
13 80 -0.430259949096943
13 81 0.17296795377459784
13 82 0.1380354564418187
13 83 0.40384258256265104
13 85 -0.5766567082271135
13 88 -0.352669091781441
13 89 -0.49166723218707564
13 90 0.5803299320427884
13 91 -0.23450739313501412
13 93 -0.9610478263341171
13 94 0.7940661941006104
13 95 -0.399218285738256
13 96 0.6955362628642441
13 98 -0.5752046417950452
13 101 0.9393203212538417
13 103 0.2722844966226947
13 104 -0.0012051870409557353
14 15 0.6128891134878816
14 17 -0.9125853819871703
14 18 -0.6142811704743711
14 19 -0.6921140682869977
14 20 -0.07542650154299091
14 21 -0.3813350065925134
14 24 -0.5419709096903189
14 26 -0.5272703120462896
14 28 0.20445240300046508
14 29 -0.2540077392427169
14 30 0.5801460830843974
14 33 -0.4867132632302782
14 34 0.2994821647767094
14 35 -0.20055834349724733
14 36 -0.21819077300824885
14 38 0.9475148998169212
14 40 -0.37951688224110636
14 42 0.5673818799915409
14 43 -0.015709998418407256
14 44 0.47478487676356473
14 45 -0.8156639796893457
14 47 -0.401696522193997
14 48 -0.2831336736211385
14 51 -0.5561084878153586
14 52 0.6388670800987004
14 53 -0.25344632686218227
14 54 -0.43738268743823405
14 55 0.31848941107705486
14 56 0.2162007510288686
14 58 -0.9655053732959615
14 60 -0.04879858653708635
14 66 -0.8927334942639056
14 67 -0.9838878862085696
14 68 0.427587689398641
14 69 0.49176131379903953
14 70 -0.8578015605651763
14 72 -0.22110328478421826
14 74 -0.6416431448198556
14 75 -0.5485465076860161
14 76 -0.8301804356524642
14 77 -0.2253863710229811
14 78 0.13158641082372524
14 79 0.722436908536443
14 80 0.9776136958898336
14 81 0.9691499206688585
14 84 -0.3785570874140949
14 86 0.8551687982215419
14 87 -0.0686287066358302
14 90 -0.8269176930736868
14 92 -0.32225891552091324
14 93 0.47877839647665743
14 94 0.5783407945871886
14 96 0.4470252986550636
14 99 0.34287482469800845
14 100 -0.9114255841857424
14 101 0.7670383360214821
14 102 -0.20887796306918838
14 103 0.9655695501079322
14 104 0.09125064770841407
15 16 0.9402415107166864
15 18 -0.7447775711317719
15 19 -0.43441867475569595
15 20 -0.7591773055821673
15 21 0.4422151037863673
15 22 -0.9507371707824188
15 23 0.043319348440400196
15 25 -0.6090166028855759
15 27 0.6555817235168793
15 28 -0.5733645839923862
15 29 0.4641309154902946
15 30 -0.015862759590822506
15 32 -0.17327378460006404
15 33 0.17686420453119278
15 34 0.4612944722844565
15 35 -0.1690582473577058
15 38 -0.6710698464354983
15 39 -0.4254912040024801
15 40 -0.20294815944037992
15 43 0.5714900320310954
15 44 -0.7839838973711151
15 47 0.6768953419898145
15 49 0.20116477437524227
15 51 -0.9465347968857656
15 54 -0.5656094245920067
15 56 0.32195195362545137
15 58 -0.23013702553215376
15 59 0.7833189052465814
15 60 -0.9529818312922209
15 61 -0.04273784612020037
15 63 0.7381537140611991
15 65 -0.7679170380571514
15 66 -0.9926484101086939
15 68 -0.9984203625478423
15 70 0.6499276205312374
15 72 0.4564388308206748
15 73 0.11827266386495472
15 74 0.27565075722473
15 76 -0.6846075292060805
15 77 0.6873380193010337
15 78 0.446871280178073
15 79 -0.6835852621628791
15 80 -0.42355202513079515
15 81 0.27937414026014706
15 82 -0.4913702370217614
15 83 -0.6005105577363241
15 84 0.7943016783048706
15 85 0.9739005201666404
15 86 0.3486707236320834
15 88 0.4576785356345576
15 89 -0.13927481295506228
15 90 0.39594860103472107
15 91 -0.6832800837986615
15 92 0.5715395844809097
15 93 -0.15035798057279126
15 94 0.15125119438913992
15 95 0.9223005096451831
15 96 -0.4874313438471696
15 97 0.13088306779747483
15 98 0.34447984772431406
15 100 0.5694538091677919
15 102 -0.6115318898883364
16 18 -0.7120604742570984
16 19 0.9907703505172964
16 21 0.9662856348677873
16 22 -0.5408392255328587
16 24 0.5427979978676665
16 25 -0.8539801746888127
16 28 -0.36752616855363085
16 29 0.4794606122658931
16 31 0.9605829063946774
16 32 -0.1725710264711613
16 33 0.8363267948103832
16 34 0.5622105044124823
16 35 0.3754083517674145
16 36 0.42731607271520256
16 37 -0.37740022094783643
16 38 0.16469127170022402
16 39 -0.1565911525842496
16 41 0.8610016818477468
16 42 -0.2901957887107136
16 44 -0.7480300956928638
16 45 -0.965609373647071
16 46 0.7988718193823929
16 47 -0.9158479021925419
16 48 0.6009492910606185
16 50 -0.8893160603717196
16 51 -0.7211533425987438
16 52 -0.8108525794165731
16 53 -0.6298792038994465
16 54 0.5878605737462008
16 56 -0.46050780528318636
16 57 -0.45761573774399955
16 58 0.2583493300163806
16 59 -0.5270945891803476
16 60 -0.5327952044898829
16 62 -0.9736090266883775
16 63 0.0747365242697049
16 66 -0.8230500227283835
16 67 0.04126115968174471
16 68 -0.8191529088577993
16 69 -0.9854497173151717
16 71 0.9051672580127887
16 72 0.9707916419311209
16 73 0.6898170051000392
16 74 0.09776610464216917
16 75 -0.07146776936474009
16 76 -0.7963594002666523
16 77 -0.9769000354371733
16 81 -0.11139090627225823
16 83 -0.4557741220394207
16 84 -0.2860293863750749
16 85 -0.8379947312827023
16 88 0.32205799071530805
16 90 0.840984977777298
16 91 -0.544166093730087
16 92 -0.3403401413986673
16 94 -0.21553866874393046
16 96 0.8850366642636316
16 97 -0.7912036458329998
16 99 -0.7487849907215776
16 101 -0.07910849942370879
16 102 -0.7984778368131289
17 18 -0.2656158686140804
17 21 0.5417559401462666
17 22 0.34620088892847356
17 24 -0.9929495620471676
17 25 -0.3912006473492242
17 26 0.8627026129106314
17 29 -0.042170176196898446
17 30 0.8078692937959382
17 31 0.10354714218583538
17 32 0.36890496609845846
17 36 -0.5160895603831377
17 37 -0.23533431774828384
17 39 -0.8752667730203161
17 40 0.18340810424312548
17 41 -0.3845459332869505
17 42 0.015385534252570388
17 44 0.47505652086317496
17 45 0.7222795932871917
17 46 0.8649680663875463
17 47 0.43160250852960247
17 48 0.13210950162264545
17 49 -0.766500569365727
17 50 0.5873551517294888
17 51 0.5767778761403386
17 52 0.1946676371239544
17 53 -0.11970883731911997
17 54 0.06912987673786763
17 55 -0.756046298111797
17 58 -0.22699838518638638
17 60 -0.0546638408740685
17 61 0.6188398100489336
17 63 0.06917429464846037
17 64 -0.591310298126974
17 65 -0.3141894454113068
17 66 -0.33877943960935264
17 67 -0.4656007316859847
17 70 -0.7096221796868902
17 71 0.1347019611937479
17 74 0.9877428488990687
17 76 0.4706900291546354
17 77 0.9985681265701722
17 79 -0.31324082074042914
17 80 -0.8452584996330543
17 81 0.07507464725781388
17 82 0.1343795922673534
17 83 0.8568441279958448
17 84 0.6550150181243724
17 85 0.9974217382275141
17 89 -0.3187852244361278
17 90 0.8411487313696353
17 91 -0.15100376981724994
17 92 0.8359814580515565
17 93 0.700266505508442
17 97 0.5077950110682214
17 99 0.10662888176146201
17 100 0.22590013840845646
17 101 -0.997182663187407
17 103 -0.5101022603045313
17 104 -0.4487409678483223
18 19 -0.2024366151484427
18 20 0.45997477132147346
18 21 -0.9235301258491759
18 22 -0.3770993883191238
18 26 0.9972819346650716
18 29 -0.8893292410373643
18 31 0.6834303494604208
18 33 -0.2986518724519369
18 35 -0.39380165717249116
18 36 -0.04427332786167448
18 38 0.4949687589317413
18 40 -0.17353869981506587
18 42 -0.6621633536901641
18 44 0.038685083725414016
18 45 0.9835958144399422
18 46 0.6763589446191536
18 48 0.41901651531476425
18 49 0.6608898325477863
18 50 0.3058239184053706
18 51 -0.17669721111449865
18 52 0.6106470822130559
18 53 0.12072505694166691
18 55 0.28452117006712196
18 56 0.8195627376643888
18 57 -0.13496361407554947
18 58 0.24295002208962946
18 60 -0.6669402774737316
18 61 -0.9085724932717973
18 63 -0.33545255018900133
18 66 -0.8798766737382031
18 67 -0.5257154042341714
18 69 -0.7055407234887006
18 70 -0.9511491480374927
18 71 -0.23621780492751387
18 72 0.7130286381827973
18 74 -0.6407721139306142
18 75 0.9271343175020577
18 78 0.8565419510802026
18 79 -0.7406836698498565
18 80 -0.7194475084580181
18 81 0.9715541628940971
18 82 -0.20785596889681668
18 84 0.10014970208552754
18 85 -0.6239530177309258
18 86 0.7123508355982826
18 87 -0.4308640608390071
18 88 -0.23411368533330834
18 91 0.20216600750248404
18 92 -0.26085590660009705
18 93 -0.5571202386349132
18 94 0.39781605626631644
18 95 -0.6202204566808363
18 96 -0.5706134727276977
18 97 0.9994769493017917
18 98 -0.7075597250762093
18 101 0.7378402832920732
18 102 0.14849026641178975
19 20 -0.4217405711693212
19 21 -0.21979163172619587
19 25 0.3855001975003527
19 26 0.8495132445850717
19 27 0.544371983837963
19 28 -0.12937004992996637
19 30 -0.8473394364042659
19 31 -0.05945740866383353
19 32 0.40455096859467776
19 34 0.18603832325062375
19 36 0.6444539004657397
19 37 0.266903889518473
19 40 -0.4379142117202255
19 42 0.3479983749354212
19 44 0.4609249494288059
19 45 0.6640249714912836
19 47 0.2750133034443576
19 49 -0.8954207813928226
19 50 0.39105413473535955
19 54 -0.3008630881042318
19 55 -0.641231751004049
19 56 -0.06889480684076554
19 59 -0.6025940122156455
19 60 0.8978348259266353
19 62 -0.21806906875409116
19 64 -0.8147649465768241
19 65 0.9660987844717106
19 67 -0.24162110507208245
19 69 -0.9222566750721855
19 71 -0.2496329081396118
19 73 0.2005426225101956
19 74 0.6137490886351125
19 75 0.18484827512886048
19 77 -0.7050599641070445
19 78 0.7997156694702456
19 79 -0.5242060901718377
19 80 -0.61599325924544
19 81 0.5678784559266863
19 82 -0.9940161083889847
19 83 -0.6349428402758206
19 84 0.23838430368609576
19 86 0.9508831766108907
19 87 0.22346508634103635
19 89 0.04769839969117773
19 91 -0.240459196091253
19 92 0.534189503734694
19 93 0.16640140936132353
19 94 0.3327465155994309
19 95 -0.48969973991530824
19 96 0.1733375644294337
19 98 -0.6705306828375603
19 99 -0.042518814995382126
19 101 -0.15337575126223735
19 102 0.4909788030167863
19 104 -0.2579895664860399
20 21 -0.997542531546282
20 22 -0.6464622116861354
20 24 -0.930778158975315
20 25 0.29064075502989617
20 26 0.33191179665375636
20 27 -0.2745800548821846
20 28 0.6333047899922308
20 29 0.6103438242567663
20 30 -0.26435032979041373
20 32 -0.6373998599812636
20 34 0.8241508442840393
20 35 -0.8602353721391609
20 36 0.9008427930081577
20 37 0.5057991845042198
20 38 0.0893468341738759
20 39 -0.8069986466676746
20 40 -0.0921834064770306
20 41 -0.19561612434601394
20 43 0.6101689968090547
20 44 0.6941316764114809
20 45 -0.28992972212202917
20 46 -0.7995652702181746
20 49 -0.41914176281187543
20 50 -0.05038758951403777
20 51 0.8397630925217405
20 52 -0.5606535027524875
20 53 0.9197422346805477
20 57 -0.4418785085436514
20 58 -0.5448735273758687
20 59 -0.7101970013041217
20 60 0.2395075174605319
20 61 0.33274424387317336
20 62 -0.09896721686092369
20 65 -0.1017766683324639
20 67 0.917720509960892
20 70 0.27110638684026744
20 71 -0.7329085776078694
20 73 0.187343206325582
20 74 0.27077578784675005
20 75 0.8045245028117809
20 77 0.0720623228874524
20 78 -0.09711187914460395
20 79 -0.7233244676071939
20 81 0.15566733147001166
20 83 -0.6672898575496373
20 85 0.7532613411850635
20 86 0.10318231380096088
20 88 0.7171015750728573
20 89 0.277636460688357
20 90 -0.3552612689925865
20 91 -0.6195598582119202
20 92 -0.1092293296358362
20 93 0.30265737817614013
20 94 -0.6557273083147299
20 95 -0.8865388635067895
20 96 -0.43627843419403245
20 97 -0.7056453810824213
20 98 -0.7047277620424044
20 100 -0.3591329537794543
20 101 0.6815191479427551
20 102 -0.7522168658008102
20 103 0.2647389002952134
21 22 -0.8601276715975958
21 23 0.9546286278017764
21 24 -0.8268846414293731
21 25 0.6783256806663851
21 26 0.5690811864511736
21 27 -0.2321632964871807
21 28 0.48347143293030115
21 29 -0.6631256751663228
21 30 -0.051100100958140215
21 31 0.6908856558879879
21 34 0.2395741818068855
21 36 0.6996928277891523
21 37 0.2178679779869619
21 39 -0.6887019638497505
21 41 0.4023636518082112
21 42 0.49679157761576986
21 43 -0.3243781212235115
21 44 -0.1202347290548107
21 45 0.5889814611418966
21 47 -0.6236107924339522
21 48 -0.24180796993022602
21 49 0.7599426160015537
21 50 -0.28421148221949166
21 51 -0.9109371752383701
21 52 0.8859934111492129
21 53 -0.7756830653843081
21 54 -0.4665755626752013
21 55 0.7794815388369856
21 57 0.9358093855927567
21 58 0.6367022594230338
21 60 -0.2016164821450046
21 63 0.4450043101606618
21 64 0.6417573707255271
21 65 0.024058405342533673
21 67 0.10672254410314408
21 68 -0.5429353816885953
21 70 0.4266332581102943
21 71 -0.7863216864548042
21 72 0.1372277386255205
21 73 0.4139846711538655
21 77 0.17620719334239232
21 78 -0.5293293507683912
21 79 -0.352163121814252
21 83 -0.9025766180268209
21 85 0.26718357157704986
21 86 -0.2060921547993928
21 87 -0.6672982711086022
21 89 0.8133549800816604
21 92 -0.02607126486444189
21 93 -0.9499078376160601
21 96 -0.24343431621167877
21 97 -0.41948890473204425
21 98 0.16014757016639902
21 99 0.14193536344594637
21 100 0.8731810032882299
21 101 -0.5308285386552261
21 102 -0.34104368772598814
21 103 0.31790915692079613
21 104 -0.07273983680071416
22 23 0.5170928275355391
22 25 0.8812230580161928
22 27 0.5228119289772102
22 28 -0.804674880985536
22 30 -0.2838816903693693
22 31 -0.7461865089108071
22 32 0.7258973363541323
22 33 -0.49599268201917157
22 35 0.41866309580022665
22 36 0.3500978364910745
22 37 0.629452931038615
22 42 -0.5081746730689765
22 43 -0.21319353470492897
22 44 -0.8014355695813817
22 45 0.10013880918649698
22 46 0.40478447602392964
22 48 -0.9043055825193729
22 49 0.24609198116205366
22 51 -0.015314318069568067
22 53 0.4297777803905498
22 54 0.23179894286095193
22 57 -0.953621320259213
22 58 0.6672965455264945
22 59 0.6971307245051759
22 60 0.7076863758198506
22 61 0.6246825228436004
22 63 0.926467452229327
22 65 -0.3181308857232017
22 67 0.6737260603127866
22 68 0.16691747467607265
22 69 0.8515139166524952
22 72 -0.6982751280387753
22 73 0.17952278486196716
22 77 -0.12410750045038044
22 79 -0.28651969555172996
22 80 0.9973487200340958
22 81 0.46881093360990334
22 82 -0.39484207681292016
22 84 0.4880843817905276
22 86 -0.8077744991753999
22 88 0.5597276345516342
22 89 -0.8845738281364055
22 91 -0.9556615005973728
22 93 0.8405294560606607
22 94 -0.4225868741860519
22 95 0.5517204204284485
22 96 -0.6124974189280916
22 97 0.9721721188489905
22 99 0.034866136527032854
22 100 -0.7283021551662263
22 102 0.6069548260541575
22 103 -0.3263437579042612
23 24 -0.35277297272864194
23 25 -0.9388390853288657
23 26 0.8356989462683657
23 28 -0.5451780560170478
23 33 -0.3910683816617646
23 34 0.741505234016524
23 37 -0.9867572676382819
23 38 -0.19823480641551083
23 40 -0.5271664880450198
23 42 -0.2255199131800738
23 43 0.6947108058878029
23 44 0.4648046574219835
23 45 0.21721069946306026
23 48 0.7608420442711445
23 49 -0.6472839110862869
23 50 -0.990049734538972
23 51 -0.2595410293888747
23 52 -0.1421668266371361
23 53 -0.18271028335063777
23 54 0.8718472548966927
23 55 0.6536413706321702
23 57 0.18247040972451
23 58 0.8477495417924663
23 59 -0.4773215467378611
23 60 0.4747951576668552
23 61 0.05196491128764169
23 62 0.8113609918419162
23 63 0.6957683493930311
23 64 -0.8452693751497318
23 65 -0.9040331655471003
23 68 0.9955320370164686
23 71 0.12001642722304728
23 72 -0.7735500750815627
23 73 0.11437958395941816
23 75 0.7801446110636006
23 77 0.141608390649143
23 78 0.6398466777528842
23 81 -0.2289410386277746
23 82 0.7279637510451875
23 83 0.15137956903543337
23 84 0.11424896757850278
23 87 0.20781021223775786
23 89 -0.015044278989614579
23 96 0.7616182240926084
23 99 -0.10031077904920704
23 101 -0.9590454237752084
23 103 0.3012384588303527
24 26 0.8930909615229028
24 28 -0.7293771700950922
24 29 0.311965173726652
24 30 -0.6611276363148801
24 33 0.6443444756770575
24 36 -0.0016480425435720925
24 37 -0.6766531124814432
24 40 -0.01332955423545612
24 42 0.2632036289438482
24 43 -0.29468401363113594
24 44 -0.5597161661133112
24 46 0.7243581867969402
24 47 0.7817656842779372
24 48 -0.657409098841903
24 50 -0.39628886790869866
24 51 -0.6399747293503544
24 54 -0.19263157264023345
24 57 0.5909494648490228
24 59 0.7260502080290128
24 60 -0.19709257208542774
24 61 0.7859512417838119
24 62 -0.6304874660806339
24 65 0.9889017874154433
24 66 0.3082235102444013
24 68 -0.7876719772380272
24 71 -0.5593122891871836
24 73 -0.3080728657116807
24 74 0.43765644731664066
24 76 -0.8464195306865248
24 77 -0.766189144186276
24 78 0.2773486173961033
24 79 -0.5250667038253831
24 80 -0.6201432596825482
24 81 -0.4268233678283053
24 82 -0.41317646069890834
24 83 -0.4920049968655762
24 84 0.5213492191604956
24 85 -0.7372795464284931
24 86 -0.2585042880280566
24 88 -0.7029542116843013
24 89 0.4958168129734537
24 90 0.2676444506435116
24 91 0.5774406886387631
24 92 -0.9600555375164002
24 93 -0.9304209359615472
24 96 0.8684990487219655
24 97 -0.46603587589154727
24 98 -0.6418367247229209
24 99 -0.3485006895465943
24 100 0.6914569626836058
24 101 0.10481395258034243
24 102 0.37189035346020716
24 103 -0.13086597790274013
25 26 -0.7772872110253513
25 27 -0.9846584714443571
25 28 -0.4006001070097194
25 29 -0.2870461882806046
25 33 0.072170121455847
25 34 0.5056393096470617
25 35 -0.3713632863359664
25 36 -0.5230523676999277
25 38 -0.947815696761694
25 39 0.602325881446921
25 40 -0.6097932005776641
25 41 -0.6235923429682606
25 42 -0.8260752171630947
25 43 -0.22070367404633906
25 45 0.5832100588803504
25 46 0.6608393294029871
25 47 0.3383502925924866
25 48 0.568893154407748
25 49 0.7493867716896263
25 50 -0.581083868140085
25 51 -0.8021042903355773
25 52 -0.0076802509386493245
25 53 -0.25645452907772004
25 54 0.34120503340156194
25 55 -0.0345265341624017
25 57 -0.2822190421354278
25 58 -0.756800689884676
25 59 0.5651453567719278
25 63 0.8957573419206886
25 64 -0.14330338647178276
25 65 0.7999816149503591
25 66 -0.3545291681930449
25 69 0.7166799375944828
25 71 -0.4240984499804126
25 72 -0.7150674805103754
25 73 0.47224572988251556
25 74 0.3688713368830929
25 75 -0.988992732366865
25 76 -0.46578379041263096
25 78 0.9016355304007646
25 80 0.347906902239967
25 81 -0.671098650819111
25 82 -0.791601385934348
25 84 -0.520136206442599
25 86 0.7744433124738235
25 87 -0.8805322645470179
25 90 0.5169272422400155
25 92 -0.7855449094890223
25 94 0.6684381510446846
25 95 0.7256508240963342
25 97 0.18016389572999536
25 98 -0.5461178614217996
25 99 -0.2233779201181798
25 100 -0.08864753285185523
25 101 -0.21077560340487778
25 102 0.6888503908646908
25 104 0.782272268419121
26 29 -0.35024160033331553
26 31 0.6549923769174331
26 32 0.635047910208679
26 33 -0.46284080585581355
26 34 0.7339988629847622
26 36 0.28987021206600594
26 37 0.9607114495454845
26 38 -0.7253331356091806
26 39 -0.5802763447449781
26 40 -0.8432675050837357
26 41 0.492033240832666
26 42 0.9707506463363897
26 43 0.4091255535792546
26 46 0.5765815987917713
26 47 -0.25516781865233074
26 48 -0.1859687811630164
26 49 0.8210757631059984
26 51 -0.6871604966400402
26 52 -0.10680890862742798
26 53 0.6875736033684821
26 56 0.6836012453045068
26 57 0.6725484319290815
26 58 0.5778843467180137
26 59 -0.11779625919437153
26 60 0.028728920482670173
26 61 -0.5104635708356646
26 63 0.302247182667406
26 64 0.7170866292820033
26 65 0.3852019462035432
26 67 0.8613792842240655
26 69 0.8487658819439421
26 72 -0.17262602296620155
26 75 0.662187474959079
26 76 0.9340341036259119
26 77 0.8543459762076853
26 79 0.08039429290725164
26 80 0.7586975924125963
26 81 -0.5186860178500867
26 82 0.8250926304348325
26 84 0.1815451622375006
26 85 0.3555773621562377
26 86 0.03004957441071565
26 89 0.8788116342795498
26 90 0.8753719967348312
26 91 0.2957799238885679
26 92 -0.5363331301446759
26 93 -0.6481488845809749
26 94 -0.7265132259393485
26 95 0.4220540191481812
26 98 -0.4438111817642465
26 99 -0.40602109533033803
26 100 -0.5029817575076794
26 102 0.9536984627791696
26 103 0.2774045053474188
26 104 -0.41308359750912316
27 28 -0.3663261993970217
27 29 0.7720717603953804
27 30 0.3607501426236246
27 31 0.19391223526718449
27 32 -0.0105142863379184
27 33 -0.6482539349330501
27 34 -0.40443435272998673
27 35 0.6315964298057302
27 36 0.8460307354971583
27 37 0.17709406106361958
27 40 -0.30729958841782534
27 41 0.8112223466156634
27 42 0.8903718756287882
27 43 -0.906298582715235
27 44 -0.665457015083823
27 45 -0.05618609118485374
27 46 0.1332307351807469
27 47 0.7523321802266643
27 48 0.545258630387832
27 49 0.6437032598484849
27 50 -0.18989248808986225
27 51 0.04932050852567915
27 52 0.1763858134937455
27 53 0.02914171222059414
27 55 0.2616675706346445
27 57 -0.21221193594710508
27 59 0.23673911517303958
27 60 0.9051057648985699
27 61 -0.5852963652753118
27 62 0.8806011518405463
27 63 -0.44057720040145787
27 64 0.5643977648741081
27 65 0.08903859875331421
27 66 -0.5694218007692917
27 68 0.8613209583707928
27 69 0.6066299178440429
27 70 0.16849434345550662
27 71 0.415584902155576
27 72 -0.3433505486396493
27 73 -0.8173200203868183
27 76 -0.6649513924344066
27 77 -0.9664061846401086
27 78 -0.43429355698696814
27 79 -0.17794967922835325
27 80 0.8893677222973617
27 81 -0.8450966524548968
27 84 -0.11460672533461502
27 88 0.5854098768699021
27 89 -0.7374225340123497
27 90 0.28073763104196026
27 92 0.5479499402201147
27 94 0.72776738151432
27 95 0.27674792020362493
27 96 -0.600657055034532
27 98 -0.7155299515990736
27 100 0.6056654054866268
27 101 -0.03242004029832035
27 102 -0.4849384746333969
27 103 -0.5834803615150208
27 104 0.5368894466901402
28 29 0.5879028290721611
28 31 -0.47946459517068996
28 32 0.843022661864052
28 35 0.9027779636362094
28 37 0.9826344374339715
28 38 0.6586367995214262
28 39 -0.552033627919285
28 42 -0.9919669117808236
28 43 -0.14062721026101532
28 44 0.9269096011906854
28 45 -0.496340115897143
28 47 -0.11509036315965138
28 48 -0.3324166815452585
28 49 0.5389751949797992
28 50 -0.20867219084949662
28 51 0.07766888158204455
28 52 0.19787163476322367
28 53 0.7674344158228004
28 54 -0.7312254529137265
28 55 -0.1851380529860076
28 56 -0.7878725856183078
28 58 -0.25929907396271434
28 60 0.9051680675781835
28 61 -0.06030794429411057
28 62 -0.29935651635306226
28 64 -0.8040180346122132
28 65 -0.5633060916221373
28 67 -0.08588959888609038
28 70 -0.005670227050316834
28 71 -0.6030142976531083
28 73 -0.8998327752441981
28 74 -0.017057807572145256
28 76 0.9149739837256641
28 80 -0.5169149121198178
28 82 0.014295211079219827
28 83 -0.43082462437373636
28 84 -0.4523493185214271
28 87 0.3645828314700037
28 88 0.6289931496884178
28 89 0.4888515998380414
28 91 0.8894843859100425
28 92 -0.926779360939691
28 93 0.20971492687375948
28 94 -0.08195790190373997
28 95 -0.5392839397925944
28 96 -0.5274747700881666
28 97 0.5549326650119333
28 99 -0.7177739146005635
28 100 -0.03415709499046882
28 101 0.6034932887632385
28 102 0.8424313089001012
28 104 -0.8201895398544088
29 30 -0.27247556300009834
29 32 0.13515909838083706
29 33 0.7721438767264146
29 34 0.7329106322859906
29 35 -0.0887004737474566
29 36 0.34419512487398274
29 37 0.6839878397679675
29 38 0.8379329524628345
29 39 -0.04011645814712761
29 40 -0.1014821865560267
29 43 0.44436103667478144
29 44 0.45877454096999637
29 45 -0.2934191339627543
29 46 0.23349468104196625
29 47 0.4854449143911994
29 48 -0.23919520672432415
29 49 -0.7213637888696727
29 50 -0.43379516367830684
29 51 -0.2959216571357308
29 54 0.20026642857540078
29 56 -0.2587232917797182
29 57 -0.9223558627376245
29 58 -0.6484054688733503
29 59 0.30216811781203456
29 60 0.8593859946037286
29 61 -0.5784798046287589
29 63 -0.8490598106075171
29 65 0.9014574286449908
29 66 -0.8243977153460926
29 69 0.1975368439449432
29 71 0.4779811205423121
29 73 0.2794248784988158
29 74 -0.6066562605858576
29 75 0.47321282177731927
29 76 -0.6891654823094346
29 77 -0.6312450008986896
29 78 -0.3939636022793569
29 79 -0.47899715876675386
29 82 0.7754083172047228
29 83 0.960508989063821
29 84 0.3264912279742369
29 85 -0.5815186986054581
29 86 -0.926022498800539
29 87 -0.43569836169069176
29 88 0.8228274837607499
29 89 -0.7749525345804886
29 92 0.32142857911184586
29 94 0.748198998574213
29 97 0.08402333182780364
29 99 -0.5137209641020488
29 100 0.6963633037014414
29 101 -0.591500306238216
29 104 0.9378114999340725
30 32 -0.2926488167068195
30 34 0.5335441368716938
30 35 -0.7514648324098852
30 36 0.24609376561203877
30 38 -0.11781807617869888
30 40 0.10462930442946017
30 42 0.3951520044197365
30 43 -0.8334294405963145
30 44 -0.008377135235194233
30 45 0.4026633488314266
30 46 -0.9827490063183859
30 47 -0.33115308989619496
30 51 -0.9908249531763413
30 52 -0.1437402048113725
30 53 0.06336723364817365
30 56 -0.1265982491367521
30 57 -0.9025433862155832
30 58 0.4713508378478479
30 59 -0.7813799175775893
30 60 0.5391839280804143
30 62 -0.6866552573262803
30 63 -0.4978599191236903
30 64 -0.20511178818032438
30 65 0.81858241757862
30 66 0.4023735335473517
30 67 0.47541134931609674
30 70 -0.013055314820147323
30 71 0.15342910379106312
30 73 0.3078440490401624
30 74 0.15383913197886434
30 76 -0.8226587424378589
30 78 0.18594992903727148
30 79 -0.4351134367835636
30 80 0.060977450831007696
30 81 -0.3358224994426249
30 83 -0.23469320351630074
30 85 0.14560914579680295
30 87 -0.05146432069734019
30 88 0.1996252329586028
30 89 -0.22683179303965395
30 90 -0.5722037445338917
30 92 -0.697191583696708
30 93 0.48366627733807777
30 94 -0.3481518102939396
30 96 0.9034303451280103
30 97 -0.3847193428657081
30 98 -0.1861890196072571
30 99 -0.1204611799873041
30 100 -0.38687601372850966
30 101 -0.7471292078326657
30 102 0.6786455812447785
30 103 -0.8748546353610795
31 32 0.5074373345284628
31 33 -0.8316150945758751
31 34 0.9828738093880183
31 36 -0.01977337487244757
31 38 0.9516700124401072
31 39 -0.3537990029627305
31 40 -0.7224170113224104
31 41 -0.24844509207570487
31 42 -0.011209323508701186
31 45 -0.559171870607654
31 46 0.5097741905294626
31 48 0.43536953362277364
31 49 0.26322100208079435
31 51 0.7361813530250672
31 53 -0.688124714889432
31 54 -0.4317407063681542
31 56 0.9515624988099454
31 57 0.33018205216150776
31 58 -0.10746148632828323
31 59 0.7812709009372416
31 62 -0.9059649150169027
31 63 -0.5836691462043948
31 64 -0.22262329765106026
31 65 -0.59157248130209
31 66 -0.6687629902825973
31 67 0.6419988004544823
31 69 -0.0007732805696427647
31 71 0.8207252749754421
31 72 0.9561875256315366
31 74 -0.8700576769407264
31 75 0.014288045651603243
31 76 -0.919795338569362
31 77 -0.34764524888577153
31 78 0.5775713133692628
31 79 0.190112675182889
31 80 0.33366044666793115
31 81 -0.7147066844534831
31 82 -0.9870629478952613
31 83 -0.898051685672091
31 84 -0.9223489630407142
31 87 0.21582334916075419
31 92 -0.318739911205705
31 93 -0.012220179564630618
31 95 -0.2985625105827441
31 96 -0.570745024018712
31 97 -0.26276402758695405
31 98 0.7538373570569448
31 99 -0.4641355263988145
31 100 0.9083849432264297
31 101 -0.867218559060583
31 102 -0.1991106380628329
31 103 -0.04657887453707832
31 104 0.5084021190458958
32 33 -0.29472802311103696
32 35 0.21446639636642306
32 36 -0.49644235728238306
32 37 0.3738196271524492
32 38 -0.8815493449786584
32 39 -0.4057320284824202
32 40 -0.30433363948929104
32 41 -0.9993548321562671
32 43 -0.7362624108961682
32 45 -0.00047341841395365236
32 48 -0.6813978239402687
32 49 -0.9204120571192587
32 52 -0.7415906070692577
32 53 0.8691917618363987
32 54 0.5157677352880214
32 55 -0.6307804256099334
32 57 0.0996323354527342
32 58 0.3756304000396431
32 59 0.8480707734010084
32 63 -0.9816928106618839
32 65 -0.456195568128698
32 66 0.6622399230454412
32 68 -0.010788396054673965
32 69 -0.5597817780413339
32 70 -0.2620058178810667
32 73 -0.789341493636001
32 74 0.610574662111186
32 75 -0.897837932569121
32 76 -0.39713245184749546
32 77 -0.28843637481202067
32 78 0.9480644819270347
32 79 0.32711621481813946
32 80 0.5064596369688519
32 81 -0.26178618072585125
32 83 -0.34870310783544434
32 84 -0.9828333313650408
32 87 -0.5105579194767504
32 90 0.6402055781082705
32 91 0.5327545064082382
32 93 -0.2396335140815753
32 94 0.4919387069338925
32 95 -0.26003270148413793
32 96 -0.904153889364337
32 97 -0.9061134991613704
32 99 -0.43130596117523656
32 103 -0.11611000987846998
32 104 0.8692689850160211
33 34 -0.3612943110758713
33 35 0.16816272094650442
33 36 -0.42746704610438746
33 38 -0.3979050467925518
33 39 -0.23366685519669317
33 40 0.28505945823170764
33 43 0.2593821330300443
33 44 -0.34172104350571786
33 45 0.013824239552320261
33 46 -0.6643080864867288
33 47 -0.11231722642886721
33 48 0.3829105968845423
33 49 0.09673202898952682
33 51 -0.009864220824203462
33 53 -0.7148135282046437
33 54 0.8284813223476866
33 55 0.5643838572497235
33 56 0.25024204579057496
33 57 0.46298256063034837
33 59 -0.4983209509636557
33 60 0.5840408382222737
33 61 0.2036027026443148
33 62 -0.6972026942480187
33 63 -0.11563880226351109
33 65 -0.7403104097861901
33 66 -0.1143171670374028
33 68 0.17081715093055339
33 69 -0.9340186282214902
33 71 -0.17848195941919442
33 73 0.7336522829207164
33 74 0.8600910610200325
33 77 -0.728036978268618
33 79 0.22952509933629495
33 80 -0.13949995038787932
33 81 -0.6431162668748045
33 82 0.21305699090390773
33 83 0.40421414551673274
33 85 -0.23437665542177388
33 86 -0.08403143106417477
33 87 0.4392215823022445
33 88 -0.039364311469520574
33 89 -0.7709122858860782
33 91 0.04545273025316754
33 92 0.16391327616738227
33 93 -0.11400269351784531
33 95 0.6533716645582608
33 97 0.874451830882804
33 99 -0.4625903196738925
33 100 0.8023359993596519
33 102 0.22760142347917545
33 104 0.8108146886040477
34 35 -0.4448791718909808
34 36 -0.9443887395301862
34 37 0.25102821516353613
34 38 -0.36212219515063526
34 40 0.32101773828767444
34 41 -0.838710399451787
34 43 0.34251644537872905
34 44 0.9069951699146894
34 45 0.12583997519802126
34 46 0.30974599510020373
34 47 -0.43223218601700863
34 48 -0.6459867105567791
34 49 0.5215216571417329
34 50 0.04368070797902046
34 52 0.8897294043057373
34 53 -0.01511030039962602
34 55 0.05786252243278378
34 56 0.43456894760012377
34 57 0.7716244696450223
34 60 -0.9623866736000708
34 61 -0.8690834973605763
34 62 0.6435368555230752
34 66 -0.15508354219286224
34 67 -0.08661153159539081
34 69 0.897389510321027
34 70 0.7557877204040575
34 73 -0.6204624509779182
34 74 -0.4028945485097146
34 75 -0.600442769838232
34 76 -0.1946101548406196
34 77 0.1989918562076436
34 79 0.7773578305506945
34 80 -0.8228893105757555
34 81 -0.4109963367471159
34 82 -0.4255672997178501
34 83 -0.49746320520346665
34 84 0.9632631994435084
34 88 0.17299502226662522
34 89 -0.9066727939234585
34 90 -0.6319277376996346
34 91 0.8218497594089982
34 92 -0.8603418820113911
34 93 -0.26542470325737155
34 95 -0.9623830502177226
34 97 0.981998712601601
34 98 -0.8848090517027511
34 99 0.015421551225591523
34 100 0.35679921967092243
34 101 0.0914023166211968
34 102 0.2124674314597721
34 103 0.9997464970762582
34 104 0.8650488281520647
35 37 -0.6715928587455275
35 38 -0.9167827468071859
35 39 -0.15588185862679516
35 41 -0.1818472598762959
35 42 0.7693476310488527
35 43 -0.9629264003235534
35 44 0.20437531262258757
35 45 0.3620172718235748
35 46 -0.3232212285439495
35 47 0.6486815704818862
35 48 -0.21257704361988639
35 49 -0.9070234498094929
35 50 -0.6692180206955507
35 51 -0.38693952213865024
35 52 0.7517924117079962
35 54 0.5808698281423086
35 55 -0.9935804171979801
35 56 0.17949935938297346
35 57 0.6728083178754125
35 58 0.3457041164047956
35 59 -0.8629901603360055
35 60 -0.6574758920601216
35 61 0.6784006810010288
35 62 0.19524323649583852
35 63 -0.2757603373499591
35 64 -0.25642749621707095
35 65 -0.2772403931838412
35 66 0.5812638233471059
35 68 0.5900494529045239
35 69 -0.5223812378592836
35 70 0.37133615392029484
35 71 -0.8703867436847488
35 72 0.9937254381253999
35 73 -0.8785688627493076
35 75 -0.7212326874760262
35 76 -0.7309656756550416
35 77 -0.38768061599443193
35 78 -0.30255973523172397
35 79 -0.7034333686772123
35 80 -0.5307785609645803
35 82 -0.5381312091758068
35 83 0.5334762074899788
35 84 -0.6474158851571528
35 85 -0.9305400539410198
35 88 0.6889826973663586
35 90 0.9083880014446934
35 91 0.7388158525565582
35 93 -0.7046250231214619
35 95 0.4627203459571112
35 98 -0.154207633237877
35 99 0.1521787176131566
35 104 -0.35416855797323876
36 37 0.08468131777172427
36 38 0.5935433352904682
36 39 0.7843225071666098
36 40 -0.0643284126995296
36 42 -0.8235341675801933
36 49 0.1441436929206965
36 50 -0.8404952676732205
36 51 0.4152555683239769
36 53 0.7517404925079072
36 55 0.9565631244446966
36 56 0.6232031316654114
36 57 -0.45185910456615663
36 58 0.016675436217712836
36 59 -0.6154890549248662
36 60 -0.8215428596909238
36 64 -0.6689884512421815
36 65 -0.8429206051302782
36 67 -0.7070426334568427
36 68 -0.7691781629061754
36 69 0.14217048085036033
36 72 -0.9601675575053932
36 73 -0.08642856801492504
36 74 -0.09016478496531555
36 76 0.9203034884871255
36 78 0.6933194050617031
36 79 0.009935422175939568
36 80 0.169134822020931
36 81 -0.4685092126829291
36 82 0.877681055752616
36 83 0.12649768803275308
36 85 -0.3210934801460543
36 86 -0.8483756981042352
36 87 0.13401243451737654
36 88 -0.8844870235128104
36 92 -0.8168844872029895
36 93 0.24693298978214107
36 94 0.9495727113177213
36 95 0.8145086613563617
36 97 0.49720310522618716
36 99 -0.9880566573583529
36 100 0.5486744804807906
36 101 -0.920513604670139
36 102 -0.6806338056394947
36 104 -0.8796163165457944
37 38 -0.9268805766010735
37 41 0.7165484201258934
37 42 -0.23787750940881147
37 43 -0.015055155483643556
37 44 -0.6612032722973
37 45 -0.7358068955863666
37 47 0.4362889257097704
37 50 0.07850607380922825
37 51 0.19723731042277737
37 52 -0.2721372192358167
37 54 0.9374611561056891
37 56 0.44413171512718064
37 59 -0.4822461542957983
37 60 0.06650966517959023
37 61 -0.0928292171002183
37 63 0.9656961366231229
37 64 0.399735305400037
37 65 -0.7752570294964993
37 68 -0.9753553947700244
37 69 0.6969186579633606
37 73 0.8768708256819997
37 75 -0.013827053581394244
37 76 0.4694579027737982
37 78 0.7223962497781087
37 79 -0.3574809279157236
37 81 0.47446753726859336
37 82 -0.09217293199153542
37 83 -0.5082188049670209
37 84 0.09981192960568563
37 86 -0.24580455382151722
37 87 -0.5224446020477247
37 88 -0.2822344036792357
37 89 -0.8628485013327807
37 90 0.11812490247697949
37 91 -0.6539921561568154
37 94 -0.6992266097753574
37 95 0.5971333624635593
37 97 0.901498999309372
37 98 -0.3670837208619311
37 99 -0.4145565743679003
37 103 -0.5631785158327818
37 104 -0.1468381606839524
38 42 -0.07486727734288467
38 43 0.08459693646225541
38 45 0.38180972366227306
38 46 0.5767697877744777
38 47 -0.044086523585981974
38 49 0.637541936232296
38 50 0.6605292061814818
38 51 0.8765924639807197
38 53 0.58451867732858
38 54 -0.5030347100519812
38 55 0.17790310866180814
38 56 -0.26799496687935087
38 57 0.26155693223970133
38 58 -0.027355804771184822
38 59 -0.6631628388472628
38 61 0.683826404999037
38 62 0.42626121581759957
38 65 0.5165445035182121
38 66 0.14062710176890025
38 67 -0.4692461275655473
38 68 0.5488695355333211
38 69 0.9208235031377829
38 70 0.32563133829539237
38 72 0.6629734466535204
38 73 -0.5898179824470351
38 75 0.6121579533872579
38 76 -0.750144843220403
38 77 -0.4760896467725344
38 78 0.8545987132566417
38 79 -0.9650726524574074
38 80 -0.9887763555834443
38 81 -0.7240545484488696
38 84 0.5355483920574113
38 85 -0.33202511696429826
38 87 -0.36308529083728014
38 90 -0.7987712684397461
38 91 -0.45958098434800565
38 92 -0.6536432092211146
38 95 0.3075584898215189
38 96 -0.07640911554182472
38 98 -0.17573158564399582
38 100 -0.6872068082446974
38 101 0.6656541699859624
38 102 0.8987155510915052
38 104 -0.8047511195170884
39 43 -0.42574388232214977
39 45 -0.3029158663140852
39 46 -0.24924375438707935
39 47 0.7219805399019308
39 49 -0.42888321217420944
39 51 -0.6345353588538407
39 53 -0.3214793432015721
39 54 -0.8814401082598842
39 55 0.29779912156005617
39 56 0.5997386475936228
39 58 0.6494885766761187
39 59 0.5303504199041285
39 60 -0.5000253290196284
39 61 -0.8661949962405924
39 62 -0.14380988720741938
39 64 -0.1950987781803799
39 65 0.588893064883218
39 67 -0.81608754873794
39 68 0.1638008721837565
39 72 0.41738022253396734
39 73 -0.343847927096417
39 74 0.2725963733683443
39 77 -0.44265623354085415
39 79 -0.9810548106468089
39 81 0.8096415780005997
39 83 -0.6827363936752622
39 84 0.8985453955997698
39 85 -0.09338020646674616
39 89 0.3324467468330572
39 91 -0.8486841179627944
39 92 -0.5527935348062116
39 94 0.24465085310199486
39 96 -0.5646259606202557
39 97 -0.033533202716319765
39 99 0.6501759853514428
39 100 -0.3782120506220896
39 101 -0.36064471294714995
39 103 0.3380386989956663
39 104 0.616590123178683
40 41 0.11452876879862228
40 42 0.8938343358318799
40 43 -0.26085852564099454
40 44 0.980051959387032
40 45 0.7651550092574368
40 46 -0.37631658082589015
40 47 0.9927645712607545
40 48 0.9833229300652533
40 49 0.47630845488039064
40 50 0.19053063318350172
40 52 -0.2270896615871627
40 53 0.8024352803182331
40 54 0.3102326617605895
40 55 -0.8412005044587532
40 56 0.9682448544377678
40 60 -0.35537689227946356
40 61 -0.21181885175980253
40 63 -0.905201631926114
40 64 -0.2159409753528292
40 66 -0.27948025875936744
40 68 0.08061675078863528
40 69 -0.10197505222294945
40 70 0.5671213904082519
40 71 -0.3570457972095358
40 73 -0.9790325434754996
40 74 -0.12735073080047576
40 76 -0.8189142182284497
40 79 -0.7423630870955837
40 81 0.9668419448983196
40 82 -0.37545701375243645
40 83 -0.38742313868627676
40 84 0.4907443276976957
40 85 0.3412750564508893
40 86 0.19291789300504303
40 88 -0.1009767902589973
40 89 0.14458996827267456
40 94 -0.8497931264989371
40 95 0.5057476898000683
40 97 0.2430002817197412
40 98 -0.13335708783910438
40 100 -0.5717800124130865
40 101 -0.5933349802146879
40 103 -0.8826060187589118
40 104 -0.11248203465010187
41 42 -0.24058295492237614
41 43 0.170071144361851
41 44 -0.5745552057613648
41 46 -0.9280910813206067
41 48 0.986779194769906
41 49 0.7246352908024705
41 51 -0.4064081754292619
41 52 -0.9807015695358059
41 53 -0.5684752634459791
41 55 0.021856838434931802
41 58 -0.05876957790500148
41 59 0.04981749938611113
41 60 -0.8627116545042337
41 61 0.054258942919983566
41 63 0.7650996901021556
41 64 -0.34787044339325157
41 66 -0.11034663231156339
41 67 -0.8557457514765447
41 68 -0.8132832647081933
41 69 -0.8115517340381242
41 70 -0.8476795773433827
41 71 -0.5691749054077411
41 72 -0.020464433631099066
41 73 -0.7486668124797395
41 76 0.3659299561165741
41 78 0.13672390827420156
41 79 -0.13380125305565826
41 80 0.7278821847731209
41 83 0.21393129205887695
41 84 0.8161463882854265
41 85 -0.6224253255797678
41 87 -0.21556082465149928
41 88 0.5096333037636416
41 89 0.7878976850147499
41 92 0.43984072546579145
41 93 -0.3771923977588971
41 96 0.7198130230848605
41 97 -0.6108090439477905
41 98 0.02968005752185654
41 99 0.08593108788878756
41 100 0.19302650039057423
41 101 0.027074040291293455
41 102 -0.5075510725661492
41 103 -0.7972188781325467
41 104 -0.6676498865066725
42 44 -0.20027197528243024
42 45 -0.9691116818426955
42 48 -0.2445697720475517
42 50 -0.4722722857372268
42 53 -0.5879308822617855
42 54 0.2781014142269702
42 56 -0.008579650019485685
42 57 -0.5375122069349514
42 58 0.5391536798444951
42 59 -0.5314957714902879
42 60 -0.04653418508204754
42 61 -0.07966703718640522
42 62 -0.4028334599165122
42 63 0.165626567421838
42 64 -0.5313107567387059
42 65 0.6405725330178993
42 66 -0.7182862565362018
42 68 0.32524320369326953
42 69 -0.4949895927908621
42 70 0.14728292128368947
42 71 0.6299601055693134
42 72 0.45700987289670225
42 74 0.6211220659717864
42 75 -0.9103963584340922
42 78 -0.8840716188904927
42 80 0.3405860138983685
42 82 -0.2628738926238128
42 85 -0.6568533491205646
42 86 -0.5103393631608426
42 87 0.29654948441036244
42 89 0.2645862631392166
42 90 -0.572504660073212
42 91 0.7113072468121342
42 92 -0.7349781252009007
42 93 -0.49830206514061315
42 96 -0.5186675441417938
42 97 -0.8749312663907809
42 98 -0.9830501882656104
42 100 -0.6307776923049471
42 101 -0.30793209065496385
42 102 -0.3583864359895599
42 103 0.9847447709012129
42 104 -0.36611063132592414
43 44 0.1938522470385422
43 47 -0.6452324984520053
43 49 -0.14504089816471932
43 51 -0.2959277940951832
43 52 -0.9189193260881803
43 54 -0.02697699066257142
43 56 0.27059658912690376
43 57 -0.5552392154216355
43 59 -0.44252736886549515
43 61 0.8052409471110158
43 62 0.48842394029094716
43 63 -0.18593516054576242
43 65 0.8375106758508042
43 67 0.6863103767559968
43 71 0.7368959337010001
43 72 0.29226021990144435
43 75 -0.30749757463926786
43 76 0.6799295405660781
43 78 0.21636020441564985
43 79 0.004884139046508418
43 80 -0.13040209664956204
43 81 -0.10909315765025451
43 83 -0.024179929838857195
43 84 0.7541720592277976
43 85 0.036304589456305214
43 86 0.31233797380614936
43 88 0.6693518820248721
43 91 0.041837397361472295
43 92 0.15597128700516438
43 94 0.64034359701806
43 95 0.5841067547555165
43 97 0.8143328566873174
43 98 -0.7033613339426807
43 99 0.543456756788177
43 101 -0.2312872353937352
43 102 0.031814056016922
43 104 -0.765347625156342
44 45 -0.3530078614566019
44 46 0.032175080889247365
44 47 -0.38321938266894806
44 48 -0.23657318876862465
44 50 0.32751586008606415
44 53 -0.112154476619158
44 54 -0.7543760869936835
44 55 0.7376174173320262
44 56 -0.5725813807857674
44 60 -0.9615590240260881
44 61 -0.47717880177455374
44 65 0.043804861189856936
44 67 0.8249282479267064
44 68 -0.8186443479761096
44 69 0.4983677062158569
44 70 -0.3416515632480597
44 71 0.20514152388094575
44 73 -0.9997708021844691
44 74 0.7995249153661843
44 75 0.16269405009678106
44 76 0.9272160784920274
44 77 -0.18126759014874727
44 79 0.8488465820897904
44 82 -0.6403087696148888
44 83 0.9518542000645744
44 85 -0.6828283257040231
44 86 -0.512170866330063
44 87 0.8425066772828358
44 88 0.012744276170152169
44 90 0.3131944189798681
44 92 0.20441350331797703
44 93 -0.41890902601179625
44 94 -0.306980537622795
44 95 0.3500166822990951
44 96 -0.08560374403458892
44 98 0.11895381748309575
44 99 -0.41136550814677175
44 102 -0.5902352688511778
44 103 0.13819460813152706
44 104 0.03329982742549453
45 47 0.028411255237421384
45 48 0.6023856908508369
45 49 0.9245196878160178
45 50 0.2717659917685542
45 51 0.5819086611687159
45 52 -0.7842864185842029
45 53 0.036738065838228806
45 56 -0.742779031434198
45 57 0.10960835770954258
45 61 0.2395421625726879
45 62 0.9400997187853655
45 63 0.8593683090632183
45 64 0.6536791059768703
45 65 0.5568190871470773
45 66 0.5468434533355868
45 67 -0.36986011000112584
45 68 -0.1878252723950582
45 70 -0.22091021801843502
45 71 -0.6140960279455507
45 73 -0.00656396621228672
45 74 0.8854262110038291
45 75 0.10101830929785627
45 76 0.7240238269302528
45 77 -0.01810202309511566
45 79 0.08906249424470514
45 80 0.5807021065424962
45 81 -0.8240569026793247
45 84 -0.7428752066396871
45 85 -0.008316407084258959
45 86 -0.6423972639413531
45 90 -0.9126058487719562
45 92 0.16370526850073008
45 95 -0.13618727246611373
45 96 -0.5302735815618835
45 97 0.6266601854713953
45 98 -0.6449123139504076
45 99 0.026532354613117537
45 100 -0.16957537880713236
45 101 -0.326634952583402
45 102 0.6613153035514436
46 48 0.2830504403280967
46 49 -0.7183160213081554
46 50 -0.972339610444507
46 51 0.48590853228770925
46 52 -0.32370329516805385
46 54 -0.8551096935923399
46 56 -0.5525669647609535
46 58 -0.6794951841437313
46 59 -0.9199564867788328
46 61 0.2189305074579444
46 63 0.28717855224278854
46 64 0.5883801263667889
46 65 0.6033688011602125
46 67 0.41869259592563757
46 68 0.5474744481115281
46 69 0.5105501996292685
46 70 -0.36583215775772926
46 71 -0.6764181785170402
46 72 0.20245147116108342
46 78 -0.2583375341890326
46 79 -0.37292976798589184
46 80 -0.21887100058230358
46 81 0.5334922078882482
46 82 0.33305037502599766
46 84 -0.27234103358764594
46 86 0.6078731299646869
46 88 0.7599305102939551
46 90 0.23423064247559777
46 91 0.8974864532445941
46 92 0.2855708038573901
46 93 -0.8431331287544679
46 94 0.7777067453856665
46 95 -0.4463398458357952
46 98 -0.9074058812512333
46 99 -0.9966252498844608
46 100 0.08242889990606206
46 102 0.497288232776248
46 103 0.8883672555285032
46 104 -0.7174221216017302
47 48 0.912057123530134
47 49 0.9015932991205042
47 50 -0.2817799724309673
47 51 0.42084022404796273
47 53 0.9931203663448365
47 54 -0.0641069622001913
47 55 -0.7482145574871537
47 58 -0.527711441877613
47 60 0.6483672309134745
47 61 0.5700924250813466
47 62 0.672425962748993
47 64 -0.06458279573967451
47 65 0.6815829249124858
47 66 -0.21975923565525535
47 67 -0.8781712180269718
47 68 0.18574049605609022
47 69 -0.2901836072070314
47 70 -0.47443709245969634
47 71 -0.5107401476906153
47 73 0.0025059428019966745
47 74 0.9081920044564988
47 75 0.6883727618887818
47 77 0.07946219796482956
47 78 0.3837995109907133
47 79 -0.3226939251009122
47 80 -0.7310577045944784
47 81 0.1164819685159657
47 83 -0.6445002162741853
47 84 0.11813163645696512
47 86 -0.694841253748034
47 89 -0.9980178667099318
47 90 0.15880773531553882
47 91 0.23995444459262982
47 92 -0.46402228049478
47 93 -0.23617888374044083
47 94 0.12968826321376126
47 95 0.7008245642486128
47 96 -0.061414239160159756
47 97 -0.5266076451293709
47 99 -0.08018121469114381
47 100 0.16460509413942526
47 101 -0.43830047533096206
47 102 -0.6242333403463061
47 104 -0.45081699605259273
48 49 -0.011767046782812152
48 50 0.048447383103076946
48 54 0.05012673047532812
48 55 -0.33412195219041996
48 56 0.364813871044644
48 58 0.8661647113502384
48 59 -0.5586249645336998
48 60 0.7101606214501048
48 63 0.5414406332995689
48 64 -0.018687407501034148
48 66 -0.595559029038051
48 67 -0.9614911455515982
48 68 -0.32658636715858314
48 70 -0.33652753475844155
48 71 -0.018517506781725146
48 74 0.8387033800987755
48 75 -0.6967965361547785
48 76 -0.4949024330895351
48 80 -0.7408476844722762
48 81 -0.5444129461412546
48 82 0.7549218910008495
48 83 -0.23834802957632895
48 84 -0.31419466303627464
48 86 0.8826487612006912
48 91 0.2790186529066234
48 92 0.07253571340147413
48 93 -0.4326735593668132
48 94 -0.5050958327873689
48 95 0.3006486133021242
48 97 -0.8692986593527583
48 98 -0.10901798526771445
48 99 0.06354194444724359
48 100 0.7745560655623458
48 103 -0.5268445644747062
48 104 0.043961592943306815
49 50 -0.0068301680790072705
49 51 -0.22804968888136123
49 52 -0.6726102948271766
49 53 -0.06993143254813905
49 55 -0.8155430466463076
49 56 -0.46003175536952945
49 57 -0.1604955580852787
49 58 -0.9019228513034989
49 59 -0.6744737524397497
49 60 0.7604887589942646
49 62 -0.765967515919701
49 63 -0.8116433775330167
49 64 -0.21355081412241805
49 65 -0.1016147038671591
49 66 0.7409541444679331
49 67 0.9767412543324863
49 68 -0.02174345808664291
49 69 -0.5221089204800815
49 72 0.1497417911861596
49 73 -0.43060907900714884
49 74 0.3686407899048689
49 78 0.9320494983581198
49 81 -0.009186675634708097
49 85 0.4764417276673796
49 86 0.25307349948078506
49 87 -0.5144695762547355
49 88 0.8622225863082509
49 89 -0.12812583645598874
49 90 0.3827039845635889
49 93 0.060858521021081025
49 94 -0.023060399025919498
49 96 0.10809293586985413
49 97 0.6351701830335703
49 98 -0.7852070099422688
49 99 0.9906212947207977
49 100 0.8794532064485925
49 101 -0.3938822899219978
49 102 -0.0017217346371993791
49 103 -0.33878588805073995
50 51 0.4619573223313769
50 52 -0.8311818083217233
50 53 -0.45672430448956725
50 54 0.451305531802342
50 56 0.40532161223094
50 57 -0.6999696325904197
50 58 -0.41943002444028665
50 60 0.39306900055973504
50 61 -0.7721205952568888
50 63 -0.9861853042570328
50 64 -0.4779592078696515
50 65 -0.8653387684063756
50 66 0.7944586050070837
50 67 0.3864373212772807
50 71 0.7213054830859622
50 72 0.22058782481177097
50 74 -0.8930988100138006
50 76 -0.2556273099086197
50 77 0.31880210162704925
50 79 -0.9075561701992267
50 80 0.9281111203601351
50 81 0.20495619038372048
50 82 0.21754002658221339
50 83 -0.47350922665325057
50 84 -0.9562680341950984
50 85 0.33374569352033
50 86 -0.10076285494454407
50 87 0.6349769227612263
50 89 0.6953842958695637
50 91 -0.4378872673321741
50 93 0.7578464223006987
50 94 -0.49262756549724496
50 95 0.08145156850088475
50 96 0.4052013295912804
50 97 0.08434014700119419
50 98 -0.6756277516403781
50 99 0.2745549222553656
50 100 0.9389990622353734
50 102 -0.680312509298179
50 103 -0.6824585601449622
50 104 -0.35972738587978514
51 53 -0.4238464359312164
51 54 0.33370317972424557
51 55 0.7261712583765083
51 57 0.29546733309909556
51 58 -0.07544216595827824
51 60 0.36594872590011396
51 61 0.03160953280339385
51 62 -0.21568747675949806
51 63 0.7411597935025285
51 64 -0.5570106661392389
51 66 -0.12232105435751461
51 68 -0.22406752887903414
51 71 0.9600467953522318
51 73 0.9409791554268918
51 74 -0.8306521014538408
51 75 0.8924928335464364
51 77 -0.42445234344706817
51 78 0.6157844788465707
51 79 0.4065261052886313
51 80 -0.15191078711778094
51 83 -0.04273063343585415
51 84 0.9085445745995795
51 86 -0.4526481507414386
51 87 -0.4486047167280376
51 92 -0.9261106894297106
51 93 -0.6159611751793903
51 94 0.23883025024586924
51 95 -0.6916377115070687
51 97 0.8386087085618021
51 99 -0.3776127208592033
51 100 -0.32766062133237916
51 101 0.932161615906625
51 102 -0.731494849915018
51 103 -0.5570064069202976
51 104 0.1837179734147638
52 54 -0.1547736581535586
52 57 -0.11484980123482491
52 59 -0.03129655634805695
52 61 0.8772336144764921
52 64 -0.9214536036640861
52 65 -0.29156393078820564
52 66 0.33500640901695333
52 67 0.675972434298789
52 68 0.0647273844468268
52 69 -0.40562026907626314
52 71 -0.23740293411414837
52 72 -0.5005964169163526
52 73 -0.6619744810003882
52 74 -0.5454756236566094
52 76 0.8363273584187605
52 78 -0.9825655563430842
52 79 0.4416067309080123
52 80 0.08557613613847104
52 81 -0.7226537064086676
52 82 -0.8092282030782361
52 83 -0.6860792791421639
52 86 -0.29927806638567334
52 88 0.4835267174150244
52 89 -0.6183573665757778
52 90 0.6185241924373315
52 91 -0.0764375922507683
52 93 0.5714176923621499
52 94 0.2728136858694701
52 95 -0.25338683429725406
52 98 0.26390273431109135
52 99 -0.6379528604432798
52 102 0.24877399763903552
53 54 0.9096565956065079
53 55 0.5550511030806988
53 56 -0.043063676089408975
53 57 0.8768631113399594
53 58 0.47704281462398
53 60 -0.3684533620064654
53 62 0.04125612656048827
53 63 -0.8203017017285126
53 67 -0.09070239140325809
53 68 -0.34077651496044536
53 69 -0.4235493562141468
53 71 -0.5408213762755087
53 72 -0.998349315550507
53 73 0.8889275328084318
53 74 0.36827205953521114
53 76 -0.9790036322787796
53 77 0.4793970427740568
53 78 -0.5545577780181252
53 79 0.7302182470534748
53 80 -0.8064817076802073
53 81 -0.07149677648785113
53 86 -0.03319795533967529
53 87 -0.6834536569652938
53 88 -0.9722131047338436
53 89 -0.2089020396043728
53 90 -0.5431289725171886
53 92 -0.36837800615951544
53 93 -0.9848173075356272
53 94 0.1529727422064635
53 95 0.5503016072849063
53 96 0.8370020628340746
53 100 0.9493407034550934
53 101 0.6594334707618721
53 102 0.9410648861204782
54 55 -0.31504921570035616
54 56 -0.19517371286088658
54 58 -0.7186100852834159
54 59 0.9233852567791838
54 60 0.5594808084415603
54 61 -0.6014278804675552
54 63 0.06531721531881662
54 65 -0.5087167888244062
54 66 0.9934051774255426
54 67 -0.6859262365415226
54 68 0.6605583782667082
54 69 0.5914504476266484
54 70 -0.12238201920729774
54 72 -0.966302497206164
54 73 0.34803517933693495
54 75 -0.6540887941136999
54 76 -0.726531142065358
54 78 -0.9492321301835218
54 79 0.004014403037031045
54 80 -0.6283869890751936
54 82 0.6299171961565142
54 84 -0.010131366730666391
54 85 0.5580909371197964
54 88 -0.24272853773841674
54 90 0.4090222348661958
54 91 0.19469383472070878
54 92 0.9945916309387342
54 93 -0.6667951008737447
54 95 0.7430413171528321
54 96 -0.33790569599192755
54 97 0.9671680411849566
54 98 -0.02775800312485943
54 100 -0.883632250633996
54 101 -0.2777829383701529
54 102 0.8483262132784886
54 104 -0.5943515169354314
55 57 0.1608759132016817
55 58 -0.17608600592654922
55 59 0.9521221677492668
55 60 -0.5086920078853423
55 61 -0.8408896327108355
55 62 -0.056540981617899444
55 63 -0.6919358876637147
55 64 0.4810508169110006
55 66 -0.46461858578595794
55 68 -0.6615050000815497
55 70 0.5067050233209882
55 72 0.7612234797331721
55 73 -0.9835393463274689
55 74 -0.5646527608085583
55 75 0.8796390967474519
55 76 0.6219967425870325
55 78 -0.6624757777245156
55 79 0.35784117231504653
55 81 0.8724842840013787
55 82 0.39854222209329637
55 83 -0.19155830041331567
55 84 -0.007937650881326697
55 85 -0.7483254883805799
55 88 -0.6483812174722321
55 89 0.14080246918075767
55 90 -0.7730414739263101
55 91 0.3070063798901208
55 93 -0.7795773094044922
55 96 -0.23368382293056156
55 97 0.875074791929934
55 98 0.4848302050229585
55 99 0.4789339770813863
55 100 -0.8274649316719338
55 101 0.5505259809664369
55 102 0.7544926617016059
55 103 -0.8561021696448414
55 104 -0.03382704030349659
56 57 0.3388599419239873
56 58 -0.5134722639338722
56 59 -0.9417986426605645
56 60 0.5129816660125164
56 61 -0.38861843029987275
56 62 -0.07413229463291637
56 63 -0.9922081161461813
56 64 0.9130013773571939
56 66 0.35593251216413035
56 68 0.5323096767332789
56 69 0.17836859070950828
56 71 -0.1926015250735995
56 72 -0.6001544262958771
56 73 -0.2193561085988449
56 75 -0.5665859690205222
56 76 0.9887230701530081
56 78 0.7787346561619335
56 80 -0.18046465395054656
56 81 0.1495305893521086
56 82 0.8517323600590618
56 83 0.36935522008959887
56 84 0.5761353744927153
56 86 -0.7182702013477251
56 89 -0.4217333746502847
56 90 -0.9741950394404966
56 92 -0.6572671212258503
56 93 0.11877971744655391
56 94 0.2491148471384721
56 95 -0.9346578032533717
56 96 -0.9581627492003328
56 97 -0.8211239627623448
56 99 -0.6698713568573187
56 100 -0.3526408833182588
56 102 -0.5587009953470399
56 103 -0.8309401970945673
56 104 0.480859380711931
57 59 -0.916719964389179
57 60 0.2717471468446975
57 62 0.9242118703958702
57 63 -0.3329847922387721
57 64 -0.7210081223623537
57 65 -0.9306186699047265
57 66 -0.9990000537346295
57 67 0.035222928767972395
57 68 0.33475517501686336
57 70 0.9513600141104959
57 71 0.6732243679893326
57 72 -0.1759786509584862
57 74 -0.7851397574899637
57 75 0.8383951291995697
57 76 -0.9947615502095097
57 78 0.13371938896845004
57 79 -0.8878029494642439
57 80 0.81329352765167
57 81 -0.9361622467970752
57 82 0.5136799163089398
57 83 0.22835120040913348
57 84 0.39560040124877527
57 85 -0.6308011317766822
57 86 0.13652940205484998
57 89 0.7519576284036495
57 90 0.25706099431667906
57 92 0.9776961990185997
57 93 -0.770666216171882
57 95 -0.9200463471129796
57 96 -0.6397824918600361
57 97 -0.31121075592053504
57 100 0.5109392507032571
57 102 0.06717920558186652
57 103 0.7747745643500494
58 59 -0.6064735279804261
58 64 -0.13251398800839143
58 65 0.9492648768864469
58 66 0.9935525173369639
58 67 -0.7107305626370526
58 68 0.39576492561919285
58 69 0.6263492167873541
58 70 0.34165988093812616
58 72 0.05770226644223797
58 73 0.0934392179927821
58 75 0.10940090520824874
58 77 -0.5775780254697143
58 78 0.565265734920898
58 79 0.681275589172329
58 81 0.6252510099771948
58 83 -0.27328046947013807
58 84 -0.055994429135362234
58 85 -0.12586493177952773
58 86 0.30127399455704573
58 87 0.5755433782337318
58 88 -0.8676162765990723
58 89 0.8493282477608892
58 91 0.7104778580087561
58 93 0.8982643606507958
58 94 -0.9667610654543808
58 95 -0.22487830540935305
58 96 0.6414671371799048
58 98 -0.8245247736770251
58 99 -0.5609626519157684
58 101 -0.33291026080880814
58 102 -0.0821993184446057
58 103 0.34851485019128137
58 104 -0.7374380768212458
59 62 -0.528490094144306
59 63 -0.9953942857513067
59 65 0.5666877688103753
59 68 -0.5152513349633498
59 69 0.17451836613013194
59 70 -0.7299614748862719
59 71 -0.05401517446883819
59 73 0.4775780835562684
59 74 0.06421200656252868
59 75 0.018206478398197223
59 76 0.23601015883405352
59 77 0.0022755335888999806
59 78 0.02742232018522328
59 79 0.9271433194521959
59 80 -0.7965278069176491
59 83 -0.4291696285817559
59 84 0.2940480943011552
59 87 -0.507832057172888
59 90 0.42866953772374616
59 91 -0.009551800541004463
59 94 -0.48211192763063604
59 95 -0.2669397706520058
59 96 -0.6265605153103835
59 99 0.09359100246080332
59 102 0.023747352147603706
59 104 0.20129926040458557
60 61 -0.5806007202040426
60 64 0.8506095540791594
60 67 0.33091284335746485
60 68 -0.0628625279934345
60 69 0.8438669301162094
60 70 0.006561787993196289
60 71 -0.6598336569380789
60 73 -0.26570145110349297
60 74 -0.16139113247875292
60 77 0.42422064091353495
60 79 -0.0703014656892742
60 82 0.0468384638030892
60 85 0.23792811930459967
60 88 0.47499772641750315
60 89 0.7484859551516885
60 91 0.1552323090769896
60 92 -0.3102612441484558
60 93 0.29163932174879315
60 94 -0.4785951676918392
60 95 -0.05905566387231542
60 96 0.4609959807768651
60 97 -0.4261378976293413
60 99 -0.7891602544662326
60 100 -0.530257159839773
60 102 -0.5428465311085517
60 103 -0.6305238744636765
61 62 0.9363339602139757
61 63 0.15580638615880105
61 64 0.46054842795009177
61 65 0.7787759920572128
61 66 0.19298477326719876
61 67 0.2920782704003755
61 68 -0.8156105506776061
61 69 -0.8345043936509513
61 70 -0.7684949346974488
61 71 -0.1647969616220455
61 73 -0.3721891833889792
61 75 0.8058555898764403
61 77 -0.4561965199282543
61 78 -0.008256284570455241
61 79 -0.33034221702608413
61 80 -0.5633209215229098
61 81 -0.9625079237102363
61 83 0.08071185877624498
61 85 -0.9362834571129135
61 86 -0.6575574433097202
61 87 0.8922980571314849
61 88 -0.6513312131308342
61 90 -0.9485308241895418
61 91 -0.20721699232609114
61 92 0.6293463678885118
61 94 0.7392230320577904
61 95 0.5417850110111952
61 96 -0.97119142469466
61 97 0.6010780940888243
61 99 0.7953745542107402
61 100 -0.6487871230871627
61 101 0.6698105679312982
61 102 -0.4827616329696587
61 103 0.3317630395116633
61 104 0.6121531281140418
62 66 0.025418278796587757
62 68 -0.664691669913174
62 69 0.1307924516630421
62 70 -0.0561936401187646
62 71 -0.7395695138791316
62 72 0.43389929414507833
62 73 0.7329280035359509
62 75 0.5968390274815947
62 76 -0.6220217448453509
62 77 -0.5608532749701287
62 78 -0.6412571714330724
62 80 -0.4462935742096392
62 81 0.4735869869216076
62 82 0.7531894610999879
62 83 0.6066577350900111
62 84 0.995772453901181
62 85 0.3817086679957338
62 86 -0.05480278832790986
62 87 0.539760195857375
62 88 0.21867430070853588
62 89 -0.5551572539435454
62 90 -0.27421548084421743
62 93 0.7388688376119608
62 94 0.652951515380243
62 95 0.8605912021426951
62 98 -0.9190368125971369
62 100 -0.1442898973851363
62 101 -0.47173949221692335
62 103 -0.5163645494106681
63 64 0.8007919043825171
63 65 -0.6775348009333979
63 66 0.8212915201900741
63 68 0.8754023532822954
63 69 -0.27526437894927525
63 72 0.3874173188866996
63 74 0.1724316106557553
63 76 0.7697563944557533
63 78 -0.5546920356548908
63 79 0.1319355519563714
63 82 -0.4049724473892584
63 83 -0.24867232749144086
63 84 -0.3791930474690628
63 86 0.4924751615700811
63 88 0.38804590869598177
63 89 0.22585968719132055
63 91 -0.5943152678935517
63 97 0.19221363806867964
63 99 -0.08685117263047903
63 101 -0.45645069067246813
63 102 0.22337119738827327
63 103 0.11542466795677209
63 104 0.2531842437281542
64 65 0.25434293708649003
64 66 0.4806875003688218
64 67 -0.18176493000067695
64 68 0.6964359965575111
64 71 0.8358318765711061
64 72 -0.4255249076142684
64 74 0.5437175155211054
64 75 -0.777141047601593
64 77 0.17167175059036555
64 78 0.7214486356457175
64 79 0.769197718913665
64 81 0.570383660810823
64 82 0.12793666023361316
64 83 0.6680499837886629
64 84 -0.5665705595917325
64 86 -0.5773782628958994
64 87 0.6102639290616909
64 88 0.9731180224581748
64 90 0.5321695777258639
64 91 0.15898349754161756
64 92 0.00527359164263097
64 93 -0.33260431871436325
64 94 0.5343383610454513
64 95 -0.07669907215203176
64 96 -0.07482921948860977
64 97 -0.6315999862052954
64 98 -0.7540075942010704
64 99 0.8934383485728961
64 100 -0.8390025772734802
64 101 0.2726465813160255
64 104 0.9087552772288965
65 66 -0.7150895966623327
65 67 0.8539967397202912
65 68 -0.6409793260241305
65 69 0.4915234566387803
65 70 -0.6239434383508071
65 71 0.7460469579772708
65 72 0.9181882518911333
65 74 0.5790536444933925
65 75 0.419244274925745
65 76 -0.6490452633100445
65 77 0.826881687483185
65 78 0.506871129718008
65 82 0.27971616417698963
65 83 -0.36729517224812547
65 84 0.7608770894455397
65 86 -0.7403281852691608
65 87 0.5091002041728281
65 88 -0.18713875275871605
65 89 0.06564311406818679
65 91 0.3654770905220399
65 93 0.9800857931432521
65 94 -0.3773840572203322
65 95 -0.3668631379556506
65 96 -0.1304313164118327
65 97 0.316261693373588
65 98 0.4542805297055377
65 100 -0.8378632386239269
65 102 -0.5392131038101038
65 103 0.3552890256109331
66 67 0.5588591816191666
66 68 -0.023259419938836734
66 69 0.30670682032675245
66 72 0.6269459010035283
66 73 -0.07425443476038818
66 77 0.5173764011558324
66 78 -0.6689480512859334
66 79 -0.6879280828353387
66 80 0.9610470000015812
66 81 0.8098314553916319
66 84 -0.7130012506572228
66 85 -0.3337855056180348
66 86 -0.3413786113752282
66 87 0.2802594870402322
66 88 0.7090727361621931
66 89 0.25887372069913495
66 90 0.3259010977632495
66 91 -0.6745531960144115
66 92 0.1251642667974393
66 93 0.7126176041870382
66 95 -0.34104816025780504
66 96 0.7786560104935547
66 98 0.03431995778103536
66 100 -0.9298350992851809
66 101 -0.2441775028515143
66 102 0.5933953563674501
66 104 -0.1083915425840527
67 68 0.2114638789351826
67 69 -0.7657197255569244
67 72 0.3023500270784938
67 74 0.07871539254257054
67 75 -0.9082393430267208
67 76 -0.006566452866006545
67 77 -0.5569785214003173
67 80 0.48173229432947595
67 81 -0.5594766545651759
67 82 -0.822474402789265
67 83 -0.15679740397726727
67 84 -0.25931907575818514
67 86 0.8369816491347875
67 87 -0.070086805927154
67 88 0.4034635598123979
67 89 0.558028382942211
67 90 0.4699723674475407
67 91 -0.8508804160070638
67 92 -0.08251532890488433
67 94 -0.7048919334238859
67 97 -0.5922182542518346
67 98 -0.5542585866133596
67 99 -0.8456847461631021
67 100 0.76486824131155
67 101 0.7828922923463519
67 103 -0.9373061251723418
68 70 0.7187008864481452
68 71 -0.8820916251016309
68 72 0.7448635819372242
68 75 -0.8426392213237273
68 78 -0.18159669775683907
68 79 0.3387512929495453
68 80 0.5578901526104059
68 82 -0.5808752332491567
68 83 0.2041919925304707
68 86 -0.39208372353955334
68 87 0.003724914647645017
68 88 -0.9009888491384066
68 89 -0.2819441284064399
68 91 -0.8176342809488784
68 92 -0.3193048155663736
68 93 -0.5487595245975412
68 95 0.07644203564452656
68 96 -0.16530052933744188
68 97 -0.715025159093138
68 98 -0.5746823554198399
68 100 0.7712001690121781
68 102 0.6146035191255677
69 71 -0.5303843641050077
69 72 0.5158490261003106
69 73 0.5583204055510982
69 75 0.6376111643296332
69 77 -0.6832534408978044
69 78 0.06359422300696238
69 80 0.2626279118321948
69 82 -0.06171113419803498
69 85 0.8856915954551001
69 87 -0.37645015707742835
69 88 0.7585374536158842
69 91 0.9813490096343283
69 92 0.88887827556688
69 94 0.8806663168290219
69 95 0.7800171595230809
69 96 -0.29199120263821854
69 97 -0.8335412396347157
69 98 0.18084087565286677
69 99 -0.12629993066981604
69 100 0.9284339509391943
69 101 0.9963452261002386
69 102 -0.570950722523307
69 103 0.7394931394151953
70 71 0.9244260742819974
70 73 0.7784309065590975
70 74 -0.6633178834050846
70 75 0.346966806800705
70 76 0.1252275451884639
70 77 0.5350071655277981
70 78 0.8242618925915628
70 80 -0.8960821040715696
70 82 0.36254740544450637
70 83 -0.12852378699694667
70 84 -0.1893669633708046
70 85 0.6669309418955816
70 86 0.14033449456134872
70 88 -0.665955382483481
70 89 0.8755496486320522
70 90 0.5998880782149587
70 93 0.731224596387476
70 94 0.8316521937076595
70 95 0.6373941695715393
70 97 0.6120131742014192
70 100 0.12216905689683166
70 102 -0.29486293018587584
70 103 0.872510301096979
71 72 0.5173933716029213
71 74 -0.010491549400774458
71 75 0.03757791027428037
71 76 -0.22330906793209748
71 77 0.6435852262445794
71 79 0.18901144994923968
71 80 0.32310425915102825
71 82 -0.42905203162498884
71 85 0.19663332385023113
71 88 -0.2966689337167798
71 89 -0.4172371479889543
71 91 0.5055758743902752
71 92 -0.38204712194543267
71 95 -0.15690907866291326
71 96 0.13371230759406583
71 98 0.03958990183131772
71 100 0.5133586980254594
71 101 -0.09762297792820673
71 102 0.7487947428657193
71 104 0.007325352481146963
72 73 -0.7133386130836799
72 74 -0.3263515431352586
72 75 0.9325003414768751
72 77 0.8432439861777679
72 79 -0.5365946294133186
72 82 0.631577836189354
72 84 0.32269633088608773
72 85 -0.7892028906367217
72 86 -0.4681090541466437
72 87 -0.4777636296848746
72 88 -0.8169187392031785
72 89 0.45055015272461896
72 90 -0.7045894341682737
72 91 -0.10897393462320748
72 92 -0.7303410819841623
72 93 -0.7252520986867268
72 94 -0.4005233271723265
72 96 -0.635721345794994
72 97 -0.849244396611978
72 98 0.5387405346238534
72 99 0.4171340998652442
72 100 -0.4094943577957004
72 101 0.7156941705210882
72 103 -0.9739721674314745
73 74 0.004366653664632514
73 75 0.11406295365186381
73 76 -0.07376661946113727
73 77 0.8478984755438579
73 78 0.6736111499367679
73 79 -0.43095436759460104
73 80 -0.7694749889703207
73 82 0.9790747480342312
73 83 -0.30862139809211153
73 84 -0.41078971779603646
73 85 -0.030912091559041288
73 86 0.8989184037366207
73 87 0.9690617365595227
73 88 0.9314436957407692
73 89 0.7002263151533761
73 90 -0.25922564173676776
73 91 -0.8352729386302866
73 92 -0.3198550518805814
73 93 0.09638931074543078
73 94 -0.07055822667294054
73 95 -0.7681145953341051
73 96 -0.7994380188097423
73 97 0.8642070820356293
73 98 0.8695161379248055
73 99 0.6929602791462528
73 100 0.8542232574634574
73 101 -0.04839116527614751
73 102 -0.3919155040475193
73 103 0.5433428716740722
73 104 0.3272942769320337
74 75 -0.3401348421153294
74 77 -0.8914460584976251
74 78 -0.19592598765241598
74 80 -0.7792477831188134
74 82 0.6187152764182933
74 84 0.029450198499441305
74 85 -0.830788984806961
74 86 0.18493615834060373
74 87 0.14474770859472197
74 90 0.8430571124870143
74 91 0.9984758074688325
74 93 -0.5932812670801473
74 94 -0.5779548954191491
74 95 0.4936124707783667
74 97 0.6751892560891593
74 98 0.27289485537190994
74 100 -0.043908907621436066
74 101 -0.935860674339015
74 102 -0.8505791400057159
74 103 0.12015713455074795
74 104 -0.9823887118096455
75 76 -0.5835709385087342
75 78 -0.5940961461171756
75 79 0.6198724129934279
75 80 0.5348981042893646
75 81 0.546392012455037
75 82 -0.9646240327819611
75 83 0.24879924280419718
75 85 -0.4586269028694743
75 86 0.4651439191760387
75 88 -0.6081801832838847
75 89 -0.8206675633129232
75 90 0.5867048257610539
75 91 -0.8781241522294116
75 92 0.6478736509854068
75 93 0.002113169458402675
75 95 -0.6842441744496262
75 96 -0.611226454132876
75 97 -0.5054961899617161
75 98 0.16765320546479212
75 99 0.5635103343443555
75 103 -0.42668559180794396
75 104 0.3708790037757903
76 77 0.2806373743840056
76 78 0.9055195565711338
76 79 0.575255484701044
76 80 0.8379167957387776
76 81 -0.5699999993793294
76 82 0.8296144578279347
76 84 -0.8024267625375303
76 85 -0.4292956607747971
76 86 0.830021282420843
76 87 -0.7062089654040848
76 88 0.22002775575535627
76 89 -0.2378605084552401
76 92 -0.703257976971158
76 95 0.5408388175369438
76 99 0.754928842998777
76 101 0.1275598031049423
76 103 0.8898588322654182
76 104 -0.2815277784351655
77 78 -0.5701246253263343
77 81 0.1537454862886516
77 82 -0.5227457660274413
77 83 0.557554820109349
77 84 0.6217997562045243
77 85 0.6082884721997031
77 86 0.5369694624907437
77 87 -0.8347070133420076
77 88 0.6587448638240392
77 89 0.49563627080974326
77 90 -0.5251881956552609
77 91 0.4733032954494174
77 92 0.8117327863706238
77 94 0.4326699392167732
77 95 0.5401480204728106
77 96 -0.5101066126953828
77 97 -0.1759495443654171
77 99 -0.5940372229295368
77 100 -0.2715142290255037
77 101 0.1894697413503026
77 102 -0.7566172203007013
77 103 -0.9441442787987342
77 104 0.1709826522109681
78 79 -0.22852465134551458
78 80 0.1727932295156236
78 81 0.03583088643026211
78 82 -0.1504832716194946
78 83 0.2248723721552548
78 86 0.6175719440791352
78 87 -0.931117609873082
78 89 -0.3691521107948452
78 90 -0.2667052321720824
78 91 -0.365535621020608
78 92 -0.8892010199890121
78 93 0.25054512869361445
78 95 -0.2969624911445701
78 96 -0.9429265434630352
78 98 -0.4553944000567771
78 99 0.1680723137298461
78 102 -0.5043131880806349
78 104 0.18834431589547052
79 81 -0.05741477600038025
79 82 0.6090008783860976
79 83 0.3265182074831454
79 84 0.08780504168845371
79 85 -0.8132759531590905
79 86 0.3324300908362521
79 88 -0.24848266242196027
79 91 -0.8276133317395846
79 93 0.5267491613618909
79 94 -0.7740880135755672
79 95 -0.3793749433448226
79 96 -0.07598244605454907
79 97 0.4531943909610523
79 98 0.5676169983845796
79 99 -0.8007823895505521
79 101 0.5786625183536178
79 102 -0.7304206083015892
79 103 0.9081533554766223
79 104 -0.8361437726147916
80 82 0.008948419217738035
80 85 0.03895403781560103
80 88 -0.5779579125721623
80 91 -0.7578613651269148
80 94 0.4125447389210377
80 95 -0.7633776741871647
80 96 -0.7501004688538304
80 97 0.4926529179874666
80 98 0.8439277466390891
80 99 0.6010460049282174
80 100 -0.3897308536113664
80 103 -0.9032505438275664
80 104 0.8319709909336113
81 82 0.5608267600534282
81 83 0.9215037294510315
81 84 0.4114143895484239
81 85 -0.9205380208077865
81 86 -0.2692100861975433
81 87 0.07133278532905618
81 89 -0.8386829574163408
81 93 -0.7246616705857281
81 96 0.07736742767854254
81 97 -0.020333894616758164
81 99 -0.005107782416435835
81 100 -0.49486332784164033
81 102 -0.1454910600211552
81 103 0.5410948396025652
81 104 0.15174155809416412
82 83 -0.18689317944480655
82 84 -0.4564609146462655
82 85 0.5194770618214015
82 86 -0.5632743455113427
82 87 0.7956412632492744
82 88 0.48137083762969013
82 89 -0.10525470082314703
82 90 -0.7593592144771628
82 91 -0.8739000430381065
82 93 -0.6910668398801141
82 94 -0.6965273128607614
82 95 -0.5293562340272617
82 96 -0.9231938694519777
82 100 -0.2730095659382381
83 84 0.49080951544342866
83 86 -0.3128244502594484
83 88 -0.4240758104244329
83 89 0.9288045158795342
83 93 -0.045093231928776456
83 94 0.8524621626270035
83 97 -0.7612402452960105
83 100 0.7569312706567979
83 102 0.7350346516099431
83 103 -0.04058779743005814
83 104 0.08882688434848429
84 85 -0.8806832146947172
84 86 0.9247843108026959
84 87 0.12178023579042185
84 89 0.6182606887142243
84 90 0.941855571425759
84 91 -0.621258325839622
84 92 -0.5188017252433481
84 93 -0.34387937611790154
84 94 -0.4322756781197259
84 95 -0.3989450603804088
84 96 0.2943959741450213
84 97 -0.8295866874741928
84 98 0.4223000049514005
84 100 -0.1588901442617745
84 101 0.5438686309739549
84 102 0.6030239945803151
84 104 0.45265826925071084
85 87 -0.6698265541251336
85 88 -0.6364182805671432
85 89 0.19472427049811802
85 90 -0.903956702413603
85 91 0.12690386767483197
85 92 0.5067850605347797
85 93 -0.4453842547524578
85 94 -0.5095578365999989
85 96 0.7282771203442637
85 97 -0.33744289411894934
85 98 0.17750926697295588
85 99 0.4490028037299776
85 100 -0.04874953748867328
85 104 -0.432725023019499
86 88 -0.8121969855294591
86 89 0.3439228231845879
86 91 0.19681376041164755
86 92 -0.028069143797900598
86 93 0.6979144589156965
86 94 -0.9379730175295473
86 96 -0.7557143602578102
86 97 -0.9012566919989751
86 99 -0.1268381454403571
86 100 0.344525324043929
86 101 0.7992382675593999
86 102 -0.23942614944010865
86 104 0.587753949123212
87 88 0.47084536523051734
87 89 0.5883531196104008
87 90 -0.5117240665815384
87 91 0.49513862325449653
87 92 0.9427422357407924
87 93 0.41878110422850856
87 95 -0.37154770699835793
87 98 -0.26642574740044944
87 99 -0.8288655298567158
87 101 0.37733164105047057
87 103 -0.25213884692622845
87 104 -0.9153051953217988
88 89 -0.4295996151812236
88 90 0.33038065211706535
88 91 0.5038559409769618
88 92 0.295407869994637
88 95 -0.21847481077649689
88 96 0.3893776662798718
88 97 0.655326148425565
88 99 -0.9165304394115139
88 100 0.8893177303307893
88 101 -0.23337091300232005
88 102 0.809565976647767
88 103 0.4589752452317293
88 104 -0.3480084455739336
89 90 0.18392172021009712
89 92 0.2658607022953692
89 93 -0.5762534317796975
89 95 -0.08260013254738552
89 96 -0.5278060160837221
89 97 0.09760811309307682
89 98 -0.6879095479374877
89 99 0.5020816089127382
89 100 -0.44880396673468104
89 102 -0.09938181777893629
89 103 -0.09447029081016645
90 91 0.6465053402762346
90 92 -0.8770802393951782
90 93 -0.6935199475225313
90 95 0.9059161021079765
90 97 -0.8626006722429533
90 98 0.756663869188255
90 99 0.4368340996560165
90 100 -0.833059306566658
90 102 0.9464169326502985
90 103 -0.3615749660375347
90 104 -0.1377498030159865
91 92 0.5913106904895182
91 93 0.18549596140217361
91 94 0.2527011664088905
91 95 -0.3364146184659904
91 97 0.08809886749679618
91 98 -0.436998860957867
91 100 -0.526326598710571
91 101 -0.7094196227930951
91 102 0.5767286419349249
91 103 0.5692497912825085
91 104 -0.8265956672887182
92 95 0.5627678513651964
92 97 0.6029551162119311
92 99 0.689088807798963
92 100 0.7110744794762276
92 103 -0.1277991510510621
92 104 -0.313501371543804
93 95 -0.21150720035684256
93 96 -0.3222074685315466
93 97 0.9394214704593342
93 99 -0.03989184143246027
93 101 -0.8878959039132086
94 95 0.6166668740922865
94 96 -0.4863526551974875
94 97 0.45039306879808794
94 98 0.5966298990327896
94 100 -0.826754661471935
94 102 -0.7944444835741948
94 103 -0.6945873295044631
95 96 0.6155693892257565
95 97 -0.6142382495626688
95 99 0.007258996396114714
95 100 -0.9998499793156332
95 101 -0.7308220018707359
95 102 -0.8751095468357752
95 103 -0.7982562236303115
95 104 -0.17644813005317417
96 97 0.13331579019615813
96 98 -0.6342668837370302
96 99 -0.36698901798803396
96 100 0.5735749376617494
96 101 -0.175943427991605
96 102 -0.8364115018626204
96 103 0.42062921328366887
96 104 -0.014625268993238905
97 98 -0.00713821644868573
97 99 0.6622180812046232
97 100 0.1266925040436344
97 101 -0.5566112019566123
97 103 0.3140983298636941
97 104 -0.46111429864149933
98 99 0.8612376856538353
98 100 0.7043642295936519
98 102 0.8592099005624778
98 103 -0.676092301705403
99 100 -0.6075686254205259
99 101 -0.28968287165817697
99 103 -0.7763832265812718
99 104 -0.683313102424286
100 102 -0.9443675015750874
100 103 0.019432727602961553
100 104 0.9248682720155006
101 102 -0.6833262197074768
101 103 0.929295028717178
101 104 -0.0175118393944933
102 103 0.6401450543750398
102 104 -0.20382504076849317
103 104 -0.22371943730891508
