125 2707
0 -0.09546779031535602
1 0.1488602932694132
2 0.2628443659738615
3 -0.5137350098820033
4 0.9850943238429768
5 -0.08176976597372287
6 0.17368839487326326
7 -0.13687169238261232
8 -0.37941171620788694
9 -0.458992211476106
10 0.4726451280541224
11 -0.015893890465958238
12 -0.5192694566192098
13 0.478437157705319
14 0.917226677514275
15 -0.3818620985354073
16 0.48076004629881974
17 0.14586867013518123
18 0.15650302523176074
19 -0.19577511406440884
20 0.09866137194857871
21 -0.18124858959725132
22 0.7427095051660297
23 0.16785711479639898
24 -0.8828679230118668
25 0.04898861050451986
26 0.3293604382005568
27 0.027593064692642777
28 -0.06355680526459051
29 0.7345237799447073
30 -0.019012984033850433
31 -0.7499685579837074
32 -0.021950186443320252
33 -0.7203931688845668
34 -0.9782455843629099
35 -0.7482415840556307
36 -0.2730983485527607
37 0.688452883986159
38 -0.1340799060500233
39 0.12304869719050471
40 -0.6701811199584642
41 -0.13836455028904848
42 -0.33402986103162835
43 0.3293155673626176
44 0.7741035314809366
45 -0.467709204957814
46 0.10166771749813996
47 0.8540780400215813
48 0.7162033823290201
49 -0.9765965668912835
50 -0.4427273126363922
51 0.36486414453699534
52 0.4522657333660989
53 0.7164188359166124
54 -0.5703578809709324
55 -0.22796873701305564
56 -0.17478102958642516
57 0.8720435194464036
58 -0.7666351125350686
59 -0.7526216363690668
60 0.2551546750099518
61 0.7665150750269876
62 -0.15657870388060036
63 0.9697540307364587
64 -0.0831299784946502
65 0.18808578806747067
66 -0.8326291952365488
67 -0.3971164460065013
68 -0.7393811908992041
69 -0.4895486284596766
70 0.08034321528836896
71 -0.07989592310033555
72 0.539422327405533
73 0.8089977474938144
74 -0.02201897516199769
75 0.0437611410711809
76 0.23126714747651533
77 -0.7779880445423204
78 0.6381366097373775
79 0.8870382082373942
80 0.3817758140582366
81 -0.545806664082505
82 0.8356020565085382
83 -0.19655078113859736
84 0.8642888924366796
85 -0.46955785955501206
86 0.9906363965834049
87 0.5403097146010676
88 -0.9183763026285148
89 -0.1819403112343858
90 -0.939505933918307
91 0.8353575336344927
92 0.25800811212795693
93 0.55489382330557
94 0.6007579265835965
95 0.8656762978024775
96 -0.35661792601402786
97 0.5084819481936933
98 0.5179740857805641
99 0.9561665071187431
100 0.17366121492509268
101 -0.7485827492404684
102 -0.4674707830794138
103 0.268179220997109
104 -0.44685689592582434
105 -0.5357308953151536
106 0.6857645812589821
107 -0.913517671469281
108 -0.8020107011338213
109 0.5368235145954903
110 -0.0023816276122941016
111 -0.17446887106197817
112 -0.3796101924882471
113 0.7788113867361468
114 -0.6571957726304303
115 -0.15102374505323612
116 -0.017292458629044827
117 0.32658035284765874
118 -0.984163871624494
119 -0.3941904027418377
120 -0.7620259063585431
121 0.7284014508937655
122 0.6725235137069832
123 0.6998306542600377
124 -0.16983756528280525
0 3 -0.2168233916097515
0 6 -0.767930446983532
0 14 0.30617295709731973
0 17 -0.16757113881925578
0 20 0.4569537435216109
0 23 -0.21058934387810901
0 30 -0.12520593601619967
0 31 -0.4317446190389964
0 32 -0.7392234332623779
0 38 -0.9508699854195106
0 45 -0.9045066087535549
0 46 -0.004374380231525921
0 47 -0.7752106016600797
0 51 -0.6482452806961667
0 58 -0.9886749806505541
0 61 0.9588950400531902
0 64 -0.8666761625633508
0 70 0.6171728725960874
0 72 0.02785246962009369
0 82 0.08181195324592272
0 85 0.164444294027837
0 86 -0.17748001133565539
0 89 -0.17303486638615073
0 91 0.21292998178682776
0 92 0.7343538317459559
0 99 -0.9394604578802834
0 103 0.04493164073146105
0 104 0.20832074463304928
0 111 0.49394481182921646
0 112 0.7922424964989825
0 115 -0.7049595591928683
0 117 0.2901888755887094
1 9 -0.941566613807524
1 15 -0.23436091866712605
1 16 -0.2339567340084734
1 18 -0.8927333230049872
1 19 -0.924648583267498
1 20 -0.5347963573828491
1 21 0.6491646943469016
1 28 0.7579550391955892
1 31 0.26750972295099174
1 34 0.7972557160036584
1 45 -0.6029743528946656
1 46 -0.3862075116172663
1 49 -0.5578145938108781
1 52 0.16438377742869204
1 53 -0.1473764179245276
1 56 -0.5389857051835412
1 58 0.16838606520294008
1 59 -0.11004046441563387
1 60 0.537090272515218
1 61 -0.35177142476228584
1 63 0.10960617041081555
1 64 -0.4441692592341231
1 71 -0.6886768521277113
1 73 -0.3138708195051414
1 80 0.050420105182092945
1 82 0.7123653963078858
1 85 -0.9132039614834762
1 87 -0.32775239643024534
1 92 0.39935010525981296
1 93 0.5409244334670995
1 94 -0.6806047373989563
1 99 -0.3824363969846636
1 100 0.8481192649070632
1 103 0.8314854482605933
1 115 0.563222760847867
1 121 -0.22957346270964307
1 122 -0.7658815138705373
1 123 -0.6526985095987272
2 3 0.22879634101657453
2 4 0.4412113269611315
2 5 -0.5360382027437993
2 6 0.7368791047599581
2 11 -0.41401544595224027
2 12 -0.46796471624488145
2 13 -0.7964746596361754
2 14 0.046070929942852556
2 16 0.4295832040346912
2 20 -0.19204510462502067
2 22 -0.6002054018193681
2 24 0.5641952792780971
2 31 -0.917850237716693
2 34 0.45664712560998644
2 36 0.28526517261593454
2 37 0.3371741274463209
2 40 -0.7837616675166101
2 41 -0.46698745082929394
2 45 0.17924545174419526
2 52 -0.4620915959445313
2 53 -0.841691781192281
2 56 -0.9482036757166592
2 62 0.6603444431169367
2 63 -0.3585313138907582
2 64 0.243764202940965
2 65 0.8879160394380128
2 67 0.3586000550609758
2 74 -0.37890628125337633
2 78 0.9936661634065158
2 80 -0.5583531103549064
2 81 0.23391646894513318
2 82 0.9567218126502923
2 84 -0.18537766754254248
2 88 -0.5635099934821373
2 89 0.15910881261055065
2 90 -0.5553276551771251
2 93 0.2665285490485174
2 95 0.1258447315633704
2 99 0.9894992478014721
2 100 -0.016166863782219654
2 101 -0.24195629123912865
2 106 0.5114379959495081
2 107 0.9354788175551068
2 108 -0.8610080546757111
2 111 -0.6682230769633977
2 113 -0.5888506600992647
2 117 -0.5798003567699708
2 119 -0.947765798134742
2 124 0.06263623926565054
3 4 0.41560511027017566
3 5 0.9172330632008077
3 7 -0.09916089740934098
3 12 0.7096604894014922
3 16 -0.5885829382925156
3 28 0.2516983891388713
3 30 -0.38568022718011563
3 32 0.5302706560660522
3 34 0.4967538372702778
3 36 0.521519452143766
3 37 -0.3827001737005873
3 40 -0.5970282483950642
3 41 -0.6988481480325601
3 48 -0.7992789942334144
3 50 -0.6624533970125885
3 51 0.6110910909186855
3 55 -0.9144092407018334
3 57 0.0633850659333961
3 61 0.4480349315404555
3 63 -0.5320139230453329
3 65 0.03412723339827517
3 69 -0.8556370111613982
3 70 -0.44539153423382793
3 86 -0.2671066668137858
3 94 -0.30580633413619784
3 95 -0.8905387217631378
3 97 0.3709136232756094
3 99 -0.6419381669794608
3 101 0.021577974671065814
3 106 0.5677903304490555
3 108 -0.753046824645097
3 113 -0.9441822314909076
3 120 0.10712009055577942
3 121 -0.020254618529556012
4 5 -0.09644000404804687
4 7 -0.8026324795647921
4 9 0.2770367210997917
4 14 0.713583829461135
4 15 0.04390201920444037
4 21 -0.011196807185132718
4 23 -0.19031436959665915
4 26 0.6855718052593192
4 27 0.16800476984077295
4 31 -0.22512859089442472
4 33 0.5729990257245934
4 41 -0.9431649577448986
4 42 0.6195686032789633
4 44 0.5648293892596787
4 48 -0.2098834365408493
4 51 -0.9051601853502085
4 53 -0.14887564610387338
4 55 -0.8271562831480999
4 56 -0.7748865770707203
4 59 0.168616068891684
4 64 0.23141839731629754
4 66 -0.6067791068615189
4 72 -0.09395485874889853
4 73 0.5373860088521485
4 76 -0.6032423463475332
4 77 0.8988732140596021
4 78 0.09973849339177332
4 83 -0.13872356749324433
4 89 -0.06116274064719218
4 91 0.09884173523984319
4 93 -0.7107346507223671
4 96 0.7134200292749806
4 97 -0.6006054705254251
4 102 0.18210490241366806
4 106 -0.023026936635582862
4 111 -0.49999730879709725
4 115 -0.7619313779824282
4 122 0.014631305374626091
4 124 -0.20886395697207605
5 6 -0.7899419658034619
5 10 0.1844338970141266
5 12 0.8663707281378212
5 19 0.6228016328788823
5 22 -0.8529104371743517
5 24 -0.3502783281209425
5 25 0.6185883090449842
5 27 0.7875701324402051
5 28 -0.8165542465180378
5 31 0.664463741127304
5 33 -0.703567697263819
5 37 -0.9857113797081534
5 43 -0.7728524685797462
5 52 -0.26428389638051053
5 53 -0.9561482476841527
5 55 0.5177869641372286
5 58 0.501806233070998
5 59 -0.4612656142041416
5 61 0.13488402529637789
5 62 -0.1540467624375863
5 67 0.9979187061628483
5 70 -0.17507782669024285
5 73 0.5936784540098843
5 76 0.5640971633960616
5 77 0.3255354678374791
5 79 0.8392455751873402
5 80 0.6097029677819006
5 82 -0.9108170126591038
5 87 -0.007892913783613897
5 95 -0.18328171961381567
5 98 -0.6971974829555223
5 100 -0.2792755281911439
5 102 -0.5017937689385144
5 107 -0.27380984816426257
5 108 -0.9434651696370728
5 111 0.4477480923099513
5 112 0.1763087693341614
5 113 0.2139604725772981
5 116 0.7465084651339764
5 119 -0.5170933257693564
5 121 -0.7349937537159681
5 122 -0.04423207907150939
6 7 -0.41552331203747883
6 9 0.8986202319585603
6 11 -0.8453952523056236
6 12 0.498695963213875
6 15 -0.852410631169723
6 16 0.931948408508946
6 21 -0.15171454769809145
6 23 0.5242350482188818
6 26 -0.6228747234702254
6 29 -0.701838911870696
6 36 -0.20224936547917927
6 42 0.09815139573185916
6 43 -0.43201528485499874
6 45 0.9553101830270849
6 54 -0.9789541976385021
6 58 -0.7376733086020073
6 60 0.6242606034158915
6 61 -0.011063684717583122
6 63 -0.2189406696404279
6 64 0.47103146798412565
6 66 -0.14748655815003886
6 69 -0.7244967092852515
6 73 -0.9387290977251508
6 75 -0.19704530666644704
6 82 0.012207915430141325
6 84 -0.7960643977892281
6 85 0.26962741275781354
6 86 -0.8294368010913267
6 91 -0.24196441129017887
6 92 -0.7356679113288396
6 93 -0.9005927762505483
6 97 -0.1115331508826014
6 100 -0.37948793531075187
6 106 -0.12030984621283602
6 108 -0.3982846467485499
6 112 0.6836892329697699
6 115 -0.06494565200296298
6 116 -0.07267868900291163
6 119 0.012361475244004883
6 120 0.963335382382063
7 8 0.7043934981610123
7 9 0.46451854934621073
7 11 -0.04455296543943965
7 12 0.4319827079570653
7 14 -0.6850401426001316
7 15 0.5150524493610342
7 18 0.11773178934635142
7 19 0.4206375891333438
7 20 0.028493493712998585
7 23 -0.9903503401548097
7 25 -0.29748810388313807
7 29 -0.05586511981953568
7 31 -0.22538859704579628
7 33 -0.2057426403001652
7 36 -0.03273517498092793
7 37 0.8287161043438662
7 39 -0.9151962923876842
7 43 0.9207945520629479
7 44 0.05438726948278627
7 55 0.3381664410766645
7 57 0.3198346188607746
7 58 0.43796752726804655
7 61 -0.002020751693298184
7 70 0.4153620224197563
7 72 -0.330133022962495
7 73 -0.10970654571252214
7 75 0.6725658864579631
7 76 0.6600170198229198
7 77 -0.3496997969434068
7 78 0.20520553523309193
7 79 0.4611629742826002
7 86 -0.09989902508218451
7 88 0.678336228236299
7 89 0.3460658419341167
7 93 0.265943181890389
7 98 0.8025498463109291
7 99 -0.07903766539856605
7 102 0.9531243765637725
7 107 -0.008093713306310146
7 111 0.2906897266889372
7 116 -0.11899699299007138
7 122 -0.30907310914497876
8 9 -0.07280062555684741
8 15 0.6624134624427003
8 17 0.9104256132754316
8 21 -0.3387780857645033
8 22 -0.589017149759183
8 24 -0.7577906863740596
8 25 0.997442253650336
8 30 0.6531543574658789
8 37 -0.598196158164509
8 38 0.341088649417604
8 40 -0.9916433547519148
8 45 0.03757780572863667
8 47 0.7918487830007741
8 50 0.9393487680288648
8 52 0.029469331684754962
8 53 -0.6267629657003941
8 61 -0.17708896226782533
8 62 -0.1472815280405857
8 81 -0.45202939429163735
8 82 0.8700737645256418
8 84 0.4429719689377549
8 85 -0.8774757444983232
8 86 -0.3991924646601053
8 87 0.9404930178099247
8 88 -0.33303925005979806
8 90 -0.9804987291376916
8 97 0.19290325416008325
8 99 -0.6605372644223062
8 104 0.3340715896854414
8 105 -0.8701529326138302
8 111 0.9072706703120648
8 113 -0.1843500078522129
8 118 0.026031924266302076
8 119 -0.3779148513169104
8 120 0.7261081579499284
8 123 -0.695307953104217
9 12 -0.7118062124208087
9 18 0.8922835428718257
9 22 -0.48771923723495214
9 29 -0.7887269339361693
9 30 -0.3317046889809365
9 32 0.3027863929564689
9 36 0.4296897448637125
9 39 -0.5432487563952026
9 41 0.7218132815278919
9 44 -0.9939919549263965
9 45 0.5183438370819653
9 51 0.8988925702091393
9 53 -0.18117142876904913
9 55 -0.9806482148941502
9 58 0.10610363454021621
9 59 -0.3238545788572502
9 63 -0.47344603158640886
9 64 -0.813556909109656
9 65 0.2412580023422346
9 70 -0.19565369142588573
9 74 0.8830948863539838
9 76 0.546710616300077
9 78 0.42289531293871274
9 79 0.6174398096149001
9 82 0.30879172576042535
9 89 0.8239260869032157
9 92 0.2108347988763284
9 97 -0.6482042886306247
9 99 -0.8641762999116858
9 101 0.8831451513662276
9 102 0.6973639337647395
9 104 -0.8816135028867755
9 106 -0.2615591853607302
9 110 0.21678496340190567
9 115 0.09848979583543427
9 119 0.7763530799914451
9 120 -0.5344751986193768
10 11 -0.12849926936760636
10 12 -0.23771520132177737
10 13 0.7916222092427354
10 14 -0.6934543894682299
10 17 -0.7903316399728506
10 19 0.3869126630987867
10 21 0.7207959221021731
10 26 -0.2378252565931387
10 30 -0.07923868449417881
10 32 0.03808869188878883
10 33 0.6788433867372996
10 34 0.9176752443382343
10 37 0.9912809741713295
10 39 -0.7413376028422862
10 42 0.957590672881681
10 45 -0.4006397129867745
10 50 0.09790688900010247
10 52 0.9142749638481011
10 55 0.3663945851529009
10 57 -0.6951646766330244
10 58 -0.36481723934951016
10 60 -0.09348931700607044
10 72 0.9038103096174994
10 74 0.7000001268119187
10 79 -0.7064262938190347
10 81 -0.18221655558945815
10 84 -0.9790633178253012
10 87 -0.8679336015393286
10 88 0.009876860401207166
10 89 -0.636176564601741
10 92 0.9837555403024301
10 95 0.02946181433825812
10 98 0.3028924187300943
10 99 0.07277413435991265
10 100 -0.21966181775346016
10 103 0.9585427862262565
10 104 -0.9081593894133124
10 105 -0.05086155973740136
10 106 -0.368556090550042
10 113 -0.19372961125289456
10 115 -0.45898366536909774
10 120 0.6972653737302048
10 123 0.5111791022002734
11 14 0.7260913073376425
11 20 0.13385522581049325
11 21 -0.3863260432522635
11 22 0.4741698949508377
11 27 0.0796631612227019
11 28 0.6745016955807956
11 30 -0.9275880880416845
11 31 -0.08735484019278794
11 32 -0.060928226375210226
11 33 -0.22934852730736388
11 34 0.3998562602147451
11 40 -0.7420771444050702
11 41 0.09559518126394972
11 44 0.37579271317165497
11 46 -0.23539148062982074
11 55 -0.16745121959995846
11 56 0.06385583453931476
11 57 -0.2901855811793663
11 61 0.041402344942389036
11 63 -0.9109768615442728
11 70 -0.315200393706798
11 77 -0.9024557194987437
11 82 0.33140022077101383
11 84 -0.31602333910147906
11 86 0.38497503670762856
11 91 0.9501643463775682
11 94 0.04872357149990769
11 95 0.0579440855245037
11 96 0.3743806414863733
11 98 0.8812541730887975
11 100 0.4653439971085027
11 102 -0.4761612078855495
11 105 0.29578275518023256
11 109 -0.07887832365675473
11 110 0.9182972762255639
11 117 -0.10359470621414646
11 119 -0.038137540746597365
11 124 -0.0256712777737369
12 13 -0.49072119669740166
12 16 -0.8425481561902668
12 17 -0.7126624042510701
12 20 -0.5647857349059262
12 21 -0.3947789651701974
12 23 0.07468355751912714
12 25 0.9761444795753245
12 28 -0.8847306650843141
12 34 -0.9543437807297941
12 35 -0.5114279981302761
12 39 0.458583844544737
12 43 0.6565101258516259
12 47 0.2281834837223229
12 52 -0.6133921928066448
12 54 -0.2665551641956587
12 56 -0.4010518863914636
12 60 0.24403172883938118
12 62 0.27560101888895905
12 65 -0.7050807900689533
12 66 -0.12481835355053361
12 72 0.2404296455883388
12 73 0.2850088706739804
12 74 0.7923096987945482
12 75 0.7498593702601677
12 83 0.34095224868803387
12 86 0.9657027429067475
12 87 -0.8574468766368974
12 92 -0.009637380049390298
12 93 0.16048475542925655
12 96 -0.9484287643860783
12 99 -0.9570717857258078
12 100 -0.315318292659192
12 104 0.16248693346209198
12 107 0.468806536729083
12 115 0.5900280924159387
12 119 0.13367287216212298
12 121 -0.09027400092968141
12 122 -0.2686309573467711
12 124 0.23484188909071246
13 14 -0.7876979621720444
13 15 -0.259800685375277
13 16 -0.14646461914201026
13 17 -0.9608440557619979
13 23 -0.8819509084686987
13 25 0.9183686814337664
13 26 0.1778284801790635
13 33 0.8940345572453723
13 34 -0.39860785389363684
13 36 -0.1286611980681327
13 38 -0.5179869198164113
13 39 0.09828373889404252
13 43 0.2029387109320755
13 45 0.10998759221218535
13 53 -0.7219417664042855
13 56 0.8249235493451099
13 57 -0.3508925257278246
13 60 -0.023564074961576198
13 62 0.9059943511980342
13 66 0.8352162535653946
13 67 0.20065746536080575
13 68 0.13785077240027022
13 69 -0.3586037170677536
13 71 -0.6671844077484232
13 74 -0.6499815114061323
13 77 -0.7978821366323408
13 79 0.49504464640966606
13 81 0.9255922464492508
13 84 -0.07752867664244478
13 86 0.8141909019450535
13 88 -0.8615350053630513
13 92 -0.9799966507854461
13 96 0.16513989336231583
13 100 -0.25534206360061895
13 103 -0.04695911193987934
13 105 -0.6619417076037473
13 109 0.8381551497701676
13 110 0.6002695437104333
13 112 -0.966502069224842
13 114 0.48763877061317307
13 116 0.308696901607854
13 118 0.2900639507070737
13 119 0.2927738106705031
13 120 -0.8521813478380742
13 122 0.6611024277778828
13 123 -0.32903230578566056
13 124 0.9096525987868285
14 15 0.5882482872663091
14 18 -0.49715929079646703
14 29 -0.5993408990505891
14 31 -0.9103588841540915
14 33 0.6656813595092235
14 38 -0.8587458248068367
14 41 -0.9565511488932674
14 44 -0.640046519227667
14 45 0.001606294422146659
14 47 0.7910146625300345
14 52 0.3857489132649632
14 55 0.9736674727444095
14 56 -0.1525214232126777
14 61 -0.01093894357312064
14 62 0.9418547824974535
14 64 0.9630153127312673
14 73 -0.10164873301496336
14 82 0.4596876936814298
14 83 0.32702916922806136
14 84 -0.6466835981344106
14 85 -0.8004399162445603
14 95 0.8308328008760979
14 99 0.9103647371112185
14 101 0.4641012176912873
14 102 0.06360214470612324
14 108 -0.13294268766980655
14 109 -0.27021457314204333
14 110 0.7696780925578934
14 111 -0.4584364302006618
14 112 0.8757277038903621
14 114 -0.6609925686224645
14 115 -0.22511508407864844
14 117 -0.3168071878054688
14 120 0.9208764237682698
14 121 -0.8227935943040172
14 124 -0.7413079398706084
15 17 0.19963036682091362
15 19 0.8437131205035409
15 20 -0.4759279836165984
15 21 -0.8220097159039697
15 24 0.8265297155390752
15 26 0.892633819593488
15 30 -0.4318465826256659
15 34 -0.14710264663896666
15 35 0.8431579843264783
15 36 -0.9154942632800491
15 45 0.7956387663159017
15 46 -0.7418326417585366
15 49 -0.39132492958329457
15 50 0.820691047937077
15 52 0.6958159318979258
15 53 -0.07865863797052675
15 57 -0.871021621575157
15 61 0.766617343931292
15 62 0.6356726757415536
15 64 0.8493037330877358
15 66 0.5093689554278897
15 70 -0.12365603161747396
15 72 0.5625158723322716
15 73 0.8010690840896053
15 74 -0.42827283203780775
15 77 0.6227653290916697
15 78 -0.2802680394809085
15 79 -0.12058686299465493
15 80 0.28433971913060474
15 82 0.3210033101240528
15 87 -0.5834205074837757
15 88 0.2957002131133242
15 90 0.6363845156917178
15 95 0.4584910093210728
15 106 -0.7526865936551708
15 107 0.3968320374055929
15 109 0.4164068314621652
15 110 -0.062239914798073226
15 111 -0.22313387332877777
15 112 0.20284401935104146
15 113 0.149292804895512
15 114 -0.15341914776907828
15 115 -0.32020696497607304
15 116 0.7703907919671369
15 119 -0.17690258467568176
15 120 -0.26236349355419586
15 121 -0.853263985705736
15 123 -0.8310350714353079
15 124 -0.3411720563414886
16 17 -0.4685142268077689
16 20 -0.3789131370622716
16 21 0.5516872059142941
16 27 0.556914462719015
16 28 -0.9859862784705544
16 29 0.6012160468662773
16 30 0.48846210994967554
16 33 0.09746482324823225
16 35 0.3927771915446634
16 39 0.048099392912395844
16 48 0.6508935939280949
16 54 0.3781314372370308
16 57 -0.20378813738685952
16 60 0.21740749440019003
16 66 -0.5087705801078597
16 72 0.36130820484259596
16 73 -0.07525009612618683
16 75 -0.5230198356140567
16 80 -0.5913957455254837
16 84 -0.6695935530753543
16 85 -0.16766872923601506
16 86 -0.6788586129614682
16 91 0.1788410248927994
16 92 0.7857922475897716
16 94 0.8494751544406409
16 96 -0.1538596675197157
16 98 0.38895155061002895
16 101 0.15408798521884082
16 103 -0.06980127674312797
16 104 -0.12534906816182612
16 108 0.6056627460024391
16 109 0.3425690515589872
16 112 -0.8518491293882129
16 113 0.5534213658887006
16 118 -0.1931192189525246
16 124 0.8484702868243308
17 20 -0.7942498498699566
17 21 -0.07311571582086529
17 23 -0.5399140764081347
17 24 0.4575392474266611
17 28 -0.32174926281083427
17 30 0.42325114582553724
17 32 -0.7142781931763069
17 35 0.2945562494691174
17 40 -0.5089197951275812
17 42 -0.8706508456474593
17 43 -0.17334406587424467
17 44 -0.5205884273752326
17 46 0.6493909147568577
17 47 0.5063015120880818
17 50 -0.0767703631333776
17 52 -0.548602702602246
17 53 -0.5555596088422792
17 55 0.6629090353688303
17 56 -0.47786593019757806
17 59 -0.18089517686421552
17 60 0.48291296314408316
17 64 0.9209855802210485
17 69 -0.6991108769794958
17 70 0.3484553924120828
17 71 -0.2789689282114747
17 72 0.017799862038867298
17 73 0.13902654152872107
17 81 -0.7924906487269003
17 84 0.37494529607064897
17 87 0.5440476030241543
17 89 0.4087590991450041
17 91 -0.6961202602634255
17 97 0.04304137683818343
17 102 -0.6714023029137199
17 103 0.13260159693665607
17 109 0.4816190808651146
17 113 -0.30976887109075224
17 114 -0.10537084806865193
17 115 -0.17373404088746702
17 117 0.4356090235357182
17 121 0.5918976195694694
17 122 -0.06515422124507841
17 123 0.5276811869286511
18 20 0.53691752897045
18 21 -0.3162520518417058
18 22 0.2298368274599598
18 23 0.17780273255597323
18 24 0.19671732588876178
18 26 -0.27873734141512463
18 28 0.7240475894741953
18 29 0.5276451244296476
18 31 0.507869874957859
18 34 -0.5533778502506506
18 35 -0.49251059299839084
18 39 0.8374798209596097
18 42 0.8676033890797099
18 51 -0.906091968002323
18 52 -0.3168924435794247
18 54 0.0785621747847427
18 55 0.5180029392986634
18 56 0.8299178741048117
18 58 -0.5336359988318071
18 60 0.5159859629757639
18 62 0.3384581762306438
18 64 0.8842487699021435
18 65 0.12405457522745111
18 69 0.873618362157637
18 72 0.6391282068893234
18 73 0.9614146623554785
18 75 0.7831442198526493
18 78 0.9000553347316003
18 82 0.31101921731429827
18 83 -0.6328348190346267
18 86 0.7298737480910242
18 88 0.3998444998441224
18 93 0.11127117218397897
18 94 -0.7140625070083793
18 97 0.6222392652859923
18 99 0.30658856964949743
18 101 0.06773201381015892
18 106 -0.10311214302660732
18 109 -0.34623688443673317
18 115 0.26383401062879597
18 118 -0.8606152366183366
18 119 0.06551565361553902
18 120 0.550847281200368
18 121 0.22760284021242483
19 21 -0.9522575458443969
19 22 0.10305819064192234
19 25 0.8178163004162395
19 26 0.020597177020530655
19 32 -0.10918884782556648
19 38 -0.25394802483557544
19 39 0.5842269323912672
19 40 0.890823405722001
19 44 0.04147072212583791
19 46 0.522280574488857
19 48 0.8646140363872119
19 56 0.3410033717092287
19 59 -0.44343531037724815
19 62 0.7717000058495844
19 64 -0.0907959659522346
19 67 -0.20172361761378022
19 71 0.03372973851643879
19 72 -0.5655346106847872
19 75 0.6786680111556778
19 83 0.8109753737891807
19 86 0.7704173561668055
19 87 -0.8076521762741871
19 89 -0.5668467247489481
19 94 -0.26996090243095683
19 98 -0.4557175575476198
19 101 -0.20692891183090723
19 108 -0.7122768774219461
19 109 0.7101552647136196
19 111 -0.3077505468654991
19 114 -0.18211531392565306
19 120 -0.06805905203261142
20 24 0.8191873567619279
20 25 0.5436448252076693
20 26 0.9641264016977913
20 33 -0.08072393488064944
20 34 0.6479853025931417
20 36 -0.007465194492838556
20 37 0.5447944209710438
20 41 0.8065206005775252
20 44 -0.6423639642189654
20 46 -0.6800169499108182
20 48 -0.3098649006856651
20 52 -0.8876799803419793
20 54 0.6051658781035629
20 57 -0.5990758217266487
20 58 0.015285659370741334
20 60 -0.07637512430695526
20 61 0.9728739543873413
20 62 -0.6323465450525916
20 63 0.21817792130037028
20 68 0.42535672848602424
20 73 -0.8015520868491881
20 79 -0.9765076888072577
20 80 0.003822007531812055
20 82 -0.2183290295575786
20 85 0.031160147958761764
20 86 -0.17777359548739757
20 88 0.4587644842497718
20 97 0.11694480328705192
20 100 -0.5944537793877578
20 102 -0.25106625271303096
20 105 -0.461840508430603
20 112 -0.606724858479466
20 113 -0.30022654441554253
20 117 0.8318113529167828
20 118 -0.48653733283866085
20 121 -0.863074874975182
20 124 -0.5095565955352801
21 23 0.4563257325495691
21 24 0.20744944129878173
21 27 -0.7288540691370837
21 28 -0.6797795445023822
21 29 0.810864765083763
21 32 -0.5856177746846944
21 34 -0.4534878105793756
21 37 0.6535064019027375
21 50 -0.9105207285983123
21 51 0.8181249270386344
21 53 0.1375193118284217
21 61 -0.8199832491139527
21 67 -0.11775117822454728
21 69 0.057745876531634543
21 73 -0.6015005969429947
21 76 -0.09481683706828248
21 78 0.4782485164325452
21 79 -0.007562632156411286
21 81 -0.3762909480340386
21 87 0.17927730140107068
21 88 -0.12972954879703846
21 92 -0.7895195356314648
21 94 0.7893829188468782
21 97 0.043074495934071866
21 98 0.07629764654842353
21 99 0.3982059507561557
21 100 0.7727765032045217
21 102 -0.9776022830866902
21 105 -0.20076686995048965
21 108 0.14446570376345647
21 115 -0.9026593729898089
21 117 -0.7923298313393261
21 122 -0.8407307898755618
21 123 -0.38426652592113175
22 25 -0.3474679487549692
22 27 0.1253752190277746
22 28 -0.20749347697066578
22 30 0.9177398480187939
22 36 0.2213601709070594
22 38 0.764243259297821
22 39 -0.7362833104322848
22 40 -0.8166991975030924
22 41 -0.458297173290668
22 43 -0.3120507665454957
22 46 -0.0013586002551848608
22 47 -0.6764583119440573
22 49 0.04632713409957523
22 52 -0.5820410853984952
22 54 -0.2600303424775561
22 58 0.7800053132799121
22 60 -0.6386552043854636
22 61 0.7931693563717241
22 62 0.9151906346847776
22 63 0.050947542617531205
22 64 -0.8819927223820474
22 65 0.17979260784668072
22 67 0.01904330783015884
22 68 0.21891768782022014
22 71 -0.3008894754359692
22 73 -0.8375297926873104
22 74 0.959750973952701
22 76 0.31017866655575865
22 82 0.37120498163608806
22 87 -0.05074453945735713
22 88 -0.11710030191790799
22 90 -0.2400890380514331
22 91 -0.6507033516141711
22 99 -0.20977058534849613
22 100 -0.19849757333524143
22 103 0.40121135207045056
22 108 -0.9623755607054953
22 111 -0.48320222109235567
22 112 -0.442530071627411
22 115 0.10625952455359555
22 117 -0.778094347959037
22 122 0.5828620653476912
22 123 0.031516417713194134
23 25 -0.24387168631218303
23 28 0.16499908398846874
23 30 0.12280934722591597
23 36 0.8876403503721684
23 39 0.7775722021379274
23 41 -0.8223403212212685
23 46 0.6485322888955325
23 47 -0.24066852360811475
23 52 0.5054509060808516
23 53 0.3530761578069721
23 56 -0.7984499255231596
23 57 0.01629832648728824
23 58 -0.502449411093193
23 65 0.8336047263329043
23 66 -0.7431492606299239
23 68 -0.5095255799182254
23 72 0.32008130889430153
23 76 -0.14697506176822772
23 78 0.7775449385224174
23 80 -0.09646717664294258
23 83 0.8899459502265126
23 84 -0.060799071207192856
23 86 0.8005555423364146
23 89 -0.10286148011193363
23 90 0.6174601143721095
23 94 0.24776737311613073
23 97 0.6631796261281915
23 98 -0.06942575632120507
23 99 -0.313327495974435
23 101 0.3797765488703344
23 107 -0.7614718933995581
23 111 -0.22758652764084109
23 113 0.6088986841343327
23 120 -0.48820810189924857
24 25 -0.46353526397339406
24 26 0.04519426617519717
24 33 -0.7062998300569026
24 34 0.10556260743320545
24 38 -0.7068999528725857
24 42 0.37431764723252603
24 45 0.9770220102002887
24 46 0.19900463035200544
24 47 -0.2062677729573721
24 50 -0.4875066208819532
24 55 0.9569819858865509
24 56 -0.5989757524878792
24 57 0.9643295863193202
24 58 0.30096073322339345
24 60 0.7674777685597651
24 62 -0.469926951885397
24 64 0.41450643380648833
24 66 -0.0981283236254471
24 68 -0.6518235150616076
24 69 -0.5216622055709199
24 71 0.002912087794962659
24 73 0.26767105046278616
24 76 0.0745096967268728
24 80 -0.1476882453185937
24 81 -0.24815928557758693
24 84 -0.9660282660914252
24 85 -0.43853125540177573
24 90 -0.8388072382222034
24 91 -0.1865076417871716
24 93 0.6821243551853564
24 94 -0.7499141859242011
24 96 0.4549406728367624
24 100 0.014495920605019474
24 107 -0.13970135450721433
24 108 0.4361989576811309
24 109 -0.4819279657252762
24 114 -0.1477992092533431
24 115 -0.6883465093835435
24 116 -0.04740427198341646
24 117 -0.867710748091076
24 119 -0.9278957820118889
25 29 0.5280143702059819
25 31 0.1357798922229949
25 33 -0.5940214915814976
25 39 -0.2584249435223531
25 44 0.1751503107096768
25 45 -0.13705450037171385
25 47 0.04111228873546646
25 52 0.5222276471490219
25 57 0.22819481968561361
25 62 0.0971726377113249
25 63 -0.5167894546733132
25 66 0.305705734097901
25 77 0.6201690676870992
25 82 0.11223597509185224
25 84 -0.5210051366688377
25 94 0.5982016416376297
25 96 0.474724426359459
25 98 0.5293049509068175
25 108 -0.6780392080071387
25 117 0.7648926421050559
25 120 -0.6733735832151588
25 122 0.127671775898611
25 123 -0.9656481129120154
25 124 0.24249496675380566
26 28 -0.7467507734903471
26 29 -0.38968623844506567
26 31 0.7986078619216321
26 32 -0.6365758330449163
26 34 0.3682057661617686
26 37 0.7255896880528607
26 40 -0.35427830740752353
26 45 -0.9159512262820886
26 46 -0.5904940270896413
26 49 0.8207451907761665
26 50 0.7014168769060503
26 51 0.5143513483142195
26 54 0.9201490225258748
26 56 -0.7016346166581056
26 66 0.9957534528625436
26 68 0.4853802027203744
26 69 0.5277021511516107
26 71 -0.9662391716257295
26 73 -0.8476699078752397
26 74 -0.947919834846497
26 77 0.2997763981593353
26 80 0.6851812290522938
26 88 0.14926680353406319
26 91 0.6296619288150163
26 92 -0.47316130088412534
26 98 0.09822568915833996
26 104 -0.3509476454767555
26 105 -0.8367640425128253
26 108 0.4386859162380585
26 109 -0.31435388717758683
26 110 -0.5960662087737771
26 111 0.238327647568928
26 112 0.4313800368112075
26 114 0.7055219891669984
26 117 0.3802620378312105
27 28 0.5215799083718151
27 29 0.44805200337925233
27 33 -0.5637273254991686
27 34 -0.41451012478929905
27 36 -0.7931405380296246
27 38 -0.570397897239842
27 40 -0.5365109979241796
27 45 -0.14769686330515297
27 46 0.6834471590080637
27 48 -0.7068901514150205
27 50 0.9434171506653859
27 54 0.6781078289549809
27 56 0.24091527307356997
27 57 -0.27771094791188955
27 63 -0.6688339189376149
27 65 -0.20098765672776886
27 68 -0.3505935110389433
27 69 -0.2699169032187281
27 76 -0.5595969446897262
27 78 -0.06195233561821678
27 79 -0.3259481065221006
27 81 0.9124864935795836
27 85 0.6433126837821312
27 90 -0.12044220258944471
27 91 -0.3643950300850085
27 96 -0.042794612952645306
27 98 -0.4568941426713733
27 101 -0.5662817626215584
27 105 -0.4908304584268395
27 106 -0.19024873106995321
27 107 -0.8313344595519618
27 114 0.5435761004237982
27 115 -0.6886406539900882
27 119 -0.4824611224536348
27 120 -0.07990163288414487
27 121 -0.6943046154039496
27 122 -0.34979325383156556
27 123 0.8975623068106469
28 32 -0.08195331618661816
28 33 0.9976540696094847
28 36 0.4961183992582656
28 38 -0.8398913019226009
28 42 0.3135467117862645
28 46 -0.10031531761654189
28 47 -0.2174716454500134
28 48 0.8522936626323063
28 49 0.2949931952881255
28 58 -0.10418534107773314
28 59 0.03790816550127807
28 60 -0.7564609350926801
28 61 0.6335022179344243
28 62 0.47595884999827365
28 64 0.8384966480815106
28 67 -0.9523989068077217
28 69 0.12850146268873486
28 71 -0.7655657945482612
28 73 0.5799865693974067
28 78 0.3303213454231382
28 82 0.7743066226373421
28 86 0.038718373531247297
28 87 -0.941535321230639
28 93 0.18310353718202
28 96 -0.09632148615301306
28 103 0.9147542817876342
28 104 0.3921131898691499
28 105 0.4874087215871745
28 108 0.039113507273474735
28 109 0.25702688561952103
28 115 0.30151808981838446
28 119 -0.8990165136845782
28 120 -0.46924214712505785
28 122 0.5936915778389649
29 31 -0.13491043393919533
29 33 -0.6626067543756198
29 35 -0.6051797307366666
29 36 -0.6643907029049023
29 37 -0.23411378974283514
29 39 -0.7328130476878139
29 42 -0.8430476996007163
29 43 0.8476480215327471
29 47 -0.49634098689952566
29 52 -0.22344802369411032
29 53 -0.48595278936757036
29 55 -0.1255254168775619
29 56 -0.9140015673812243
29 57 0.36038308814504894
29 58 -0.13820222843025332
29 60 -0.724655036962679
29 61 -0.4257409066269937
29 74 0.11967436623040073
29 77 0.6925033000804244
29 80 -0.9394112276969717
29 84 0.48592339349940494
29 90 -0.580834608977991
29 91 -0.0361741017844146
29 92 0.3266208424670607
29 95 0.32267983732132755
29 97 -0.43149188763294033
29 98 -0.3444248823363254
29 101 -0.7359555590229163
29 102 -0.5697787980349098
29 103 -0.8336673238459342
29 108 0.4528909199604074
29 109 -0.34861998583438747
29 110 -0.9528369183790644
29 111 -0.19130323785889503
29 112 0.21829503215885815
29 113 -0.12833340225612377
29 119 -0.20487508926274844
29 120 0.37623228705399314
29 121 -0.6537452012055545
29 122 -0.8836406278330784
29 124 -0.8101683278370109
30 33 0.5242721144598248
30 36 -0.7417911607440302
30 39 0.4400683406404706
30 44 0.03431528758499458
30 45 0.006816052720140631
30 46 -0.8300395573342527
30 47 -0.3191969184120864
30 52 0.4422501590173331
30 56 -0.7005140911823029
30 58 -0.9079569252225783
30 59 0.7853546584146012
30 62 0.4753373272057162
30 64 0.9008512436895431
30 66 -0.9032271034985841
30 72 -0.18005497196789122
30 73 -0.4912722974686645
30 75 0.9292344767860183
30 77 0.5900906394499945
30 79 -0.15757802113131092
30 80 0.5418716507143015
30 81 0.37190703792581736
30 83 -0.6671566321975677
30 87 -0.23811569557258272
30 88 -0.31304768918989256
30 89 -0.6987965266677358
30 91 -0.7705092369758828
30 93 0.12947554410617057
30 98 -0.22383458641809573
30 107 -0.3342216275734693
30 112 0.6289165418125031
30 114 -0.1367622585771422
30 116 0.11323318068203037
30 117 0.12691208758278583
30 118 0.16715846270151324
30 121 0.31817313607232345
30 124 -0.831274295687356
31 35 0.6985829271923627
31 37 0.1254323581481942
31 41 0.6345812194756266
31 42 0.9336172333611239
31 44 0.5870142162106047
31 45 0.7078214748670784
31 47 -0.410159786671934
31 49 -0.09137727267349693
31 54 -0.8451156751907853
31 61 -0.1701775173425295
31 64 0.9024587285845334
31 66 0.7598976787002876
31 67 0.6367759653621097
31 71 0.6427601428286331
31 73 0.6269965352028626
31 75 -0.9001283938776967
31 76 0.4624593660872187
31 79 0.5979515238788309
31 80 0.24013961022186225
31 83 -0.011978303360228981
31 85 0.28072027313022363
31 87 -0.1366474046238959
31 91 -0.6042476745150327
31 92 -0.06236087324737505
31 93 -0.05169698765411512
31 96 0.4324027052991961
31 98 -0.21405523378852087
31 101 0.534338517607178
31 103 0.8106363484244385
31 106 -0.4249075392062085
31 108 0.09463582351112687
31 110 -0.806452486917627
31 111 -0.028012304400167443
31 113 -0.677051268307014
31 114 0.941582401783513
31 115 0.002219890861253626
31 116 0.5452618622089282
31 118 0.5279997627525319
31 120 -0.7598357787480632
31 121 -0.4006692712739479
31 122 -0.8787364488518576
32 37 -0.11612102012018655
32 44 0.2826935132259578
32 46 -0.49356185737500446
32 51 -0.2947613706986776
32 56 -0.38368290157307006
32 57 -0.5150786259384588
32 59 -0.009864526620781744
32 63 -0.20241291348005275
32 64 0.5878803880900443
32 67 0.0009358008381670224
32 71 -0.08927520206425998
32 72 -0.6717344126049438
32 73 0.6823473833102693
32 75 -0.5675742085682194
32 79 0.28349510903607955
32 89 0.2636615663602959
32 94 -0.10479957578916421
32 103 -0.40280026530780555
32 104 0.41119967994365725
32 106 0.895957532770443
32 109 -0.826006679782876
32 115 -0.7690097383877788
33 36 0.2020710768726537
33 37 -0.4296961531843553
33 38 0.08960794726507015
33 42 -0.4521686196337795
33 44 -0.22887532372408592
33 45 -0.7125299253525754
33 53 -0.605354719482903
33 54 -0.1526096233889549
33 55 0.02973511554973607
33 62 -0.5677837432224921
33 73 -0.4137669579708816
33 76 -0.36680934256671893
33 78 0.7837705027868831
33 80 0.9619169290023493
33 84 -0.6052947644945224
33 85 0.485572178420171
33 86 0.33919511750024633
33 88 0.42555166917881926
33 90 -0.9723552171169707
33 94 0.2050456265697742
33 95 0.7141615666554686
33 97 0.8360423915367672
33 98 0.9273402999490292
33 100 -0.8741936342571928
33 104 -0.8421438449101089
33 105 0.10583235307193539
33 106 0.13332526669649325
33 107 0.9382425391777465
33 108 -0.16073143858692474
33 115 -0.8750602185758454
33 116 0.08010997030680689
33 122 -0.42793838978348386
33 123 0.4252576485714068
34 40 0.18079412987608978
34 43 0.7651058903937535
34 44 -0.19535630637588208
34 45 -0.5794933783836425
34 47 -0.6448839278582823
34 50 -0.8289778516286943
34 51 0.548139412940025
34 55 -0.9476510768590496
34 57 0.47646989393319483
34 59 0.28796788750427305
34 61 -0.07138291260094287
34 63 -0.3231343550867176
34 66 -0.3792454445542055
34 70 0.26007486748973285
34 71 0.9105287972608194
34 75 0.5995562981626048
34 80 -0.5026769027556415
34 81 0.40317193487607117
34 82 -0.21151865929936942
34 83 -0.050101762118701654
34 87 -0.5329296031523056
34 88 -0.00895317560803277
34 89 -0.7910747803221883
34 91 -0.7366599353487471
34 92 0.3922825094653959
34 94 -0.21524930598303893
34 101 0.035844225287007925
34 105 -0.4180463871268252
34 109 0.3840685872657832
34 116 0.247231029659424
35 38 0.11291937730845314
35 46 0.72227365170964
35 48 -0.42528028310001087
35 49 -0.23924392429426233
35 51 -0.41996157407695733
35 52 0.27575208846034727
35 53 -0.03655639140961697
35 55 -0.5073233554985481
35 58 -0.9738173875629779
35 59 -0.0646838176678719
35 61 -0.13800268679938288
35 65 0.7328620371632577
35 66 0.5930390800077117
35 67 0.4328880951877909
35 68 0.7069274679855033
35 71 -0.8482445200888185
35 72 0.4324479127218561
35 74 -0.36382957986780573
35 75 0.16255839889406754
35 77 0.021379818238794757
35 79 0.09904042925448642
35 83 -0.07685360288304866
35 86 0.38187798446198706
35 88 -0.44680500967158454
35 89 0.19196559203705865
35 90 -0.6439705944650269
35 92 0.048238191307978795
35 93 -0.2582778382262756
35 98 -0.4586929607475769
35 99 -0.9139187087014633
35 103 -0.772350565384422
35 108 0.6426301054532466
35 113 -0.8319037808515921
35 114 0.15633055856965394
35 116 -0.015544101875869298
35 123 -0.6550011575080241
36 37 -0.08924050656387839
36 39 -0.5027209658939558
36 42 0.4114333358134572
36 43 -0.7201377703833154
36 46 -0.16201379677757477
36 55 0.5969977132305508
36 58 0.4157443619763057
36 66 0.9395592948303833
36 68 0.20164194502566524
36 70 0.5960804498902132
36 71 0.3394914796848405
36 74 0.220045125660975
36 77 0.9809503976238114
36 84 -0.25003806466746825
36 85 -0.32783685954423647
36 87 0.15277915521618413
36 88 -0.34225011303543407
36 90 0.5238545501550715
36 92 0.08627791792481054
36 95 -0.8520420746387065
36 96 -0.8101169507755099
36 97 -0.6056177653253365
36 101 -0.015237737743685864
36 103 0.20841116915759272
36 104 0.5317394254907695
36 107 0.17657699538987437
36 110 -0.6207738783238055
36 112 -0.705090359900937
36 121 0.1665664050116651
36 122 -0.8224831497565985
36 124 -0.155385848551572
37 45 -0.5034446364988303
37 47 -0.7331341919859473
37 49 -0.30421073477129257
37 51 0.4451631039791717
37 52 0.8166165234523626
37 55 0.34999811147748816
37 59 -0.06565241997039117
37 64 0.7344764968980064
37 67 0.27868605846515093
37 69 -0.880524550310559
37 71 -0.5050448587701344
37 73 0.012874235482646323
37 75 -0.9853323114285024
37 76 0.15523739741815645
37 78 0.23484819662063883
37 79 0.805767722827933
37 80 -0.906898166924885
37 81 0.13519806621865582
37 83 0.8977659676183505
37 88 0.9398120442469109
37 89 -0.4136009540481844
37 90 0.36874146041087363
37 91 0.22509547204163893
37 99 0.943135475470154
37 101 -0.22532794736017392
37 105 -0.2733664856243061
37 107 0.0594300408071331
37 108 0.13194127999231253
37 109 -0.9138402450107646
37 111 -0.8214267274819818
37 112 0.3009137844703704
37 115 -0.9504535332311146
37 116 0.7790074679812846
37 120 0.34748218565211575
37 122 0.3938731189406117
37 124 -0.4762936686760242
38 39 -0.7195017482913535
38 43 -0.5762771297574933
38 47 -0.7124102417331939
38 49 -0.7528599431306084
38 51 0.6445191590762793
38 61 0.378128539706851
38 71 0.8981047485869267
38 74 -0.06175866973931865
38 77 -0.7456807615875862
38 87 -0.698221405024402
38 90 -0.825653298688003
38 92 0.03667219082606055
38 93 -0.8002725025701058
38 94 -0.7616522717375047
38 95 -0.7052207744097183
38 100 0.12397707600719965
38 101 0.9897188012178089
38 104 0.1957822938069358
38 105 0.3119920316256679
38 108 0.9997739487396358
38 113 0.7173241760333573
38 114 0.5456386911239424
38 117 -0.4078950909696182
38 122 -0.33329166987903847
39 40 -0.11598635006802005
39 43 0.868640238551637
39 47 -0.8689363062225308
39 48 -0.8896759681835931
39 49 0.46805339787229716
39 52 0.6044312500006392
39 53 -0.15030880516007517
39 54 -0.16273818027163034
39 59 0.6640810686314083
39 60 0.6459807678889202
39 73 0.5585268763049764
39 74 0.7568163004544715
39 76 -0.9668809765065411
39 77 0.9048514914663268
39 79 -0.7648099878507726
39 80 0.22670017575104517
39 81 0.41790980336231764
39 90 -0.6431515638388428
39 91 0.5035406299236331
39 92 -0.384033487374547
39 93 0.19797962727289287
39 108 -0.25006772465495186
39 109 0.017466913373063164
39 110 -0.03622399535500831
39 113 0.7195337433695419
39 115 -0.306532759602016
39 116 -0.9806344192535184
39 118 -0.14171383523496695
39 119 -0.8231463789880986
39 122 -0.024096160306009917
40 42 0.8928598173396234
40 44 0.7791324551948906
40 46 0.13430707863432523
40 50 0.3792176455481542
40 54 -0.9826492788269052
40 55 0.0355186948131494
40 58 0.13365755442908567
40 63 0.3656175484486184
40 65 0.7687655377588674
40 68 -0.5612151721210639
40 75 -0.5326302162903591
40 79 0.8450510468586048
40 80 0.26582986279971466
40 81 -0.10193676262350881
40 82 0.7482747944043071
40 84 -0.28800142701736586
40 88 0.8583101885044415
40 89 -0.3602995459247551
40 95 -0.33666143318762165
40 96 -0.6996988795438521
40 102 -0.3904105478945521
40 104 -0.18539143794429358
40 105 0.2514280656487171
40 107 0.7110275428324033
40 110 0.7754232426338279
40 111 -0.02774605762623361
40 113 -0.9661021814074615
40 115 0.7165163702583772
40 116 -0.9382874217479271
40 122 -0.7773175735010915
40 123 -0.9508933351739546
40 124 -0.4908541542512672
41 43 -0.9516213806401326
41 49 0.5089927588903496
41 50 -0.24447169849497863
41 56 0.8071927419308624
41 57 -0.8340926960733681
41 58 0.19750003703966912
41 59 -0.9632306674590372
41 64 -0.8884031218593531
41 66 0.8972930161744419
41 67 -0.26462552715411647
41 72 -0.4086007299215366
41 75 -0.041460105040569184
41 77 0.45849881741348164
41 79 0.9005610192971953
41 80 -0.5450260463125978
41 82 0.8817337747457403
41 83 0.8692566026740858
41 85 0.20363252481455274
41 87 0.489388405057674
41 89 0.7629248229532979
41 91 0.004735594510328456
41 104 0.5356845661455041
41 105 0.14851999926969017
41 107 -0.19458324801737348
41 109 -0.5581983121898868
41 110 0.30843769038350155
41 112 0.27645454163214156
41 114 -0.654648858370652
41 116 0.4128100694043082
41 118 -0.6402009280288303
41 122 0.4190205702130769
41 123 -0.9298869628333706
42 47 0.9226560840913796
42 48 -0.9805662063698397
42 49 0.045593852751620645
42 50 0.1989414616295193
42 51 -0.0808538230314566
42 54 0.7069924663847389
42 57 0.823375669223569
42 58 0.009293646646873599
42 59 0.02831184696920852
42 61 0.33795309737003043
42 63 0.7944823068024967
42 72 0.988124391441705
42 75 -0.7898677554043934
42 77 -0.3996273410904867
42 78 0.8910268929380565
42 79 0.2666615412120885
42 81 -0.9794625543811597
42 83 -0.6840833938734137
42 87 -0.22399538466121038
42 89 0.21386223022753836
42 90 -0.9275365798688966
42 94 -0.03386054986801024
42 95 0.21687521491527728
42 100 0.24320117980779754
42 101 -0.07408458553587649
42 105 -0.20408178611647587
42 107 0.2055573646885802
42 109 0.5648063849069342
42 110 -0.9401753403002338
42 112 -0.9268436240153646
42 118 -0.6234289271272146
42 119 -0.10389119353866172
42 122 0.8566724648801269
42 123 0.0781177870245866
43 47 0.845373222307743
43 53 0.41745415524024887
43 55 0.7959117398542774
43 66 -0.6648078333633538
43 82 0.7469661217046155
43 84 -0.04373368192958016
43 85 -0.4687878809994326
43 86 -0.9113760898137468
43 88 0.7234368040138921
43 90 -0.8750443850843093
43 101 0.2745873257316034
43 102 0.4085016484182953
43 108 0.4052355280809097
43 109 0.11194937312914144
43 110 0.5068042457215358
43 112 0.63471019014431
43 113 0.3475877381181436
43 114 0.3269255467352501
43 119 0.2086364670842653
43 122 -0.8181280635334198
43 123 0.4773437496925681
44 48 -0.6204715539984131
44 50 0.7721761567429346
44 52 -0.967232044887131
44 65 -0.6047892500313745
44 70 0.15673442099502588
44 74 -0.9654896644038156
44 78 -0.8874293323177689
44 80 0.65318299734793
44 85 0.39928636433695197
44 86 0.7760429142654306
44 94 0.2300508182155172
44 101 0.07792556903233061
44 103 -0.22832950775346395
44 108 0.06868928054953893
44 109 -0.7838885230424879
44 112 0.023125625946154527
44 113 -0.06920041398662691
44 116 0.0899795426701806
44 119 -0.37750569503494846
44 122 0.6987829197777669
44 123 0.20091962803730934
45 46 -0.6230031585305484
45 50 -0.1325716830558552
45 52 0.76888212764658
45 53 -0.4434113025831401
45 54 0.8050401349582126
45 56 0.5254018880451707
45 58 -0.8505597340875335
45 61 -0.844588603335406
45 66 -0.9468430914486927
45 69 0.09925794772162377
45 73 -0.6199646032728434
45 75 -0.4055209036079661
45 76 -0.9402975206276689
45 77 0.9182522828676638
45 82 0.2800220622348868
45 83 -0.090376892698534
45 88 0.858427813999942
45 89 -0.47607432064428323
45 93 0.58405277835418
45 96 -0.7419360619586426
45 97 -0.47664504010135955
45 98 0.8579391056558532
45 105 0.7410240506635746
45 106 0.40956669608370766
45 108 0.22348660596159475
45 109 -0.24554116938147552
45 115 0.8517579580135974
45 118 -0.5283327269247617
45 122 -0.5451468494909542
45 123 -0.05125171793445937
46 47 -0.7575327943497474
46 52 0.4341151578356406
46 59 -0.09654380549438057
46 64 -0.40241260563276704
46 65 -0.7728196402019791
46 68 0.9150124248205431
46 70 -0.06147425239562976
46 74 -0.32826990954600244
46 77 -0.21657146791897652
46 81 0.5112151147201687
46 82 -0.9669180030455384
46 84 0.04610477968955751
46 86 0.9920354563574314
46 88 -0.7365082506715859
46 90 -0.769980402501838
46 91 -0.6869096586116452
46 92 0.6154044833043057
46 93 0.6372304341049353
46 97 -0.39679507529040836
46 106 -0.25128742291152095
46 112 -0.16681030762777782
46 114 -0.8270950314723811
46 124 0.7577591892631594
47 50 -0.3510202509984792
47 52 -0.9438007674271418
47 62 -0.038253365314986576
47 63 -0.9892572596525322
47 66 0.2578004353318657
47 72 -0.7354429134470064
47 73 -0.40820339954757046
47 79 0.012726330469544411
47 86 0.04698213607618884
47 89 0.45806732402125183
47 91 -0.9542877879774105
47 94 0.5690000009478358
47 100 0.972923756398453
47 103 -0.7641322369157173
47 104 0.13829741580428623
47 105 -0.7481833834026006
47 107 -0.4764350067373673
47 112 0.49338672440465703
47 114 -0.8658582120315272
47 121 -0.07212305598949875
47 123 0.6738160828780695
47 124 -0.7044132112984609
48 49 -0.08915623403185569
48 51 -0.17620939384543388
48 52 -0.5441962173625037
48 55 0.6671117568653322
48 57 0.2598966827243192
48 69 -0.26707321548526197
48 70 0.8937254960115872
48 71 -0.031198856739636405
48 76 -0.09466740496449311
48 88 -0.08856410385337221
48 91 -0.5842265314064237
48 101 -0.61155701514257
48 103 -0.49924561095473563
48 105 0.4208808607233734
48 106 0.9982827235261007
48 108 0.8784362379262387
48 110 0.5868616182580364
48 111 0.300584314875572
48 115 -0.1543302870099914
48 116 0.5418041524905861
48 117 -0.9098017796594109
48 120 -0.5132896448325797
48 121 -0.2588881789283699
48 124 -0.9061382597406127
49 51 -0.05166108262527991
49 52 0.3662695583461746
49 53 0.8038981784570722
49 54 -0.5166359840799697
49 60 0.7540646337204358
49 62 0.8671131375358068
49 64 -0.20293017642746825
49 65 0.04270347267344454
49 68 0.7803552133425418
49 73 0.141163779456706
49 74 -0.4619971641727163
49 82 -0.9599179799135891
49 83 0.13607140772870685
49 86 -0.7376054487682162
49 88 0.4310239132672633
49 91 -0.23370004522188093
49 93 -0.1958752359699616
49 95 0.9841379917804789
49 102 0.7043824200119142
49 105 0.8890070312208198
49 106 0.4436074015385365
49 107 0.4850476452533652
49 108 -0.21523455539988157
49 111 0.829357166635891
49 112 -0.33053771846383206
49 116 0.8866948782033937
49 123 -0.2689266552148557
49 124 0.24890645511710296
50 51 0.6663533531558443
50 58 0.6258348348040383
50 60 0.8402323619736367
50 62 0.7047392429570489
50 64 -0.26424448415201196
50 65 0.3139335842861979
50 66 -0.35560551021638154
50 71 0.959874653880038
50 72 -0.838607911155367
50 74 -0.8235558416869795
50 76 -0.5089776696920321
50 93 0.1751012941479808
50 97 0.4195044314825547
50 99 0.02942196515888118
50 104 0.6489726779979745
50 108 0.4771027115587241
50 109 -0.9542590192324902
50 110 -0.7364446567508762
50 112 -0.9077513930846612
50 113 0.6093221984810167
50 114 -0.683808815420814
50 117 0.8751251322146434
50 118 -0.9918956195741577
50 119 0.7860231738051384
50 122 -0.04151590303950825
51 53 0.9821548444170383
51 54 -0.2808239562661283
51 58 0.3660039921799061
51 63 0.6810693099220622
51 65 -0.17591993656050042
51 70 -0.25845970249774397
51 72 0.7832350010071294
51 73 -0.45217537337807934
51 75 -0.436739347089506
51 76 0.8085496481815377
51 77 0.5852998971545007
51 78 -0.5527014725051458
51 79 -0.6467764779120293
51 85 -0.5112711303010533
51 87 0.6669015159020653
51 88 0.687003285386103
51 89 -0.7856103091093081
51 91 -0.558466531495988
51 94 0.6807657835851446
51 95 0.7405031363166303
51 96 0.7968589620620963
51 98 -0.13515874471437028
51 100 -0.09895781050971908
51 101 -0.2823404748583218
51 109 -0.04218885010905393
51 113 -0.24792632283206872
51 114 0.5483684913847631
51 117 -0.34332848266274674
51 124 -0.7529004424584573
52 54 0.7538115487996744
52 59 0.9784063971520933
52 62 -0.6457080079542241
52 65 0.783619136183425
52 66 -0.5693985197146791
52 67 0.590018379246795
52 69 0.3051929839020089
52 73 -0.7020749475543482
52 79 0.5472105296831213
52 80 -0.6597533351421319
52 83 0.4240276133419334
52 84 0.19143674057206428
52 85 -0.1592115964666727
52 86 0.4967145065716032
52 94 0.8405776101868332
52 97 0.055868774374552066
52 100 0.3174035451647417
52 101 0.4672635234920306
52 104 0.4663530907666684
52 105 0.7039670266056282
52 107 0.5651589609147585
52 109 -0.5613906878675881
52 110 -0.4400269402821839
52 116 -0.10018315835496927
52 119 -0.01621143200599251
52 121 0.08852757006777168
52 124 -0.9525322093916875
53 58 -0.9124642044024343
53 61 -0.7620595827006902
53 65 -0.7072718309387709
53 66 -0.9019996030244979
53 70 0.3089088257375514
53 71 0.039168318234571675
53 76 0.1269630876418837
53 81 -0.09246707408548227
53 82 -0.03177362097300884
53 83 0.8267486687350343
53 85 -0.5008449848172367
53 88 0.07756331309263476
53 89 -0.867602728528553
53 92 0.8346382134164723
53 93 -0.49146083877637214
53 96 0.06183670564112642
53 104 0.5162365639901376
53 107 -0.39336243777279867
53 110 -0.6577357359882783
53 114 0.942301121191484
53 115 0.011439757459282607
53 122 -0.04686526085176257
54 55 0.22979305097195613
54 56 -0.19952514181719416
54 58 0.27813405216719644
54 60 -0.8060716453960275
54 63 -0.15706420135432575
54 64 0.28402794383315944
54 72 0.06906532728146808
54 73 -0.2879593632605171
54 78 0.49702284787855344
54 82 0.4334042442375199
54 84 0.6689387945580956
54 85 0.8008003673233592
54 92 -0.6172012746719393
54 93 -0.36715986558210423
54 96 -0.8981993064634592
54 99 -0.8805997935428516
54 105 0.7270745066934416
54 106 -0.08319725517950172
54 111 0.19057391241618937
54 112 0.34832547841472805
54 122 0.8319665525024962
55 59 0.4833921324013992
55 60 0.8555518486600266
55 62 -0.47465895329754937
55 67 -0.7636463672333118
55 68 0.21350335437504664
55 69 -0.04090012819468547
55 73 0.17614178077147558
55 76 -0.5641444797243693
55 78 0.037115962823768944
55 79 0.7160673124727486
55 82 0.59182632074643
55 83 0.03635813033106339
55 85 0.6533516480691364
55 88 -0.363426177407113
55 89 0.9319075420257334
55 93 -0.14828122018040313
55 99 -0.793057080263009
55 102 0.282052595118752
55 107 -0.6601258637508169
55 112 0.6346241431319353
55 113 0.19847613257606667
55 116 0.9369372044319841
55 118 -0.9444428233567919
55 120 -0.2886383323714301
55 124 0.9109234240401132
56 58 0.8081133017178601
56 62 0.6481266708468905
56 64 -0.8112518787611254
56 66 -0.7973217145470504
56 67 -0.2941887694423322
56 68 -0.9087087053324139
56 69 -0.6081883953855132
56 78 0.6733086791866663
56 89 0.5824870824085961
56 90 -0.5119581536685791
56 91 0.6264542597642522
56 100 -0.6076559686708372
56 103 0.5046082045242595
56 104 0.7005947635543446
56 105 0.7360194994734186
56 109 -0.5277482676646266
56 111 0.026529479805539102
56 113 -0.2687004130671442
56 114 0.02424617575369381
56 117 -0.9799212531321535
56 118 0.4392069793857172
56 121 -0.9032443215070154
56 122 0.07992249375593263
56 124 -0.09649255151428848
57 59 -0.7355776149224365
57 60 0.07514429367405429
57 62 0.6664650598666142
57 63 -0.6284159338179496
57 68 0.5767494223683167
57 69 -0.1853184464441362
57 70 -0.06404553512644573
57 73 0.5367138785555945
57 75 -0.33565567899906656
57 76 0.7185492972832113
57 77 -0.2746387433176287
57 81 0.4386062188037527
57 82 -0.03306610571161306
57 85 0.9258748677047006
57 88 -0.2984561797546892
57 92 0.9486839377411889
57 94 -0.7038793858872057
57 95 -0.8446083933162258
57 100 0.8244875546829518
57 101 -0.17876485229750094
57 105 -0.15103972305547964
57 107 0.15269723759607867
57 111 0.2897381150934639
57 112 -0.3164083667340243
57 113 -0.8022100769277194
57 115 0.3851975320023624
57 117 -0.8069243290733326
58 60 0.17451922827470123
58 61 0.8939773097803307
58 64 -0.5753304402075619
58 66 -0.9796520298019584
58 67 -0.8868811200540121
58 68 -0.7975867268521326
58 70 0.39371622745702783
58 71 -0.7167191374262472
58 72 -0.5465359833598353
58 73 -0.11168938366673853
58 74 0.33275529634718803
58 75 0.10721402785440048
58 76 -0.19997464596934167
58 77 0.5499083514557281
58 80 0.9455978249455457
58 82 0.7655538315322583
58 83 -0.018426147182782238
58 87 -0.20931811763831898
58 90 -0.5227656481942811
58 94 -0.8954993441867005
58 97 -0.0862125306018875
58 98 0.014413677960853466
58 101 0.8258605134249148
58 106 -0.6788764184293641
58 110 -0.20302634634716044
58 117 0.06606777257988439
58 119 0.9797316691322555
58 121 0.47806734734828926
58 124 0.8956104313090076
59 60 -0.30909952992844847
59 68 -0.46225686066609084
59 78 0.23598551773161858
59 81 0.7172524319147668
59 82 -0.505875897899174
59 87 0.39570331705832595
59 92 -0.7313921824960237
59 93 -0.260080512385064
59 99 0.9294928551308441
59 103 0.8961740779176637
59 108 0.7830692433542035
59 114 -0.9632392944588504
59 115 -0.8372234163471926
59 121 0.09349049971211865
59 123 0.29880191975127923
60 66 -0.6891415612585006
60 67 0.28269109628284417
60 70 -0.8639618307432821
60 71 0.4417123968789709
60 75 -0.2018694277120352
60 84 0.0734776361167957
60 85 0.5758254509655434
60 86 0.9410547653263661
60 92 -0.15703779205492485
60 96 0.8619037622106478
60 97 0.9435171480579658
60 102 0.7914708990900678
60 103 -0.31515262864411553
60 104 0.5998018506135401
60 106 -0.4327768808991481
60 107 -0.10826876173937294
60 109 0.5964049758781276
60 112 0.3917237497729702
60 114 0.3242938419827788
60 116 -0.2444552707079508
60 118 0.3059635902905382
60 122 0.0994158955713016
61 67 0.9446134991554165
61 70 0.2963577663836592
61 73 -0.7645687365608147
61 74 0.6189299323594681
61 75 0.6033427915839591
61 76 -0.4391812305989051
61 77 0.6934505315646506
61 79 0.3874197712814269
61 81 -0.8747496494245854
61 86 -0.6699428923853084
61 87 -0.6332893378269373
61 88 0.43663133915202557
61 93 0.30828535548161917
61 101 -0.5754708949929974
61 106 0.6642675901978012
61 107 -0.4533287102490582
61 109 -0.1623813394478104
61 110 0.35259869127321064
61 111 0.973620850345174
61 113 0.5171924365477465
61 115 -0.26677803036016146
61 116 -0.9629199962002821
61 117 0.5487907804279955
61 121 -0.263278210911686
62 68 -0.21991225511341406
62 71 -0.19348344338793977
62 73 0.7213598682028
62 75 0.09555058696985119
62 77 0.08590207900854296
62 79 -0.26787529362447104
62 82 -0.8744949318382844
62 83 -0.08332578107590605
62 84 -0.3915082564972314
62 86 -0.6294177482922996
62 89 -0.3694910489780989
62 90 0.29434394993093527
62 93 -0.5751416504970932
62 97 -0.07472880546378491
62 99 -0.536899853000814
62 100 -0.9573676655170915
62 102 -0.9429628961199901
62 106 0.8995145338974206
62 112 -0.6418807747622972
62 116 -0.9500253110622856
62 118 -0.8105047086427597
62 119 -0.4403555565195365
62 120 0.9063361011044904
62 122 -0.3023707495782604
62 123 0.6240992399102909
62 124 -0.5076189633613495
63 66 0.3132061980199008
63 71 0.7516837146392423
63 72 0.7369429600201096
63 74 0.8667729070159782
63 75 -0.7371778266784819
63 79 0.24735737298892424
63 82 -0.8125158094560825
63 84 -0.6860380526205974
63 85 0.9543073311660157
63 86 -0.07894748759152992
63 88 -0.2517815932967278
63 95 0.9670016627048306
63 96 0.018425563343561935
63 100 0.006508247315775151
63 103 -0.2701280259268002
63 104 0.32266257514424557
63 105 -0.575021278327071
63 109 -0.06612242387924172
63 112 -0.06834231299855609
63 114 -0.20220888682763016
63 117 0.017469606107337166
63 119 0.9505281725376256
63 122 0.2661744217384576
64 66 0.03873967091578212
64 69 -0.8620740302980519
64 71 0.373723990306571
64 73 0.2289866737615438
64 76 -0.11057596092643274
64 78 -0.09363538025926821
64 79 0.3261703573485184
64 80 -0.6166275633253075
64 84 0.2646998599002759
64 85 -0.06960609164251297
64 86 0.4390322481960862
64 91 0.3963251609450946
64 95 0.5539130612998777
64 96 0.3470103869642305
64 97 0.47031079080300175
64 98 0.6372060450539052
64 101 0.6333608807198225
64 105 -0.9782396870642414
64 106 -0.2577259994466916
64 109 0.20221395160799305
64 112 0.4559003761476679
64 118 -0.5973513722842294
64 122 0.19294515238246768
64 123 -0.006457689039284897
65 73 0.5013192111687497
65 78 0.8931874324917053
65 79 -0.7468930661836262
65 82 -0.7033682406138231
65 83 -0.5311303527526106
65 88 -0.3168945758957684
65 89 -0.4509916848165729
65 93 -0.0833812244154708
65 94 0.9603548838078357
65 95 0.5988236592116396
65 96 0.15716317427501458
65 97 0.8193356076625746
65 98 -0.6125595746114654
65 100 0.27894600492421273
65 102 -0.6457088008562224
65 111 0.8679137812762339
65 116 0.9909030933507581
65 119 0.022547934673130987
65 121 -0.9625528367345348
66 83 -0.1931112480646131
66 86 -0.9044650443271303
66 92 -0.47761937884994277
66 93 0.22860257026368735
66 97 0.0924322422004904
66 98 -0.5485631915206379
66 99 -0.9415236891595438
66 101 0.3906778201628278
66 103 -0.21029892087550484
66 105 -0.8076174336915707
66 106 -0.48703187631960043
66 108 -0.9930908964649523
66 114 -0.3957461505950983
66 122 0.5452291484468119
66 123 -0.49981282393142945
67 71 -0.5291002324492999
67 72 0.5100195081960006
67 74 -0.24040478300813528
67 75 0.6277112294203522
67 80 -0.3487206721256315
67 81 -0.6834922889380688
67 82 -0.5051277804834831
67 83 -0.4807224478439942
67 84 -0.1736744352822237
67 87 -0.28872161738545454
67 89 -0.07879297138459584
67 92 0.34292592650633646
67 94 0.42353323165801116
67 97 0.9953080192161883
67 100 -0.8546040880682397
67 102 -0.8086975649378012
67 106 0.5989735334938915
67 107 0.42464782828471215
67 109 0.08529664163690209
67 111 -0.6455320916487752
67 112 0.4428358311622369
67 113 0.9501428935587934
67 114 0.5953297192546319
67 117 -0.7893151791166111
67 118 0.2581182284572543
67 119 0.9300175244298168
68 86 0.5136852262474623
68 89 0.7993037107945793
68 95 0.7357177051714123
68 96 -0.18061680205407815
68 101 -0.42306900689191185
68 102 -0.8143240255898219
68 103 0.3863551468990891
68 105 -0.5334951262810277
68 106 0.43987009060301996
68 118 -0.45317233117417977
68 119 0.4077181169645627
68 120 -0.4068270263036424
68 123 0.13445344073090348
68 124 0.08138083986983924
69 74 0.23324115429045333
69 87 -0.9685102465705695
69 88 -0.6617148173049674
69 90 0.6141909046192349
69 95 0.22379188693382468
69 96 0.008926537332411222
69 97 -0.7563199680877435
69 101 0.05065564622934193
69 104 0.6565586064926066
69 105 0.12412587534728603
69 107 0.8584637871710741
69 110 0.8665956721727057
69 115 -0.9726281286453335
69 118 -0.5541052971823714
69 120 -0.0022399137290047832
69 121 -0.7212385426273524
69 122 -0.0013799706566226533
69 123 -0.06192430215918221
70 77 0.14797786279423253
70 78 0.35898401549922854
70 80 0.6696322023229653
70 83 0.011247335780954382
70 84 -0.8995768709830902
70 88 0.9168678780630009
70 89 -0.7919579051202725
70 92 0.6563652009780354
70 96 -0.7594083347069962
70 97 -0.9573890083491268
70 100 0.7217156592549514
70 111 0.5996180605966213
70 115 0.25943218400014967
70 117 0.09706316664102932
70 124 0.021500254695877796
71 74 0.4705019221121174
71 75 0.4527041226170585
71 78 -0.49735517446228816
71 79 -0.6753761450645419
71 83 0.33175251093677316
71 85 0.18057234071197148
71 87 0.03481395985914282
71 95 0.6625504599224195
71 101 -0.9410966223177022
71 102 -0.7754222107585085
71 105 0.129800390313088
71 106 -0.19941859450335642
71 107 -0.9601051536751002
71 111 0.5706869473196192
71 120 0.005657410613442604
71 122 0.5596635036163542
72 75 0.041358336215449265
72 79 0.7481701964183429
72 81 -0.5184118181127269
72 89 0.19779569512134598
72 104 0.21657518232612638
72 112 0.921863594472764
72 113 0.6659237131977005
72 119 0.235663252116042
72 120 -0.20147033756105004
72 121 -0.2643127872891884
72 124 -0.14359511049460272
73 74 0.6130636339764175
73 78 -0.3131017535692877
73 79 0.6279567310276839
73 80 -0.3676040000117542
73 81 -0.6048752360917835
73 83 0.9676660152001888
73 85 -0.6496680406211954
73 88 0.8887066584224868
73 93 -0.29307625728263864
73 97 -0.41652047772704237
73 98 -0.09070882904796007
73 99 -0.02964331724820779
73 105 0.7662425472511385
73 107 0.44236399554446826
73 108 -0.14632178315831434
73 111 -0.0847176539556096
73 115 0.514962704986633
73 120 -0.4790420453793254
74 76 0.3488962531375972
74 80 0.4073802628863179
74 81 0.5523075333693279
74 82 -0.4679333904860836
74 87 0.3901739777418749
74 89 -0.6078074794388686
74 91 -0.7867330583529482
74 96 -0.3487612035242533
74 99 -0.47216196040925706
74 108 0.47745904954685825
74 112 -0.10478128946706633
74 116 -0.9073912512540738
74 120 -0.13960904526138251
75 78 0.04266400456440289
75 80 0.21436257467190867
75 87 -0.8247592896684475
75 90 -0.6407936305247843
75 92 -0.34112858640475974
75 101 0.01492373433738603
75 104 0.17842571073409275
75 111 0.48819247659624976
75 119 -0.4666904767146154
75 123 -0.2187672336536044
75 124 -0.2992504231999904
76 81 0.6699876019154494
76 84 0.3830079914625999
76 85 -0.9340733403145924
76 88 -0.2330029643980398
76 89 0.7059789125533324
76 90 -0.8020908006604888
76 92 0.9668564523524077
76 94 -0.8529247536676481
76 95 0.8982202565790149
76 98 0.1420483581337737
76 100 0.864660707306677
76 102 -0.8577079855226386
76 105 0.37898037991929656
76 106 0.2297787652719574
76 108 0.7273395800405256
76 109 0.19437790968904745
76 112 -0.22785015056777702
76 113 -0.945330462111063
76 116 0.9727248195359537
76 117 0.03271070216879335
76 120 -0.439115152453317
76 121 -0.4269074567511555
76 122 0.3255883288235457
77 78 0.9154327658120553
77 86 -0.06040109590204801
77 87 0.7407494412522717
77 89 -0.19290742768892555
77 92 -0.37292074422540655
77 93 0.3714799263395958
77 108 -0.40794423557486725
77 109 0.6423035158755159
77 111 -0.354140418984906
77 118 -0.9031818824956903
77 119 -0.870181130555149
77 120 -0.7087373707175872
77 123 0.21914066311519798
78 83 -0.34278663828621037
78 84 0.06535335861428426
78 86 -0.4593629332184124
78 87 -0.8449894830834441
78 90 0.5548011266292021
78 93 -0.7131218602892431
78 95 0.6912156804086336
78 98 -0.7483231206324588
78 102 0.16209221775568405
78 103 -0.276951540774246
78 107 -0.09794630487578893
78 116 0.1492081376826282
78 119 -0.9285865173709777
78 123 -0.7061526215232401
79 80 -0.3595299133675962
79 82 0.9764452823155594
79 84 -0.3815008391564436
79 90 0.8518155290094334
79 94 -0.17544687246028312
79 95 0.9328875146934363
79 97 -0.9060213854162076
79 104 -0.2507715329500282
79 107 0.09875541067386151
79 109 0.6126519732766034
79 110 -0.6457852953467349
79 113 0.17309218795853143
79 115 0.5440189161820643
79 116 0.07451635770571707
79 118 0.5890128664194678
79 123 -0.0206528891514437
80 84 -0.3361894459091843
80 85 -0.6052715174849939
80 91 0.05412815571331242
80 95 -0.1334532072979131
80 98 0.30293009783572034
80 100 0.08814873764635944
80 105 -0.7953982830741808
80 107 0.6258055677640673
80 110 0.7202391597746689
80 115 -0.7927237537739045
80 118 0.9797003426441033
80 119 0.7318780331541166
80 121 0.027309854216756246
81 82 0.4620709912398129
81 84 -0.597226812866408
81 85 0.23627339396807456
81 86 0.2947603084017696
81 91 -0.28547821547741536
81 92 0.6431587604730682
81 96 0.264918423176844
81 97 0.806823142151126
81 99 -0.1814212370516668
81 101 -0.34185688354135446
81 102 0.8952579627378432
81 107 0.2839403280999879
81 110 0.07176316081935341
81 112 0.8327034675557623
81 113 0.7630580338599768
81 118 0.7645838193819099
81 122 -0.2728754683138199
82 83 -0.06932018543197582
82 84 0.2950052326490429
82 89 -0.6159982191498881
82 92 -0.21940776024202457
82 98 0.15939996717626248
82 99 0.028157793815435372
82 100 -0.40728282476909006
82 101 -0.5608274093049237
82 103 0.26200006244301277
82 108 0.12269672397692943
82 109 -0.46950140425453735
82 118 0.5603000055936229
82 122 -0.6079179727577482
83 87 -0.7303847518219693
83 88 -0.04928121021849563
83 94 0.5200763019995975
83 97 0.14123661121440434
83 100 0.11800729232787655
83 103 -0.6627804299845468
83 104 0.33606493483880295
83 106 0.18841631028432104
83 112 -0.13670613741410742
83 115 -0.3858344338905806
83 118 0.859232254960584
83 119 0.5106679438603154
83 123 -0.3439656555297754
84 85 0.5213979787408065
84 88 -0.9232014362187662
84 89 -0.001747628654727107
84 90 -0.17116448989894084
84 100 -0.45158821411154726
84 103 0.040919944419096854
84 104 -0.7189469567599247
84 106 0.43405858008811293
84 108 -0.007952376491692226
84 111 -0.8542959582570404
84 119 0.12664519253780848
84 121 -0.9208610713457128
84 122 0.52019579236339
84 124 -0.5507654712129229
85 89 0.4945763242526269
85 92 -0.8463530071876704
85 99 0.266930484509901
85 101 0.882343978905678
85 102 0.06767872219600268
85 104 0.32540533041351516
85 111 0.1268052870727081
85 117 -0.824273972641443
85 119 0.06843418178302851
86 87 -0.7813708474640708
86 88 -0.048759163037265685
86 90 0.31753413807119957
86 91 -0.0665895025407941
86 94 -0.9336763597510982
86 97 0.9211359607571465
86 101 0.5578502994367871
86 102 0.9563917080386595
86 108 0.7360701976207005
86 109 -0.9014920068363319
86 111 0.20190301986680614
86 112 0.3866070879243475
86 113 0.1968825789647337
86 116 0.30779904653745516
86 119 0.9099656611452935
86 120 0.9139479864514364
86 123 -0.3822261111421088
87 89 0.8400194189352517
87 91 0.775301594315071
87 95 0.2362124848198317
87 98 0.49823497016899876
87 102 -0.9248607449154926
87 104 -0.3991550074088255
87 107 0.4649178680557513
87 110 0.9502701145328329
87 112 0.4083241028299862
87 113 -0.563655017619082
87 114 0.5225181233719922
87 115 -0.40904583638394487
87 116 0.4449558394225961
87 119 -0.5819842630380001
87 120 0.5468410321983752
87 123 -0.12219890603953587
87 124 -0.5286828798213496
88 89 0.5529556277291299
88 91 -0.383974081565017
88 95 0.753920621128918
88 97 -0.5082874719153003
88 100 0.39877050365607714
88 103 -0.8177491177569243
88 104 -0.5937956342363331
88 106 -0.6909206284758997
88 110 0.2442920113602467
88 113 -0.43881691774252984
88 114 0.025312439495190464
88 116 0.1214948755223062
88 122 -0.5157555948123376
88 123 -0.6198568892123077
89 93 0.8838179340755055
89 94 0.0540604825703217
89 98 0.10796996483276078
89 100 -0.40481425753725175
89 102 -0.7523842869101574
89 104 -0.6676957456604471
89 106 0.8435923109606298
89 107 0.5957658473447975
89 111 -0.06748501899686055
89 121 0.8469068138807327
89 122 0.2869452226603424
89 123 -0.6862002143654937
90 91 -0.7459353829242901
90 92 -0.43150741477113796
90 94 -0.7515551992479448
90 95 -0.4178940400293263
90 96 0.18834816421062062
90 98 0.9627147391785544
90 105 -0.4393784281172941
90 108 -0.33873353808708706
90 118 0.8457161267708291
90 123 -0.9887364562211247
90 124 0.4508209039606581
91 93 0.80626850516011
91 94 0.7448788004250961
91 100 -0.5656597173866149
91 105 0.6109838419843225
91 107 -0.1161513074150029
91 112 -0.5721277737858717
91 114 0.1682818744365433
91 115 0.018894329465188875
91 116 -0.9894787420822952
91 121 -0.5424951639326787
91 122 -0.21532289363551227
92 95 0.8012805166042469
92 97 -0.8624446726634007
92 102 0.06119396510573294
92 103 -0.6482197765938811
92 104 0.5998716598858338
92 105 -0.20916536556408283
92 107 0.784138053814647
92 109 -0.2855734121123168
92 112 -0.5081423121654798
92 114 -0.10420418743388038
92 116 -0.8322429788202474
92 117 -0.8087975758042698
92 118 -0.5162432403231185
92 120 -0.16747956896737848
92 121 0.09775488111060082
92 122 0.32311729733935124
93 94 0.09183786673399119
93 99 0.770009028582499
93 100 0.8919056447309657
93 101 -0.3220418772952498
93 102 0.9733674387469959
93 104 0.03796061873016088
93 111 0.22710892610595312
93 113 0.6786758112675908
93 114 -0.4676804962440002
93 115 0.901095298377852
93 121 0.5513122125287406
93 123 -0.2697847157381579
93 124 -0.3758737017113518
94 95 0.5162894394609816
94 98 -0.26220908453079583
94 99 0.34911461798354493
94 101 0.5733393729452332
94 103 0.9048088030189996
94 106 0.46899685384446066
94 111 0.21036832383213744
94 115 0.03027062961323934
94 117 0.8218350542251218
94 119 0.8046610006637369
94 120 -0.9886340253776287
94 124 -0.7541181347700827
95 96 -0.24751741839645147
95 98 -0.7460856885998286
95 101 0.9025991783646625
95 102 0.15895126434546603
95 104 0.6667859495370951
95 105 0.5280162738901322
95 106 0.6475990472092685
95 107 -0.0812665861863715
95 109 0.12478890206387838
95 110 0.47881061069038133
95 117 -0.08496048981344839
95 121 -0.870010436661073
95 123 -0.4391506434984569
95 124 0.18710131846332523
96 103 -0.8618696120612384
96 106 -0.556259988928101
96 107 0.5535109152763775
96 108 -0.007760231339291934
96 111 0.7811488225740495
96 112 -0.6546555953754811
96 116 -0.08394745566130646
96 119 -0.279792793141044
97 99 0.08553740205893456
97 103 -0.3437476929609202
97 105 -0.30550833425970136
97 107 0.797188504661057
97 110 -0.6362546173830668
97 116 0.9010685861718091
97 117 0.4901158687071543
97 120 0.1201377261331611
97 122 0.9664369141940212
97 123 -0.5294223640343174
97 124 0.10055565342828965
98 99 0.6236109266759868
98 101 0.3769074847590166
98 102 0.6836375636217396
98 108 -0.6669507380848869
98 113 -0.7518705607447278
98 115 0.5211743414313756
98 117 -0.2012902857801222
98 118 0.6257996130184889
98 119 -0.050468151694621044
98 120 -0.6985667424102067
98 123 0.5624457146026314
98 124 -0.6103494532134939
99 105 -0.9565425896732531
99 107 -0.3856775737839475
99 110 0.22991927869682494
99 112 0.48394364554408864
99 116 0.019282076540930948
99 122 -0.4920087258303547
100 101 -0.6618674122585193
100 102 -0.5225779550136869
100 103 0.9938809312743104
100 104 0.08138558741884627
100 108 -0.07299208861780282
100 109 -0.3629289390239083
100 111 -0.08546747241779462
100 112 -0.332873363142695
100 113 -0.8111786091948392
100 115 0.8767327566772158
100 116 0.5262306736178579
100 118 0.19364485933273246
100 119 -0.30710660602906925
100 120 0.7468996092004341
100 121 0.6982372041494871
101 102 -0.9519372125803796
101 107 0.3756105609317746
101 114 0.06101850993490343
101 124 -0.5963831122129029
102 110 0.1026204540385578
102 111 -0.009457603219077404
102 119 0.42992043611840747
102 121 -0.508171283239957
102 122 -0.8448868030358034
102 124 0.8087329514442707
103 105 -0.23850497155680572
103 106 0.6873636067317719
103 107 0.607569715317434
103 110 0.9186945607644212
103 111 -0.5901726729882439
103 113 -0.04136269221703448
103 116 -0.21581764666206582
104 107 0.38429860992331166
104 117 0.06916642507922321
104 120 -0.809649253326538
104 123 0.45666027410848153
104 124 -0.42199569720586827
105 107 0.21094153621740896
105 110 -0.658566360305413
105 111 0.3106352925860698
105 112 0.51721664538921
105 118 0.9615244398783069
106 110 0.7378747923508191
106 111 -0.31198942537926255
106 112 0.09330928825932583
106 114 0.6265044260693573
106 116 0.4258300999026654
106 121 -0.035751664268600214
106 124 -0.08238681323533892
107 108 0.48834174216039483
107 109 0.143032467928641
107 112 0.06256175616545123
107 113 0.9990133051056251
107 114 0.917496713342784
107 115 0.24779631625584053
107 117 0.6727718127465283
107 118 0.9603812437721095
107 124 -0.21359364151715288
108 110 0.5198153171258062
108 114 0.5387706957027958
108 117 0.6037744316809264
108 118 -0.8528396585093967
108 119 -0.2063377451463848
108 120 -0.4262562380664767
108 121 0.26443095675785155
108 122 -0.27342868223927463
109 110 0.0887441814210086
109 111 -0.1510835135941493
109 114 -0.6597494973942852
109 119 -0.2938561086054472
109 122 0.8291927906258445
109 123 0.5610466056942554
109 124 0.09516366772131413
110 111 0.09509185382533047
110 114 0.3342438243659569
110 119 -0.4442770396009261
111 114 -0.25679436960448654
111 115 0.871663113208546
111 116 0.24300013366937212
111 118 -0.8304885273683875
111 123 -0.6630283088494859
112 114 -0.6170387381641336
112 115 -0.600489791566049
112 124 0.14680501069983198
113 120 0.7141503229295734
114 115 0.6799042138132734
114 116 -0.4909342035596145
114 117 0.16392047958621125
114 118 -0.9024269433098768
114 119 -0.11601837783360103
114 120 -0.04366374946727025
115 118 -0.2836026871194963
115 124 0.2923840118981267
116 118 -0.37312581166155656
116 120 -0.8378246908741152
116 124 -0.8891106659741757
117 118 -0.3940601439859943
117 120 -0.041109412298442116
117 123 -0.4259850924835531
118 119 0.9539912939620419
118 120 0.2955472621219619
118 122 0.8708084004849719
119 124 0.10343366467215587
120 121 -0.8569027601245609
120 124 0.05630387319523189
121 122 -0.9480422810076379
121 124 0.17306722951086995
