125 795
0 0.7553088728222694
1 0.30226792284048565
2 0.9239833730128177
3 -0.7265375490105723
4 0.42509121442415543
5 0.49715399202312716
6 0.5373739996215892
7 0.35876049179618863
8 0.7624847044270759
9 0.8430452657190011
10 -0.4290646261673101
11 0.262734474764972
12 0.429222475274065
13 0.37889204338543214
14 0.5390644083840113
15 0.1587971361995173
16 -0.22790860328745843
17 0.4092455075038235
18 -0.7459127192235591
19 0.39089058970506585
20 -0.47974941018292916
21 0.9100599302469641
22 0.700986496511931
23 -0.8746711918692842
24 0.7950702402205472
25 -0.3822502074593963
26 -0.6157514764084968
27 0.47545411364192924
28 0.8232270335624978
29 -0.48632229713007
30 0.08965815794779242
31 0.32460133172873307
32 0.581108114789352
33 0.39535886061467473
34 0.45462788604530036
35 -0.7084795012941698
36 0.5400314541672848
37 0.8971387039114318
38 0.4105521815174116
39 -0.28108434300219454
40 -0.26752772373732214
41 0.4909936680917
42 0.1782477539041183
43 0.6969453701233992
44 -0.672394108878787
45 0.57726669742557
46 -0.12926622352846318
47 0.8402619982574697
48 -0.2258709283506759
49 -0.3026731776791767
50 -0.29598708377127547
51 0.2842554689115926
52 -0.8738476139514508
53 0.11411333427680215
54 -0.5201064541211844
55 0.26113729900937344
56 -0.2979966388404247
57 -0.8829820496308298
58 -0.00270499002892044
59 -0.014064425704489514
60 -0.1553986155641287
61 0.11445793737309073
62 -0.5489064454168515
63 0.2459043504475491
64 -0.9381472460715303
65 0.24992947046262115
66 -0.6385610794538721
67 0.7366895649053307
68 -0.9578998774448317
69 -0.9986323703720867
70 -0.2419672837602982
71 -0.24721565161608416
72 0.653661383045494
73 0.14647999462432915
74 -0.7977016602982305
75 -0.42306338716693315
76 -0.6411253340729512
77 -0.06363134914302426
78 -0.3417797045890878
79 -0.5097806014653923
80 0.1578647644072908
81 -0.2787715104291457
82 -0.6981684264668551
83 0.3967692036380077
84 -0.1770350768261495
85 0.9529823241316824
86 0.8410215234147791
87 0.19008741020604547
88 0.05130252879304287
89 0.6862287271935821
90 0.9891098808557399
91 -0.04709706134162883
92 -0.4516254633198651
93 -0.5948024615045848
94 0.1965765432823776
95 -0.35303442938977136
96 0.966556692795203
97 -0.06932625736852183
98 -0.09819653360874114
99 -0.29538571717959905
100 -0.41009267444253283
101 -0.77067486698621
102 -0.4448580171394114
103 0.0060088909169131455
104 0.05507409079080938
105 0.8724835294068862
106 -0.8073602957430732
107 0.4747059322873315
108 -0.9351053612159899
109 0.5325426220770642
110 -0.7659452861753027
111 0.1369609266593521
112 0.5055585583837028
113 0.8397211600110079
114 -0.49356636153013067
115 0.9607401994266103
116 0.6045828482020823
117 -0.5473422235323775
118 0.8865349531352105
119 -0.918768020643042
120 0.0007201585082416972
121 0.0882831762037044
122 0.635271616941159
123 0.31587869757703313
124 -0.04367113286356861
0 4 -0.11265196900508001
0 24 -0.07271521954762639
0 69 -0.776691505988325
0 92 0.8658809694645657
0 121 -0.8439860835199513
1 2 -0.5779129714649494
1 4 0.27723628659766186
1 13 -0.07596999136162719
1 23 0.805586098410743
1 24 0.17603189778736295
1 25 -0.9263090028163998
1 29 -0.35507240276925844
1 57 0.16923604486799348
1 63 -0.7784726004795492
1 68 -0.9434254121566328
1 104 -0.41511987233910075
1 116 -0.02754033522442767
2 7 -0.10313871095057214
2 17 -0.9414035657561015
2 26 0.04429697989861303
2 33 0.6280826720174637
2 65 0.013029923697923218
2 68 -0.9292556338867854
2 71 -0.5824702980293914
2 78 0.9360675551842943
2 81 0.9989528092605482
2 86 0.9428708504662857
2 89 0.2958156127930842
2 94 0.20108545213542062
2 101 -0.3838116249282555
2 107 0.7848872414062542
2 120 0.8657107402060509
3 5 0.720177176476767
3 15 -0.22964503429168626
3 26 0.8882373268373831
3 32 -0.3267125797391366
3 40 -0.40156150146637515
3 41 0.9494956373868964
3 51 0.7900000150921171
3 85 0.05155161291505883
3 92 -0.6952099421275983
3 93 -0.4479771659776919
3 109 0.576452265713755
3 118 -0.42140314202782925
3 120 0.7399236216854059
3 123 -0.5810790059207054
4 12 -0.6125123983119918
4 13 0.06662946785047041
4 19 -0.18272274617430395
4 26 0.5039889743136003
4 32 0.5091267376417814
4 47 -0.06817833552942543
4 73 -0.683547233420416
4 77 0.9258009005516765
4 80 -0.5505825365052304
4 85 0.20982730040185427
4 89 -0.29171313549916933
4 98 0.1855759626064437
4 106 0.9424530255424639
4 112 -0.1566310339727286
4 116 -0.4668342703720172
5 17 -0.5244593244969911
5 23 -0.41860720154104536
5 28 0.7372390425847317
5 41 0.5620303579943566
5 42 0.29292641173488
5 44 -0.8880405409654721
5 47 0.8267726693116852
5 59 0.6292204616347481
5 60 0.2174391887159679
5 62 -0.7762841821596009
5 91 0.05760869651927725
6 8 0.2839247634547444
6 9 -0.7602244238138207
6 10 -0.20182991181227505
6 22 0.6350861610795435
6 25 0.2956391877940914
6 28 -0.8336337329283177
6 32 -0.5741127360372456
6 39 0.04135152749535842
6 74 -0.14699532664563986
6 75 0.9750591152329335
6 98 -0.8467758752134038
6 113 -0.39029085907672445
6 114 -0.7653961430372058
6 124 -0.6901376932702501
7 21 -0.7155080484769565
7 39 0.7815899161256721
7 60 0.8525996737607853
7 61 0.37170801277445986
7 62 -0.2048253385959804
7 77 0.6062199648024131
7 80 0.6827924005270383
7 106 -0.15890516248390418
7 111 0.506154416895056
7 113 -0.7471291596054799
7 124 -0.21623425059114032
8 9 0.833035667567215
8 14 -0.11740929295627978
8 19 0.9630129293502108
8 26 0.9738262323765516
8 27 -0.5344413145882572
8 33 -0.13326438327760992
8 42 0.5826173010077291
8 43 0.1783166526982245
8 45 0.013845294848420231
8 58 0.6009708044725843
8 81 0.5010448141092108
8 86 0.6057198355549986
8 122 -0.9021918409065182
8 123 -0.9558815384404589
9 10 0.3749522197064874
9 17 -0.7934823891043086
9 18 0.20267240540010878
9 27 -0.38878414863395516
9 34 0.5648820100766885
9 48 0.5424418357532483
9 80 0.023333628878813295
9 107 0.5305547406566453
9 121 -0.381531412692228
10 12 0.5586939978555312
10 40 0.4936762718272061
10 59 0.9275133617941715
10 70 -0.4270136398372453
10 87 0.6900144327929272
10 89 0.7241224172330551
10 96 0.07670414802527947
10 101 0.6733252144323376
10 110 -0.825660771268701
10 118 0.048523360528134996
11 23 0.5792647608214614
11 28 0.035801579867512645
11 37 0.5883968800365575
11 60 0.1924090116888657
11 69 -0.23528271533114342
11 115 0.4109647754863617
11 122 -0.4717517136677518
12 15 -0.12153967628915918
12 18 0.41476682977378054
12 21 0.0006215085189658076
12 22 -0.9824968316585079
12 28 -0.5580038350399952
12 34 0.9657066885221615
12 49 0.5217816285998811
12 52 -0.4975167088942518
12 54 0.21952489081845084
12 75 -0.9798070968698993
12 76 -0.417479949404
12 114 -0.1525636133185484
12 120 0.6981482163774324
13 14 0.5501876668712209
13 19 0.020748193322216446
13 22 0.28397547318861904
13 25 0.8773038766525774
13 56 -0.2519000250686172
13 71 0.6685922056707028
13 88 0.8774679050136098
13 89 -0.38003824201580727
13 108 -0.5506586405484977
14 18 0.9690985275405692
14 20 0.7702763768210483
14 25 -0.34483939894874727
14 33 0.601641038408482
14 59 -0.5008869308153279
14 60 -0.8687412073341205
14 65 -0.22555098988228273
14 80 0.9220454171484425
14 88 -0.1288642878940538
14 89 -0.723949842516687
14 99 -0.7849914416789061
14 102 0.9441911575856001
15 26 0.3392426427563535
15 32 -0.7817723026681576
15 34 -0.4968012803405968
15 42 -0.10959042052194023
15 44 0.3340449467043971
15 55 -0.40112984824109166
15 59 -0.5509843021352892
15 63 -0.23787800986319008
15 73 -0.17356729568828344
15 78 -0.7515838971654156
15 92 0.019068082249459772
15 93 -0.03776799567414124
15 103 0.1375906016397479
15 106 0.9267099552905342
15 113 -0.08210522050705804
15 114 -0.32599974303013246
15 116 0.14413553422218084
16 44 -0.4224336841319869
16 46 0.5485260771362852
16 54 -0.16210611826684218
16 58 0.5801994037508813
16 68 0.10030303888008008
16 90 -0.7907898026144793
16 98 0.7974082859549789
16 99 0.6384445276145183
16 100 0.7458419219051731
16 102 0.853607666791337
16 115 0.9928728242801488
16 123 -0.009598679666463106
17 41 0.9144890441047686
17 45 -0.4063698475715778
17 48 -0.09397488755868277
17 52 0.31984664223826687
17 53 -0.3785516517559486
17 55 -0.4469382987002217
17 56 0.27265298826427364
17 74 -0.9516304900580543
17 79 -0.7787334404027175
17 80 -0.18139893112766425
17 87 0.34304566329393427
17 89 0.676948876974153
18 58 0.42459200869848934
18 61 0.5470625549686468
18 62 0.8831551630173491
18 71 0.25391243953500453
18 87 -0.799246923263994
18 88 0.8706762625872444
18 103 0.11181320300799169
18 104 -0.3324060985956969
18 123 0.33381311493432286
19 23 -0.42447417953284594
19 64 -0.26456819594649095
19 68 -0.579086951753029
19 72 -0.6570066581838401
19 76 0.709608747074677
19 99 -0.3701458792758252
19 101 0.48444402686411436
19 107 -0.9788167800712433
20 22 0.4376880855811791
20 23 -0.5822818618572374
20 28 0.7387679725234835
20 33 0.9330325031240934
20 36 -0.06972948386616706
20 42 0.5878937559991051
20 57 0.1599597978459577
20 74 0.9599531938315242
20 83 -0.29881239422702954
20 88 -0.540088325757851
20 100 0.810822047194691
20 103 -0.47646888047806946
20 107 0.9695953694367143
21 29 -0.7811060064235291
21 58 -0.7895835861895755
21 59 -0.6506848206952138
21 61 -0.048702703047861506
21 65 -0.16023896114390546
21 72 -0.5563256817599853
21 81 -0.7006286221657678
21 83 0.036447673252307355
21 99 -0.7224776048200505
21 100 0.09242241986667121
21 108 -0.5296414647378132
21 112 -0.3791765618383647
22 24 -0.16588032152721266
22 42 0.6156110403448589
22 49 0.5592392803734165
22 58 -0.44964206013390506
22 67 -0.1700392463736773
22 85 0.7865531804000099
22 102 0.4902008860533422
22 120 0.7958004775390091
23 29 0.24872610189306887
23 30 -0.8455248255421137
23 38 0.4381078422414735
23 42 0.46951474628741185
23 45 0.7208733912758485
23 49 0.42750606241504796
23 62 -0.5254119523868739
23 72 -0.3659784794449501
23 75 0.8477364964136025
23 78 -0.2195298903722176
23 79 -0.7355128683851195
23 91 0.20954481648151058
23 111 0.9009288923914465
23 115 -0.2589521903832299
23 118 -0.055858165430431095
23 124 -0.8266515037053921
24 27 -0.8120778993110604
24 88 -0.46056913073896344
24 92 -0.723208454915933
24 101 -0.768950538734299
25 29 0.4608054243925839
25 42 -0.007359631801648225
25 56 -0.4203842567554341
25 62 0.31852154785974496
25 66 0.570039338407802
25 100 -0.5875913523474916
25 102 0.4359260807773089
25 106 0.22343312285839656
25 108 -0.6109312346851954
25 111 0.10802368868794576
25 118 -0.5820622834322478
25 120 0.722875409956681
25 122 -0.6493769491275714
25 124 0.4010832964966158
26 35 -0.6217413390194044
26 37 -0.5128091045967786
26 44 0.5695445414516982
26 48 0.9592013019452545
26 52 -0.03776326979093181
26 67 0.8992962344193662
26 91 0.6538185578777416
26 119 0.8926533421287528
27 43 -0.39744805665754446
27 46 0.14981372319253272
27 76 0.9442069819148489
27 84 -0.017772345623533248
27 104 -0.2980885725010278
27 113 0.14812524977856723
27 118 0.36805020025154334
27 122 0.6069897873085368
28 29 0.08793099386028258
28 31 0.8125263003966587
28 34 -0.8968904596007194
28 46 0.9005577567167271
28 48 -0.7476759773424939
28 55 -0.7068617712471392
28 67 0.27188324256696617
28 76 0.16096372891081834
28 82 0.5654776526565712
28 91 0.6583536936631098
28 104 0.5219773181128113
28 119 -0.41310995472871204
29 43 0.36238051162296947
29 53 0.3448915497885898
29 63 -0.23700004651179296
29 94 0.8958763946541872
29 95 0.7046962150110854
29 110 -0.10593201440587241
29 112 0.011282736760749756
29 117 -0.7975338752657593
29 119 -0.3577951177797245
29 120 0.5607333669147689
30 69 0.6186348214975881
30 70 -0.32399143987144474
30 74 -0.354992084070997
30 75 -0.14900914168411794
30 79 -0.6835092426650058
30 95 0.8628359388085978
30 106 -0.4331995203022012
31 71 -0.7582116843539861
31 80 0.8656691241993018
31 86 -0.8448126333625063
31 92 0.16884855776200358
31 99 0.3392244068985546
32 35 -0.8221838337779204
32 42 -0.07909712723825946
32 49 -0.41359189614717673
32 57 -0.6006543560196314
32 62 -0.14906501199676558
32 72 0.3609410584587269
32 75 0.7824312577212857
32 82 0.679091967622282
32 91 -0.9896667860276798
32 92 0.11441948445889416
32 105 -0.7539850109208119
33 44 0.044279485050105816
33 48 -0.6145156649967825
33 61 -0.367225304592403
33 78 -0.07886213026715327
33 96 -0.22474523505750477
33 100 -0.1023476521602229
33 104 0.15276300907870977
33 113 0.40291930994623937
33 115 0.3593339492710408
33 116 0.3998859313688654
34 38 -0.41510538744995107
34 39 -0.49525613153825665
34 50 0.06690372475153783
34 53 0.5517829968488255
34 54 -0.9514877462430629
34 101 0.5751186657342009
34 112 -0.9451908217402234
34 118 0.4125481225894998
34 120 0.6896666603463788
35 50 0.28159593656570703
35 59 0.7233179812969601
35 69 0.9245253379876412
35 88 -0.8197102037008546
35 91 0.44266294176684884
35 94 0.4815823377001103
35 118 0.23713940743553752
35 123 -0.7051398842652401
36 37 0.5862479576453263
36 40 -0.5192286141486102
36 44 0.1411156781315861
36 50 -0.9276114938718703
36 58 -0.23996779691458237
36 62 -0.21195414887196007
36 117 0.27226670910393547
36 120 -0.33744950316352185
36 124 -0.12906674392233963
37 60 0.6459309912790188
37 63 -0.6055822430043021
37 81 -0.3020590931479583
37 88 -0.9632221065432116
37 90 -0.6038319517588195
37 103 -0.8553313252911199
37 120 -0.6428558256621077
38 39 -0.5063858763720266
38 42 -0.9593033546173664
38 55 0.7047947312385978
38 124 -0.50095185845957
39 42 -0.1570710690002881
39 46 0.004274629240935024
39 52 0.5721448886053437
39 65 0.1696155408447486
39 86 -0.9104923329389945
39 89 -0.6148311260641381
39 92 0.41103853826583525
39 95 0.1204321561741506
39 99 0.9279566403292208
39 112 -0.008692481587438072
40 47 0.167704142878627
40 73 -0.8557947442028833
40 75 -0.8704373267526773
40 79 -0.4815547378218026
40 87 0.7936236800573406
40 99 -0.014395861132672438
40 120 0.481937386930255
41 43 0.27749766634323225
41 44 0.2353126701417798
41 53 0.8779489749414602
41 59 -0.7299633984077973
41 65 -0.44824695405688275
41 66 0.8905105384136363
41 80 -0.6943533002096784
41 87 -0.5295818109381163
41 98 -0.49009824094809495
41 104 0.8464011237073494
41 111 -0.48154479019640406
41 115 -0.4747566353327439
42 55 -0.21154524047882317
42 78 0.0987477865170856
42 95 -0.6660735683973813
42 99 0.5452451374090346
42 105 -0.2649173679434387
42 110 -0.6434260929250204
42 114 -0.35787829836408114
42 118 0.3374225251430121
43 51 -0.012833126624959501
43 54 0.6500787044080227
43 56 0.49364139165901255
43 57 -0.2633717544735579
43 58 -0.5315320104250301
43 78 0.9288494148577238
43 80 0.10767166926238692
43 83 0.8602946611164612
43 89 0.9558295091387172
43 93 0.10870831445346885
43 94 -0.745128640700627
43 101 0.11046117897615604
43 108 0.47851432443369757
43 119 0.702648085919954
43 120 0.5815533427329136
44 45 0.7765573335985556
44 49 0.685436476603555
44 53 -0.4456214868425319
44 61 0.524640941920538
44 64 0.07311805659314752
44 65 0.667595988744367
44 118 0.01938266797277155
44 123 0.7187844933112775
45 47 -0.08406541328386985
45 84 -0.10470280334527549
45 100 -0.8634044101195271
45 101 0.9863143707893931
45 107 0.6969595710142713
45 108 -0.9047046325648527
45 124 -0.8831284598827307
46 49 0.26316655682224743
46 52 -0.5146449415417123
46 53 0.4230143126269268
46 76 0.6269797971005193
46 82 0.31447827211310475
46 84 -0.7236016165668542
46 102 -0.2024525063018363
46 107 -0.9277291833926387
46 121 0.5280095100104438
47 49 -0.1613988854497661
47 68 0.4246818625529436
47 69 0.8437914102171689
47 77 -0.484642089295797
47 79 0.769634593334479
47 91 0.6831491738581552
47 93 -0.9215626699129182
47 97 -0.7293383263362303
47 98 -0.7903408925779709
47 107 -0.20442618927214307
47 109 -0.6116617532733966
47 115 0.0486252376832228
47 116 0.9366149498815415
48 58 0.9676315762004637
48 61 0.743641295038495
48 76 -0.036481078634497344
48 90 0.2578465979870588
48 93 0.010391248241956141
48 124 -0.5364673772651272
49 53 0.06431921503694693
49 58 -0.7125035092038612
49 65 -0.8883425813768684
49 68 -0.03114423347985129
49 77 -0.20780572408994602
49 86 -0.5567439453731102
49 93 0.3208547453766246
49 96 -0.18762143092032302
49 97 -0.13309618653437494
49 114 0.3263259512481187
50 53 -0.24128145876884366
50 70 -0.4324286651878597
50 82 0.675782748212608
50 91 0.9757108097233871
50 104 -0.7903228295177147
50 114 -0.9505955841662244
50 121 -0.8830242869044556
51 56 0.4031630370047268
51 57 -0.07184887215720415
51 59 -0.5552239627927655
51 61 -0.3051908154095453
51 76 -0.3163631743218891
51 89 0.5051202480957409
51 103 0.43119938778746136
51 106 0.31072662422642705
51 107 -0.9884852444960879
51 120 -0.25130996798924055
51 121 -0.7578097098714367
52 53 0.24261099574195066
52 57 0.5235868049488619
52 62 -0.2539285361271433
52 71 -0.7717013291575892
52 75 0.704051282628817
52 105 -0.6051467468834903
52 116 -0.04456313209426255
53 66 -0.0776749035768518
53 69 -0.31190294271003616
53 76 0.6589040434612734
53 87 0.11764977428710743
53 88 -0.3285082392326939
53 94 0.7471623251655342
53 106 0.46459203264997906
53 110 -0.6857120330639215
53 112 -0.045614512258820294
53 114 0.38566461243738837
53 121 -0.05658443977429983
54 61 0.8704836459390703
54 64 -0.7283512244514341
54 66 -0.6525182623231376
54 101 -0.007322381599005556
54 115 -0.07543809934542756
54 122 0.30037343892246704
54 123 0.3354329526555053
55 57 -0.6373635247806209
55 110 -0.8551579606396336
55 121 0.38113117057647083
56 61 0.9633708496742057
56 63 0.16533807729205585
56 66 -0.6884421125028133
56 71 0.7418704107475897
56 74 0.3213001028770488
56 78 -0.20213324790874854
56 79 0.27165236450788677
56 84 0.5157940043725269
56 92 -0.7951556635583612
56 99 -0.8032121024825318
56 101 0.3816249875582438
56 106 0.9095781620420937
56 114 -0.4015099574629015
57 67 0.061097552080861206
57 69 0.9461148710171952
57 84 -0.8374060006562991
57 120 -0.4273418405094447
57 122 -0.824811827726323
58 59 -0.6219967120927798
58 63 -0.3854522901464943
58 72 0.7077395193726181
58 74 0.635971527039245
58 75 -0.5381119636428897
58 76 -0.13904396360632854
58 83 0.20876849646740503
58 91 0.8328990936198113
58 98 -0.8097019979228968
58 99 -0.19846126440289114
58 111 -0.5023727876993476
58 121 0.05930337071602887
59 65 0.6555641089413804
59 68 -0.9740954675744282
59 78 -0.27256732931237915
59 83 0.2897083776041762
59 103 0.7345575283939869
60 83 0.4205286603026206
60 93 -0.9164188424907382
60 95 -0.7992753947285658
60 103 -0.09981340940270655
61 62 -0.00479275567370907
61 69 0.23929374897374456
61 76 0.8893265456979209
61 77 0.8127727655160795
61 79 0.3242190348371876
61 84 -0.3193566078589176
61 91 0.6230779945605782
61 114 0.6913474575593594
61 119 0.12126519137404768
62 66 -0.2128613892798008
62 71 -0.6128243441586734
62 75 0.15176800337096608
62 79 -0.27509643308772413
62 84 -0.905249405985306
62 90 -0.5056786871424992
62 115 -0.5072558600697612
62 121 0.9508346083584525
62 124 0.2762684245218976
63 74 0.34354343681989086
63 79 0.3175410229827489
63 90 -0.7142881107909433
63 95 0.34539534119502324
63 96 0.5773443167052821
63 98 0.7968304444245324
63 102 0.3747298336244853
63 103 0.08666444737598988
63 104 0.39472429701562306
63 116 0.30339360264219506
63 124 -0.059588368260737656
64 69 0.9735771619838685
64 71 -0.6821753556608829
64 72 -0.3972413097862706
64 78 -0.7090565138889526
64 95 0.5794390770934108
64 118 -0.9744246010068294
65 71 -0.5583897930138668
65 101 0.7659984744815094
66 89 -0.8977294903098703
66 90 -0.05789192670511456
66 92 0.6834423141283041
66 97 0.9960740232675374
66 118 -0.11437739206837261
66 120 -0.4798431716504854
67 75 0.14896877532650943
67 100 0.6405708454238948
67 108 0.4743827195498387
68 80 0.5147058864139484
68 103 -0.8835401313154607
68 117 -0.4286615438284209
69 74 0.34085096720494823
69 75 0.0968197494720846
69 89 0.24034656553212175
69 112 -0.8308696634872161
69 114 -0.9309015853113276
69 121 0.01783422973821991
70 75 0.17388474853483116
70 77 -0.9501285159684671
70 116 -0.3878143431763945
71 78 0.06762369447163108
71 83 0.8340822612515792
71 92 0.5146399130586716
71 99 0.6215757716453731
71 100 0.11862917279573404
71 104 0.5303274056256246
71 106 -0.23837715928197478
71 113 -0.32854307799236104
71 124 -0.9758663658124911
72 104 0.4963474622595452
72 110 0.9815395718106055
72 112 0.3501621354513449
72 117 0.6373085657776836
73 88 0.9324870773417357
73 90 0.1921160982850676
73 93 -0.19338454597171673
73 97 -0.2872797591342029
73 100 0.44635487211176694
73 103 -0.8924834012102956
73 117 0.1415758041479156
74 89 -0.8042713417468053
74 116 0.41765517512486694
74 118 0.928514676423271
75 81 0.48183807038259796
75 100 0.06400253742633422
75 115 0.08404391707051428
75 118 -0.11999786897974563
75 122 0.6671057399738431
76 83 0.8126906927043998
76 84 0.8674263025573492
76 122 0.3141037577079073
77 84 -0.3998250465205835
77 118 0.010207760011589295
77 119 -0.43745377943066166
78 86 0.3920142310579493
78 96 -0.1831770638271848
78 97 -0.22694279805378081
78 100 -0.07637938446697556
78 103 -0.8015328366189003
79 81 0.26848386388847123
79 87 -0.6438605401836459
79 99 -0.3280715246840902
79 100 0.09086643755836432
79 105 -0.016868605434327222
79 111 0.161032498032458
79 114 0.5574710729759995
80 93 -0.7123893983779466
80 96 -0.9935192748530766
80 98 -0.7918628865067079
80 100 -0.72098763510333
80 106 -0.5727166477578365
81 93 -0.4481877156767349
81 111 -0.5039115855000098
81 118 -0.9911068911141485
81 120 0.48926374298589326
82 99 0.376401193393592
82 120 -0.5116901401193361
83 95 -0.5705510739659307
83 102 -0.31345814430252794
83 108 0.8158199017339092
84 100 0.4601531310343694
84 120 0.12899121499236088
84 124 0.6385468888591901
85 86 -0.9855351664469159
85 88 0.9383534833337235
85 93 0.8102186394503292
85 117 0.10018869232224814
85 118 -0.7145877624733701
86 102 -0.8571123237938789
86 108 0.4774433852035991
87 101 0.11535091301878775
87 102 0.5597965875251572
87 115 -0.4684690320415954
87 122 0.8795671957471609
87 123 -0.5464339708338064
88 113 -0.9421447227500745
88 116 -0.878026730970275
88 121 -0.21291788714390192
89 96 0.9592397516362232
89 97 0.11157435425930795
89 111 -0.43303032017242993
90 93 0.9791328497016143
90 99 -0.7015730000993439
91 92 0.7939340146941116
91 97 -0.5550434377255749
91 109 -0.7190298044608288
92 94 -0.718076695364471
92 119 -0.21958868872190807
92 124 0.8599840939638814
93 94 0.5732870336338849
93 100 0.06715953872635638
93 108 0.4060452173892384
93 112 0.9636467771893118
93 122 0.2798937890269253
94 101 0.8340831298370421
94 103 0.03517422460097186
94 114 -0.5371048408349921
94 115 0.13060109120810304
94 124 -0.028907069413522946
95 100 0.5431949476535831
95 110 -0.5296812440607164
95 111 -0.2654912543563406
95 117 -0.7787031313539015
95 123 0.7223115074193327
96 101 -0.137212149559663
96 102 -0.32118464976261696
96 118 0.9314991470699909
97 102 -0.2216542154417931
97 111 0.2396124431522626
98 114 0.9070329380965965
99 101 -0.39940485357749855
99 104 0.3859344462726706
99 121 -0.838235573409414
100 112 0.07452408372771213
100 120 0.2849655629205894
101 115 0.8707366379037367
101 121 0.6728245636443531
102 104 0.014537373887082428
102 119 -0.14741736015128182
103 116 -0.925485006403933
103 122 -0.14782107763257257
105 107 0.423906108316928
105 109 0.47110000034951005
105 116 0.8559654404964718
106 110 -0.03955635463274465
106 113 -0.4130581408679035
106 121 -0.6200053076843979
107 114 -0.3411990461456531
107 124 -0.2222924452140278
109 116 -0.14959771055048932
109 121 -0.06677184226534671
111 113 0.8844010130457649
111 116 -0.0008182060711403594
114 118 0.012543030217804674
114 121 0.6322184640096855
115 117 -0.3229283986004081
116 119 -0.7511733846687279
116 120 -0.36405049579058746
117 118 -0.6522019803719459
117 119 -0.6684915740708353
118 121 0.166966729218883
118 124 -0.8218432971996756
119 120 -0.633106222462718
