105 567
0 -0.7324792063646046
1 -0.45150999070775066
2 0.8029582023858757
3 -0.7840884545071221
4 0.8493815034899184
5 -0.4408495720741239
6 0.12008632930055274
7 0.6235488279826904
8 -0.7551925797126182
9 -0.5472208659162798
10 0.5611029823641722
11 -0.9824308461319844
12 0.6618439488835766
13 -0.884082948221139
14 -0.9880852760605319
15 0.9259548861693214
16 -0.3453082906392575
17 0.2973966543372719
18 0.6688724742324732
19 0.08110219865756996
20 0.011918862824161991
21 -0.4747487423822736
22 0.2874989564396553
23 0.23643236139617252
24 0.03118302510594484
25 -0.9914646492557533
26 -0.5313797320446012
27 0.20203808333534368
28 -0.6276758226477901
29 -0.5097761047961242
30 0.6052359430053178
31 -0.20083379085488984
32 -0.6699655365292276
33 -0.5902122919422648
34 -0.035048178256615437
35 -0.3174849769589434
36 -0.9958529622819106
37 0.9078766299468775
38 0.2585871176803991
39 -0.7126692658835958
40 0.6775205446025361
41 0.94341449469427
42 0.27360209032414007
43 -0.4479898041321724
44 -0.028162840556290147
45 0.09539893656556009
46 0.6651310961755375
47 0.7660215690259864
48 0.39058489759853665
49 0.8116739413851068
50 0.9629164301028439
51 0.7643777438968573
52 -0.5084515344909644
53 -0.8888288299547908
54 0.8590991471467562
55 -0.6610209095850186
56 0.7027855202122801
57 0.29017515523033666
58 0.6993162698246795
59 0.7886220155559527
60 0.2962483048274356
61 0.24368393853031622
62 0.45799153086111355
63 0.3784057914436054
64 -0.7223402439484237
65 0.8520047116513643
66 0.4885967065298018
67 -0.8371564609265045
68 -0.7276107551020232
69 -0.001991169266560844
70 -0.8503476030053525
71 0.4519078190958008
72 0.6215513237531944
73 0.870955432882297
74 -0.6883176607338757
75 -0.3588892644799311
76 -0.30806127261819927
77 -0.2862441620898124
78 -0.1886696637593619
79 0.7758169945576345
80 0.7829202957173189
81 -0.3976322309033202
82 -0.8609146164575119
83 0.17562766413975184
84 -0.48740195975628
85 0.5994491544757794
86 0.6774364719021626
87 -0.9669335594911341
88 -0.760191963520253
89 -0.4090001338800333
90 0.5453047033066432
91 0.2000166306993707
92 0.5970516397308285
93 0.6398540512631041
94 0.5504646251672689
95 -0.41117704523384835
96 -0.22878542611718067
97 -0.784565157512519
98 -0.687000727868063
99 -0.6130182673739104
100 0.05660831402499644
101 0.4321308733899121
102 -0.5868570022353417
103 -0.7043528106816135
104 0.17223847696055583
0 12 0.4880580583273735
0 13 0.4019160959858752
0 17 0.11416306951960276
0 21 0.5535461183880384
0 30 -0.9256255727543012
0 32 0.4786678629970311
0 72 0.26983796631463175
0 79 -0.6679532553638818
0 90 0.4959918042935856
0 97 -0.6480170914150503
1 4 -0.25145858422503786
1 6 0.12288622058153043
1 13 0.05437299076483315
1 25 -0.09005779827976657
1 45 0.9745085502036301
1 46 0.5568843108313326
1 92 0.5504063466142728
2 5 -0.5596590318328594
2 7 0.08652111084624314
2 9 0.44697083153716766
2 12 -0.829537208784783
2 63 0.7951280401185536
2 67 -0.3454557517116521
2 75 0.6063430992130723
2 80 0.9329363904113559
2 82 0.6554394918741726
2 104 0.06989951322370702
3 4 -0.09802938037261422
3 10 0.4368564044347161
3 13 0.5756873352283731
3 22 -0.7234059435990738
3 45 0.06418884694413785
3 50 0.00445031043607802
3 56 0.5075571569232886
3 61 0.4806418127650012
3 95 0.6466208552349275
4 10 0.795794019230692
4 14 0.40627809311662966
4 16 -0.45077942234684576
4 21 -0.3715696794666339
4 28 0.4588129774589096
4 30 -0.37746266566383313
4 50 0.2936396447165257
4 61 -0.7923840235201915
4 66 0.8784391354172709
4 67 -0.4098723109118987
4 70 0.09074669037975003
4 71 -0.7879521596596228
4 93 0.017785914624279586
4 97 0.557698879056961
5 12 -0.5205139705826929
5 28 -0.793985395308477
5 37 -0.6437701666343592
5 44 -0.5172542938828066
5 45 -0.228433005799914
5 64 -0.09089956404950894
5 76 0.06667706477295732
5 77 0.5511239220335682
5 84 -0.10768041845104537
6 10 0.2843747945826198
6 22 -0.560689622958187
6 27 -0.9634140631828767
6 31 0.33606963990045413
6 38 -0.537595390235208
6 59 0.35157626297227496
6 99 -0.4983291819162452
6 101 0.6632794421761619
6 104 0.1216513990695196
7 9 -0.6456477321501635
7 17 -0.8633745031873117
7 18 0.9609680500461288
7 20 0.9047622613144386
7 22 -0.47311867786324213
7 24 -0.7115857023340761
7 28 0.8921168411260221
7 38 -0.4742723972770724
7 52 -0.09515650035547707
7 80 -0.974206004184875
7 87 -0.3967803458404435
7 98 0.9362257692577309
7 104 -0.3904661253582442
8 13 0.8129845745828657
8 32 0.42222098854760026
8 36 0.1973370362723348
8 43 -0.5505827092059676
8 74 0.5824042969122443
8 90 -0.29885753110422275
8 94 -0.7183832833015447
8 102 0.8041301160008771
9 10 -0.025537105038671237
9 20 0.7201140790442249
9 30 0.22029179401039833
9 41 0.45041852465501186
9 53 0.7909014799261487
9 57 -0.08386220089601548
9 71 -0.10124900356112976
9 73 -0.5436983680027099
9 96 0.1323974764038891
10 15 -0.3887324398949412
10 26 -0.3415412434641172
10 29 -0.09897100097273692
10 30 -0.5709459890513886
10 76 -0.9493666155532019
10 87 -0.1813520968367448
10 94 -0.24493658299225474
11 30 0.7821402520221779
11 33 -0.7545928408389371
11 36 0.41982611420610993
11 42 0.7430954298522545
11 43 0.25999420282499286
11 45 0.378301390058132
11 54 -0.3588323359035488
11 57 -0.3077152427658578
11 58 -0.9960256631501385
11 60 0.25174186190360914
11 71 -0.9463123102329325
11 73 0.6179536171777738
11 78 0.11224568896407217
11 84 -0.6796704906408872
11 90 0.20703701191896617
11 92 0.8838236615115471
12 17 0.2769562610053402
12 20 0.5932857455776883
12 28 0.4405021840266272
12 60 -0.41263672958675457
12 67 0.2736144777023757
12 73 0.805459190038907
12 89 0.9542345487785453
12 94 -0.896698832567316
13 23 0.4954673640824836
13 39 0.5419931231636552
13 40 -0.035184563791757606
13 47 -0.5159946690962147
13 51 -0.12208056088844854
13 80 -0.11021466377833455
13 83 0.39036415071982966
13 88 -0.843806326798124
13 91 -0.23186104996849766
13 94 0.7916432548177519
13 96 0.1557814830011064
13 99 -0.7703039738260846
14 27 -0.759446807389849
14 42 -0.48045718205327037
14 47 0.258491081580813
14 58 -0.25373296554770897
14 72 -0.48121761459803936
14 74 -0.9444164170383409
14 75 -0.23365001333398427
14 96 -0.5314200033144334
14 103 -0.08121319534966243
15 19 0.49931470650722654
15 30 -0.28086080686696846
15 36 -0.8738753762157219
15 40 0.4507214690435748
15 43 0.6831487388145094
15 62 -0.5774037503415996
15 72 0.21992815470418625
15 82 0.9426301081625263
15 85 0.06782794611825627
16 18 -0.26310815094563367
16 24 0.4594972608801957
16 26 0.9506800511352997
16 27 -0.996032197056977
16 34 0.749149287112973
16 74 0.9044509937754568
16 78 -0.7863829527515982
16 81 0.43758472964107487
16 87 -0.24633764231858724
16 96 0.5996957401646579
17 23 -0.4987625680061152
17 39 0.669972503830216
17 46 -0.5119953380096705
17 54 0.869374191895566
17 71 -0.4881576691265679
17 73 -0.23510124995579562
17 77 0.6882102300929485
17 78 -0.850691961915427
17 87 0.9010467649403766
17 89 -0.9222552521819558
18 26 0.6903565231338535
18 29 -0.10486076909668252
18 30 -0.8831607244165736
18 31 -0.2530750444996275
18 32 0.12579736221495552
18 36 -0.3359623020553517
18 41 -0.7056806275057672
18 43 0.0455276344133142
18 48 -0.25354355085553393
18 58 -0.35809167484989124
18 83 0.03447536553507491
18 86 0.8455866105309884
18 96 -0.9783286884535294
19 25 0.39668371064556984
19 31 0.3935971433591525
19 33 -0.0033429852458037868
19 35 -0.3120866281836643
19 43 -0.9220214098826396
19 46 0.8931370469062074
19 57 0.34568524083580177
19 77 0.07339247097936186
19 88 -0.5734928839386109
20 23 0.311977412570942
20 24 0.9746736278538768
20 34 -0.8920875919672187
20 39 0.8027876744491269
20 49 -0.1857523007322679
20 52 0.045243465427332596
20 54 -0.5894065706245188
20 56 0.6754129397710265
20 69 0.8061247179691484
20 76 0.47717612973444146
21 46 0.953415100832961
21 53 -0.9655489544563596
21 74 -0.40303974712755464
21 80 0.6034216103151506
21 85 0.24712003170320562
21 86 -0.8041665741410771
21 89 -0.616165836963338
21 90 0.9707073585128283
21 97 0.17930753285904122
21 100 0.7929135080006944
22 23 0.08908767310150378
22 33 -0.05835680258559184
22 40 -0.5779767220303682
22 42 0.48446350820715334
22 43 -0.6907096144140217
22 51 -0.07375686961000416
22 65 -0.5311801945113541
22 68 -0.5535551710943365
22 87 0.22150171702789878
22 101 -0.08909329630146856
23 24 0.9294370195849497
23 36 0.6989539862622396
23 48 0.3129221785789804
23 50 0.46814673017493647
23 51 -0.22910797057492993
23 66 0.8311412301009387
23 70 0.9662314665147831
23 88 -0.1855362795108726
23 97 0.8604068461584595
24 26 0.470461598581116
24 30 -0.928908368376117
24 67 -0.7809848413474394
24 93 0.12444062328848426
25 27 0.3917363105754803
25 38 -0.5743343975853197
25 60 0.4110533077276868
25 81 -0.9698983526335185
25 97 -0.23374170644445913
26 35 -0.10695190874998795
26 64 -0.846409163536435
26 77 -0.5342890910416467
26 80 -0.4531256040236862
26 81 0.5403050290998148
27 28 -0.1425177506816968
27 41 -0.8496847899589561
27 50 -0.3134116109420242
27 69 0.9184535586395439
27 85 -0.6797875979470414
27 91 -0.2965295852146017
27 93 -0.07007392102902932
27 98 0.7233361061498815
28 49 0.048653281768748835
28 73 0.3945851911395599
28 85 0.6656822721374664
29 34 0.43504322107933047
29 45 0.7112379380115055
29 59 0.477864201896669
29 65 -0.005601986479156995
29 66 -0.257637503884653
29 93 -0.920657346826369
29 98 -0.39179481653543724
29 102 0.558609020349286
30 32 -0.3220748283659669
30 44 -0.4208125990697582
30 50 -0.17412424070848864
30 64 0.8169538986322862
30 67 -0.5682156474906461
30 77 -0.3219743258074921
30 98 -0.14729264910341455
31 37 -0.9590415230633873
31 78 0.4260313226690273
31 83 -0.8799494187273915
31 96 0.27819398852938226
31 98 -0.5414548352187498
31 101 0.5023787000668636
32 44 0.7793395052550727
32 45 -0.6970255713915401
32 58 0.24021595010139074
32 61 -0.39025354444986515
32 66 -0.28674742208279125
32 69 -0.13410407770431743
32 82 -0.2222979448855118
33 35 0.5201091294790188
33 49 0.7098634597687281
33 74 -0.8830016132125875
33 76 -0.9159054880686777
33 77 -0.512745284041564
33 82 0.6960736921547646
33 89 0.8026473739131221
33 96 0.18544146677655382
34 77 -0.39378320574242553
34 78 -0.9216659771265663
34 89 -0.9968303036110815
34 98 -0.5736040681210415
34 101 -0.5233415018265162
34 103 0.9016831857728516
35 41 0.9366159287954572
35 47 0.3176795863292594
35 50 0.1580150332418384
35 52 -0.22790389775076547
35 54 0.525871662238496
35 60 0.7784818938613451
35 73 0.48939482343075613
35 79 -0.3865700713380409
35 85 -0.7668777333240759
35 94 -0.33377121808500543
35 99 0.5484925887698313
36 72 -0.6751322929260213
36 89 0.815150746349127
36 104 -0.5755492810381662
37 40 0.42626799816502237
37 71 -0.8787645313928092
37 72 -0.6462408766589638
37 73 0.14519473286278073
37 86 -0.7071096151336063
37 90 0.28196850501866666
37 95 0.7659231162080999
37 99 -0.2346844568755817
38 61 0.4445663824104502
38 62 0.8188002200239328
38 94 -0.5319840408287426
38 96 -0.6025769558170646
38 98 -0.45752037265146916
38 99 -0.0583726711463568
38 101 0.047070858353726486
38 102 0.19949891706567202
39 41 0.39062857040641497
39 42 0.567090412060061
39 76 -0.8563905814150272
39 80 0.6401369993499462
39 86 -0.05011901609314351
39 87 0.33423290157986996
39 94 0.3559343803578048
39 96 -0.33830313476876084
39 99 -0.23085585108608764
39 101 0.7549132762908675
39 103 -0.5522485892386197
40 48 0.5375524673605354
40 57 -0.7819290502366607
40 68 0.8660391278677049
40 72 -0.01725324598077771
40 84 0.526153253325234
40 100 -0.376866501228557
40 103 0.2853378055314508
41 52 0.7193187779900072
41 60 0.07998291515979306
41 74 0.36627321612084085
41 79 0.7889040572534585
42 55 0.15150075971462584
42 60 -0.2940933963230352
42 67 -0.7150251525158544
42 82 0.555498537927531
42 95 -0.44518212155369685
43 51 0.7652794879375402
43 62 0.02412724496974694
43 65 -0.7567415655650978
43 68 -0.9627828651243238
43 73 -0.9222567908103709
43 75 0.5437059035767451
43 89 0.642473562962224
43 92 -0.3811596736455951
43 99 -0.8379049990735918
44 65 0.901470244976436
44 74 0.6731894602581161
44 98 -0.6410195202022184
44 103 0.971328917521356
45 46 0.5334486023222076
45 47 -0.10349154814366224
45 52 -0.8461938927596677
45 81 0.6823844906709584
45 93 0.2535788444157916
45 100 0.7640427808693182
45 104 0.9763857625153161
46 59 -0.06478133770009498
46 62 0.3613124760728821
46 65 0.7400740133470893
46 71 -0.9653268758659732
47 48 0.9880178672675579
47 58 0.2813919794591464
47 83 0.35239540473845987
47 84 -0.5205516809048951
48 53 0.7017963201693938
48 54 0.5919827391928207
48 67 -0.8779210976262091
48 74 -0.40544535697856654
48 77 -0.017632031056483033
48 88 -0.6344745568415084
48 100 0.12748297706428713
49 51 0.6973913342077911
49 52 -0.6248893382559182
49 57 0.843797348238468
49 65 0.00516570196391708
49 82 -0.8244977105543227
49 90 -0.7056854187003994
49 98 0.22945423866482506
50 52 0.328237111024545
50 53 0.06527807168770661
50 57 -0.476082504470827
50 58 -0.938621896212801
50 70 0.8675627081966419
50 72 -0.13730315672711968
50 73 0.0600244386670612
50 79 0.4013070794545077
50 81 0.6635389822545228
50 91 0.7550338517613226
50 101 -0.04597865607013185
51 61 -0.5893551714378362
51 62 0.7160139067888771
51 69 -0.5455140358540831
51 72 0.676624460631833
51 77 0.2059901424592263
51 80 0.6635612747112027
51 85 0.5423754489435189
51 89 0.6383237351211426
51 92 -0.43019574015012063
52 61 0.9831303950635881
52 79 0.759990910192442
52 83 0.5362016535184906
52 93 -0.3943870803323173
52 95 -0.5574279815997563
52 100 0.5058863090485817
53 58 -0.27336439148020286
53 64 -0.8226965523950922
53 73 -0.08033490718428271
53 81 0.275733869046197
53 91 0.35195280102736737
53 95 -0.24329764937217568
53 97 -0.17634703768802829
54 57 -0.37615947562832686
54 74 0.6673660137022441
54 81 0.6432813468139789
54 92 0.16016772251970934
54 93 0.23479619201774127
54 94 -0.4440254679340405
55 68 -0.038394036067875836
55 69 0.49513544721822567
55 86 -0.8359547888152621
55 93 0.20703468230303312
55 103 0.21947817184691076
56 82 -0.9856431493259008
56 90 -0.9499756190199964
57 74 -0.41372607606835765
57 75 0.09349857378157744
57 99 -0.3249010332406772
58 66 -0.7125633615551965
58 67 0.6093278827971225
58 76 0.03168169030423518
58 91 -0.28948809523228314
59 69 -0.39140375238885894
59 70 0.5222371095709737
59 74 -0.43542764406438894
59 86 -0.9439859795523919
59 99 0.5427509321861124
60 80 0.017909395050754062
60 92 0.8065752438997391
60 95 -0.24562306717719884
61 62 -0.11787498397412399
61 75 0.6741059290045965
61 87 0.4904356863740036
61 89 0.5000595867410143
61 95 0.7774722475636842
62 63 0.54404648976494
62 70 -0.5234660664605484
62 71 0.36046718693961655
62 82 -0.004027793289648196
62 93 -0.7138353332857441
62 94 0.01318681822289447
62 97 0.9536109492030356
63 69 0.7299877270683823
63 74 0.472549479415169
63 94 0.26974731648988115
63 98 -0.44598658019694026
63 102 0.522823150079442
63 104 0.53744901024691
64 75 -0.7213344895173484
64 85 -0.5767890106487714
64 86 -0.39800554457049375
64 90 -0.8541709624540494
65 74 -0.30847694796502356
65 93 0.44078414978697134
65 97 0.5220221887704328
65 100 -0.8931974009332775
66 83 -0.09545602862807367
66 85 -0.46553755807096
66 88 0.7983391553394488
66 93 0.7013629373517702
67 79 0.2342266515848821
67 83 -0.7415291239812709
67 97 0.940746148339622
68 69 -0.1508105454067259
68 70 -0.21081954063494734
68 75 -0.2165884623893395
68 99 -0.975450136725347
68 102 0.45580019147648865
68 104 -0.43101910135839927
69 70 0.6137050189957818
69 92 -0.9999948184879388
69 94 0.3933302288061433
70 77 -0.9413585315952191
70 95 0.4875715715299249
71 87 0.2847822392399426
71 95 0.029841527630761533
71 101 -0.21666430191249808
72 87 -0.4288928839014885
72 98 -0.5192056691738769
72 104 0.02064542265137903
73 78 0.44957358603017217
73 81 0.3022321156292487
73 89 0.5856346342436367
73 94 0.5761255813082402
74 79 0.7817312802193268
74 81 0.8881019815405353
74 90 -0.6987924050730463
74 92 -0.08606459818486156
74 95 -0.25804821858110083
74 99 0.941713123037021
75 80 -0.42015164018066
75 85 -0.37148161149488934
75 99 0.09274466026999262
76 90 -0.2078143051099577
76 97 0.44327513060184787
76 101 -0.31156605215622357
77 95 -0.14507670994760247
77 98 0.5137112528799128
77 100 -0.002438474219998321
78 87 0.8976367243480887
78 91 -0.07355744442503664
79 86 -0.6565998973921721
79 97 0.14958521162782423
79 98 -0.9132352051726567
80 84 -0.6903326815285007
80 85 0.028544545388398346
80 96 -0.49517845696612506
82 103 -0.5335840596301353
82 104 0.34622339857390516
83 96 0.5055055457314097
83 102 -0.32812886507814243
84 85 -0.4562599547210635
85 95 0.4285732933936559
85 100 0.5201302780575903
86 102 0.46297419687100994
87 91 0.9069023906082145
87 95 0.655250770871038
88 89 0.9831336836363691
89 102 0.33897648925250734
90 93 0.7699742729114611
91 103 0.46445790557022604
93 103 0.9506528125432312
94 102 0.567739238202899
94 103 0.3917823745398761
96 98 -0.9996048368456858
96 100 0.6027864038661241
97 99 0.8641070632311694
98 103 0.723409181672396
98 104 -0.7984803691163327
102 103 0.6849642096708315
