115 671
0 0.7260628096182857
1 0.414984631933232
2 -0.5301998109626858
3 0.9372733645736666
4 0.22367078863013035
5 0.8105472931301971
6 0.08981626366331574
7 0.49092125351553495
8 -0.4018731414582921
9 -0.6945146156229409
10 0.8427781707424105
11 -0.6859527746530243
12 0.8350487332219265
13 0.4486789843867547
14 0.881496619580604
15 0.04014654727694755
16 -0.5861862012323822
17 -0.24677432554323686
18 0.012246533504208346
19 0.6888842430906921
20 -0.9701130355093839
21 -0.9719869773751271
22 0.1191805786004776
23 0.05085405215899752
24 0.9770052246366894
25 -0.012406411533855577
26 0.19778135815923736
27 -0.9115197424414998
28 0.4612622020301431
29 -0.6744039882300128
30 -0.5564895842345909
31 -0.1392237170049997
32 -0.008563977771438136
33 0.3359564333247682
34 0.1643054210499859
35 0.3102097500067742
36 -0.2115177122378209
37 0.41835385777803635
38 -0.21898979512664618
39 -0.2699274386103363
40 0.8140019172356161
41 0.6702314502269537
42 0.8472498506808614
43 -0.3226040632522307
44 0.17034941785189606
45 -0.009441393852729352
46 0.19817823130683032
47 0.46310305207510893
48 0.7147832660098901
49 -0.15675760461528276
50 0.012791961659805784
51 0.5502944180452964
52 -0.886966565489498
53 0.9173424520453304
54 0.07933385230540724
55 0.8900331955838858
56 0.779894423623984
57 -0.9052347676689365
58 -0.4575064564038107
59 -0.8556981712072156
60 0.4814298554828951
61 0.19293164329414547
62 -0.6565732903496688
63 -0.1723257317017568
64 -0.2586850998857837
65 -0.9137297551840258
66 0.07161002850153664
67 -0.934626255343739
68 -0.040287859512760704
69 -0.8580842793808952
70 0.20824644647252732
71 -0.3800248230405694
72 -0.7912078760693695
73 0.6893441477765219
74 0.2583705324543655
75 0.1206198211370535
76 -0.8840085607248833
77 -0.14122961174722737
78 0.7211963756747344
79 -0.3320993382224571
80 0.37247123254147074
81 0.35210243234469685
82 -0.3581453930605518
83 -0.21255084103719235
84 -0.9816170346049105
85 0.9286444973589345
86 -0.8298272443690233
87 0.5727722369014956
88 0.07342980530731325
89 0.746016879647573
90 0.12167415738235676
91 -0.4769026992357095
92 -0.1276340637286475
93 0.6392760685871821
94 0.8748340825853784
95 -0.2472103169033799
96 -0.4102365965463939
97 0.12650871025587218
98 -0.34752245419978345
99 0.6136937682163055
100 0.7079924708036589
101 -0.6997124313546719
102 -0.9716270993693414
103 -0.017840290525879432
104 -0.3149010387425064
105 0.5330541610502075
106 0.26968778538528504
107 -0.6768591148977918
108 0.8342579064247357
109 -0.32624539173766975
110 0.6153189502657972
111 -0.6542271175433352
112 -0.6508663287888488
113 -0.8465945198437992
114 0.057949960162166025
0 2 0.4089934144470624
0 12 0.8447353840216039
0 24 0.08653093454241723
0 29 0.7654804385532512
0 33 -0.6115452773476928
0 40 -0.5235710691807087
0 51 0.7256685165992887
0 54 0.7895590233567398
0 61 0.14195270794448245
0 83 -0.8714072906045114
0 110 -0.13083591716918663
1 28 -0.1130675841902069
1 57 -0.5119766013808085
1 60 -0.6562757534251871
1 66 -0.6167052014199395
1 85 -0.69337366129878
1 89 -0.16742983292139213
1 95 0.16326639360787043
1 114 0.804225888765276
2 6 0.8981634154555305
2 14 -0.4708265521644761
2 23 -0.7155348133255741
2 26 0.600536699007481
2 29 -0.8586060823269372
2 30 -0.8224217419525328
2 33 -0.14549228981282658
2 37 0.7321244924026904
2 56 0.6395647489446059
2 64 0.1544481476122994
2 65 -0.11864623116737172
2 73 0.23754373706232168
2 74 0.990490281708136
2 93 0.9475468555326108
2 99 0.6549401698921482
2 103 0.9612801066386447
3 7 -0.49219417157931145
3 17 -0.6530753560455078
3 29 0.1863110928478433
3 30 -0.6087659886544745
3 32 0.9102070744538717
3 33 -0.8872208530559305
3 36 0.0016080432993808014
3 65 -0.9513298477049161
3 67 -0.5653199264910491
3 74 -0.25157964875849914
3 88 0.6146421895347043
4 6 -0.3669307434293203
4 14 0.1475683398068699
4 16 -0.08779700320490802
4 33 -0.24282716293533002
4 42 0.3106511458233341
4 63 0.17315210906704004
4 65 -0.7692895304886773
4 67 0.4519315811788498
4 90 -0.5694362880297439
4 93 0.7481735112112593
4 95 -0.27743359502437537
4 96 -0.4015601845186123
4 97 0.7174711001923331
4 109 0.6553743371891263
5 10 -0.8935556705718148
5 11 0.7838011792899979
5 22 -0.9774172330227611
5 29 0.8346488706326045
5 32 -0.9729055300938036
5 48 -0.8036077111371902
5 53 0.9564765977737482
5 61 0.7215780614608334
5 74 0.15260112017900762
5 79 -0.49797119132615997
5 103 0.4764869880070277
5 106 -0.6756119827941538
5 113 0.5150782360560462
6 45 0.5410322903936653
6 47 0.9302794130523735
6 56 -0.8531347755769878
6 59 0.6023250418414983
6 62 0.9547806690392739
6 72 0.43324122953529076
6 76 0.4466314037457966
6 87 -0.29531674824165344
6 90 -0.09347720050936559
6 92 -0.6641806083454003
6 93 0.6229335191470307
6 94 -0.3616839427239231
6 99 -0.37585022580761795
6 100 -0.39564297701402906
6 103 0.45916060243638124
6 104 -0.7805248164542815
6 106 -0.8574092673241325
6 113 0.3369138252095456
7 14 -0.8535120590433736
7 51 0.7650136373134611
7 65 0.8065846122729086
7 69 -0.2926577504736887
7 87 -0.259659322310847
7 96 -0.8429290619806731
7 106 -0.3207385747605047
8 14 -0.5563600675678217
8 43 -0.07621844321822602
8 44 0.2995364792928301
8 73 0.808314714840914
8 75 -0.8783980732883532
8 101 -0.037523759742542184
8 107 0.04829080096013261
9 17 0.34661289366263204
9 22 0.26316201515339066
9 28 0.3607341977945915
9 64 0.14111210290577247
9 84 0.5795502641171981
9 100 -0.39380794020133525
9 103 0.4689850693507467
9 108 0.3886667445192564
10 11 0.1276603428822145
10 23 0.6652004443896131
10 34 -0.17202543900639844
10 53 0.059527376203625915
10 60 -0.26168111420469087
10 73 -0.35272109895444936
10 100 -0.7773452685670699
11 25 0.7366653365589857
11 48 0.06625188829090956
11 53 0.39475125709892467
11 58 -0.21230871789115402
11 69 -0.4806108170873318
11 80 0.9489707510361105
11 86 0.3402891691853178
11 92 0.9732155410471763
11 110 0.36885118443606024
11 113 0.5462742630986279
12 13 -0.4119973265071859
12 17 0.7991968238768064
12 27 -0.8196660844546046
12 41 -0.16618556970681708
12 47 0.7245423829300304
12 52 -0.5701442932740828
12 55 -0.532031705576707
12 60 -0.5458977855805329
12 62 0.8545423217938692
12 68 -0.07067889738670718
12 80 0.18737655508613327
12 83 -0.5356472816305933
12 103 -0.9267307917820153
13 18 -0.025454101485275826
13 29 0.08129552057303768
13 31 -0.5724004317419205
13 37 0.18609577022073398
13 43 -0.5741226729305247
13 54 0.8839902186344542
13 56 -0.1276982132941995
13 61 -0.5491126846148338
13 77 0.2598986567520045
13 82 0.9710348574697141
13 84 -0.2634905766208504
13 101 -0.08440394370901538
14 45 -0.6925663316702015
14 53 0.5740212230042956
14 85 0.4146377989111678
14 89 -0.2958528680395034
14 92 0.135871927543747
14 103 -0.7158228923267294
15 17 0.8489689273916103
15 30 0.09416798839298623
15 33 -0.28336801246276555
15 46 -0.42245462280500323
15 51 -0.5427780321428215
15 61 0.7272694908588473
15 68 0.892251244721314
15 100 -0.5844543961606707
15 111 0.21141285759897466
16 20 -0.43466838475044556
16 35 0.4037086499901894
16 47 0.5073276513394236
16 55 0.042035930090639884
16 61 0.7752267689198216
16 70 -0.8202893792842951
16 87 -0.6946501050249527
16 90 0.33658614078526194
16 95 -0.31974181662616075
16 105 -0.5665648434204305
16 112 -0.6714799036100765
17 20 -0.35559532309607267
17 30 0.5802885616160329
17 37 -0.5047258068108367
17 55 0.059384108230179145
17 67 0.9974504616153366
17 92 -0.0440874771372024
17 105 0.1905127101438555
18 21 0.25394579825244223
18 45 -0.7329507528009795
18 60 0.22263440723826844
18 61 0.9231607744301162
18 81 -0.7000598647544849
18 96 0.05479859776667784
18 98 -0.6496295119954127
18 99 -0.4805734470473566
18 100 0.46888920650800636
18 113 -0.6836532104318442
19 30 -0.9093475733279919
19 32 0.24211044984071672
19 33 -0.10192333454863567
19 42 0.6748615486100291
19 48 0.7133066643176569
19 50 -0.5202469191833827
19 70 -0.5245140645967474
19 71 -0.9443722998576185
19 72 0.5930415401555604
19 77 -0.04223178810215744
19 95 -0.10357383876137538
19 98 0.6862747606416975
19 106 0.030667506899713537
20 28 0.03796613299104834
20 41 -0.8691866552305691
20 67 0.5964815704271349
20 73 0.21370381607336975
20 74 -0.33322534352000255
20 79 -0.18715642425559387
20 94 -0.07920535495074166
21 25 0.2700628761490136
21 35 -0.8101287582906855
21 43 0.294892096744952
21 46 0.9021151813902564
21 49 -0.853115117801591
21 52 0.3007903101555378
21 67 0.4034729097840062
21 76 0.11307491222953203
21 86 -0.8551210293676672
21 89 0.8897773418061292
21 90 0.8394150024040827
21 92 -0.6925953779663963
21 94 0.637304348977259
21 95 -0.7324689174131895
21 96 -0.07027006966652327
21 98 -0.24597757307783952
22 23 -0.8144905932289779
22 51 -0.8289892456832648
22 58 0.4603889803642802
22 65 -0.5505585978674206
22 76 -0.23276502302566526
22 90 -0.6635294719679925
22 96 0.8462855814331287
22 98 0.06286093279164362
22 104 0.7128338321525027
22 109 -0.4193235806146951
22 110 -0.31090356930036944
23 54 0.6641226716151389
23 59 -0.08521419300768107
23 62 -0.14350378709327782
23 72 -0.8772144096448702
23 83 0.9252219960183081
23 95 -0.5173896726123488
23 106 -0.9902917636179573
23 107 -0.2502140188040649
23 114 -0.10180323738230057
24 25 0.322661014893564
24 26 -0.02529040212299294
24 39 -0.7802798088964404
24 40 0.12630326613698295
24 41 0.0721244943992343
24 44 -0.11030761963129443
24 89 -0.06843084084080786
24 95 0.4571406784867027
24 97 -0.5074014909773581
24 100 0.7840547531125024
24 103 -0.1735208163479578
24 107 -0.8612934403655588
25 72 -0.47043187126027686
25 82 0.10879742617194843
26 31 -0.38456307526172995
26 33 -0.07642870301456539
26 44 0.5749638650909696
26 48 -0.9987107240613988
26 67 -0.045841451955229484
26 75 -0.323136301607557
26 97 -0.8579377982996053
26 101 -0.7721198390562283
26 109 0.553329184428828
27 31 0.17915254796413072
27 34 0.39527930938343214
27 40 0.5888896918413371
27 58 0.024251284817146557
27 73 0.28136507393349985
27 78 0.9242471859613028
27 82 0.9530626616107674
27 87 -0.7504880278649584
27 98 0.20925311365382893
28 29 0.8903986920865101
28 39 -0.7049895600340463
28 92 0.7778748990795676
28 98 0.680936218123185
28 99 0.7156295245481696
28 101 -0.4981892955969842
28 103 0.6717136008335409
28 111 -0.879572431927307
29 36 0.3934039070329809
29 49 -0.04414577468666803
29 89 -0.5976419885884279
29 107 -0.12245058584522384
29 111 -0.7014539457492848
30 32 0.2938659093897138
30 44 0.4690169099275867
30 63 0.17848573630230447
30 85 0.6864345546813304
30 86 0.7403544581313029
30 94 0.025379560467890583
30 98 -0.9454668863023896
30 105 0.6961854552374416
31 33 -0.0518239227802515
31 36 -0.48560121456934735
31 38 0.43508938689742616
31 46 -0.6221762325033138
31 62 -0.5076807597553965
31 75 0.7380773748241858
31 79 0.25934721759316437
31 80 0.26988782937039857
31 81 -0.7713142667267936
31 84 0.701972730829924
31 90 -0.9984052566717418
31 91 0.7700151862864724
31 93 0.9982721535192187
31 105 0.3338415249637081
31 107 -0.7336550446355725
31 112 -0.6644735576715046
32 39 -0.6974553648230875
32 41 -0.07800707664193962
32 64 0.3152602198590799
32 72 -0.8194870098058575
32 73 0.04781916211277659
32 74 0.6488654140535135
32 96 0.8401083619852374
32 100 -0.5524872360202631
32 102 -0.12955481851998352
32 106 -0.4621842094515263
32 110 0.6977181597726347
33 35 -0.6691943813845818
33 43 0.8673957100028116
33 50 -0.3040274480289049
33 61 -0.657399128597971
33 64 -0.41119153698268374
33 69 0.7984566508287425
33 87 0.5333294756534008
34 52 -0.39244062602160135
34 63 -0.05592704324555564
34 81 0.7126956223491796
34 92 0.673309842246254
34 97 0.7281951745842792
34 108 0.6007349512100422
35 53 -0.20524823038982465
35 64 -0.38842127508663715
35 71 -0.45274584828969977
35 85 -0.5855729857695176
35 107 0.5159991924744818
35 111 0.417632414365269
35 113 0.12163133632814382
36 40 -0.762522121691219
36 45 0.6115191489198843
36 50 0.17214486310385602
36 81 -0.9602057588727717
36 95 -0.9629267394967209
36 97 0.7123410203503562
36 102 0.5951693733157095
36 105 0.5663039559664333
37 43 -0.9406114215384944
37 67 -0.160960650433984
37 73 0.2722767116189808
37 88 0.8744987187805573
37 93 -0.26188181147532696
37 111 -0.3303899582303673
37 114 0.030797390734800922
38 44 -0.737540324632423
38 54 -0.14376953316111418
38 55 -0.8416060429764567
38 57 -0.45787068982955526
38 58 -0.9125855472688185
38 91 0.6257940029294373
38 99 -0.8703642303513195
38 102 -0.09201840919457971
39 46 -0.186738490705884
39 47 -0.6962343163911415
39 107 -0.3109670392360815
39 109 -0.5117024706622857
39 110 0.7367951432385504
39 114 0.15940880565570148
40 42 -0.12471205397422813
40 48 -0.3420739090908005
40 55 0.024656385038917428
40 57 0.4727751360228005
40 86 0.02511493056216385
41 57 0.5000277309297931
41 74 -0.3092165282880066
41 78 -0.31963726031552864
41 82 -0.5234497284601531
41 99 0.13416455144745942
41 103 -0.9626706535657661
41 105 -0.4492947574362447
41 108 -0.16298452262936336
42 44 -0.03396716048409609
42 52 0.3722338190528649
42 67 0.49132979502770224
42 73 0.39877358374538585
42 88 0.21532297429092306
42 92 0.1416486891210953
42 96 0.7459743985322418
42 109 -0.9188421498957957
43 46 0.32921383315151553
43 59 -0.03081010517212035
43 84 0.39996957546261247
43 86 -0.06703421435208923
43 88 0.9323975976130299
43 99 -0.356352370630046
43 100 0.20489056697749164
43 112 -0.9255165293932897
44 59 -0.361979714393172
44 80 0.3655942382424535
44 82 -0.14814161114183633
44 83 -0.4711045809531289
44 84 -0.8392994207523647
44 91 -0.9336051259183504
44 96 0.7194801113680691
44 104 -0.2707691668991383
44 109 -0.46088547947897074
45 57 -0.296177785875152
45 61 -0.9165280399759856
45 65 0.2559708008559005
45 99 -0.20594844291201508
45 100 -0.5007291144100781
45 104 -0.9443755855353073
45 113 -0.9049463622811655
46 58 -0.11762162166392587
46 59 -0.5447092450631605
46 80 -0.2609682710868588
46 82 0.9935303972769503
46 84 -0.5648196520080864
46 93 0.03461232686239857
46 94 0.11490333409046549
46 96 -0.866024654269739
46 102 0.0784319303156582
46 113 0.8917569730207682
47 62 -0.9216108869832917
47 73 0.18027860930436646
47 96 -0.25420401937767534
47 103 0.9290531225473875
47 107 0.29160267235016213
47 108 -0.16792759932470758
48 54 -0.044886280446381877
48 66 -0.24775384018874336
48 67 -0.9069798381511414
48 70 0.7129124055557674
48 95 0.5805021279582805
48 106 -0.5674319881302181
49 56 -0.6173984009223743
49 57 -0.7562088974547359
49 66 -0.14251004230583186
49 70 0.1285643608252358
49 74 0.0018285260291726058
49 86 -0.022741816392725545
49 87 0.8035072966264627
49 90 0.2755271938792949
49 104 0.6834466920733575
49 108 -0.2640066608593221
49 114 -0.7394481782324742
50 55 -0.17970202251045775
50 62 -0.11346369336077
50 63 0.044014051241632046
50 84 0.3268942834477466
50 90 -0.40865262058392293
51 66 0.0526819919120638
51 89 0.21057701195918077
51 94 -0.8789066542701693
51 99 -0.8457213426505694
51 109 -0.3983276624639063
52 59 0.04585828401111702
52 72 0.9213495587046365
52 94 0.592284113441639
52 96 0.7652180793706358
52 100 -0.17269349172079207
53 60 0.429260354626253
53 68 -0.2074440174780987
53 75 0.880527498758549
53 78 -0.4597443185264003
53 95 -0.9599184826308773
53 97 -0.21737430676341218
53 102 0.7571132173528379
54 72 -0.8682232598338382
54 80 0.36288204762736265
54 93 -0.6171556460530212
54 100 -0.53644260391735
54 102 0.8871540817432682
54 111 -0.8745893676136038
55 66 -0.8566154670695985
55 76 0.8557111443818735
55 83 -0.7984156277516834
55 86 -0.5644341179025008
55 114 0.9796170092385792
56 64 0.583528085992219
56 66 0.08791682889582009
56 70 0.5328872462567635
56 74 0.2615795218246295
56 98 0.06653248708547888
56 104 -0.8291959756489113
57 58 -0.6534249448927447
57 72 0.14295057950475076
57 90 0.5386408132612888
57 99 0.05851903368119782
57 100 0.12946324222428363
58 72 0.5691917156395594
58 82 0.006961000049363397
59 75 0.21807328186969732
59 81 -0.007344413199813493
59 107 0.18046626124077014
60 61 -0.8081750144395632
60 79 -0.7648106435052486
60 82 0.35346943356069627
60 97 -0.3080899935748127
60 113 -0.21378686934570545
61 67 0.7190216950228243
61 78 -0.061939806091917404
61 83 -0.81305221983403
61 108 0.46557473850588615
62 72 -0.6594485090136859
62 73 -0.6409640858227723
62 100 -0.03936338216094293
62 104 0.666709985117989
63 64 -0.8427828601795184
63 76 -0.8691551821051193
63 77 -0.2758698086658349
63 78 0.8301179648324226
63 82 0.6888445888105099
63 83 0.7507470312091513
63 100 -0.1827210660307288
63 109 0.06609897994273162
63 114 -0.08612863169523166
64 74 0.37852593244402777
64 97 -0.5833144910840316
64 104 0.3507396405533041
64 107 -0.8355130440712861
65 67 0.8580959952437088
65 79 0.23349506315574042
65 86 0.210594670773673
65 107 -0.6331413824685439
66 71 -0.023817135543083845
66 73 -0.7717549233405596
66 74 0.9804021769971187
66 78 0.6180239515595036
66 84 0.4707926632037689
66 90 -0.07631059515071437
66 95 0.8113519479127913
66 103 -0.545034540866429
66 104 0.5431868894070446
66 111 -0.5268448804049117
67 74 0.18816852972002263
67 114 0.814956430377614
68 71 -0.3767375271673228
68 78 -0.1230566971857372
68 90 -0.27936541925671965
68 94 -0.6275683472606679
69 74 0.19187215189467044
69 82 -0.35620620147778115
69 90 0.7968094088254092
69 96 0.5051266658285614
69 100 -0.19140178326635238
69 108 -0.4343103102510104
69 110 -0.07362670208253919
70 80 0.570590659227957
71 73 0.8225198320197822
71 84 0.7027448606818534
71 88 -0.18205571991553327
72 77 0.9187310677348608
72 84 0.9909687135486869
72 106 -0.036691700778902714
72 109 -0.6806493416796795
72 113 -0.8426380632138124
73 84 -0.48558339455076127
73 90 0.1164499873838527
73 101 0.12484765690954802
73 109 -0.7884561422306715
73 112 -0.647637034218802
74 79 -0.8754959012045749
74 92 -0.6646703897165795
74 100 0.6910720903649843
74 102 -0.15574007295429615
74 112 -0.8111426452726156
75 80 -0.01196143527078708
75 82 0.792142853416022
75 109 -0.9144990584736237
76 83 -0.5477628863221546
76 88 -0.7145967302882523
76 90 -0.8969939751968727
76 96 -0.47792917841133464
76 102 0.8427756147502572
76 107 0.3902283068116015
76 114 0.8836069281981485
77 83 0.5953390204920035
77 84 -0.7684044234736083
77 91 -0.0006898478726657942
77 94 0.8145978963700045
77 96 -0.960063200209684
77 106 0.5932998717630975
78 90 -0.7185404663395081
79 84 0.25312260257096075
79 92 0.343077705000421
79 102 -0.08200303579508317
79 107 -0.28544584982130106
79 110 0.31332662403854283
80 84 0.30775115930251506
80 86 0.6165674290844523
80 91 -0.7967173954208218
80 97 -0.6175460443843706
80 99 0.4954848012087856
80 110 -0.11721437026812542
80 113 -0.08660075084370367
81 89 0.4226029961103981
81 91 0.005361111310753897
81 95 0.6428864226030653
81 97 -0.8657783093505029
81 113 0.8154006503053322
82 92 0.5495623576838364
82 94 0.7759916890918757
82 97 0.7368590154058137
83 86 0.05607243371051718
84 98 0.7206741488050137
85 86 -0.10262313232567855
85 88 -0.7048953392226978
85 91 0.8145649591514241
85 92 -0.9368717875949977
85 99 -0.5100849955707218
86 99 0.690569078662868
86 100 -0.9209007775335538
87 88 0.7843682143130621
88 92 0.8984756532061628
88 110 -0.45895063790792645
88 111 0.37702954038673453
88 112 0.18157230735203833
89 90 0.3152231513425836
89 104 0.059734073404115184
89 105 0.8199567468636961
89 108 0.17640129999264587
89 112 0.4564943841384843
90 98 0.008160178297888399
90 101 -0.7637027664724596
90 109 0.6780617137462299
91 102 0.5573713934976938
91 107 -0.9614323674478022
93 103 -0.06363509483307417
95 113 0.004040087990993646
96 98 0.4556642033535896
96 101 -0.47743039544707266
96 109 -0.5069774124076623
97 107 -0.001163185425576696
97 109 0.6428138626760913
97 113 -0.9433725481226745
98 103 0.4796657197450409
98 111 0.18676756226064395
99 101 0.49894344313544803
99 111 0.8505117478309157
101 104 -0.39177924200676184
101 111 0.41504850666673954
101 112 -0.16957247922944418
101 113 0.11224788681806763
103 108 -0.48374140707032676
103 109 -0.27544234141101276
103 110 0.2559072601876884
104 114 0.434638214926393
106 108 -0.8143516935552126
108 110 0.626360531114637
108 111 -0.8886542106513831
108 114 -0.3040152410891086
109 113 0.503001672572678
109 114 0.43425201344639697
110 111 -0.48776209881525445
110 114 0.31744750281538514
