135 928
0 0.11515101607841038
1 0.33359566356516557
2 -0.7743983652552966
3 -0.6875634557742261
4 0.6563412370635586
5 -0.845546398502639
6 -0.969420999162917
7 0.9301557388505668
8 -0.6915964107787076
9 -0.22927452500338097
10 -0.855055593955947
11 0.29933691527016015
12 0.23380166564010474
13 -0.7956268485554869
14 0.7621352370856984
15 -0.025582883469052575
16 0.9293453397008087
17 0.2590993247955533
18 -0.5138972672682367
19 -0.26991781181578056
20 0.2284744707799069
21 0.024203061045076968
22 0.2944341827634982
23 -0.8326606788479023
24 -0.088179987780038
25 0.07080936843100827
26 0.9365281969735586
27 -0.22910717331376862
28 -0.16714966556470423
29 -0.2282279043915436
30 -0.699826685362192
31 0.3465775526504029
32 0.6198338294717272
33 -0.6236974550260159
34 -0.5717419779433552
35 0.1695577347599917
36 -0.6937672948812477
37 -0.9441386133945546
38 0.5613406388138584
39 -0.2769002938235072
40 0.09297767303554094
41 0.3463073929706926
42 0.33660170759859076
43 0.9276987934734207
44 -0.08284172208607599
45 -0.9955148873286468
46 0.23480426013660716
47 0.8248869848382645
48 -0.5115505036575692
49 -0.5885483260571394
50 -0.31569309985053073
51 0.06954099497612698
52 0.6355227537680239
53 0.5096319445863
54 -0.7377514695538945
55 0.830421682963336
56 0.5916322724667273
57 0.5186677810608851
58 -0.8840365747115801
59 0.09981501444620577
60 0.29978232437487273
61 0.7177227455376183
62 0.2621957680486042
63 0.22977425904993187
64 -0.7816009515662694
65 0.2306433665696599
66 -0.20360261825927628
67 -0.5180187743663096
68 0.9904758230209949
69 0.041746434725321135
70 -0.4173309432475161
71 -0.22887254040633342
72 -0.7422513886845545
73 -0.7800499228412596
74 -0.7506515248884624
75 0.7321759603995608
76 0.6065611161931623
77 -0.886923319112565
78 0.6530919135109885
79 0.2543784067997996
80 0.461979641556985
81 0.05952855759661335
82 -0.6852071160659337
83 -0.6076167997522899
84 0.43803276811408964
85 0.9408810864856096
86 -0.9425453084658546
87 -0.6477023917189495
88 -0.5355390064375551
89 -0.4660715387315597
90 -0.13668109445767485
91 -0.2707181233873621
92 0.1046408254208755
93 -0.9637851350144111
94 -0.5521563367657389
95 0.9669025341809239
96 0.2580885138885163
97 0.1343159493981263
98 0.7362680530354837
99 -0.7485926383044181
100 0.3918876305567267
101 0.4489035411672162
102 -0.4290569499914545
103 0.017421396157824898
104 0.746697500989838
105 0.2070570595347918
106 -0.4878362728406451
107 -0.9145791428476089
108 -0.6436513504564063
109 -0.20567425152312735
110 0.04236498989024606
111 0.6998405085172852
112 0.1627526719584671
113 -0.4114789190975294
114 0.7642457455943066
115 0.9780727196437993
116 -0.859964777119115
117 0.7504693965060103
118 -0.6856336500190872
119 0.033358845145353255
120 -0.17867395389368812
121 -0.23063357894822656
122 -0.5194154323909184
123 -0.28899501588691523
124 0.17747075367850584
125 -0.9283659186639874
126 -0.6939022223963753
127 -0.7137518415116786
128 -0.36878065212753164
129 -0.4301229737634453
130 -0.8621197827651255
131 -0.456727307945219
132 0.6286986805583175
133 0.14860336777835492
134 0.7930630052761782
0 7 -0.4064603968916989
0 11 0.33536190044002767
0 16 -0.8952725607736707
0 18 -0.7766933024735694
0 21 0.5412056470433675
0 22 -0.34531759574269705
0 27 0.9250769504472394
0 36 -0.7365963325332545
0 61 -0.1514993808095244
0 65 0.42426760287057697
0 79 -0.8452030066639271
0 85 -0.7713750099388637
0 106 -0.21392244091718116
0 115 -0.14135597487799823
0 124 -0.5663449316825897
0 126 0.3184790040532648
0 130 -0.20293071130844775
0 133 -0.19567806839454893
1 16 -0.45297968581012005
1 17 -0.13519417229928088
1 21 -0.6610264428143853
1 28 0.795190830646517
1 34 0.0022847410921058575
1 36 0.20539726939235559
1 58 0.7950810114641265
1 82 -0.03247585840605138
1 104 -0.441075184060183
1 111 0.36817436905488066
1 114 -0.10766754146410262
1 129 -0.5273876696721036
2 5 -0.8209631044943242
2 14 0.7307716529900157
2 17 0.5844862646261966
2 21 0.719154364570205
2 24 0.9124992941014809
2 31 0.513094857250384
2 47 -0.42035019121484085
2 65 -0.8783709647080833
2 66 0.18651156773619038
2 78 -0.19729607402197247
2 79 0.028931478269611732
2 80 0.9313897216175855
2 82 0.4834100162422237
2 87 0.10972094651665754
2 96 -0.8224015737511479
2 97 -0.23433001477722915
2 117 0.23114306019792275
3 23 0.6691522711442957
3 27 -0.9047137036369717
3 29 -0.5397936317558178
3 42 0.5741889490393699
3 44 0.1235368906254326
3 49 -0.33189221655987056
3 55 0.34006507696591837
3 66 -0.3492508146647906
3 112 0.5801333997669362
3 113 0.9015095086786795
4 7 0.6596161181992162
4 21 -0.8563847183946627
4 26 0.3063454227711575
4 44 -0.6657284200098266
4 54 0.9149155021610467
4 55 -0.370354653995264
4 68 0.23992263292887395
4 69 -0.19406135555378845
4 73 -0.23565428661055843
4 79 0.45660202564503316
4 88 0.0818592643922873
4 103 -0.1965147080509413
4 119 -0.24547427696893065
4 124 -0.04113547703096687
5 7 0.6407695052407356
5 8 0.5952261166635793
5 12 0.22504515504797262
5 15 -0.29794986332916706
5 34 -0.4408342573580015
5 40 -0.7094220733333494
5 55 0.8352364360969786
5 57 -0.29468468375946055
5 79 -0.905252722123794
5 89 0.128875958003541
5 107 -0.575397496397221
5 122 0.6060462738591788
5 125 0.5030836040085926
6 22 -0.3249896751105463
6 29 0.7004160629199576
6 36 -0.06651883997183483
6 52 0.5960926238452728
6 61 0.7333454892580527
6 62 0.4065443103925346
6 69 0.14699077273098715
6 75 0.7964934595513089
6 78 -0.07534197852889246
6 121 0.9623211973614958
6 129 0.4905504457810408
7 12 0.36335515032145316
7 23 -0.32312727186038526
7 36 -0.9505553708287506
7 67 0.03403327667543943
7 89 0.8108994208733671
7 99 -0.1867367527738899
7 112 0.86237833616932
7 116 0.2675395164528378
7 132 0.8292760319831993
8 23 0.7248647930730974
8 38 0.807271991152511
8 40 0.834947018931051
8 43 0.6036432926754931
8 52 0.9983854817604279
8 64 -0.45893798199667324
8 70 0.20551877270027963
8 72 -0.2382124445192395
8 86 0.25709468617953557
8 97 0.24187256143179092
8 116 -0.030411178211632084
9 14 0.45193896935187716
9 16 -0.6092956231416382
9 24 -0.5433427114104916
9 26 -0.7443889781875423
9 59 -0.0759677636328131
9 63 -0.16793102149567907
9 96 -0.9004461610207461
9 104 -0.5308196574798933
9 111 0.8814402221470221
9 133 0.8228916351758426
9 134 -0.17988086304624695
10 16 -0.25800951394950067
10 24 -0.7910955275852352
10 28 -0.11894781719654524
10 31 0.44185698007643626
10 50 -0.5599789462320017
10 52 -0.7748995459229191
10 59 0.3684252714240268
10 60 -0.005810841620687013
10 69 -0.25117823505157344
10 76 0.7083748328059998
10 79 -0.75407083279682
10 96 0.7327929160324667
10 98 -0.2630440455537484
10 100 0.21820808633913513
10 105 0.9653251276092074
10 121 -0.7085141923726905
10 123 0.9275354027349441
10 130 0.8928342330175054
11 26 -0.5286982702549081
11 35 -0.32594367302282956
11 39 0.1950089312182508
11 47 -0.20502743101043297
11 50 -0.6117534887998655
11 51 -0.12774890301482977
11 60 -0.9698795474704602
11 77 0.060853456703980235
11 91 -0.5531848252369302
11 92 -0.5809309254823616
11 105 0.020907159986607082
11 111 -0.6986966108396964
11 114 -0.7355172916271313
11 127 -0.7448560749089197
11 134 -0.6317162000577132
12 42 -0.6335074665413549
12 43 0.2479218979512703
12 55 -0.16148070412326354
12 61 0.08841804138064813
12 84 -0.5769952189102157
12 109 0.7833423196852283
12 115 0.05566468688674031
12 116 0.968438964293441
12 119 0.09808230553190422
12 133 0.20473384726562371
13 23 -0.6162027540229089
13 29 -0.1081332175442482
13 47 0.3199922373378743
13 49 -0.6289958460144311
13 51 0.4585873257030211
13 79 -0.2463067515523074
13 95 -0.9102050589145281
13 98 0.29626565369327595
13 99 0.3787028395195515
13 103 -0.2241742149317798
13 111 0.0289047377345093
13 120 -0.5431427191506186
13 123 0.9984028592302123
14 17 0.4882928965692428
14 23 -0.0073053137194996065
14 37 -0.46385070057661015
14 44 0.7914664950044374
14 70 -0.5937588707555785
14 82 -0.7122301795941819
14 90 -0.0963160555665219
14 93 0.9485997797266092
14 104 0.8402409335422025
14 122 0.9801770731052644
14 126 0.2527389881060218
14 130 -0.3752538213769898
15 22 0.7485385620190663
15 34 0.8259468708714595
15 43 -0.06934738830558329
15 46 0.5219389066931464
15 53 0.6123450749879444
15 86 -0.9152706925981764
15 94 0.6763942146918329
15 96 0.10093943704308495
15 97 0.9194485152178731
15 101 -0.40534946140510475
15 110 -0.47061305813706
15 117 -0.029092157882167013
15 131 0.049578123811654384
16 23 -0.2227537422196053
16 39 -0.07312793834480136
16 59 -0.5318381071753715
16 72 0.7167057318474437
16 77 -0.49724185959248035
16 82 -0.21209644862750943
16 88 -0.053888491117099147
16 103 -0.40344577996570297
16 104 0.7242811223954511
16 114 0.1395421055778665
16 124 0.3649879295612235
17 18 0.9225512982537696
17 22 -0.8512432101789948
17 63 0.09406388639465635
17 71 -0.8610689776890963
17 89 -0.9755195532915266
17 100 0.9236944789887569
17 101 -0.5355034756928645
17 107 -0.20444884284130715
17 109 0.18066090457320194
17 112 0.1818484258615094
17 116 -0.6491379239058159
17 119 -0.04939869288680865
17 129 -0.3268924209302666
18 38 0.1834567036404049
18 42 -0.6817760926931136
18 43 -0.23255691811175216
18 45 0.08330274966379747
18 58 -0.13670557293890706
18 69 0.14419500388161066
18 72 -0.5295287104677264
18 75 -0.7639513385835222
18 78 -0.43209614669018537
18 96 -0.9402473526431228
18 97 0.48285560919038106
18 110 0.4263154493971719
18 130 0.4963254997273272
19 31 0.81619698397699
19 42 0.47610314582428437
19 43 0.3473838200431989
19 44 -0.19105816283124866
19 57 0.0330112143941752
19 73 0.8011622592868217
19 79 0.6621274320692299
19 81 -0.14256157259265723
19 86 0.6096343239125894
19 95 -0.019193894540138867
19 98 -0.7837076225337505
19 104 0.3141737699345397
19 107 -0.486203105561297
19 122 0.8288957299650779
20 21 -0.412668355865472
20 22 -0.8516713756897569
20 44 0.565684346117731
20 52 0.05457767188115992
20 54 -0.20373731586995825
20 60 -0.6350231731567677
20 66 -0.04583466769586719
20 78 -0.37099197551179697
20 83 0.7715894087869766
20 85 0.27404986034888523
20 102 -0.743906029917079
20 107 0.9125510801552155
20 108 0.43937632363678825
20 117 0.5846886431604859
20 121 -0.8318194050928522
20 132 -0.17762790177115861
21 39 -0.8512004900872454
21 52 0.025789439912070833
21 53 -0.6642888249217753
21 55 -0.22265182436649988
21 66 0.8134867322260206
21 71 0.2491375479858995
21 80 0.47912457789147056
21 82 0.01086978968108343
21 110 0.4725029213859482
21 114 -0.7605136277519124
21 122 0.5215464720628371
21 130 0.8438644870218597
22 45 0.6275880245496057
22 46 0.468941698888123
22 53 0.761513047621694
22 62 -0.6942708389227488
22 64 -0.26949688624158474
22 65 -0.5385487933928013
22 71 -0.38588638396331043
22 75 0.038169475994253244
22 91 0.9531875331730333
22 92 -0.7584188678702724
22 116 -0.6383584981621429
23 28 0.596163287861651
23 31 0.44940424399488
23 34 -0.5215644209327923
23 87 -0.15438943856101983
23 108 0.03019085550751588
23 116 0.35735602212945206
23 119 -0.3907766078791852
23 120 -0.2843135822818168
23 126 -0.0054999401092603595
23 133 0.7160266966309619
24 30 -0.09488173195581662
24 35 0.9079486723381593
24 44 -0.25304848033927185
24 70 -0.773671930685804
24 75 0.9123733353647412
24 82 0.710728503845018
24 89 0.023959700824344177
24 91 0.7226411627390521
24 94 -0.026402375557170732
24 117 0.2165080255100451
24 118 -0.8221596588685707
24 119 0.5874520222795747
25 39 0.9092467557251303
25 40 -0.41320565819117405
25 44 0.3348966965959923
25 47 0.18569709986797256
25 48 0.09451980309778807
25 51 -0.6716002089625921
25 61 0.33045806641577524
25 64 0.21297209509387516
25 66 0.11941925761561167
25 72 -0.31859715378535336
25 73 -0.9618173784876003
25 74 0.10649353704099096
25 81 -0.7817522880307182
25 108 0.5529285861332871
25 117 -0.08240906241784218
25 119 0.9223446728291431
25 127 0.7323249233897056
25 130 -0.9960804010968907
26 33 -0.7160754996042957
26 41 0.7897893183568407
26 54 0.8900292223883006
26 55 -0.7152458426734607
26 67 0.15977866065243185
26 80 -0.33546522369741116
26 97 -0.8520747865495562
26 99 0.21876191776264076
26 102 0.34566519919866945
26 108 0.2833826117776488
26 109 -0.10879095112617776
26 132 -0.1796096020556608
27 30 0.11870301587749066
27 36 0.38108360883673464
27 42 -0.27792601278035045
27 51 0.5072941749076951
27 71 0.2779926333623237
27 75 0.8663274628884845
27 76 -0.7786834484585223
27 77 -0.9027425466272847
27 87 -0.6779114362887348
27 102 -0.99687620251056
27 115 0.47932110892820945
27 122 0.06467449163114769
28 41 0.24861482874256846
28 47 -0.6919263501638357
28 51 0.4782223941516064
28 57 -0.4924053860310551
28 58 -0.9897622667713051
28 73 -0.8501026319040894
28 84 0.3011350513444171
28 90 -0.7813727137842661
28 93 -0.7034181010287559
28 95 -0.24129444561212465
28 99 -0.6054063706858006
28 102 0.40321677252411825
28 112 -0.8514313823299193
28 128 0.28481937202027274
28 130 0.8587557262194858
28 133 -0.7908360380141293
29 37 -0.020234824398908557
29 42 -0.750175288819589
29 59 -0.07687072446241472
29 66 0.8108120221378821
29 80 0.9842167900719505
29 100 0.8995352793125777
29 117 0.9047018409100065
29 134 0.5152952897462042
30 37 -0.24510050218301727
30 42 0.2035293242051872
30 60 -0.544929624640383
30 68 -0.8810421148264347
30 71 -0.01725062947825795
30 75 0.2793677693945025
30 88 0.3398198919188453
30 92 0.6106728086816873
30 99 0.49528075381408154
30 107 0.16416266370290633
30 129 -0.6028117151843759
30 134 -0.6589804218660751
31 36 -0.4506791708093423
31 57 -0.16982659552540702
31 59 -0.23931099991964522
31 70 0.9655892586010781
31 74 -0.4173550060733713
31 76 0.32512115706400246
31 86 0.5767369292802209
31 88 -0.9410996737297594
31 124 0.12737148178775448
31 126 -0.44688054425112345
32 46 -0.27934546085998435
32 64 -0.9061072226558184
32 75 -0.37057546854183054
32 82 -0.9614287536569062
32 87 0.7382778641918577
32 124 -0.442623648265811
33 44 -0.8190643749345718
33 56 0.30912750393800925
33 69 0.20605817918624458
33 72 0.43628873170516513
33 84 -0.10209582116443783
33 97 -0.38864882028484127
33 107 0.45045768211350046
33 109 0.9199549700202869
33 131 0.5298250983872721
34 35 -0.4789481898109864
34 38 0.025946410577710077
34 42 -0.409277451153798
34 50 0.32164255030876876
34 61 0.48299370456883817
34 69 0.07783384009099303
34 80 0.026457694223792183
34 89 0.4232108919921602
34 92 -0.45189488880287776
34 106 0.5056941950549492
34 108 0.14837854031835196
34 114 0.07163972543994879
34 126 -0.6462873669377762
35 37 -0.6154976494484721
35 39 -0.04725740050776417
35 65 0.7845217281438628
35 80 0.9303801749636482
35 82 -0.15384568518933617
35 94 -0.7825071207210452
35 97 0.6674037790546581
35 107 0.9871311897091217
35 122 -0.31574698862456163
35 128 -0.207611127262592
36 44 0.8664487701641861
36 47 -0.47697002143590694
36 66 0.6088265670679931
36 69 -0.21216997998237885
36 73 -0.283595712497255
36 79 0.46267700886532603
36 86 0.17081637976390174
36 87 -0.9957488723534309
36 99 0.26147864686146494
37 41 0.9663295764093738
37 53 -0.8765448454577645
37 80 0.3844735368379979
37 96 0.1643323246512982
37 111 -0.7261985390984076
37 119 0.6834986499701119
37 120 0.9177756196877296
37 121 -0.1048751762691238
37 122 -0.9483517787266134
38 46 0.25638518397861376
38 53 0.916717641753525
38 59 0.641340428768157
38 60 0.5978742570829925
38 65 0.9937964693884467
38 88 0.0979907796363857
38 89 0.44242187658266796
38 94 -0.19760512653673956
38 97 0.7207967990893394
38 104 0.6492409772382426
38 107 -0.13159613018529015
39 61 0.9521186683778418
39 62 0.451952260124143
39 85 0.9886828013626006
39 94 -0.9987567622914453
39 115 -0.49440133174502554
39 133 0.08826095357680752
40 42 -0.04412575149754949
40 72 0.9032823362618119
40 104 0.5497299316034321
40 111 0.7235178194635798
40 118 0.2808282812994054
40 126 -0.9952116211129769
40 127 0.8355514705189118
40 132 -0.61529616531271
40 134 -0.6397700921439982
41 45 0.4734769125779166
41 54 -0.14863488435727112
41 55 -0.09430623866067944
41 66 -0.39853337696059365
41 72 0.8481919619351501
41 104 0.5329657567794941
41 106 0.45896279318916755
41 107 -0.9305745637817318
41 123 -0.5883812187446795
41 125 -0.7829528548681306
41 126 -0.13992167593258942
41 130 0.7738662011827275
42 56 -0.3653563031081095
42 57 -0.11523845483049056
42 65 0.9321172246332909
42 73 0.5309653660561147
42 77 0.2717090719456148
42 89 -0.3962191121067995
42 105 0.12608562449381133
42 107 0.46671135542847453
42 123 0.06389514823881237
42 124 0.9349975956292411
42 129 0.9185373186668389
43 61 -0.32524456063522567
43 66 0.18360715797751137
43 72 0.1220735231957375
43 75 -0.823456155428683
43 92 -0.5167368939012245
43 93 -0.9438919554264491
43 119 0.06819077327937073
43 130 0.2811107757172602
44 46 0.2479015598582912
44 52 -0.016514281702576517
44 58 0.37109537039054374
44 61 -0.3936877367568603
44 70 -0.7754926326433107
44 84 -0.9949661137661301
44 91 0.5028698478746516
44 106 0.11145865188722959
44 124 -0.2329195211907853
45 56 -0.4657337004495281
45 83 0.13727781806957418
45 90 0.6735130891608807
45 112 -0.9187168241831662
46 51 -0.8219923028964651
46 66 0.5866219123222725
46 76 0.9887285799411722
46 86 -0.4707340473939601
46 89 0.9779760993189139
46 102 -0.19492929248657154
46 132 -0.3780128373481102
47 52 0.20402113009665768
47 85 -0.512267218077243
47 86 0.42877110143632935
47 87 -0.46569733716026174
47 114 -0.28425948848788374
47 119 -0.6136596716454503
47 121 -0.8257128364178639
47 124 -0.4997383060289331
47 128 0.6793033687648982
47 133 0.3439487281918898
48 50 0.2743163345420332
48 55 -0.12549943589422208
48 56 0.8716155661506342
48 61 0.40825548121774036
48 85 0.9706421998818335
48 91 -0.31435881708384494
48 95 0.14632660366093586
48 98 0.60484321311482
48 101 -0.8242323680439858
48 108 0.8664193213083828
48 126 -0.8569559529443092
48 134 0.8718573586910527
49 59 -0.4189387828935147
49 61 0.46316115007736514
49 62 -0.8819233282953367
49 71 -0.57121728714204
49 106 -0.1051208982357068
49 118 0.2833108546311829
49 132 -0.5262096201519917
50 52 0.6952976268029754
50 54 0.8223663926793112
50 55 -0.6003662397909295
50 57 0.6418555299985838
50 75 0.675901772837912
50 78 0.011180502948408888
50 91 0.7149189214083966
50 104 -0.08078496419986614
50 123 -0.23041322104331496
51 54 0.37718690981273584
51 58 -0.9814900009512937
51 63 -0.47539331443588906
51 65 0.5353871689646021
51 71 -0.8029717269860681
51 77 -0.8740141329678661
51 95 0.0012741879022328817
51 102 -0.39795528832742866
51 118 -0.9285567616703903
52 59 -0.3971776410745893
52 68 -0.7126083421535074
52 69 0.5641703118587735
52 89 -0.28640049395849676
52 93 0.17078086339245102
52 96 0.9181394882395779
52 103 -0.09749157266302011
52 115 -0.8423101505913979
52 116 0.9325036713537858
52 119 0.04705114427204671
52 127 -0.3993007079981321
52 129 -0.4413019510454248
53 57 -0.11467006430677662
53 65 0.661894988858293
53 66 -0.6972973679681798
53 80 -0.12322392271654414
53 94 0.10806824252724634
53 95 -0.9977421128775057
53 132 0.6787977257143651
54 60 -0.6194233553183988
54 65 0.7480683300063766
54 83 0.009812884233904917
54 93 -0.2894854877965771
54 102 -0.7444340025605103
54 130 -0.13928623707407506
54 131 -0.062424220375713935
55 61 -0.518842453322621
55 74 -0.3836927312589147
55 79 -0.20907016018926572
55 89 0.10111115002929583
55 91 0.6098603885359648
55 92 -0.30148224687549363
55 96 0.692463652189701
55 106 0.8428318405680026
55 107 0.5794302378022695
55 117 0.014841831024611896
55 123 -0.4213280558978525
56 62 0.6634268020421501
56 82 -0.07325326637297258
56 89 0.21935615038951273
56 106 0.5561382604090215
56 121 -0.3747401739638654
56 130 0.6094257328891202
57 61 0.9238049604812921
57 88 -0.5413960152068071
57 92 0.30713580833602605
57 102 0.9446465893688509
57 116 -0.376976809794767
57 129 0.086272102101143
57 132 0.04708425630761082
58 73 -0.895034803500423
58 95 -0.05977220863256272
58 116 0.5099577529854524
58 132 0.6582054313526284
58 133 0.2387838792265402
59 62 -0.14081148065571591
59 72 0.9836351085965869
59 75 -0.19902781383894785
59 83 -0.32295536996508556
59 92 -0.690031818248084
59 102 -0.5212233846454355
59 119 -0.9874928655632944
60 61 0.0528479708790901
60 65 0.4244975532862154
60 67 -0.2682276780047632
60 109 0.6283754728797564
60 114 -0.8925913040371567
60 130 0.8965275571106437
61 65 -0.8479798602672772
61 68 -0.7057992576067258
61 69 -0.14000799059108315
61 71 0.894924272975703
61 89 -0.962551586811869
61 96 0.014200175649875968
61 116 -0.1281043908167654
61 128 -0.27227366537585596
62 64 0.586408339399439
62 66 -0.7647800562219524
62 68 0.19634649590277808
62 70 0.8872607240154495
62 84 -0.7209207438919158
62 91 0.7468417443823074
62 103 -0.7229053423605623
62 109 -0.3050923786219537
62 128 0.362695369025412
63 64 -0.9399910290715487
63 109 -0.008236876644013735
63 116 -0.8439699458516603
63 134 0.5610632221281608
64 72 -0.16074154153656206
64 73 0.4742154777071008
64 82 -0.8954296143838545
64 83 0.7147945154303832
64 85 -0.25231358575323726
64 86 -0.4735060924025716
64 96 -0.6177293841509204
64 107 0.43815113623903446
64 111 -0.7600551132328344
64 119 -0.7424957208608667
64 130 -0.4016472707525758
65 67 0.2224025205216571
65 72 -0.16496265851633374
65 79 0.7612140335749182
65 104 -0.6636078640397138
65 118 0.040343732010369004
65 122 0.9619610262617295
65 130 0.9612078441949239
66 79 -0.6649315712064476
66 97 -0.4961640314458857
66 104 -0.1928621598569411
66 122 0.579132055045698
66 123 0.28542698272359623
66 124 0.5395066048049144
67 71 0.42111427022851555
68 79 -0.04273159182552444
68 105 -0.7179094801181052
68 119 0.803107299007906
68 121 -0.4247511322393158
68 133 -0.7043238868815183
69 76 0.9486409358418801
69 78 0.26184355230869105
69 105 0.7971989140482449
69 108 -0.4206351870076217
69 133 -0.21118027912094983
70 75 0.49029248496350397
70 89 0.09846858905277389
70 93 -0.37513550257521433
70 95 -0.1281313494575007
70 97 -0.625210457446771
70 100 -0.32372029382576106
70 102 0.5838748012803403
70 120 -0.29227907856766056
70 124 -0.2886415818356105
71 101 -0.3429918539926806
71 113 -0.5579651271687467
71 114 0.4145686142586811
71 127 0.9355815980707014
72 74 -0.9449853137730084
72 76 -0.28942841247854467
72 84 -0.28475502362374483
72 90 0.26559300581872125
72 91 -0.13037034127072045
72 99 0.42332168518035607
72 118 -0.4087658197533621
72 123 -0.9220256254227657
72 124 -0.14315612906408282
73 80 -0.7539072438513599
73 87 0.9449743682598424
73 89 0.6569901949136754
73 107 0.5694730197712019
73 116 0.13695632018479564
73 117 0.21645398024928242
73 122 0.4703095800693844
73 127 0.7144370086794196
73 133 0.31012034583335546
74 78 0.11931996690963453
74 106 0.017725848731974914
74 116 0.8167462436552031
74 123 -0.04505401281596577
74 131 -0.9103257578537232
74 133 0.464168489221197
75 83 0.23642827171339276
75 84 -0.03847748307025167
75 85 -0.8617685399531476
75 95 0.4833530886658497
75 102 0.27198572386983844
75 114 -0.3903539823581965
75 116 -0.28996731416707333
75 117 0.2886781178051505
75 119 -0.7932983245877716
75 124 -0.6409748742337038
76 94 -0.27198475287912327
76 96 -0.873737738862298
76 100 -0.06601466130067002
76 102 0.3307330838755449
76 131 -0.165087121432691
77 86 0.4686526321117179
77 98 -0.8804425553894955
77 104 -0.4019602673421221
77 117 0.5543426362528898
77 127 0.12315449347601515
77 132 0.2658098452218709
78 82 -0.5021316999739545
78 86 -0.9836287081329151
78 89 0.3071640971529892
78 97 -0.1483219694399185
78 99 0.4312057680214809
78 133 0.6911142505391892
79 80 0.7409628140021403
79 86 -0.23619699263087757
79 91 -0.4837360144222562
79 106 -0.6563695663575693
79 107 -0.19367482108240086
79 123 0.15035755299590337
79 129 -0.44731490317298683
80 89 0.4856895285180902
80 95 0.5628646320218067
80 114 0.29044456939758123
80 115 -0.5413291797079283
80 126 -0.00903377847014264
81 84 -0.8498863837105561
81 92 -0.9047286696203758
81 96 -0.4574927756299607
81 102 -0.27640030640067303
81 105 -0.6145379733704945
81 108 -0.909078122595969
81 119 -0.04224715997746076
81 123 0.6167525160421425
81 129 0.9423997231497967
82 89 -0.959103144964891
82 103 -0.18262885810493668
82 108 0.394161487287896
82 111 -0.5659178321317431
82 131 0.027925782299879742
83 106 -0.13815478537823878
83 107 -0.6378670620507643
83 111 0.6491570487255134
83 131 0.8583047990439943
83 133 -0.8837379656551834
84 101 0.0950751415068547
84 103 -0.7730087726867731
84 111 0.6628994481000869
85 90 -0.6932299851526311
85 117 0.3487683055891264
85 122 0.05449330703796895
85 126 -0.49474130709171904
85 130 0.9412934775137303
85 132 -0.203496155166218
85 134 0.14127921750346495
86 93 -0.6084316526715672
86 104 0.9743742595440981
86 112 -0.27233245891105495
86 120 -0.31142252920792934
86 121 0.621609333553407
86 125 0.4669052964857967
86 129 0.48439261581741877
87 106 0.3746513904122706
87 116 0.061567462779591686
88 117 0.545687324999871
88 119 0.3248323242478768
88 123 0.019258996604958556
88 128 -0.5812837855499216
89 91 -0.37660501198427054
89 100 0.00620010963549622
89 124 -0.6156788637986486
89 134 -0.8707005866617021
90 92 -0.3585554973375471
90 102 -0.5292945383687726
90 110 -0.9653431547135629
90 118 -0.5134259597490931
90 120 -0.8053580786855739
90 124 0.5326727104239461
90 132 -0.3420221043046634
91 98 0.40327575596821075
91 100 0.9250467285172834
91 104 0.9193054207582934
91 114 0.6067326241440039
91 128 -0.4608089756316869
92 104 0.2255593842868644
92 127 -0.13799979206098545
93 100 -0.06662985527107557
93 119 0.9154993482424714
93 122 0.7900947083880492
94 102 -0.19061205517815738
94 112 -0.022574752108991847
94 113 0.014466605592443393
94 117 -0.8794436310820379
95 118 0.11353301824285511
95 122 -0.9567081706236185
95 127 0.8473835536569467
95 131 0.3899630017558935
97 100 0.34265964129581694
97 102 -0.7998070323060733
97 118 0.13837674390676002
97 131 -0.025841869423058217
97 133 0.25730563678740426
98 106 -0.27206809622320094
98 133 0.048180565981205126
99 103 -0.20797602144421323
99 107 0.03938889887039876
99 121 -0.6440528098966101
100 101 -0.29869130284902967
100 131 -0.412225690333629
101 104 -0.9447319549614734
101 112 0.15433309917853277
101 129 -0.2265474133614067
102 112 -0.10240002663763503
102 114 -0.22441283695985548
103 111 -0.835130724233557
103 118 0.3021816416876455
103 128 -0.2340399111173035
104 106 0.6717578470542
104 122 0.9031683098202767
105 124 0.9380936881035666
105 134 -0.6624075048676092
106 108 0.5658845341089702
106 126 0.29924930927522797
107 112 0.3169111130182889
107 114 0.8848668083103353
107 115 -0.7983485077562258
108 109 0.6925251359564963
108 110 0.04621997238840425
108 118 -0.38345483764650456
109 115 -0.7643312478486954
109 123 0.1915821292635398
109 133 0.5014844237232585
111 112 0.28299493405557774
111 116 0.6634475858282041
111 119 -0.20602260365671032
111 125 -0.47734691790798234
111 128 -0.689105873603828
111 133 -0.6408200004148827
112 122 0.0957851039587212
113 124 0.47409142051534037
113 129 -0.47493809274884535
113 131 -0.41189564769251996
114 125 -0.6456075017770568
114 126 0.2104158802067424
115 125 0.5180134319997984
115 126 -0.24898034247012002
115 134 0.03058108503133594
116 124 -0.25926195790843853
116 126 0.3392975557059039
118 134 0.7977302614006341
119 126 0.4388251886296308
119 129 0.18701227986175972
120 130 -0.6139438849988574
121 132 0.1582465229802401
121 134 0.350470456562495
122 123 -0.028406757826834994
122 133 -0.5992463905787653
125 126 0.6112686638522711
125 127 -0.5134347903476104
125 128 0.8082241116697166
125 130 -0.15087547713093286
127 128 -0.29026633111540523
127 130 -0.23386070225097821
129 134 -0.6492456500892172
131 134 0.0008603080102425054
132 134 -0.3217683964150335
133 134 0.27679822761519923
