145 542
0 0.7677181652008134
1 -0.33209396510167655
2 0.6097874523123137
3 -0.37379845147345936
4 -0.26896177426517665
5 0.4180141776090476
6 -0.7127184206893831
7 0.2352358214584338
8 -0.605455373846135
9 0.5044911141142083
10 0.37966788264649365
11 -0.6738241904222892
12 0.10276222528713252
13 -0.7181752045074716
14 -0.6403197144290582
15 0.5215469708750462
16 -0.5517852144405977
17 0.020716065909694326
18 0.17723229630112702
19 0.22174059569583915
20 0.8038774471847996
21 0.044556675569878745
22 -0.12583576950906128
23 0.16316948010879995
24 0.7402894897824117
25 -0.8360732341280366
26 0.5756233853812758
27 -0.2703524497205354
28 -0.7205066028587581
29 -0.5586052688577665
30 0.26713555891628804
31 -0.10787731072932272
32 0.7341448789198621
33 -0.25989652005371355
34 0.7303830776810039
35 -0.5947796415887927
36 0.12218986237368812
37 -0.18946192542469498
38 -0.4643354957747827
39 0.33157195344014934
40 -0.10834143257612872
41 0.5530282234591466
42 0.6690972371586357
43 0.4975250289482518
44 -0.7455813169393324
45 0.8975337727021038
46 -0.8988531692656521
47 0.3547652107808612
48 -0.28965313039389073
49 -0.7753701018415688
50 -0.9813920884975234
51 -0.8507159198109155
52 -0.16325063470010925
53 0.1800699734809874
54 -0.6962828102392149
55 0.33522196610724064
56 -0.34466842736796677
57 0.02835769700188928
58 0.49575524649447855
59 0.6845950199170212
60 0.670475684387073
61 -0.9903505898102121
62 -0.331476821099546
63 0.4493059447848087
64 -0.3402758659695517
65 0.24968135019486914
66 0.2039736243622814
67 -0.37582540667712716
68 -0.8192102853079672
69 0.598843021158501
70 -0.5457577968212486
71 -0.17433855073954563
72 0.6483172584541494
73 0.5074699458233505
74 -0.8566045471466475
75 0.8955965499584921
76 0.43853647072553836
77 0.18529967238211142
78 -0.43012184594089575
79 -0.9374042092214616
80 0.9787818469373966
81 0.8451170125336314
82 -0.747956197896797
83 -0.4135858696198764
84 -0.03395816934594231
85 -0.3120733994789202
86 0.39789750361150933
87 -0.8389135623459256
88 0.6070121274923637
89 -0.186453441117423
90 0.1804958528009637
91 0.9626311763786797
92 -0.5156638156327156
93 -0.3942243781183934
94 0.10887311268598565
95 -0.979404470689585
96 0.7499598204509872
97 0.004106861918803828
98 -0.7729591121441166
99 0.2833457372404171
100 -0.9566542321668106
101 0.38501536373263967
102 0.8105754127469946
103 -0.10847776445296375
104 0.9028262193600929
105 0.8689694944169606
106 -0.3156271466405891
107 0.19788078628842865
108 0.9005901863010295
109 0.5049484300660281
110 0.134989433734362
111 0.9268005829118258
112 -0.0792395720686283
113 -0.33430986995431344
114 0.8063004883007021
115 0.2150758823957366
116 0.7726951733415512
117 0.7087794293701906
118 0.3066638735738667
119 0.8853194345356468
120 -0.4115766074729754
121 -0.6865690938857829
122 0.12497145977402102
123 -0.8377854811558039
124 0.6271855734151617
125 -0.5155049218268279
126 0.5785142985111635
127 -0.4614096542636523
128 0.1595388867208698
129 0.6042442875890901
130 -0.8875845903622968
131 -0.18985390423242499
132 0.8950101875612311
133 0.28237236337275706
134 -0.262553484595095
135 -0.8115442358091096
136 -0.22339343192792271
137 -0.8590057586853692
138 -0.1271497599363356
139 0.13102256529973433
140 -0.4107261792992496
141 -0.77603789300342
142 0.21844090776983882
143 0.23510782790391827
144 0.3990060454928872
0 10 -0.8409005009589099
0 30 0.6385443471995917
0 43 0.09888249346174316
0 50 0.5649299699972061
0 52 -0.35282409270823223
0 64 0.7359929329100554
0 92 -0.6763603438551693
0 93 -0.49242568346650617
0 102 -0.45998369908777303
0 104 -0.6900846000790126
0 129 -0.18145399063588696
1 18 0.45728449578578045
1 22 0.5126631915134845
1 75 -0.057788434150950696
1 77 0.8521538709714813
1 80 0.33324316674871635
1 102 -0.9856590853110596
1 104 0.5499922955506205
1 117 0.012648218050789861
1 125 0.18614468950273566
2 10 0.5724442112014725
2 19 0.33434268051631477
2 35 -0.6726037277039925
2 61 -0.8284660720291865
2 64 0.36260780472478493
2 72 -0.840444631281076
2 84 -0.33517171857521233
2 103 0.34878023271250713
2 120 0.5823956802984096
2 131 -0.12704150602231157
3 42 -0.09163494955901097
3 44 0.9604453623798763
3 60 0.9002146467722443
3 83 -0.7974231432894112
4 15 0.4859053572000025
4 40 -0.14880577383431093
4 52 0.32356449134138976
4 74 0.37032758529083876
4 128 -0.5842685263761507
4 134 -0.1632328601594173
4 144 -0.8182367729910096
5 17 0.9492927930784718
5 35 0.5196436296989533
5 71 -0.9560885003815471
5 75 0.06501616225956708
5 104 0.4055238441890714
5 106 0.4366481189515139
5 112 -0.7335045968004332
5 130 0.19228052620826896
6 9 -0.06186127491559912
6 10 -0.3650476549032986
6 39 -0.8674327595569769
6 41 0.781592509342621
6 68 0.5026766044974
6 80 0.25628228366011774
6 85 -0.7982470177925327
6 101 0.17135337066739043
6 142 0.5926926733546702
7 27 -0.6461904460557957
7 39 -0.5100627371815272
7 46 -0.4958860256539075
7 87 0.8567799728650451
7 98 -0.31128989074183444
7 142 -0.3777513108435213
8 37 0.9987300877196903
8 39 -0.4766573115353341
8 42 0.9926450567014611
8 45 -0.6798234592560775
8 71 0.9349761926327655
8 95 -0.05207751156374041
8 98 -0.6105982162229187
8 107 0.4645505196682318
8 118 0.39709198935443557
8 129 0.8707350859763463
8 143 -0.8664096510683867
8 144 -0.7239445506895104
9 37 0.44622106898994085
9 49 -0.8505496918659934
9 81 -0.799204884565524
9 88 -0.09404796340605803
9 96 -0.03314615472253579
9 112 -0.8464913091782911
9 133 0.19772928059468398
9 137 -0.03251929912327389
10 11 0.8337803694250887
10 63 0.23957256421391926
10 79 -0.8743618389876116
10 110 0.5151010160398184
10 112 -0.5069394167727126
10 122 -0.3085111220782666
10 129 0.4351673695671068
10 132 0.9518014212726795
11 50 -0.7224898996266298
11 84 -0.33260258049738245
11 116 -0.3847091654500747
11 123 -0.9471662391238218
11 130 -0.9779964877302902
11 138 0.5614019176159633
12 35 -0.49405693962327546
12 40 0.33784978568534707
12 73 -0.3099724310496539
12 84 0.5718522994017885
12 120 0.6384923873627231
12 122 -0.7969524870952884
12 125 0.6898561012501103
12 128 0.977529728949887
13 44 0.5118824107988662
13 48 0.5015003382475276
13 84 0.713708447827083
13 86 0.2094533745181606
13 89 0.21462920132845253
13 90 0.43509503169840125
14 23 0.46042270741780333
14 39 0.07986643435564011
14 48 -0.10879115881685952
14 66 -0.8399401077203144
14 71 0.961310070309646
14 122 -0.3078491980617155
15 41 0.11579440347489678
15 80 0.955506624595774
15 83 0.4526713677500882
15 106 0.550998167894134
15 115 -0.5523584800650354
16 25 -0.7335742408959602
16 35 -0.3936202078059208
16 86 0.1993842167286799
16 101 -0.308228975522542
16 122 0.24797856412639496
16 130 -0.26598155984149185
17 23 0.6027977509788327
17 27 -0.573848335606143
17 32 0.003422944244011905
17 51 0.7334520989480027
17 53 0.025388191898269463
17 67 -0.3632757474386039
17 100 -0.4048368864949847
17 111 -0.5338895349627966
17 134 -0.13763447899206582
18 45 0.12818097180599186
18 58 0.7731014615921739
18 90 -0.911108913681002
18 119 -0.8455194536747914
19 31 0.4451748232916062
19 78 0.619079481188999
19 81 0.053987592908555815
19 82 0.643986761216536
19 85 0.7723678344537708
19 99 -0.3159713049271782
19 102 -0.18402168447811706
20 40 0.2017530925210862
20 53 0.37693460694666747
20 81 0.3868233606971323
20 97 0.8000980443335195
20 113 -0.04111231523134684
21 44 -0.5888449817864034
21 47 0.6281529435715101
21 75 0.6064077908887651
21 89 0.7642671076694578
21 105 0.7872913658266165
21 125 -0.09594197579762254
21 126 0.7053289551426389
21 137 -0.34531176595450597
22 45 0.8421822782672705
22 48 0.8817288108835648
22 49 -0.9465473010963292
22 96 -0.5224136527536276
22 101 0.6832498247872287
22 103 -0.43734689972761176
23 25 0.0007084964895081036
23 30 -0.8607319871295445
23 66 0.4106560977593834
23 81 -0.2774813402184755
23 118 -0.47107049936718126
23 120 0.27120901075147863
23 125 0.4891099178601124
24 55 0.4988336456461031
24 57 0.2660053866307688
24 61 -0.6541414021427019
24 69 -0.5914078831305187
24 81 -0.606861656178884
24 88 0.44997439985225474
24 96 -0.9760932113921243
24 102 0.5620484849808141
24 109 -0.8071098419511262
25 44 -0.49456042012534684
25 47 0.93961044929885
25 66 -0.4911254099654889
25 79 0.02942863791685979
25 95 -0.09251551549841674
25 96 -0.4804162756590764
25 99 -0.6218557124906618
25 120 -0.13432312529588142
25 124 0.013908698387090856
26 29 0.9433903617281396
26 33 -0.938305272271595
26 76 0.33636158372188074
26 104 0.48613625936435967
27 53 0.576417660631821
27 54 0.4800045085350122
27 59 -0.44622909768914343
27 102 -0.41128152218359526
27 103 -0.25179246100701946
27 131 0.2576810644123071
28 37 -0.04440051735601047
28 50 0.8636050081005686
28 68 0.9017581119183118
28 104 0.32926735904161397
29 40 -0.6006120931156804
29 88 0.4392591980373266
29 108 -0.39196608612063355
29 115 -0.5767061886680656
29 137 0.31647583235564625
30 63 0.9792180927369705
30 82 0.4624443493856385
30 109 -0.2931453359230807
30 111 -0.4491456165221035
30 134 -0.7817332310362066
31 41 0.9602347018360002
31 45 -0.8680119850891885
31 51 -0.13195428303065304
31 64 -0.18603110503351883
31 102 -0.4908379684394817
32 34 -0.8067506511763904
32 59 0.6737033048723551
32 64 -0.46035983345682485
32 84 0.5209315722349093
32 103 0.25481278629197335
32 108 -0.8276124324546348
32 115 -0.1449133587268765
32 129 0.38873870510627007
32 141 -0.33353073404291944
32 142 -0.007297618179249898
33 34 -0.5760528101803912
33 39 -0.494663139670086
33 85 0.9695040975399569
33 86 0.36076018385623043
33 120 0.6135592116560269
33 126 -0.9261526393927668
33 130 -0.8529497696844797
33 144 -0.8549251993888207
34 79 -0.08002203344129999
34 130 -0.24054414939312818
35 40 0.3179617455808774
35 45 -0.7488062545178376
35 75 -0.11425063780897227
35 108 0.35795827302374894
35 129 -0.5175294134990478
36 76 -0.5018384874797939
36 109 -0.3377447728046916
36 143 -0.9876091048918407
37 43 0.4628405334747214
37 95 0.3558527960814519
37 101 -0.2325438926748038
39 41 -0.03301711378598293
39 59 -0.21725174203325137
39 67 -0.5886822873283974
39 71 0.18839031847076648
39 88 0.027650196842951447
39 132 -0.07228560229194492
39 134 0.89290191773773
40 49 0.4479701372728586
40 55 -0.2747385259099622
40 117 -0.2135166892964322
40 120 -0.37818226695404955
40 144 0.7578038937598581
41 59 0.3633746891813363
41 132 0.8396792264867878
42 57 0.3107142516610204
42 64 -0.6318036329706886
42 108 -0.5753796396573294
42 114 -0.30531997894548857
42 139 -0.35923643249225856
43 49 0.19659897772934753
43 69 0.079858623892479
43 123 -0.35783799906788705
43 129 0.5035201206324347
43 135 -0.45720647597753716
44 50 0.01496001649381351
44 51 -0.9345530692182318
44 60 -0.17019528803514627
44 87 -0.08428289182573034
44 94 0.3916336844753019
44 98 -0.21508615739254644
44 114 -0.4547537983740033
44 141 -0.4028063436006728
45 48 0.18556216786162927
45 54 -0.764519220208155
45 55 -0.7192121194836116
45 63 0.4061426114029112
45 69 -0.469284766525665
45 108 -0.09939719547911108
45 125 -0.2023604548552227
45 142 -0.05219090108105062
45 143 0.1692778462431872
46 59 -0.7366136503290888
46 90 -0.11795597648757083
46 96 0.43920831827043716
46 97 0.1662835792093944
46 103 -0.8223239973960239
46 120 -0.7765233710709167
46 123 -0.8603275205047878
46 140 -0.008878651884990374
47 54 -0.04384801906945479
47 78 0.4876391034730523
47 108 -0.9687426373066905
47 129 0.8037127221236036
48 52 -0.357558531390316
48 70 0.3962597849925049
48 91 0.013468475513157108
48 121 0.4596078397532217
49 100 0.3367235953058678
50 60 -0.13335834147353887
50 78 0.40690916132936494
50 81 0.5073643853820005
50 100 0.38759115333909233
50 122 0.9097692175793863
50 143 0.661828344115748
51 66 0.4032146290654275
51 74 0.5028196058341321
51 98 0.9706884519442927
51 100 0.2612761093894347
51 112 -0.7966330173267882
51 138 -0.24158665759076103
52 101 0.6918953716926828
52 105 0.9343245394403188
52 127 0.5549628707048031
52 129 0.6337450146545107
53 69 -0.7269397925044687
53 113 0.2655221585027401
53 126 -0.7106900830012737
53 129 -0.24793871413760127
53 131 0.2612648741828676
53 142 -0.7754424417696528
54 95 -0.07720473426391483
54 97 -0.24204493254180126
54 102 -0.5289003707732503
54 117 -0.7051227632661232
54 131 -0.8511475084453541
54 134 0.9997953203191612
55 61 0.09533163192108995
55 78 0.8972439540898922
55 119 -0.8282700242445014
55 120 -0.3875707629035543
56 106 -0.05361714377657445
57 78 -0.6801611845871305
57 82 -0.8163154196599565
57 89 0.20545510408212642
57 94 -0.19133205511561857
57 112 -0.14495233970424204
57 130 -0.26133232716906574
58 62 0.5980627015472926
58 63 0.1250043863359076
58 75 0.6585686047699526
58 87 -0.404467447737866
58 100 -0.44772450423775956
58 103 0.15298020884544106
58 104 -0.7805774443272508
58 109 0.10644252458362402
58 112 -0.35633635999374125
58 134 0.19031453155269928
59 72 0.14321946375335926
59 86 0.90810536934199
59 109 0.12789781702717828
59 127 -0.948065880327037
59 131 0.5480555257824988
59 136 -0.44091571064318
60 67 -0.9917137250771335
60 97 0.12200997946813241
60 112 0.18247757496342643
60 124 0.9643305328846119
61 74 0.47192917122890954
61 89 -0.8992486175154573
61 104 -0.43679915283285053
61 117 0.47001173429694854
62 70 0.9237055191862877
62 77 -0.4661653407122581
62 93 -0.797467102732657
62 99 0.02336165375114252
62 129 -0.523551643268994
63 71 0.8052346968930353
63 76 0.7443508990961523
63 77 -0.9017540141051155
63 93 -0.7653352599515526
63 101 0.2903848694732625
63 138 -0.479916603806545
64 100 0.25474567787879776
64 123 -0.7834326541513741
64 142 0.39992377672140234
65 78 0.7257276619808983
65 95 -0.8469707642728508
65 101 0.5782136310963875
65 106 -0.7166568095770818
65 127 0.17393898176324085
65 135 0.5093353464153936
66 73 -0.6560615782935733
66 120 -0.45348157249068755
67 103 -0.16875387057686564
67 107 0.128684956643774
67 119 0.4373038156460163
67 133 -0.7145558383487871
67 139 -0.4864238754698953
68 74 -0.9668270854059438
68 96 -0.37520230844941516
68 105 -0.6597219562521162
68 123 0.943974521850667
68 131 -0.9202003892695694
69 103 -0.5181930264837473
70 133 0.47699800713895235
71 83 -0.015862896386130254
71 92 -0.5210126626604836
71 106 -0.9718386645966188
71 109 -0.9768193861331802
72 93 0.9732358280139184
72 106 0.9003920680333992
72 117 0.2081795101247912
72 125 -0.7285767005982442
73 88 0.010180514117858808
73 91 -0.014661507749201386
73 98 0.046744770108946954
73 133 -0.5272231069987565
74 83 -0.4480475715259846
74 112 -0.3126477670884651
74 136 0.9730036839925018
75 119 0.006891565244069531
75 135 0.8859947701617916
75 141 -0.5773623368305154
76 78 0.31497005634599784
77 98 -0.9106949788452252
77 111 0.9653054394553797
77 114 -0.027392406541784542
77 133 0.22717166318142912
77 135 0.0277677749549452
78 84 0.2891302183467839
78 96 0.9745144732834454
78 118 0.3400661908624971
79 126 -0.01720677531916137
79 141 -0.020226519892557082
80 87 -0.1735951790354815
80 93 0.890476462842194
80 108 0.8854014353214106
82 94 0.9005473021117891
82 100 -0.081704108711391
82 123 -0.2524805243154782
82 128 -0.4811054097276659
82 129 0.03880655054277904
83 87 0.5635423397423132
83 96 0.2959567532143714
83 140 -0.8942267156834085
84 117 -0.17140033044107272
84 121 -0.4447527272279066
84 127 0.3882150771393622
85 103 -0.8276812589293627
86 98 0.9828539406614245
86 135 0.06377867956381755
87 96 0.6552917604446611
87 99 -0.7919147138317331
88 101 0.8181139646904074
88 123 -0.005082299109057997
88 134 0.28720854446011623
88 139 0.00655599577667032
89 138 0.3162120646963884
89 144 -0.17566114256875376
90 102 0.1563965843898356
90 104 0.10764813488870306
90 127 0.4377206398459177
90 133 -0.6613692278350165
91 95 0.6133663672461407
91 106 -0.08976908642609538
91 109 0.46997459650026263
92 98 0.22254541367164693
93 95 -0.30814643855101354
93 132 0.2733336515325788
94 103 0.141628983715268
94 120 -0.7563294300742993
94 121 -0.06792333729035649
94 133 -0.21435051008453132
95 114 -0.6272443083220487
95 139 0.2040615060033617
96 112 -0.37830537959825605
97 129 0.3080526249279296
97 133 0.20299855292050295
98 102 -0.8755517852283501
98 123 -0.9078216306306839
99 108 0.3683696752393544
100 114 0.8331835938876895
100 121 0.4429055608551602
101 106 0.16695053082247302
101 119 -0.24502654904180776
101 133 0.8351169426135032
101 144 0.922112545241605
102 108 0.3432690858006451
102 131 -0.6737954214830633
104 110 -0.08883241588922464
104 129 0.895715680229443
104 131 -0.2491737729442267
105 114 0.7593641534529691
105 119 -0.0010897203400817013
105 122 0.20477984272353744
106 107 0.5470678522248824
106 112 -0.5085295677544013
107 124 -0.9624632880563702
108 126 0.6184786642290767
109 137 0.46502960085613254
110 113 -0.36828283628585523
110 116 -0.052802087925162944
110 125 0.5781205978963058
110 132 -0.39661588946043214
111 137 0.4964349024092858
112 132 -0.4996016660385012
112 143 0.4701541649391283
113 119 0.4208980626615688
113 130 -0.9018656448745868
115 131 -0.535283333747157
116 118 0.08319579015479417
116 128 -0.4339206692235722
116 135 0.3324327789193866
117 122 0.5217559351066632
117 141 0.4768587893736116
117 142 0.8876885234611445
118 122 -0.9924736129739644
118 139 0.49744682771988025
120 127 -0.4866344934890552
121 127 0.9918727102772111
121 129 -0.9044989586701906
122 137 0.8035331381029784
122 141 -0.11394556690213964
123 125 0.8558987330503636
123 128 0.24311192849038132
124 128 -0.017235723292292393
124 141 -0.8007799981728161
124 143 0.07544707120466154
125 128 0.7143319455116315
125 130 0.43877718741096494
125 140 -0.2611019686957059
126 132 -0.7071134152002716
126 133 0.4055433052758397
127 130 -0.5978506020833265
127 134 -0.8880188743058735
128 143 -0.15088659449561148
131 136 -0.9415141378680818
133 139 0.6943092351789695
140 144 0.3652136972316562
