135 3154
0 0.9602459446762652
1 -0.5491587545481886
2 0.2084697297782625
3 -0.4173131836736539
4 -0.19572608313768547
5 -0.5321463669797966
6 0.30872365244834277
7 -0.27282121628157463
8 0.1098986063571814
9 -0.8969255196405712
10 -0.7398453845656121
11 0.020272572571056413
12 0.8664786747786164
13 0.7591303067171078
14 -0.46479390939366394
15 -0.8252927428190253
16 0.33865599088422194
17 -0.3462806585696663
18 -0.6804323058432942
19 -0.5378421939105082
20 -0.5430140276983979
21 0.7549914740676555
22 -0.2988457761342749
23 0.9345226375317865
24 0.6939022052857364
25 -0.9158351738565498
26 0.7607642320825592
27 -0.278252751630613
28 -0.5909975141238084
29 -0.5177698473785797
30 0.5252238272894163
31 0.5061816167152515
32 -0.7548796081280897
33 -0.13463821752571503
34 -0.9536592104325032
35 0.9732193103614115
36 -0.43026238864686217
37 -0.14976607618447768
38 -0.09082466616193896
39 0.18798839330609507
40 0.6214689515696483
41 -0.024033460719780964
42 0.8273989875917049
43 0.025663839689423984
44 0.3481754785154998
45 0.43348863040192764
46 0.5190990114329979
47 -0.3484772889353005
48 -0.5458294035125355
49 -0.7060316509555369
50 -0.4576651849880813
51 0.8063347209838436
52 -0.5149482124766027
53 -0.23530083471074503
54 -0.9626198306551559
55 0.013533916867207951
56 0.680937785519562
57 -0.23441445005728445
58 -0.2658150883084214
59 -0.04344604678215469
60 -0.25099372068514114
61 0.6128649912175466
62 0.7305874467760427
63 -0.4167010051400468
64 0.7077314314054075
65 -0.1963795852160204
66 -0.9332205799144351
67 0.6631286732872215
68 -0.6441011840779534
69 -0.4766203655187269
70 0.4661752853377086
71 -0.6822836225955176
72 0.6362286865456293
73 -0.6407930259936823
74 -0.1883121591782273
75 0.30180352325374327
76 -0.823069758684809
77 0.1760751530332496
78 0.6463652655918903
79 -0.5706122444466462
80 -0.43372835778312036
81 -0.34246011573630875
82 0.5725592044046157
83 0.6656763711605673
84 0.9913360010666916
85 -0.9394179250091788
86 0.8600797675950993
87 -0.8465569927000969
88 0.5718252667368753
89 -0.6173531021422167
90 0.4033693210515146
91 0.18724970700332189
92 0.8576034905171106
93 0.4631404528668217
94 0.2955113072204949
95 0.02887763079844352
96 -0.825693120956067
97 -0.12209229462634741
98 -0.026614258816196168
99 0.29380939926177674
100 -0.24702593180317134
101 -0.37326780626082057
102 -0.6087696884867768
103 0.4278072001648596
104 -0.10528174722572015
105 0.011941073006669134
106 0.804584262695889
107 -0.2735625103737378
108 0.5704475254202832
109 0.7801080214463147
110 -0.07407532587000398
111 0.03749415105495446
112 0.8730736047651704
113 0.2002072608879344
114 0.5414506249439917
115 -0.7276153253763191
116 -0.24678335173483013
117 0.9795833420518938
118 0.4835990724202639
119 -0.6596648153222264
120 0.8635983564419683
121 -0.3701341885321696
122 -0.05107194211785293
123 0.8999381320504258
124 0.9844931695801298
125 0.8137268975114615
126 0.4477587661901916
127 -0.7486563672007809
128 0.5860482212066556
129 -0.6513002759458839
130 -0.013477112879806352
131 -0.37438924717756983
132 0.5993114388387795
133 -0.32761106309638
134 0.17963466270112982
0 1 0.7290174160580669
0 8 -0.7035891768734308
0 14 -0.9825571043663675
0 23 -0.49491641368749373
0 28 0.22229662318156285
0 30 0.8010800893433172
0 33 0.45239170173675647
0 34 -0.8759704231881256
0 39 0.9131810368265687
0 42 -0.7033863755589975
0 46 0.600510182849066
0 48 0.4499373645461775
0 49 -0.6797469967082466
0 51 -0.25991599039382973
0 53 0.11436415746605433
0 60 -0.5191885989240212
0 61 0.38522475512953447
0 63 -0.21932383108051057
0 66 0.36642485468786834
0 68 0.5367395641825754
0 71 0.8251134100702304
0 74 -0.3631489392918319
0 76 -0.9379753461709999
0 80 -0.7946589831546769
0 81 0.4678304318464046
0 83 -0.9806030796164718
0 84 0.256665293571118
0 87 -0.7173877467955416
0 90 -0.21058567146675045
0 91 -0.47352202196790527
0 96 0.7749209306155509
0 100 0.741932197408772
0 104 0.5041111242168728
0 105 -0.9732960126952925
0 106 0.2985818402835363
0 107 0.6116817320949302
0 108 0.06084909723631493
0 111 0.25294212220720347
0 112 -0.04623185719246958
0 116 -0.4895654828563789
0 120 -0.49765260764212327
0 122 0.7109855989480096
0 123 -0.5068078593787031
0 124 0.12737582987760843
0 130 0.8770568046297502
0 131 0.22994660833913794
0 134 -0.5129041178140139
1 4 0.7780110899602557
1 9 -0.7111091832818139
1 12 0.14889239643886465
1 15 0.06988266071552718
1 16 -0.9727932750093824
1 18 0.8000101214066027
1 22 -0.26572991264444923
1 23 -0.5885169006851922
1 26 -0.7523172890822822
1 28 -0.41287987999709697
1 29 -0.675812845783738
1 30 -0.05833740540548571
1 34 0.7745263250445906
1 37 0.8368913381814116
1 38 -0.8728685190634691
1 41 0.7922080602880062
1 42 -0.8961327109682202
1 43 0.11741240935777353
1 44 0.6369424189615744
1 52 -0.982107808871074
1 56 -0.8022245634312788
1 58 -0.5079238256423191
1 62 0.9997269899044166
1 69 -0.4498029998076456
1 71 -0.7521423940076659
1 73 -0.7727856909619728
1 76 -0.13479724194322928
1 77 0.6101715417639444
1 79 0.48331217512462765
1 81 -0.8453236229722969
1 84 0.8913709068480704
1 87 0.47612168392817633
1 95 0.22889009355603385
1 98 0.07692754430098825
1 99 -0.5506112142632484
1 103 0.4924840385344529
1 104 -0.910141465295683
1 109 0.9426816645481968
1 111 0.6859904422621179
1 112 0.6406956148917473
1 114 -0.09142664218117202
1 116 0.8117721308193049
1 117 0.36361250926034194
1 118 0.5532112465449568
1 120 -0.5452447475917597
1 127 -0.9201567959720094
1 130 -0.7445017828940634
1 131 -0.06949699405717147
1 133 -0.19646540228717324
1 134 -0.8154558331709512
2 6 0.9897345673066671
2 8 -0.18761048480597742
2 9 0.9415032438700475
2 11 -0.6052861787352362
2 13 -0.11169461814086601
2 15 0.5303392506433224
2 20 0.8551210387109149
2 21 0.912926636320047
2 26 0.3092312851602139
2 31 -0.22297138535119188
2 32 -0.8399408533631021
2 33 0.3365861196183988
2 34 -0.8382345192580489
2 35 -0.8343504277984337
2 36 -0.06305988086030223
2 39 -0.9961491291504041
2 41 0.8098482050086133
2 48 -0.8727946633626895
2 53 0.6660978742048933
2 55 -0.6050206080458969
2 57 -0.7032280713787145
2 58 0.6574673433147291
2 62 0.8135515279888668
2 63 -0.24456734022818405
2 64 0.011958505478698589
2 65 -0.12801572951675166
2 66 -0.6328283158976304
2 67 0.07956705605034875
2 68 0.3373915182314753
2 70 0.5849357039122978
2 71 -0.26020530639655504
2 72 -0.6147928937788072
2 73 -0.029551917830600072
2 80 0.07881426849882645
2 83 -0.02806008785557368
2 84 0.2032023480292935
2 89 -0.9763865137343772
2 94 -0.8922570406394825
2 95 0.7073168711033007
2 98 -0.3639870442701625
2 106 0.3780717319165343
2 108 -0.45119786137996054
2 114 0.3553103003634108
2 116 0.04534542922768958
2 122 -0.933864195079321
2 124 -0.6098934573896808
2 125 0.2281154898508586
2 128 0.20787122478495124
3 7 0.9235492191224322
3 11 -0.61798261825992
3 12 -0.19183640034183513
3 16 0.6993998025717245
3 18 0.6321901095957541
3 23 -0.5622532861366605
3 28 -0.960730264871692
3 30 0.6245775978564809
3 31 0.5091624234298717
3 33 0.9157125374434381
3 34 -0.6911259585012985
3 35 0.4026848738180555
3 36 -0.07496066949372882
3 37 -0.5195291552544667
3 44 0.5532633109508369
3 45 -0.900069950541271
3 46 0.01743222885782103
3 55 0.8380364202731803
3 58 0.40839667857432405
3 60 -0.6852107589619172
3 61 0.7843876420101008
3 66 -0.8676785152411863
3 70 -0.6369140149406887
3 72 -0.5724550869346987
3 73 0.6672423167897017
3 74 0.14625073097035735
3 79 -0.9680489876900931
3 82 -0.510231636180758
3 89 -0.6340437927781528
3 90 -0.7332903210718178
3 92 -0.5767840724712621
3 93 0.256839666199671
3 97 0.15486069097453448
3 98 -0.4834601707517485
3 102 -0.11728031599116595
3 105 0.322584695617643
3 108 0.7024472968737132
3 111 0.09305509282573454
3 115 0.38672915297753585
3 117 -0.9427793619391767
3 120 -0.18690066834198737
3 124 0.9437293716756774
3 125 -0.4878392876072193
3 128 0.6999083957154932
3 134 -0.7228504896684302
4 5 -0.6774553291234222
4 7 -0.8780767071956987
4 12 -0.1979664812254367
4 13 0.5137901923696753
4 14 0.5233037638634983
4 17 0.6461015631828375
4 18 -0.06353801553721561
4 19 -0.4559683446447065
4 21 0.6825075268926961
4 25 0.1796182577790575
4 27 0.022572987699140068
4 29 -0.970285402630193
4 30 0.2986828597730986
4 35 -0.537771051159349
4 36 -0.2847774358788402
4 39 0.5416984864670202
4 43 0.38254314235985043
4 45 0.9817972466345761
4 48 -0.854751665767538
4 50 -0.10735212034275321
4 54 0.6219992692959111
4 56 -0.7701205546160552
4 57 0.6437031685567454
4 58 -0.34185562912657574
4 59 -0.28297138667855104
4 68 0.6196636232132453
4 71 -0.848361658524319
4 73 0.14528239555710432
4 81 0.6794118925243713
4 83 0.17748806755357993
4 84 0.7454732763663279
4 87 0.45328387773701206
4 88 0.5275736985750055
4 89 0.4363937334897312
4 90 -0.5694558907003
4 94 -0.8930332031470125
4 99 -0.7674659488531488
4 100 0.037845443263468725
4 101 -0.3202332684129743
4 109 -0.23388352533224133
4 115 -0.8212196709373754
4 119 -0.43605442058619803
4 121 -0.11291041176580152
4 124 0.9883638933319852
4 125 -0.6714745095542578
4 126 -0.300641389426199
4 128 -0.634768303989155
4 129 -0.7583753655180332
5 7 -0.7889095767348666
5 8 -0.03596929198027299
5 21 -0.8113780256578498
5 22 -0.9007403693576381
5 24 -0.03307315893734675
5 29 -0.4665408701645841
5 31 0.8465536758175423
5 32 0.42834553099180384
5 33 -0.5449285091204592
5 37 -0.4799882123360766
5 38 -0.7696079780431662
5 41 0.4647623972476529
5 43 -0.79470123141411
5 45 -0.3876552502535249
5 50 -0.21719930439083046
5 51 0.40840771799839093
5 52 -0.7950175069797003
5 55 0.47113006346134423
5 58 0.7575385581545282
5 59 -0.08878225650680283
5 62 0.8137771019839497
5 64 -0.31487982416938376
5 70 0.8698138647903104
5 71 0.6084016386931783
5 72 -0.7515754209356331
5 77 0.5936498112298454
5 78 -0.8668926422935117
5 82 -0.574991552290061
5 85 -0.7686058046230357
5 87 -0.10989035838781747
5 89 -0.19803083412789158
5 90 0.2419846776453618
5 94 0.45992093243763077
5 96 -0.5455212341233646
5 97 0.3665365108698819
5 98 0.15632217371423618
5 101 0.47389645796499735
5 103 0.44361146659876094
5 105 0.920305804081043
5 114 0.8756670370844617
5 115 -0.9888607148727484
5 116 0.19649295412622525
5 117 0.8281102812672332
5 118 0.2436153436358499
5 121 0.5053164823084886
5 122 -0.456022809156287
5 128 0.06743962354161726
6 10 -0.6685914364263048
6 13 0.6982425569080775
6 14 0.6980477969603585
6 15 -0.5055394460139453
6 20 0.7084729612622296
6 26 -0.8831341424615393
6 27 0.9571772521012232
6 32 0.37665044156274474
6 33 0.38089588859568124
6 36 -0.3435754278303391
6 39 0.057096609775721285
6 41 0.8138498949716624
6 42 -0.47104237603201726
6 46 0.7482905474709276
6 52 0.25912660987472713
6 54 0.29256504043336884
6 56 -0.022726613246971228
6 60 -0.5675649606303166
6 61 -0.3118290854849928
6 70 -0.7484919988252494
6 72 -0.9626348052514344
6 75 0.1446773416480891
6 80 -0.21638384910178554
6 82 0.7242709501333475
6 83 -0.5482330410808121
6 92 -0.5671962919632232
6 93 0.5114706368191442
6 96 -0.6451435603285367
6 99 -0.5519857452480972
6 104 0.9225448605747197
6 107 -0.4022238329870975
6 110 0.8377923454083591
6 111 0.8397851940338958
6 112 0.3085446074931564
6 113 -0.2860166860709539
6 115 -0.21472154878597793
6 119 -0.8772135361769957
6 120 -0.5732739078949518
6 121 -0.3196742565143349
6 123 0.4490352492809768
6 127 0.13399107484722284
6 129 0.684348270405382
6 133 0.31997197565517355
7 8 -0.4740497736558549
7 17 -0.7628015495724783
7 22 -0.008126264994954724
7 24 0.011155179333426801
7 32 0.4703941747401974
7 35 -0.8999149526527279
7 36 0.6351709816673621
7 37 -0.2665295376889296
7 39 -0.3410611672083521
7 40 -0.28428168570359547
7 44 -0.5364672947305722
7 46 0.8050103700003908
7 47 0.9897109212062423
7 55 -0.22758129206658761
7 58 0.6462190090400861
7 59 -0.8987755716916708
7 60 -0.6062313355639253
7 61 -0.09620818647409557
7 63 -0.9490734632714908
7 67 0.8861599603836803
7 69 0.7555149307146742
7 70 -0.10189290245127358
7 74 0.47118960533539767
7 75 -0.3805205146714843
7 76 0.533830196149714
7 79 0.266830987546143
7 81 0.07450086298908598
7 82 0.6860937360083315
7 83 0.752591242695505
7 84 -0.9786596187969354
7 85 0.08229044487678494
7 87 -0.7759590902910196
7 90 -0.2066218707892793
7 92 -0.28042733958306987
7 95 0.05958975428359703
7 97 0.5385776817423404
7 98 0.23251065242773872
7 99 -0.08307510284098596
7 100 0.30908491603298494
7 102 0.5801081134780846
7 103 -0.7561279827693679
7 106 0.849901536236443
7 109 0.7249939151496778
7 110 -0.4220121937115171
7 117 0.7244207589026017
7 119 0.41237989638813066
7 123 0.22494546632043133
7 124 -0.11554301330239047
7 130 -0.834674355746305
7 131 0.8646138566121853
7 134 0.40531220687374114
8 11 0.7629056550068702
8 15 0.38932389251962274
8 16 -0.04929679340734272
8 18 0.35514771292058644
8 21 -0.3395992502572782
8 22 0.9823093816965844
8 24 0.7878967126943737
8 25 0.0013355689603828935
8 26 0.9393459913999938
8 27 0.07404398786074484
8 28 0.6178498141370676
8 30 0.8083176393085738
8 31 -0.17404236669862683
8 33 0.5251307941824348
8 38 0.5766349419262287
8 40 -0.22152415885404397
8 42 0.1704786576867272
8 45 0.4743101233600473
8 49 -0.6811393259812433
8 50 0.720809077647905
8 58 -0.938112579908851
8 59 0.18687850223237756
8 65 0.6269638593649898
8 67 -0.991270069292284
8 69 -0.39741309439284356
8 75 -0.19044907852086101
8 76 -0.8039159797068542
8 78 0.034603516089638964
8 88 0.9954869308188621
8 90 -0.027715316401462076
8 92 -0.39760368469234697
8 93 0.2313822909029677
8 94 -0.2773459846918429
8 96 -0.5750224338671406
8 97 0.834847936083635
8 98 -0.16176491018756356
8 99 -0.03914725050088874
8 100 0.3496665619108321
8 108 0.8682964273783476
8 109 0.7821386797808534
8 110 0.7499255474155686
8 111 0.34218608855315424
8 113 -0.41105562556777664
8 116 0.8324853834147055
8 119 -0.48384748442293524
8 121 0.23285333571524003
8 123 0.7265470784263823
8 125 -0.4757463264298776
8 126 -0.7246957438800796
8 127 0.7443079181198189
8 128 0.9777805242458355
8 133 -0.05331335544269167
9 22 -0.6185113640199038
9 23 -0.6945454514463654
9 26 -0.9336110369846573
9 29 0.48470354472769595
9 31 0.9487872521525826
9 32 0.012019731691522706
9 38 0.3605208160329969
9 42 0.38440358679875297
9 49 0.14273972923928913
9 63 -0.9798141467573807
9 66 -0.7551322663408886
9 67 0.5285409792353084
9 74 -0.3203664869110556
9 76 0.021418686655885866
9 77 0.9485441038176017
9 78 0.38005062279136337
9 79 0.1415370822741422
9 81 -0.6111796692121119
9 84 0.7104777787085783
9 86 -0.73797324310742
9 87 0.9269565431178071
9 93 0.16115259820299221
9 94 -0.1722495734815903
9 101 -0.635128929345357
9 102 -0.8046639219153806
9 104 -0.24239031255290944
9 109 0.16663421004280554
9 113 0.335767271533016
9 115 0.3785394585717927
9 118 0.5843805506741198
9 119 0.6591399754003529
9 120 -0.3304819170226423
9 121 0.6729334613669897
9 125 -0.9902660799716188
9 127 -0.5021009265073322
9 128 -0.28458184937173914
9 134 0.5366776634818573
10 11 -0.37875067003241414
10 15 -0.9699069819809021
10 17 0.981069293518003
10 20 -0.6443095261165097
10 28 -0.176212612976951
10 31 0.030173416456656055
10 32 0.5259082966242012
10 35 0.5759123501909602
10 40 0.35638039600112625
10 41 0.9571693528998348
10 42 0.5586030273017075
10 43 0.12008717792796442
10 48 -0.30525780498554256
10 57 -0.6101534527416861
10 58 0.22283809835970403
10 61 -0.29799732044743643
10 63 0.08298341908204399
10 72 0.07249907179051984
10 75 -0.3435238310440756
10 78 0.8148622747113423
10 86 0.6608329251034111
10 87 -0.5047259870834531
10 99 0.3343393406060615
10 102 -0.5238550062855984
10 114 -0.9930657087944863
10 118 -0.22889805412095177
10 120 0.8273489264412741
10 121 -0.6480629087638177
10 125 -0.5421863239350355
10 128 -0.9564909771629775
10 132 0.5621479095711523
10 133 0.3739009744887418
11 18 0.717601155502521
11 20 0.6775782564663593
11 22 -0.8983306969563334
11 24 0.8659494368066223
11 25 -0.010948448652558174
11 29 -0.3582558885338485
11 30 -0.3177151809073988
11 31 -0.3849937584805756
11 35 0.7487217108798154
11 40 -0.30575762393149986
11 46 0.9780188399605536
11 48 -0.6451108272287653
11 53 -0.23132020749887472
11 58 -0.1491006355429252
11 59 -0.8839888582615167
11 63 -0.060950614069612996
11 64 0.9878230042825733
11 65 -0.17483124569281183
11 67 -0.37403422220566584
11 69 0.0400175151566895
11 70 -0.13207869520933468
11 71 0.4616700618682734
11 75 0.49849332247290645
11 76 -0.3334716839926515
11 77 0.14229569767457173
11 82 -0.8458244449384831
11 83 -0.8227404321610383
11 84 0.3131068814254607
11 85 -0.8626090795352528
11 89 -0.5670842097987567
11 98 0.6344361161987353
11 104 0.44649598071970864
11 107 -0.7034852462653363
11 109 -0.5676458425925852
11 113 -0.2965877144033844
11 114 -0.7599453786542827
11 117 -0.3640181978384551
11 120 0.5577126793746561
11 122 0.6841466466083039
11 123 -0.3503377365140332
11 126 0.6675625337909861
11 127 0.7381487918905347
11 130 0.4779394349095407
11 132 -0.9434099920737751
11 133 0.7165728458144713
12 14 -0.9030622740644947
12 28 -0.7336295925626046
12 30 -0.4333846731695741
12 34 0.8523595569546427
12 35 0.18297900938854084
12 41 0.49169577598647574
12 42 0.6390927254122791
12 47 0.8298538291810293
12 52 0.29516232261792097
12 58 0.7075206144339248
12 60 -0.47755880887071056
12 69 0.7820739500341061
12 71 0.7570355083814568
12 75 0.09523233759545802
12 79 -0.4865904143027242
12 80 -0.32340694450920826
12 83 -0.21324859870972013
12 86 -0.3989703370577071
12 90 -0.7590634113563608
12 92 0.02984513074045525
12 93 -0.26661692293748174
12 99 -0.14073374468745037
12 103 0.15649270753316857
12 105 -0.7095491675343231
12 109 -0.3315060105743102
12 111 -0.19208677710706867
12 112 0.652464630000015
12 113 0.5597659073591397
12 116 0.34429571549284677
12 119 -0.5660856056461248
12 124 -0.8849031445859035
12 130 -0.7066174367904356
12 131 -0.5977022019595755
12 132 0.417091965273539
12 134 -0.5346713964588587
13 16 -0.2342690186805545
13 18 0.44585930324228906
13 19 0.2237588781663411
13 21 0.15315427043135044
13 24 -0.20979341611816915
13 36 -0.9388981176894211
13 39 -0.4690392593182726
13 40 -0.28287148480636737
13 43 0.13139664734357837
13 44 0.9131707051250748
13 46 0.8997659135492306
13 50 0.5743289351586442
13 51 -0.4179968757017336
13 53 -0.12859577633357522
13 57 -0.1695931232736161
13 58 -0.12172220456014426
13 59 0.9930184882315374
13 61 0.25384483498036836
13 68 0.4231182596370704
13 69 -0.7134292834246974
13 76 -0.16918297250358227
13 78 -0.2739684285171433
13 83 -0.05750150559552569
13 86 0.1649350948446977
13 87 0.6358153219954181
13 88 0.7482917993345042
13 92 0.33230105036085456
13 101 0.0014402020933634851
13 108 -0.6722655735926901
13 113 0.14492295867842087
13 114 -0.7129024179956387
13 120 -0.9384034774830947
13 122 0.3822378463439342
13 123 -0.4958920013744168
13 124 0.37325983247570704
13 127 -0.7331625304435327
13 130 -0.8338965437853361
13 131 -0.14974246532864322
13 134 0.37228537078711454
14 17 -0.8655012254654995
14 18 -0.29584274182973913
14 21 -0.2968607899484723
14 22 -0.21135554560921044
14 26 -0.02513905317910492
14 29 0.7061629831624394
14 30 -0.4723012344307451
14 32 0.5466613759323935
14 34 0.10970120779771664
14 38 -0.13632188069873696
14 43 0.29817674852900544
14 45 -0.740661005984159
14 47 -0.4778919193729223
14 54 -0.6156456014613947
14 57 -0.5307034757570159
14 59 -0.4360027267118587
14 61 -0.13568390802560382
14 69 -0.08370515578816806
14 71 0.3732047683751598
14 73 -0.5154658097028031
14 76 -0.08890422485170824
14 79 0.4780036592117012
14 80 -0.13758569327099401
14 85 -0.200903607615746
14 88 0.5582748074458919
14 92 0.11948812459381797
14 93 -0.15130123189327316
14 94 -0.42517765593082935
14 95 0.09479384607908603
14 96 0.1631598048923557
14 100 -0.7181322154957248
14 102 -0.48941916144830233
14 103 0.4852368116753598
14 104 -0.7493211556693633
14 109 -0.42303074121905926
14 113 -0.44652519663691237
14 114 0.25850915729534796
14 118 -0.24993008321998822
14 121 -0.10836335651898632
14 123 -0.6555449561591462
14 124 0.05000732507628647
14 126 -0.5094230616019595
14 128 -0.569526679053272
14 132 0.07507225149146413
15 16 -0.3009222477014608
15 17 0.019157647046420312
15 18 -0.4610290441264233
15 25 -0.8949440751768072
15 27 0.977079674079828
15 28 -0.5414027661389249
15 29 -0.3136124669424114
15 35 0.7019907190698598
15 37 -0.07429380904089
15 41 -0.8396274904448238
15 43 0.6227770140557642
15 44 -0.46905750026659865
15 45 0.01613150228878757
15 53 -0.8902295695160696
15 54 0.3295417817686299
15 57 -0.8000479834340664
15 58 -0.39316375907754475
15 59 -0.3223910635943774
15 64 0.5790310504702794
15 67 0.04055913312620918
15 70 -0.8135223644194804
15 72 0.3528800227022191
15 73 -0.33379831543201477
15 78 -0.40090265573142414
15 81 0.004693938941348508
15 82 -0.062141786699777324
15 84 -0.7233531189038993
15 86 -0.7004157155992243
15 91 0.7645168584951578
15 92 -0.5714395901972289
15 93 0.5911356876695419
15 96 -0.7406890063869098
15 100 -0.7982916293295319
15 104 0.5605665326620883
15 108 0.9739602828872511
15 110 -0.6838498898494418
15 113 -0.4447898682272522
15 116 -0.9669711402868979
15 117 0.8204629407682222
15 118 -0.42425512217733896
15 119 -0.8372709768270876
15 120 -0.2673499017567691
15 130 -0.5478382398426935
15 133 0.42042299473904077
16 23 -0.9061689955921113
16 26 -0.5496396948930327
16 30 0.5347153266019951
16 32 -0.7468989097037595
16 33 0.2432948178792047
16 34 0.6661850864686201
16 35 0.07346827828756952
16 39 0.8039867992637624
16 40 0.5671758228627573
16 41 -0.24130017141102122
16 47 -0.2943382834889148
16 48 -0.5381104904412222
16 52 -0.8040607275063787
16 54 0.332534349497178
16 55 0.5463493560623933
16 59 0.5057004006355568
16 61 -0.8553430443650039
16 63 0.04313482050263384
16 64 0.7054423558931409
16 66 0.866720707344584
16 68 0.4573959578600253
16 72 0.09103044067738164
16 75 -0.5035328549466449
16 77 0.33900438380952225
16 79 -0.24142119114109883
16 81 0.671311289144126
16 82 -0.9903193459464545
16 84 -0.9948778670883172
16 87 -0.17547928348574704
16 89 -0.3986911760256926
16 92 -0.5141706189841144
16 97 -0.9345979217404636
16 100 0.44480230940535903
16 101 -0.511187529167191
16 102 0.33480093554104684
16 105 0.008715313981886963
16 107 -0.9371654878597855
16 108 0.8716115592871512
16 109 -0.615131769654657
16 117 0.12145495627315306
16 121 -0.8459795325756145
16 126 -0.70528260340374
16 127 0.23261582621762456
16 130 -0.5897423356937492
17 18 0.814078497370772
17 19 0.4673818105344838
17 23 0.2208491835413413
17 25 -0.9845505680546724
17 27 -0.6252009919061368
17 28 0.0714826922421774
17 29 -0.9056342690179839
17 30 -0.8873313742213427
17 36 0.20476601071070033
17 39 0.8699143647605845
17 41 -0.5479715979359421
17 42 0.6111636075224769
17 48 0.43883334664530316
17 54 0.0777046234649843
17 55 0.4889404293725692
17 58 0.05283899543161086
17 60 0.16179601555666534
17 64 -0.22537672287529364
17 65 -0.901255849058461
17 68 -0.3830255403516174
17 73 -0.36009752936347317
17 77 0.8133224207913603
17 78 -0.6234057384636238
17 79 0.7387617725708413
17 84 -0.48783310172771865
17 92 -0.4322113911767447
17 93 -0.9411617286567
17 95 0.23556814186444952
17 98 0.00025772091014708565
17 99 -0.45969826908509237
17 104 -0.7956769759863351
17 107 -0.8372167129042059
17 110 0.7070800910135318
17 114 -0.4031515961533736
17 116 -0.7136499287160933
17 117 -0.640317385905921
17 118 0.6481463531242999
17 119 0.46740515858094267
17 128 -0.7653038688212006
17 132 -0.3449828231584837
17 133 0.0876690619560958
18 22 0.35119909593681364
18 23 0.9382089468294696
18 24 0.7105943157966124
18 28 0.13512188115632284
18 29 -0.3719884869529442
18 32 0.8791040666094583
18 33 0.5423592839026106
18 38 0.4416721698380319
18 42 0.7172820886263558
18 45 0.5440113507339357
18 47 0.9803237122003619
18 49 -0.1270608335675243
18 51 0.6013139393720282
18 52 0.5820074082089366
18 57 -0.5515708026517141
18 58 -0.1724894334647773
18 60 0.5137356386468983
18 63 0.10086910956929218
18 67 -0.8082234946471998
18 68 -0.6745359143137812
18 70 0.6951085667994816
18 73 -0.10869520158264656
18 75 0.3903037196895671
18 81 -0.17994747820836454
18 82 -0.3494183865855047
18 83 -0.828984172321577
18 90 -0.8237159044096749
18 92 -0.36818541236569957
18 93 0.409793387242805
18 94 0.8600577507220777
18 95 0.01096109038458648
18 96 0.08548335945839769
18 97 -0.14205912870958404
18 101 0.9614439902537659
18 106 -0.047786216665568704
18 111 -0.48950732754279724
18 113 -0.5349914681743284
18 115 -0.30587729547657894
18 120 0.5881855169387031
18 122 0.09846006289525033
18 124 0.627635419761549
18 125 0.3137979524779493
18 126 0.28099129000242096
18 128 0.820464754973391
18 131 -0.2849034546367364
18 134 0.8383197746634607
19 20 0.6115566624576991
19 22 -0.9136511730391608
19 29 -0.5876778165664347
19 30 -0.7277206953618818
19 36 0.29217076627880734
19 39 -0.27593682255603436
19 40 -0.5615991217057457
19 41 0.7425903697495748
19 44 0.4349867761505728
19 47 0.7140822899967705
19 49 -0.7958414916659906
19 56 0.22646018867758966
19 57 -0.6763285009333353
19 58 -0.20581042513354064
19 64 -0.011304935049582632
19 74 -0.9035800712630164
19 77 -0.7246604610104321
19 84 -0.31096853237552935
19 85 0.12029961296913183
19 87 -0.7162966893656082
19 90 0.4458450300783199
19 91 -0.954132873901085
19 95 0.6607895020846324
19 97 -0.26995859469410766
19 100 0.1676252282908819
19 101 0.9320707147195255
19 104 -0.026783603206989692
19 110 -0.5800700848260898
19 115 -0.7678025392460837
19 124 -0.9344205908835927
19 133 -0.2546270829454973
19 134 -0.36868112209394543
20 22 -0.5048902096175152
20 27 -0.03927169465271052
20 30 0.2957942313385098
20 31 -0.3408026828492714
20 33 -0.20926333385711882
20 35 -0.9460404802203057
20 37 0.824815322346776
20 38 -0.40662709763642035
20 40 0.47727806903302095
20 41 0.0937485381546237
20 45 0.8185115327911783
20 47 0.24590042432015058
20 52 -0.41203322612935644
20 54 0.442729580797786
20 55 -0.0669766493131223
20 57 0.1575655399543887
20 58 -0.8398092386677201
20 60 -0.9642526064915486
20 61 -0.23161122105973897
20 62 0.08708715586900828
20 65 -0.18219066931483408
20 74 0.5482614896620934
20 78 -0.19357361141975837
20 82 0.5690270390664784
20 83 -0.31691591622429094
20 85 -0.6629371744228785
20 86 0.4734942334728083
20 89 0.1368286107101826
20 90 0.012195934285963217
20 91 0.8147070545854833
20 96 0.26711238804193993
20 97 -0.22485511638457867
20 101 0.4968323366831
20 107 0.26885258301545756
20 112 -0.8747743245655752
20 114 0.7542954941782016
20 116 0.11015895953811183
20 118 -0.41547391482007145
20 121 -0.2515510268623624
20 123 0.6089137641656426
20 128 0.05524705372824101
20 132 -0.6091212585890808
21 22 0.7844350931307671
21 23 0.7736259855957979
21 24 0.10732035107964544
21 26 -0.1313572475666276
21 27 -0.819457494228716
21 32 -0.8986955203746729
21 33 0.5776450408250724
21 34 0.5024475087951894
21 38 0.2271161953437244
21 40 -0.28066825438008647
21 41 0.19660311755862536
21 50 0.18517185606931985
21 56 -0.8763518920317896
21 61 -0.3321559298347252
21 63 -0.970905267586341
21 64 0.317732653450731
21 67 -0.15870459687522187
21 68 -0.44143837344738945
21 70 -0.6805003973704824
21 71 -0.5356194218630805
21 72 -0.2617264389388336
21 78 0.7454809855780249
21 81 -0.0345346918869438
21 85 0.09276896216406261
21 86 0.4517928727805851
21 88 -0.23989619681566943
21 89 -0.678922390994924
21 90 -0.5781983865522136
21 95 0.7001324338855086
21 105 -0.17409987991158582
21 106 0.1509118411862258
21 107 -0.6068657240374076
21 109 -0.29696995960498374
21 113 -0.6553180501038918
21 116 0.30213615273676053
21 118 0.5585663404947658
21 120 0.4538766456824235
21 127 0.8820445548239639
21 128 -0.647195688991113
21 130 -0.41788967903320295
21 132 -0.8927011979431034
22 26 0.8866406110640541
22 27 -0.9958229230072602
22 30 -0.5857609512802209
22 32 0.19710980090477914
22 36 -0.9905397791765571
22 38 0.4016776447478476
22 41 0.7926112364372693
22 45 0.06735613775615468
22 48 0.29454110429663527
22 61 0.8516507096639874
22 62 0.32894911282555817
22 70 -0.47395497417957033
22 71 -0.9028839621119733
22 72 -0.9522238105598357
22 73 -0.10409005964956641
22 84 0.671320688892542
22 85 -0.30719397585082575
22 86 0.23088619878981964
22 90 0.47321154730486126
22 97 0.934106698376149
22 101 0.40703799630873516
22 106 0.8468230691356224
22 112 -0.03246121530947366
22 119 0.056324239147860444
22 123 -0.22073014252481493
22 124 -0.23622414640596956
22 126 -0.8447986114143493
22 130 0.7320604305147167
22 131 0.016743193969573023
23 24 0.7984999354978679
23 26 -0.23008327564431053
23 29 -0.4154062817452069
23 34 0.2354326345556379
23 37 0.24929220968022392
23 40 0.32312867060726824
23 42 0.864518152233323
23 44 -0.13563650077031908
23 45 -0.07344371401082506
23 47 -0.6045542368112178
23 49 -0.2948189631041904
23 50 0.8346263537842393
23 51 -0.5223842917671646
23 53 -0.04850075939661891
23 54 0.5251720156473476
23 57 -0.4892230244876419
23 58 -0.33243738098029363
23 59 0.13231555246391613
23 60 -0.08021205010729449
23 63 0.5714758559222202
23 64 0.44354315130842004
23 70 -0.2768749699212747
23 74 -0.92900402299533
23 78 -0.8342068307307469
23 83 0.2045303759265522
23 84 -0.919676978960527
23 86 0.185850534795301
23 92 0.5939816650193093
23 94 -0.8815518142608296
23 96 -0.6809273306613874
23 97 0.990383731243927
23 107 -0.940343297840166
23 114 -0.08115196222781496
23 116 0.2839601802712335
23 122 -0.6556013991969047
23 123 0.46995773288069653
23 129 0.2761154366941929
23 130 -0.24570715990800918
24 26 -0.021104614496362695
24 30 0.5120464187591174
24 32 -0.653075583831563
24 33 0.9326515393636419
24 41 -0.8376115955204937
24 42 -0.24532508444913015
24 43 0.8929122514709162
24 57 0.6574518752978904
24 58 -0.23424855919585563
24 60 0.5605551478266542
24 61 0.4619229974333108
24 62 -0.7729951363594216
24 63 -0.006057788997235081
24 64 -0.48393948781215723
24 66 -0.06174339059088796
24 69 -0.0574351760641445
24 71 -0.46336956329966683
24 72 -0.8586791061876331
24 74 0.08246046804818152
24 81 -0.36653526805484127
24 86 -0.3136337358162695
24 87 0.2500107373254137
24 89 0.023389619364379888
24 91 0.6323280513076459
24 93 -0.4601760916090436
24 95 -0.47361892279185724
24 98 -0.5228047969528271
24 101 -0.46572561484861663
24 102 0.2195536122532915
24 103 0.560368339023495
24 105 0.8742260399335653
24 106 -0.29680324542378167
24 110 0.6699115756182128
24 112 0.9176141400358191
24 114 0.6130142561799381
24 116 -0.24886248716232706
24 117 -0.40279809259923693
24 124 0.6919116719102836
24 127 -0.4956816637743966
24 131 -0.3389329074750269
24 132 0.67318192392508
25 29 0.3946421502215667
25 32 -0.7786303390831963
25 33 0.2963174613702175
25 34 0.9832941716926935
25 36 -0.43840883080121373
25 40 -0.5723341099407004
25 53 0.719096642663106
25 54 -0.3944364535269971
25 55 0.9048663326462534
25 60 0.8890147333778522
25 63 0.5878706599219123
25 66 0.8718618070924165
25 67 -0.7570365295957484
25 71 0.6073258988139991
25 74 -0.5722945802223187
25 80 0.08157969265225828
25 82 0.9797094030247036
25 85 0.6709399848860216
25 97 -0.21008399679730516
25 102 -0.6840403223156164
25 105 -0.8043801023743133
25 106 -0.0920491296345527
25 119 0.9676122209227425
25 122 0.4691849391788989
25 124 0.502307316374607
25 134 0.13963733380241972
26 27 0.4004183493059812
26 32 -0.7008297004467459
26 34 -0.5363844916789404
26 35 0.9501493063931763
26 37 0.7967151998293462
26 38 -0.15784166317966597
26 40 -0.8266289573326648
26 41 -0.04257125226502789
26 42 -0.1891641013340164
26 45 -0.022914401533557394
26 49 0.6954916569131628
26 53 0.05816941246084428
26 54 -0.8983977486356218
26 58 -0.7133410639831177
26 60 0.6401088343790271
26 62 -0.2341041910951771
26 63 -0.17063292311723788
26 68 -0.3268818530725035
26 69 -0.676180234370725
26 71 0.10319054744629574
26 72 0.9531199003087574
26 75 -0.5539925103989061
26 76 -0.33291995953952114
26 79 -0.19002678017475372
26 86 0.21842358950727458
26 89 -0.6015978280194003
26 90 0.2730226500921584
26 91 -0.2847873673266912
26 96 -0.4855965704986329
26 99 -0.9256601980785899
26 115 -0.5115239363283974
26 116 0.7681607595406805
26 121 0.5989262829521527
26 122 -0.15964292725048335
26 124 -0.38404053060599885
26 127 -0.7965578546764918
26 128 0.5726896890006343
26 131 -0.25117719582285214
26 132 0.6697575808236444
27 28 -0.7921864641319265
27 29 0.24149683905972363
27 32 0.24751265461606642
27 38 -0.4559430296290634
27 39 0.13963627988695926
27 44 0.4395078099045657
27 45 0.500042004796196
27 48 -0.9509219930705375
27 56 -0.8659822185438582
27 57 0.6461043578860144
27 58 0.7148576098431463
27 60 -0.32849219851460854
27 64 -0.5460109161542075
27 66 -0.7840209665401452
27 68 0.9546917983050842
27 70 0.25756443402369267
27 73 -0.7536254174010684
27 79 -0.8482235111958145
27 80 -0.23138388072954386
27 81 -0.8352115499108406
27 84 0.612170736138957
27 91 0.031334662576253614
27 94 0.8284077644017573
27 95 -0.5856144999270871
27 97 -0.13615708898286827
27 99 -0.11044645354162164
27 100 0.44070199435992463
27 101 0.1595213617708795
27 102 0.48014906534189694
27 104 0.3488759426517911
27 107 0.76789108625707
27 108 -0.8463800960313173
27 109 0.889112683503974
27 113 0.040598971613373225
27 114 -0.5902460768887972
27 115 0.1179907861648728
27 116 -0.5409868898520322
27 121 -0.44601436794616545
27 128 0.9540112169100157
27 130 0.596753178949404
27 134 0.2176405255648457
28 29 -0.741749419215459
28 34 -0.05939236371228085
28 39 0.7533630525484307
28 42 -0.4577596999933451
28 43 0.23069306152826874
28 46 0.3053696950201268
28 50 -0.17244881750935326
28 53 -0.2887200011343196
28 59 -0.2625669503699277
28 62 0.21516922833226704
28 65 0.8884936462563582
28 66 0.0833209610306509
28 68 0.5456054893056537
28 69 0.9048018158253335
28 71 -0.4719680311799055
28 72 0.5876828461855772
28 76 0.17814334489555494
28 80 -0.7439723059956878
28 83 -0.5476775283927913
28 88 -0.864161519197292
28 90 0.002792686165832503
28 91 0.18558243012740827
28 92 -0.9457142905333149
28 101 -0.32758163491701153
28 102 0.030483426955931536
28 104 0.29601579196118033
28 107 -0.5728873476023562
28 108 0.21828311074695916
28 115 0.06470883417645878
28 118 0.24863618413057376
28 119 -0.848795813008427
28 120 0.6763916758125816
28 121 -0.7060043428334954
28 123 0.7707340195962706
28 125 -0.8146351052821206
28 132 0.45716616776241104
28 133 -0.7169822797504186
29 32 0.32239374655769093
29 36 -0.7494623988237052
29 40 -0.4015262847483352
29 41 -0.5748281491012546
29 43 0.50054891197133
29 44 0.4659482692577419
29 45 -0.401533271306465
29 46 -0.5985903316206307
29 47 -0.23254969643438161
29 49 -0.24163308639190006
29 52 0.06975988459710614
29 53 -0.609410338744887
29 57 0.9169140660455821
29 61 0.4115490810757394
29 63 0.2735422852833813
29 64 0.3486421085738758
29 68 0.030869117182963368
29 73 -0.20047805801434104
29 81 -0.860574748935804
29 82 0.928191579807899
29 85 -0.9388563414995823
29 86 -0.7149484725634199
29 89 -0.09645861385485244
29 91 -0.057775650969100756
29 93 -0.8436400332530065
29 95 0.4083726561398102
29 96 -0.8272738168527378
29 100 0.1807896553310382
29 103 -0.4173582920648593
29 105 -0.06283254100851488
29 106 0.2634699366472253
29 108 0.14563054420740107
29 109 -0.860033705785292
29 114 -0.3441421870062318
29 117 0.3745625391581924
29 118 -0.3692738768717103
29 119 0.7806949821992828
29 121 0.22713661568255028
29 125 -0.9383515258312034
29 129 0.013505135330341478
29 130 0.05937195655415106
29 134 -0.1881268359049142
30 32 0.3431003228072813
30 36 -0.415218529136812
30 43 0.23659427542154865
30 45 -0.30148611704395467
30 48 -0.4409824004304883
30 52 0.6954488325979848
30 53 0.9322193282702576
30 58 0.7208032730183238
30 61 -0.008233933095242785
30 62 0.9693455155882711
30 70 -0.8529559626219452
30 71 0.7585306760772954
30 72 -0.2246743471257462
30 76 -0.941043183246391
30 77 -0.2164609378107305
30 78 0.6941611424101699
30 79 0.35044217509611086
30 83 0.07022291326784291
30 84 -0.8430389884495637
30 86 0.006268781117747091
30 88 0.8025309401094889
30 95 0.737432478036125
30 98 -0.5641710822635642
30 101 -0.7194738957133346
30 103 -0.18246486669577733
30 104 -0.1320487701442683
30 106 -0.17707040144545583
30 110 -0.4648272064200425
30 111 -0.6942605192820892
30 112 0.5346584382221786
30 114 -0.32538134038367406
30 115 -0.8404836719142292
30 118 -0.4850420388690446
30 120 -0.6130989444257979
30 122 -0.14829174614034746
30 126 -0.9576297221450645
30 128 0.7581540397928039
30 129 0.3689027476991955
31 35 -0.17230714541204772
31 40 -0.13707177194851794
31 41 -0.7559742427937053
31 42 -0.6716040058667168
31 45 0.4255485935177672
31 50 -0.20745913777282365
31 53 -0.9320500342844491
31 54 -0.09117350128977386
31 56 -0.8556490171267996
31 58 -0.7463785382142776
31 64 -0.4693879995998227
31 68 -0.14808996558650356
31 69 -0.8269579489281351
31 74 0.01215811823185442
31 76 0.03865690246154485
31 81 -0.915116167211377
31 83 0.6620421386725677
31 90 0.22663404678541554
31 92 -0.6580639066614555
31 98 0.9315919259089891
31 100 -0.2834848846684688
31 106 -0.2506174182894483
31 107 -0.8384388595524059
31 108 -0.18040054566893415
31 109 0.617640158880437
31 114 0.6141933962619115
31 115 0.6140273719322917
31 118 0.7046575691402941
31 120 0.07392458778023836
31 121 -0.47314258046716096
31 128 0.5691547235772325
31 129 -0.5473106182479677
31 133 -0.868704776889142
32 33 0.8444686855769683
32 36 0.9973099125022538
32 39 -0.7642557980326523
32 45 -0.1401766497337784
32 47 -0.08775005104687095
32 51 0.4492434601547237
32 52 -0.3222589337011097
32 54 -0.678450711304788
32 62 0.6149732732364184
32 68 -0.7373731825983381
32 69 0.3014530364451924
32 74 -0.11274181365954417
32 77 0.4179430984801058
32 82 0.8978500164134164
32 85 -0.7878484307134885
32 91 0.2104842483093965
32 98 -0.35311576773444675
32 99 -0.04568500464949121
32 100 0.5409889326277091
32 105 0.05773077349700739
32 110 0.2714428281496628
32 116 0.7245337011349016
32 117 0.981899949425503
32 128 -0.7520127238881997
32 132 -0.8385782047257493
32 133 -0.2200934891440336
33 35 -0.5080231965192505
33 37 -0.653809968643269
33 39 -0.3274471203948035
33 41 0.149941488829886
33 50 0.7154876719290344
33 51 -0.2999051931950121
33 59 -0.6315795506740385
33 74 0.3339255360893554
33 81 0.9153568889916148
33 83 0.02743181719222587
33 84 0.6684509150499918
33 87 -0.8021560042698153
33 88 0.11126274194205998
33 90 0.021730534713359617
33 91 -0.7491429772055234
33 92 0.9073122146320096
33 95 -0.6272428643110617
33 96 0.4592349349926155
33 97 0.5778929670241832
33 98 0.06879381899028258
33 99 0.5055422979925439
33 100 0.6155213644547126
33 101 0.16675675600054052
33 104 -0.1741091604965015
33 106 -0.8789346624481051
33 112 0.6896698501950915
33 114 -0.1436879984716195
33 118 0.21459258859716956
33 121 0.9376751369401335
33 122 0.5367963510304592
33 123 -0.21041590103532637
33 130 -0.37206495825688
33 132 0.3190278440696308
34 35 -0.11426813103697375
34 36 -0.9864796778532812
34 37 -0.6391398931052357
34 40 0.369793831556817
34 46 0.5311477220786918
34 50 -0.6583280745581788
34 53 0.3523718541923777
34 58 0.7665230803089234
34 61 -0.5800118480249667
34 64 0.8239254027266536
34 66 0.8705487901149283
34 67 0.25374178627680943
34 68 -0.7496710577003798
34 69 -0.006400214383463831
34 70 0.84902876510205
34 76 -0.8312713624195818
34 79 -0.10062851032758702
34 81 -0.6601886738947458
34 83 0.2322834652674779
34 85 -0.6386821735524248
34 87 0.6356479893174809
34 88 0.06588548371461744
34 90 0.5951728019829365
34 91 0.6451890120282251
34 95 -0.9698530838791548
34 97 0.39098552839126466
34 101 -0.2908020860065341
34 102 0.07761588885763127
34 104 0.767559430419106
34 105 0.6020203859116047
34 106 0.1309541628562194
34 109 0.9359166849978513
34 111 0.4691970401051857
34 112 -0.98709524582888
34 114 0.7148236867282931
34 123 0.4093711443225847
34 125 0.5579031723244228
34 128 0.9453046313569444
34 129 0.12914598840518599
35 37 -0.40757812198458376
35 46 -0.2119941834874377
35 49 0.046773115794558784
35 50 -0.9884878154039538
35 51 -0.04506019731234878
35 52 -0.06072215365855094
35 62 0.7008069191003239
35 64 -0.20526265387501264
35 65 0.930786104015473
35 67 0.13767858085277163
35 71 -0.4227840367263489
35 73 0.9347070910055999
35 74 0.43835724423604727
35 80 0.5145165038949564
35 82 -0.5369560466871204
35 86 0.21350170716703532
35 87 -0.13696488819646668
35 88 0.112176423779349
35 89 0.36423774345085946
35 90 -0.8383277324244354
35 91 -0.8220804611837846
35 92 0.15029884726671439
35 96 0.6290138656931508
35 101 -0.8326040578190983
35 103 0.6722671552759909
35 109 -0.08929120595045537
35 113 -0.5190341669649188
35 115 -0.753177691048946
35 116 -0.3999038675874018
35 119 0.9674681118777828
35 123 -0.11584613091040952
35 124 -0.3584735870337885
35 125 0.609131633406826
35 126 -0.09229895352863937
35 130 -0.204556426738697
35 131 0.9188622347905591
35 132 -0.8390553010821875
36 37 0.07676063475045036
36 38 -0.09818690216324888
36 41 0.5198010047129633
36 42 -0.4039352355281951
36 43 -0.1602975759324985
36 47 -0.11944935608344953
36 48 0.6505572506405002
36 50 -0.7570971553225825
36 51 0.004854376241135494
36 53 0.9595921728036547
36 57 0.21391601920341352
36 67 -0.40048694448042355
36 69 0.8733219789361091
36 75 0.9809001574483096
36 76 0.47719973346960787
36 78 -0.2843245446480578
36 82 0.3288464085735139
36 86 0.9987012568023714
36 88 -0.0413963615141788
36 90 -0.004213403985397601
36 91 0.2063533202344141
36 94 -0.45622168630032256
36 96 -0.835307994513081
36 97 0.7816030729691514
36 100 0.02714330918007013
36 105 0.8458739229619063
36 113 0.38818791434322275
36 117 0.2477972033627056
36 120 0.05288626621073855
36 122 0.14069003220368903
36 123 -0.7358383734356542
36 126 -0.6893064325147049
36 127 -0.7173636406321033
36 129 0.8592265415862843
36 130 -0.5001523417534928
36 131 0.16949521351117736
37 41 -0.057699152793205366
37 51 -0.7388100212292721
37 55 -0.8682107730303443
37 60 0.11802225540510713
37 62 -0.49264002092799575
37 63 0.33354891551254817
37 65 -0.10024642379629323
37 67 0.5242706694397063
37 73 0.003337284651017125
37 75 -0.7267258841939714
37 79 0.9823352194768049
37 82 -0.2802003649233864
37 87 0.46984495006256943
37 88 -0.19247979969842088
37 90 -0.2412067806995295
37 100 0.9510481703291518
37 101 -0.5447231341375063
37 102 0.9337977294798694
37 109 0.7868616987560852
37 110 -0.14889246273072532
37 112 0.5962469563825101
37 113 -0.6410244160194467
37 115 0.8579956975780598
37 117 0.5915919803267125
37 121 -0.5383123372463123
37 124 0.0437201129630449
37 126 0.7521033880671306
37 127 0.051988437423974077
37 130 -0.5643520426747144
37 134 0.8870484487575498
38 53 -0.5720226430989768
38 55 -0.6947892021291178
38 57 0.45436200913300073
38 58 -0.8038995425109552
38 65 -0.628733166135474
38 67 -0.6431976296277273
38 68 0.7903162754044468
38 75 -0.6198218000308395
38 78 0.34932897023125964
38 83 -0.9507343597788704
38 84 -0.11072253231793461
38 85 0.9741368755840274
38 87 -0.5265226743545968
38 92 0.9740314754531945
38 93 0.874628472961464
38 97 0.8063566333146888
38 98 0.27544385421444817
38 99 -0.3402820021366626
38 100 -0.9785790179453899
38 102 -0.430586436431597
38 104 0.24494102772859594
38 105 0.3085149104765612
38 117 -0.9370144246147085
38 118 -0.9177050855977928
38 119 0.1593583307055202
38 124 -0.005912613201750405
38 125 0.1826388918067945
38 126 0.22838529619043402
38 128 0.8384278969480996
38 134 -0.8801514369661629
39 41 -0.8556050542974565
39 42 -0.6796705062317809
39 44 0.12412820867984964
39 46 0.3037027082426065
39 47 -0.4511726734496524
39 49 -0.9445913962005725
39 50 0.08887480762808497
39 53 0.27209571443420444
39 57 -0.4948575523483525
39 58 -0.10823093884203305
39 62 -0.7609934523885376
39 65 0.9099864398794733
39 66 0.3470213460805416
39 68 0.6031449420665247
39 70 -0.008196287207894892
39 75 0.019179206330876886
39 77 -0.30748080773163844
39 84 0.16024796042162182
39 85 0.659985053590108
39 87 0.8905083944226109
39 89 -0.3424889345041613
39 93 -0.43363649183778485
39 95 -0.4365467474505238
39 99 -0.3340104033867741
39 100 0.193771640908037
39 102 -0.9730742830329802
39 105 -0.050037622230628465
39 108 -0.6982393306267327
39 112 -0.19527407375355432
39 113 -0.773330936860251
39 115 -0.12659049145957235
39 123 0.28857856876222465
39 124 -0.8374313801695303
39 127 0.04769006122618413
39 128 -0.012234790474037638
39 129 0.11608355002541848
39 131 0.05519608874943471
39 132 -0.7578105708137963
39 134 -0.42682439127524074
40 41 -0.0801170120180692
40 45 0.6161211552489785
40 46 0.9224911896665553
40 47 -0.9855983699151296
40 49 -0.049413140661608956
40 50 0.1737021725233956
40 53 0.21126107585163756
40 54 0.24405930665114628
40 59 -0.8932923893888929
40 61 -0.7601730086705185
40 63 0.104386604555045
40 65 -0.3769755774878194
40 66 0.995117733123821
40 71 -0.8572415632052395
40 81 -0.3960246524465141
40 88 -0.42550703289173564
40 90 0.21319517209778094
40 94 0.8700210866775533
40 95 0.6396153371680888
40 97 0.04683786485462349
40 110 -0.8284035361772035
40 111 -0.43405167247628507
40 117 0.2878615319840583
40 128 -0.38101420677183184
40 130 0.20560381959130236
40 131 0.14141587274442324
41 42 -0.6599534941805447
41 43 0.9096633785736061
41 44 0.1973743862361479
41 49 -0.4436916988728894
41 57 0.20052990064619514
41 60 -0.4465503977253986
41 62 0.21366490916759417
41 64 0.874890177915181
41 65 0.09111435222983855
41 67 0.7755485998842686
41 72 -0.6952639466064585
41 74 0.259803271001805
41 75 0.624393314940699
41 76 0.6226070332894953
41 77 -0.6652725147641583
41 79 0.5456147722171953
41 80 -0.8578661087975212
41 81 -0.04089851265921052
41 87 0.991313063492756
41 95 0.24478658928903174
41 96 0.31847590714151086
41 100 0.03670142063409654
41 102 0.18754815362169186
41 103 -0.12450600579405902
41 106 0.9980813384380971
41 112 0.14925125904584946
41 113 -0.30974232181249106
41 114 -0.12784784840004626
41 115 0.23235281165530153
41 120 0.14652468101706995
41 125 0.5104503213875202
41 128 -0.1819845399965534
41 131 0.49360663189012777
41 134 -0.10929504584759031
42 43 0.02241280894246822
42 44 0.057098901665137536
42 49 0.2977097158576121
42 53 0.5032821754829566
42 54 0.9227432213654037
42 64 0.2551251220027808
42 66 0.155989922803486
42 67 -0.8031867538514927
42 68 -0.21523363672116091
42 75 -0.14242122417265968
42 76 0.8754345501478324
42 78 0.8868829458600276
42 82 -0.017363353782235524
42 86 -0.5662147989922646
42 89 -0.06655287453428205
42 92 -0.9355344166559811
42 94 0.8993473781523564
42 96 -0.9354013028769945
42 98 -0.33057153055598176
42 99 0.6816276055403623
42 100 0.17168149223412987
42 103 -0.18199960731379128
42 104 -0.015592204820762401
42 112 -0.23322226531154588
42 113 0.9567458543723517
42 114 -0.6316304863104822
42 116 -0.7205969501187546
42 119 0.5894196404415153
42 120 0.26905433357291897
42 122 -0.6663189429660732
42 125 -0.28152930292405487
42 127 -0.9278259867263496
42 128 0.5830846684357129
42 129 -0.6507510084108392
42 130 0.67704876027549
42 131 -0.14472052611580266
42 132 0.28014519900637347
42 133 -0.12119825896233882
43 44 0.14798581386107634
43 53 0.47013301515255423
43 63 -0.11207342469020087
43 65 -0.29608000522424893
43 69 0.911424224060027
43 76 0.19136132094905833
43 77 -0.06196544085778255
43 79 0.9379332811098482
43 87 -0.44739538821048686
43 90 -0.9789067204609943
43 91 0.24155611321930004
43 92 0.7395239503023967
43 99 -0.08857330318077672
43 100 0.02763337439141411
43 106 -0.45335067957913733
43 107 0.4080646277605233
43 110 -0.21679271289771118
43 114 0.3729262758987888
43 116 0.7734088886805328
43 121 0.39403237145106607
43 126 -0.5778346641838565
43 127 0.2817641075338728
43 128 0.27920169729164956
43 132 -0.7129513845411473
43 134 -0.9412834112189383
44 45 -0.8558048970874266
44 50 0.08354812613730234
44 52 0.8729708602779978
44 53 0.02801912575881982
44 55 0.5362698992360788
44 61 0.14835071836460267
44 67 0.4673943609123863
44 68 0.4208661380448713
44 72 -0.6000590358308451
44 73 -0.2992810722602839
44 76 -0.8833134045089421
44 77 0.1959857999581205
44 80 -0.5357069134000891
44 83 0.19248901443267785
44 87 0.6052916771330388
44 88 0.9895618394075565
44 91 -0.5732509372729981
44 101 0.1409209291599396
44 103 0.25390648250466596
44 108 0.7120052064620832
44 122 -0.6773809948458096
44 123 0.8773394131163301
44 129 0.3808672989193511
44 130 0.8210243364445777
44 131 0.6080126459232162
44 133 -0.9945207192516827
45 48 -0.45226507760297574
45 49 0.3360543178485633
45 54 0.09690527303184338
45 56 0.7699637450701322
45 57 0.09891839916455014
45 58 -0.5937283446045303
45 60 0.36196828618639776
45 62 0.39976905926282225
45 63 -0.24187745540828298
45 64 0.17148472813334537
45 66 0.3234889982923994
45 69 -0.5238481060952715
45 70 -0.11931842727932618
45 72 -0.1884603687212738
45 73 0.1600081186210689
45 75 0.9230599019063679
45 81 -0.4374334093462535
45 84 0.7650866087723989
45 88 -0.9625403238468233
45 90 0.46309215334340736
45 94 0.5620304648307426
45 95 -0.8218990774378117
45 96 0.23849042358234573
45 102 -0.3814642958155685
45 108 0.17577870977777033
45 112 0.5784634290715054
45 118 -0.9127865799550212
45 123 0.596439119229859
45 124 -0.8909991741232226
45 132 0.3565022655592749
45 134 -0.9642399966842625
46 48 -0.5994606247619794
46 51 -0.6398391991650401
46 55 -0.6792644779481001
46 62 0.8404351930155225
46 64 -0.2461947035088179
46 71 -0.24021757578999026
46 74 -0.720441764283239
46 75 -0.046490533268630285
46 76 0.9983583406995371
46 79 0.20700426755914925
46 89 0.9315752010407308
46 90 -0.5406554222714108
46 91 0.8387495661892512
46 93 -0.3406562821418999
46 95 0.32397155875489214
46 99 -0.7782936327680976
46 106 -0.41899052208582943
46 109 0.5894456003628683
46 110 -0.8756803843840302
46 112 0.9455741491557026
46 113 0.8544344554291141
46 115 0.9484157644659901
46 123 -0.370405028242216
46 126 -0.14856303325480913
47 48 0.0031911134717679257
47 50 0.8121206409697403
47 51 0.4676761867835557
47 54 0.5185614949335184
47 55 -0.8364529284069642
47 59 0.9053606530293004
47 60 -0.019855153010288618
47 61 -0.924555984697023
47 66 0.11066680520937222
47 69 0.30541146089446114
47 71 -0.9709069795417566
47 76 0.35167270934840467
47 77 -0.5925304808908443
47 78 -0.35385571597610177
47 80 -0.29301309402664155
47 82 -0.9046007093596604
47 85 -0.2530475343374603
47 93 0.5963197789438566
47 95 0.799342424724139
47 97 0.25096095332182844
47 103 -0.12171397207658896
47 105 0.2990462299653307
47 106 0.9753979540400142
47 108 -0.015725947355721415
47 110 -0.2727073881076725
47 113 -0.728384228736457
47 116 -0.8532534558928284
47 118 0.9561538023119778
47 123 -0.22043857523343147
47 127 0.40602594764421407
47 128 0.9300336488485235
47 130 0.4920617395857332
47 133 -0.7666887774756885
47 134 -0.2608696134269759
48 49 -0.5528401516118837
48 51 0.21821025834669694
48 53 -0.907476268360192
48 57 -0.4116915530960905
48 60 -0.8117122740951281
48 62 0.5658938893737839
48 66 0.9298738873696497
48 67 0.13705856355103752
48 68 0.27808338423103884
48 69 -0.5141939783323588
48 70 0.1711526076153218
48 75 0.13725295115368574
48 76 -0.9012159421100003
48 79 0.42966280219223574
48 81 -0.7548318051463359
48 83 0.0701028056977997
48 84 -0.633551546666081
48 89 0.7012805755262261
48 95 0.9123027933333214
48 99 -0.6329893204312642
48 103 -0.0508920389347669
48 104 0.6919216398660906
48 105 -0.4470844244743788
48 109 0.5894131002226992
48 115 -0.20071228730360868
48 118 -0.6380491577585736
48 122 -0.8007360107600232
48 125 -0.5345659140109285
48 127 0.8806523835436886
48 130 0.7638997865814263
48 131 -0.6885826888149504
49 50 0.6854203327036203
49 51 0.7914974760137954
49 53 -0.6578484077975018
49 55 -0.36679739133879985
49 57 -0.6648218975887241
49 58 0.1981375248622137
49 62 0.9487903834695428
49 64 0.8772034917980593
49 66 0.18711333084542825
49 68 -0.5377613077403742
49 72 0.055034651761296294
49 74 0.6052548113274647
49 77 0.1856869472698437
49 81 -0.7333921305120223
49 86 -0.1415431641059961
49 87 0.4892258885286782
49 88 -0.7764163682760021
49 92 0.8258268402875648
49 94 -0.2023715133874473
49 95 0.7232252843396112
49 97 0.537057057028153
49 102 0.25281215244098076
49 107 -0.8459948558168007
49 109 0.9765429881300918
49 112 -0.13360292034156962
49 113 -0.2793999661360218
49 116 0.9539707978910765
49 118 -0.02853153083751092
49 120 -0.681441356629666
49 121 0.9688978795379477
49 124 -0.6392937498269546
49 125 -0.035595851757855845
49 128 0.5462050248416468
49 130 0.5431213594692768
50 52 -0.38478520558447826
50 53 -0.5503304617528515
50 57 -0.4908192140337837
50 62 0.9395587951511235
50 66 -0.3716331767872676
50 67 0.9227673391302056
50 68 0.6024224901890429
50 69 -0.406149919813908
50 72 -0.3286379394577321
50 74 -0.47216368804774156
50 79 0.3175646827146197
50 87 -0.6875703276610279
50 90 -0.6343343023468277
50 91 0.3205509691706414
50 93 -0.17779661542906422
50 97 0.44681423602848236
50 99 -0.09645097304744632
50 101 -0.7614558626535008
50 103 0.06445161051752324
50 110 -0.25947439418596074
50 114 0.16104191339053164
50 116 -0.5999710074089817
50 117 0.2402538163569028
50 118 -0.8039516466784105
50 122 0.9952340706639193
50 128 0.41985297085434015
51 52 0.6916493974523159
51 55 0.731363663228791
51 56 0.4990807607339287
51 64 0.30831439324618515
51 65 0.06034173774791918
51 69 0.5493923325122436
51 70 0.9290760251798107
51 72 0.5158480910244256
51 73 0.26325000820785993
51 74 -0.5740565083686588
51 75 -0.02241848782142708
51 76 0.025019032357120663
51 80 -0.646399400479353
51 81 0.04996872526177554
51 82 -0.060762973875189585
51 83 0.3080541375790069
51 86 0.5556007421530382
51 91 0.752686677261919
51 92 -0.3593778706123558
51 95 0.6460844599626827
51 97 -0.6807770505126478
51 98 0.0939260553162562
51 102 -0.7990509878132663
51 105 -0.6205636617691432
51 106 -0.1605863576488249
51 108 -0.2871826376304587
51 111 -0.6820733861464947
51 114 0.4919038104006752
51 120 0.387704501595848
51 122 0.15049596948695654
51 123 -0.5954413733474799
51 124 -0.6022789173383012
51 125 0.7978407109124535
51 126 0.33019953387808787
51 131 -0.2664485563997274
52 54 0.08746012236639933
52 56 -0.4219621543408749
52 57 -0.21257928612159493
52 60 0.841992162195565
52 61 0.919652094342575
52 64 -0.6231088863510579
52 66 -0.2714509770442246
52 68 0.9437833393446147
52 69 -0.9071753170852681
52 71 0.14320023834209827
52 77 -0.9146068857323064
52 80 -0.8126659182655693
52 82 -0.20054440596165768
52 88 0.5337437436928589
52 92 0.6550851276921132
52 93 0.9329737873256236
52 100 0.48144347834736845
52 101 0.6923444598240516
52 105 0.5498542678080083
52 107 0.8702391551110575
52 109 -0.7205876048610527
52 110 -0.1790052789871508
52 113 0.7534375309928749
52 114 0.8858760662189862
52 115 -0.6543164484243926
52 116 0.4537820310239762
52 117 -0.29094045740675245
52 118 0.23980534245775154
52 128 0.8378732087413852
52 129 0.49914367162690043
52 133 -0.02909912744419252
53 54 -0.8127135673657853
53 55 0.9954657342449444
53 57 0.9850068591965828
53 63 0.7757020635647307
53 68 0.9493633083085689
53 70 0.18427437063595842
53 71 0.36092424412204105
53 75 0.4806945510039258
53 80 0.21941035778906248
53 81 -0.79794220369151
53 83 0.7347517744589811
53 85 0.5826497038569673
53 86 0.0347863908631556
53 88 0.9116781671947651
53 89 -0.050843007641449445
53 94 0.9673034415978765
53 95 -0.3737397322350384
53 101 0.7915407695595791
53 104 0.2627796166664298
53 108 -0.5125637070396816
53 111 0.3986555131700449
53 112 -0.4184972997672096
53 114 -0.7963176984886837
53 119 0.003085963195101238
53 125 -0.5224823046948341
53 127 0.37648950178350304
53 129 0.6943115307635328
53 130 -0.06472157094932274
53 131 -0.05386373023826074
53 132 0.42063977278178144
54 56 -0.937100825886243
54 57 -0.8253770251380368
54 58 0.11707412910104709
54 60 -0.6873804325516639
54 64 -0.3797848899354197
54 65 0.5690559965665718
54 68 0.46851519531942354
54 71 0.2708652490047492
54 76 -0.7373081375738375
54 77 -0.5315252784138236
54 79 -0.8713454305518076
54 86 0.4984523098563829
54 91 0.9695549381597717
54 94 0.7688965366956637
54 98 -0.7810973271611692
54 99 0.412309719382556
54 101 0.7630587778588589
54 103 0.5149555612699375
54 108 -0.3888619080353133
54 110 -0.33427029188098456
54 111 -0.8246286508434095
54 113 -0.4681129053148847
54 115 0.12826440945930817
54 118 0.5457337268021818
54 124 0.4225419962559229
54 125 -0.8765360353622214
54 126 -0.07571427637397043
54 127 0.3247142729982888
54 128 0.224035044548349
54 130 -0.9238486777557406
54 132 -0.1114025096732183
54 133 -0.045874927410855415
54 134 0.28928344711326814
55 58 0.27767009174058965
55 63 -0.2493413918954841
55 64 -0.7939423652586284
55 67 0.24991791237819871
55 68 0.07677943176037538
55 69 -0.31734564072437976
55 71 -0.5690917102490105
55 72 -0.32246815221750547
55 75 -0.01630227997356326
55 77 -0.6939352994501449
55 79 -0.21808950896311385
55 83 0.7394653090263263
55 84 -0.6431956851374074
55 85 0.4022069383420659
55 90 -0.02934958501458773
55 91 -0.33039357454526663
55 96 0.17394087679810744
55 97 -0.5958145613586356
55 98 -0.8099662718205158
55 104 -0.7343632504925104
55 105 -0.7953546726178031
55 106 0.9750203379404845
55 107 0.8127204471784983
55 113 -0.8257234028102185
55 118 0.7779105709064806
55 119 -0.24631488193071305
55 120 -0.28870421004779145
55 121 -0.1287917556875373
55 122 -0.39373937681966575
55 126 -0.45966539180134247
56 62 -0.10833985245308986
56 63 -0.34830713599372043
56 68 0.5343571059190648
56 69 0.49017590829451785
56 75 -0.5756041430438963
56 77 0.956236397069518
56 83 -0.20583991276386548
56 84 -0.27657585984579613
56 85 -0.41146347543496886
56 86 -0.07274824151301629
56 87 0.09245592762134103
56 100 0.10104789797259484
56 102 -0.36166927616746647
56 103 0.7619734179177631
56 111 -0.8544417409432505
56 112 0.6907214347397801
56 115 0.09898311658922365
56 117 -0.5823136895292236
56 120 -0.9720511502121905
56 122 -0.17642436653884164
56 125 -0.6548880766038028
56 127 0.08581319735123216
56 133 -0.04278374378228467
57 58 0.48394281571365716
57 61 -0.3196169398773221
57 71 -0.30371664470994886
57 73 0.9703659198495875
57 74 0.3496856058701743
57 76 0.9703244607759554
57 79 -0.2194088901995237
57 80 0.26375491167656007
57 82 0.9664924323358235
57 83 0.9974624804620613
57 85 0.5482234159283805
57 94 0.2159780506439153
57 99 -0.23368075701001834
57 100 0.40874633171256014
57 101 -0.3662394849016315
57 102 -0.8097067138339136
57 103 -0.5288537910747639
57 106 -0.2683422558228268
57 107 -0.12175184249714999
57 108 0.2030597334187918
57 109 0.3258856674454631
57 111 0.799423718502948
57 112 0.11711478941566678
57 113 -0.7016985915668064
57 115 0.8041826545677233
57 116 0.42354498142204733
57 117 0.3907884823818977
57 119 0.3612486766644445
57 120 -0.3240235913411307
57 123 0.4054190908085069
57 125 -0.25504318472680887
57 126 0.3795623777607189
57 131 0.6471104545326727
58 59 0.4555935722435076
58 64 -0.32324456182139594
58 66 -0.16242254420361024
58 69 0.7573731206381502
58 71 0.41326164398465126
58 72 0.6743868236154775
58 75 -0.5749488610393532
58 76 0.2736425389839501
58 81 -0.34372073424841787
58 83 -0.09466568123633268
58 88 0.2522788101276727
58 90 0.7137384843303349
58 104 0.49865647308622374
58 107 -0.45584525919633645
58 110 -0.4098407342693282
58 111 0.5977460293659864
58 113 -0.04909402958058484
58 114 -0.7330260068775256
58 116 -0.7241470916719532
58 117 -0.5831037930099803
58 119 -0.36654994348020886
58 120 -0.45762362283388747
58 122 -0.1849283682197458
58 123 -0.5889744075736125
58 124 0.3458137841254132
58 128 0.6883717794252682
58 130 0.13013717394785718
59 61 0.7989901212315556
59 63 0.25638480551041254
59 67 -0.10605172294139376
59 68 0.5471446435757228
59 70 -0.856074868998068
59 72 0.5585796415415964
59 75 0.8457095386298998
59 84 0.2707737770131844
59 87 -0.6317617751762952
59 88 -0.495112882037817
59 94 -0.7495522799952443
59 104 -0.9858473255290601
59 107 0.038709841523444366
59 110 -0.8293358153578658
59 112 -0.36342212979793453
59 115 0.4678249989196812
59 120 0.7175953943151123
59 126 0.3873722671643298
59 127 -0.20946754804432444
59 128 -0.7118987382286928
60 67 -0.1473709677211119
60 69 0.651890861865702
60 70 0.062168911985198694
60 78 -0.1872849822062168
60 80 -0.054586193704067254
60 81 -0.5616947881495993
60 82 -0.11840204021983824
60 83 0.2877573389786914
60 84 -0.5204555734220948
60 86 0.8541328462428905
60 88 0.2270220085200445
60 92 0.636422079126197
60 99 0.6793572890142294
60 100 0.55597627155669
60 102 0.7451554009846673
60 109 0.4932257236356181
60 110 0.7030515642323463
60 111 0.7544174220654016
60 114 -0.655385963652855
60 115 -0.30473617114101614
60 116 -0.33775199836603065
60 119 -0.7581960225890108
60 120 -0.7282465389348409
60 125 -0.33166237686769273
60 132 -0.9678196185122918
60 134 -0.8152255779305126
61 67 0.4373298350717685
61 71 -0.057431040370031106
61 74 -0.5225379980369671
61 75 0.8201561065698928
61 76 0.3508328933674776
61 82 -0.05361984439046785
61 84 -0.6804860552406176
61 87 0.691495298002808
61 89 0.5732936739542231
61 90 0.048922693831751074
61 92 -0.1983402455036818
61 95 -0.3331891851784441
61 96 -0.6644895667782069
61 103 -0.9140522536838265
61 106 -0.8777351831437079
61 107 0.7539246222905083
61 111 0.5128893751251484
61 114 0.7558978721305547
61 117 -0.4241177182320466
61 118 0.6941806085715576
61 124 -0.2456779018602704
61 126 -0.3646405986614023
61 132 -0.11475316714525108
61 133 -0.9124375787949279
62 66 -0.17502179197786494
62 71 0.7877238454697089
62 73 0.37982302717813576
62 75 0.8700870085674999
62 78 -0.71806836589439
62 86 -0.39463912475287266
62 87 -0.6619402362469446
62 89 -0.8418318729967402
62 90 0.15231675158485292
62 91 -0.15583047175144116
62 101 -0.15925967774715089
62 103 -0.4477300426683455
62 106 0.34980066204800075
62 111 0.6739680886126238
62 114 0.543996898156784
62 115 -0.0550946221044184
62 117 0.5526701219809103
62 121 -0.3176885628882542
62 125 -0.9853143787134884
62 127 -0.7158965590555961
62 129 -0.32838503978316513
62 132 -0.500047019132263
62 134 0.34762457701657734
63 64 0.426151923757111
63 65 0.5146408554416444
63 71 -0.538222578114085
63 81 -0.903637814268321
63 87 -0.3570464187711331
63 88 -0.1792308465013246
63 89 0.47480331208520044
63 92 0.9431506052287544
63 97 0.31473529679745726
63 99 0.23917751269307375
63 100 0.3114586976439271
63 101 0.4081528333549891
63 102 -0.6387646460195866
63 104 -0.19748892901796022
63 105 0.4153131833236685
63 112 0.4833399545021566
63 117 0.010835594820801875
63 119 -0.8669434771305129
63 126 0.8348313961057798
63 132 -0.5957652715283115
64 66 -0.8046960468642474
64 72 -0.797378083693093
64 73 -0.7785871942527067
64 81 -0.2673089430827067
64 82 0.6978165711764264
64 83 0.011764386282934858
64 85 0.835333362602537
64 92 -0.3663388399689329
64 94 0.9308523404230102
64 95 0.9937685579509365
64 96 -0.182108218883692
64 99 -0.7153698107069333
64 102 -0.2906241666607232
64 107 0.14839925077217808
64 109 0.7934103611288423
64 111 -0.010928341819081755
64 112 0.927738745722642
64 113 -0.1805813618045291
64 117 -0.8107820245059587
64 119 0.011985935376018997
64 120 -0.8866651962238656
64 122 -0.08155637466937526
64 125 0.10597299142290417
64 129 0.9880027356321717
64 131 0.5028432844058854
65 66 -0.22634713105673332
65 68 -0.862634893573949
65 69 -0.9338061799120074
65 73 0.43963208294281
65 76 0.9836006177415364
65 78 0.5960081059512119
65 79 0.4981377492947947
65 80 -0.04962868361941797
65 85 -0.21346689355213333
65 89 0.21068676866977754
65 90 0.46644268441044145
65 91 -0.6916877949716664
65 92 -0.48463063728460143
65 97 -0.2630975643910656
65 98 -0.7600646031615448
65 101 -0.9152337943096671
65 102 -0.859455403993244
65 105 0.9486799641997292
65 111 0.7785763304909472
65 112 -0.5986835071059777
65 113 0.11274152734421561
65 118 0.41968433436870645
65 121 -0.8514130146206578
65 123 -0.16175310385345343
65 126 -0.5654816396458748
65 129 0.5166380727654236
65 132 0.1601484589535358
65 134 -0.08677762893337015
66 67 -0.19383854922490462
66 68 0.46664655194310467
66 70 -0.6111286519889685
66 71 -0.3762642920107888
66 72 0.24139833044019032
66 74 0.7661706601400651
66 78 -0.35762400556091745
66 79 -0.2846500470143196
66 80 0.39566311600962134
66 82 0.39882756447698053
66 86 0.47552204819538924
66 88 -0.6354761367559287
66 97 0.9956272218562063
66 98 0.8709557348528874
66 99 -0.21967925209496286
66 100 0.8975952345248774
66 101 0.9926885667939132
66 102 -0.15022662295003086
66 105 0.24673488023294876
66 110 -0.5081611846818552
66 114 -0.9836869119106477
66 116 -0.575430013767581
66 120 -0.3888416058937847
66 125 -0.07724283450063885
66 126 -0.7475368496368642
66 127 -0.5751939174341714
66 128 0.3968490593463636
66 132 -0.3307017892577664
67 69 -0.6720676541483763
67 88 0.5220278970803451
67 89 0.5724515335923812
67 90 -0.5238432268605187
67 99 0.6769153300652391
67 100 0.18464031041217344
67 102 -0.1734352712292937
67 104 -0.2167262845608693
67 108 0.5910160554889834
67 114 -0.1406527023930615
67 115 0.6417789445195718
67 116 -0.7626940404573572
67 117 -0.5952706692237468
67 118 0.024241464468917284
67 119 0.01269608999389571
67 123 0.9500195403848612
67 124 0.918249479076469
67 127 0.9792526477906356
67 130 -0.3921257331198378
67 134 0.060102553056154084
68 69 0.90805501279058
68 70 -0.07539347398619345
68 73 -0.6822733511200405
68 75 -0.6344193434511736
68 77 0.43555364909344174
68 78 0.06692030558348416
68 81 -0.2943537094306421
68 88 -0.30934643561898056
68 89 -0.28734293932428323
68 90 0.48228044751832266
68 91 -0.1437900874100051
68 93 0.6307193177325539
68 95 0.061209411758051946
68 96 0.2895223596672212
68 98 -0.59900362490135
68 100 0.4616453686289279
68 110 0.8160031158139074
68 112 -0.7666830333676145
68 113 -0.494594765162387
68 114 0.3424123842733142
68 118 0.43431542580767046
68 122 0.6603679809959548
68 123 0.9437554769857888
68 128 -0.43784978786697293
68 131 -0.07185330632932496
69 72 0.39330753762576465
69 74 0.131027503443655
69 75 -0.07281309346688136
69 77 0.20077454863685085
69 78 -0.8517706665407208
69 85 0.983241947695368
69 86 0.7460627419492449
69 87 -0.5142629893432176
69 94 0.25287744362937725
69 95 0.8481034638733076
69 100 0.3844709992960762
69 104 0.6439947259311045
69 108 -0.6651219578068659
69 112 -0.8557201351515669
69 114 -0.7381334267434638
69 116 0.4773996411767034
69 119 -0.2500743453637482
69 121 0.2687612122132561
69 122 0.5595999664122453
69 124 0.17973580809152434
69 126 -0.3917480535576734
69 131 -0.5471165344762174
69 133 0.7114623832022569
70 73 0.6927977813971384
70 78 -0.8837984120038556
70 79 0.9434286754018952
70 85 -0.507793825516418
70 91 -0.3697244474623178
70 93 -0.44555508689891044
70 101 0.5504774558908323
70 104 -0.8530583186273217
70 111 0.23295174303668076
70 117 0.9471689626497677
70 119 -0.5606045330807123
70 120 0.8702999770403805
70 122 -0.44925005987813416
70 126 0.2560513653956178
70 127 0.020024647710596755
70 128 0.319596011598392
70 131 -0.7110626416302879
70 134 -0.5816921390602166
71 72 -0.014373953802773398
71 74 0.813667610622516
71 76 -0.6219014943756653
71 83 0.4582226702315766
71 84 0.009657323724060918
71 86 0.551113018822905
71 91 -0.6852011508531302
71 92 0.6102112682018033
71 93 -0.22094333732452687
71 94 -0.826652668731616
71 95 0.002001187183420239
71 99 -0.7354575594897583
71 100 -0.895808654604958
71 101 -0.37430166147681976
71 103 0.373071884149933
71 105 0.47735205979907014
71 106 -0.7408142752810642
71 108 -0.4683545383731311
71 111 0.8229359732540493
71 113 -0.513124189056613
71 119 0.9434937532747534
71 120 -0.9973039974634517
71 121 0.4929366323982023
72 75 -0.012090373465810655
72 81 -0.7888296992185289
72 83 -0.9372070207411514
72 84 -0.48664536050935636
72 90 -0.7466040974310673
72 94 -0.7439797753794457
72 95 -0.41976728840945987
72 97 0.6288992875626835
72 100 0.963348160946554
72 101 -0.7119309159566012
72 102 -0.5031103149882357
72 103 0.5714705898616488
72 104 0.8123414605327512
72 108 0.3313798047202654
72 112 -0.798868648800136
72 117 0.04883313056879279
72 121 -0.7964470303786142
72 125 -0.20183857608475786
72 129 -0.9423552054368791
72 132 0.24415291868707278
73 76 0.05661102008968921
73 81 -0.9455676260438222
73 85 -0.04324594620832345
73 89 0.2970516047518579
73 93 -0.6158022997661832
73 95 0.5791067435562756
73 96 0.8105178717646206
73 98 -0.36018506869016087
73 99 0.8855908323686721
73 103 0.8650892518081588
73 104 0.9259080353601699
73 105 -0.5886285501817599
73 106 -0.557211108881204
73 108 -0.4173659911792409
73 109 -0.4726965304951156
73 112 0.05388289233125043
73 116 -0.7104145146409708
73 117 -0.9441144908345849
73 121 0.07643582341568034
73 124 -0.285357440540593
73 125 0.7093428163162248
73 128 -0.21634039049010534
73 131 0.790288002886415
74 75 0.393460191532528
74 77 0.7647047705242658
74 78 0.895959166284183
74 81 -0.7219675344171235
74 83 0.8316732661145585
74 95 -0.2772319439782793
74 100 0.09452804731993458
74 101 -0.27389404209949353
74 105 -0.9702333895947854
74 108 0.7465424412735688
74 110 0.36600815250435814
74 111 0.5192154881988291
74 113 -0.48226068566055824
74 116 -0.6684515961285147
74 119 -0.09416329614065821
74 121 -0.33577832166675936
74 122 0.2256195907072891
74 123 -0.11803037154834928
74 125 0.2699784700963701
74 129 -0.159713015462565
74 131 -0.5174687948370185
74 132 -0.7567416233100592
75 79 0.9583638035454836
75 80 -0.44945998776237595
75 83 -0.8114089023025126
75 84 0.9771962093619178
75 86 0.8415997448018613
75 87 0.8353976451616871
75 90 0.5672820000085945
75 93 0.1930573227360748
75 95 -0.7413210400190715
75 97 -0.741589154937276
75 98 0.7319061902718516
75 100 -0.6808066696963562
75 108 -0.4739043450182312
75 112 -0.9506902645344248
75 114 -0.5675658919547959
75 115 0.49696958454791385
75 116 0.9727326727734777
75 118 -0.2968360468981097
75 121 0.9187332864238007
75 123 -0.13062373888367773
75 130 0.041802050944854896
75 131 -0.6125665604462012
75 132 -0.7024690364920814
76 77 0.8514725280712785
76 79 -0.4789199964864188
76 80 -0.15571501650723207
76 86 0.7547619384928832
76 89 0.04096530955208899
76 90 0.021384651675217192
76 93 0.9543544805648012
76 95 -0.7262404016260051
76 100 0.09987344661708586
76 102 -0.9874196044374819
76 103 0.46531894418351305
76 105 -0.38278335925350593
76 107 0.22097279242753975
76 109 -0.39962669008936014
76 112 -0.2117056854767978
76 113 -0.697568862759266
76 114 -0.9289832746719258
76 115 -0.0298507085457691
76 118 0.7629676452006717
76 126 0.2056240846763604
76 128 -0.21637137492893155
76 129 -0.7717612540103094
76 131 0.24302734454680985
76 134 0.4668216986889271
77 80 0.2628461054913278
77 81 -0.8914825699418554
77 85 -0.7115248022206946
77 87 0.5855282888675564
77 89 0.6588222103348083
77 90 0.8364839649203457
77 91 -0.8106013868401483
77 92 0.19294869856235364
77 97 0.7950497847582396
77 104 -0.9493395458047895
77 109 -0.587032720316987
77 111 0.6403073155126853
77 116 0.6659617143050074
77 117 -0.9424891849105892
77 118 0.2421869795196634
77 121 0.7762280336265142
77 124 0.2710168645926867
77 125 -0.07598058101447025
77 127 -0.7767087407801296
77 133 -0.17197450263061898
78 79 0.9381121893497062
78 80 -0.6211407903639425
78 82 0.3561168876241123
78 83 -0.06347862498565537
78 89 0.7876567744279717
78 96 0.4707723394641219
78 98 -0.3538779787370159
78 107 -0.8976879176640822
78 109 -0.17428915844417348
78 113 0.7116470065072573
78 115 0.45386642421698875
78 117 0.1626461079839423
78 118 -0.5408581968555384
78 119 0.2265256203080046
78 120 -0.5229744630795878
78 123 -0.5446245450377134
78 124 -0.533892688330253
78 129 -0.7416904330015748
78 130 -0.9005635243849759
78 133 -0.6346635566759768
78 134 -0.15166286115058702
79 80 0.7260386030492718
79 83 -0.10864258029694862
79 85 -0.17609463872512277
79 86 -0.9220388057629594
79 90 -0.9402436150887261
79 92 -0.858290580749896
79 95 -0.2555722893173549
79 96 0.5142253677146873
79 97 -0.23967068362479305
79 100 -0.014419526951943817
79 103 0.7243073631708985
79 104 0.9507436477794948
79 109 -0.6759713978330149
79 117 -0.5310376970334316
79 123 -0.6185681859907168
79 124 -0.3393262056101327
79 128 0.26250354978573087
79 129 0.6737991975969588
79 130 0.9235582985780759
79 131 -0.20651690557796454
79 133 0.6496792346944518
79 134 0.4348995116412726
80 81 0.48792500733736865
80 86 -0.9212819422249223
80 90 0.7700416471629801
80 91 0.39236967263433886
80 92 -0.3145876584828122
80 94 0.14756349252209322
80 96 -0.9373805498561181
80 97 -0.886620660483427
80 98 0.9883740869640485
80 101 -0.8058251879942151
80 102 -0.9097085600059673
80 103 -0.1274725316886236
80 104 -0.16638736921479347
80 105 -0.6142421844254955
80 107 -0.5184300663038279
80 108 -0.5535839199375365
80 111 -0.3145262517903924
80 112 0.9029800525728318
80 113 0.8527492909336971
80 116 0.46118497922480395
80 117 -0.48764770930312196
80 120 -0.5929898532218834
80 123 0.37017897831632274
80 124 0.2053402731032432
80 126 -0.7487365741150775
80 133 0.22835196183719986
80 134 0.3704801549367682
81 88 -0.038476349641771934
81 101 0.80849803209431
81 106 0.2868700487032292
81 107 0.5919428978159982
81 109 0.568370082721877
81 111 -0.0001411195840812507
81 114 0.08426147709978116
81 120 -0.05362026241331419
81 121 -0.634130025717055
81 122 0.9793156186908603
81 124 0.13912710375367388
82 86 0.3997159465984974
82 87 -0.4649876751340536
82 89 0.6495525680577745
82 91 -0.027399388664968605
82 92 -0.732465736995237
82 98 -0.811674764443082
82 101 -0.20967822426842742
82 104 -0.19374452601486802
82 107 0.4750722632770894
82 108 0.7338756395374406
82 109 -0.6716659012658828
82 112 0.46543782099458997
82 113 0.30507339212896234
82 123 -0.8372655399025821
82 124 -0.8988512486955527
82 126 0.25729719021901465
82 127 0.8665704979025404
82 129 -0.9520206701177121
82 131 0.1463007805400971
82 132 -0.7498716717401459
82 133 -0.025882203103453794
83 87 -0.8042382368306489
83 92 0.5434019407335926
83 94 -0.6574520812737226
83 95 -0.7952011675110635
83 96 -0.4398267191746732
83 99 -0.5238384735832866
83 100 -0.497587386557389
83 109 -0.9257335979228749
83 112 0.9259728636451445
83 114 0.13518132363336566
83 117 0.965591349892577
83 120 0.8020017809885349
83 125 0.3290452374679522
83 126 -0.7974053156313186
83 133 0.4857544283086326
83 134 0.47117155049915316
84 89 0.8686350820233046
84 94 0.29870665544263164
84 95 -0.21233108631284514
84 97 -0.2017617092851851
84 102 0.8374632914566063
84 103 -0.31617944252306596
84 105 0.20798843767112274
84 108 0.334671099606654
84 110 -0.380250687329702
84 111 -0.19631707619340766
84 114 0.6111704376707634
84 118 0.9759987389212579
84 123 0.9163288896941901
84 131 -0.25492047863145206
84 133 -0.1018379146739048
84 134 -0.13364876050429086
85 91 0.8834844661589918
85 92 0.13477709782858605
85 93 -0.9075471608686709
85 94 0.032500895040059596
85 97 -0.7242410910454959
85 101 -0.03475755376756595
85 103 -0.20532114495116116
85 107 0.004858824344967871
85 108 0.32377522019289984
85 109 0.17808197137080817
85 112 -0.322901609418641
85 116 -0.5312490313259215
85 122 0.38617714864922514
85 124 0.9193094312107746
85 126 0.6037959164441169
85 131 0.13392590621765343
85 134 0.7622259748772524
86 88 0.4003092560536581
86 92 -0.6038197417641038
86 99 0.1352655666867948
86 100 -0.6307219763196921
86 103 -0.7317218601532389
86 104 -0.2900154557079593
86 109 -0.347524085221381
86 111 -0.9021164692566299
86 114 0.22232308154155733
86 117 -0.2592077170595737
86 122 -0.42875579202658276
86 124 0.7448100908920752
86 127 0.12443850994637606
86 131 0.16179629991412225
86 133 -0.2380405065433877
87 88 0.9153896164209825
87 95 -0.08150291250212738
87 99 -0.9538601538063722
87 100 -0.19415929988686886
87 101 -0.7663514274044212
87 105 0.48679229425203796
87 106 0.8876166395664757
87 108 -0.43126410261565895
87 111 -0.7826697420498174
87 112 0.0056517592192204535
87 117 0.12750505447168692
87 119 0.8578224361051794
87 120 -0.7450099514120243
87 126 0.4217163912027262
87 129 -0.167284261601937
88 94 -0.04764051220301857
88 96 0.46561993717254646
88 97 -0.4449120374822091
88 100 0.01873352396510164
88 101 0.6002769408961313
88 107 0.5825342853116193
88 116 -0.5724744073595653
88 118 0.16590954206174535
88 119 0.10186370176964665
88 121 -0.31644839843093897
88 123 0.3256998771624531
88 124 0.32686945428265934
88 125 -0.3877240543154927
88 127 0.9305035367905501
88 128 0.9868297096483549
88 131 -0.16160122095783835
88 132 0.4746056647042467
88 133 0.524553220106093
89 91 -0.6089268646378447
89 95 0.08407029637535146
89 104 0.046890662710537434
89 106 0.07472204660647552
89 107 0.6160048341324813
89 108 -0.864866688815114
89 110 0.698059097063989
89 111 0.41266567525072495
89 112 0.32962555654072845
89 115 -0.24735680162732487
89 121 0.28758671755767673
89 123 -0.7615934814552472
89 124 -0.7314084457120602
89 127 -0.6153218915216228
89 130 0.6217197993914507
90 98 0.9163359627837024
90 99 -0.2377114376373377
90 101 0.08503726976821091
90 102 0.037529908960634906
90 106 -0.4338173862053636
90 110 -0.7346053620334494
90 111 0.3125197899215635
90 112 0.5409145907018507
90 115 -0.37707788494313377
90 118 0.3472124961650207
90 126 0.03775273556128411
90 129 -0.945128690413882
91 95 -0.6990975034289508
91 96 0.9415197381148617
91 99 -0.49730821519877133
91 100 -0.8308445528986703
91 106 -0.4782615407169728
91 107 0.8452521850004913
91 108 0.14739187389075092
91 109 -0.2284451179016096
91 113 -0.4678441729764804
91 114 0.39663964882607305
91 117 -0.019429327120044526
91 118 0.28008877106286234
91 119 -0.5731569581675502
91 121 0.7055903204673344
91 124 0.6272231678239053
91 128 -0.7310919301902121
91 129 0.35540945619732245
91 133 0.5231919963147567
92 93 0.5875331485148494
92 94 -0.6703285562521863
92 95 -0.9305278537346271
92 96 0.784898847789401
92 98 0.49513065931297495
92 109 0.7736333526202976
92 113 0.012560270797704165
92 114 -0.4076846776927967
92 116 0.8772277261955175
92 125 -0.2351820551525019
92 127 0.45181139431431494
92 128 0.2567877006645516
92 129 -0.9756276428028698
92 133 0.5435791195111563
93 98 0.16412268141506958
93 99 0.7864397347010712
93 102 -0.38036493500195423
93 104 -0.5872900156283367
93 106 0.5534458858700764
93 110 0.8303680021040041
93 113 0.3229933900982549
93 116 0.5299265309266583
93 119 0.2368737162175354
93 123 0.23996441071458996
93 125 -0.5862789873949943
93 126 0.5888159052575179
93 127 -0.16132773703486292
93 128 -0.4067205773764544
93 129 -0.10131342687084044
93 130 0.025936727350128752
93 131 0.852282785801248
93 132 0.5269219341819016
93 133 -0.7632528673507966
93 134 0.3059504754208626
94 96 0.9476466764161402
94 103 0.01289319623288221
94 104 -0.5179637835961768
94 106 -0.711103591290865
94 110 -0.11167060529473627
94 113 0.36109466618050634
94 116 0.32580475363547423
94 118 0.8109954408920881
94 120 0.8895585609614745
94 122 -0.3518955141217017
94 123 -0.2542153749099463
94 124 -0.7661018095118199
94 125 0.0623746983019311
94 126 0.9809359400046715
94 129 0.8372717023770846
94 131 -0.8497898870558829
94 132 -0.86409341798849
94 133 0.47657087674855236
94 134 0.670550757167335
95 99 -0.785978208277631
95 102 -0.11255721978447775
95 103 -0.5144614497127333
95 104 -0.8322897028827025
95 105 0.005142042591116391
95 108 -0.560835892469838
95 110 0.4040732522067394
95 112 0.7934135703271872
95 115 0.8419680933902722
95 116 0.775632229912061
95 118 0.3854840473487078
95 119 -0.7989908668712307
95 133 -0.9899851824066375
96 101 -0.9059259017855159
96 105 -0.6082029243013976
96 111 0.44716918150630014
96 112 0.43107734956613153
96 114 -0.5613999489836454
96 115 -0.3736469958281967
96 117 0.895762646769775
96 122 0.04586210781002764
96 130 0.19637773494493493
96 131 -0.11611905828426616
97 102 0.928139380316612
97 105 -0.3403877739082912
97 109 -0.3501054805054693
97 110 -0.7483716494105095
97 123 -0.4329491018478697
97 125 -0.7519257482142621
97 132 -0.43145880491805433
98 99 0.6650425097805748
98 100 0.17385145743300412
98 101 -0.1703840950395883
98 105 -0.49652314165287215
98 106 0.6731792201191742
98 115 0.03088952971944381
98 117 -0.6254599879104492
98 120 -0.5960715000223706
98 121 0.7048235728697763
98 127 0.18284871768730215
98 128 -0.05465381804218894
98 132 -0.8708237511059189
98 134 0.12144569358426316
99 102 -0.12967168963114162
99 107 0.9309400422081857
99 112 -0.8516022502499749
99 117 0.8851533386662438
99 119 -0.40100481503826724
99 122 -0.45149231868742445
99 124 -0.09864671259227076
99 125 -0.09236286901500246
99 127 -0.5943541804637142
99 132 0.9511986212681456
100 105 0.020969920616676907
100 109 0.5397435968631166
100 111 -0.49246779977571764
100 118 -0.9956440469093049
100 119 -0.8109075325810928
100 122 0.4866592254652844
100 123 0.9373976222921236
100 125 -0.6414499255325521
100 126 -0.07247234217163956
100 127 0.1672064486892284
100 130 -0.13294300691873806
100 132 -0.6775667537920929
100 133 -0.314668798884145
101 108 0.26092023253003127
101 109 -0.6966944163133102
101 115 0.5110996939108812
101 117 0.8152774589722072
101 118 0.22978068747526903
101 122 -0.1467811507986465
101 126 0.28092026049620533
101 129 0.7802233250660322
102 103 0.3024935660926622
102 107 0.044334524661232555
102 108 -0.9690265626907446
102 110 0.5453781230662755
102 111 0.5868669407855815
102 112 0.44666871946256825
102 116 0.3359412650170024
102 117 0.5616498408977946
102 120 0.43316517175258573
102 121 -0.9148836362616093
102 122 0.13435669066831757
102 125 -0.020279300153859703
102 130 0.7810904579584264
102 131 0.5926175010970027
103 104 0.7785487039651302
103 106 0.3212784702139013
103 108 -0.141070720010519
103 111 0.2278108926093223
103 114 -0.3564473190926336
103 115 0.8267935184289272
103 119 -0.3752796366939002
103 120 0.16053216256150593
103 121 0.6706570245745762
103 122 -0.09389044671800773
103 125 -0.9922078488973576
103 127 0.18273210497745218
103 131 0.5458049332005053
104 105 -0.33440427283837115
104 106 0.6535337012844935
104 107 0.27076662181572564
104 108 -0.4104203821036838
104 110 0.2200521323924267
104 114 -0.6444743797311612
104 119 -0.3928923581841097
104 121 -0.8214375455995864
104 124 -0.5075967988598107
104 126 -0.6731413561172532
104 131 -0.8463831376779718
104 132 0.22985118909130375
104 134 -0.2860242812377747
105 106 0.544587044782477
105 107 -0.7690148839095348
105 108 -0.9984573168102222
105 109 0.5443023078417168
105 111 -0.8772577031440558
105 114 0.030747575080231737
105 123 -0.9390425199203714
105 131 0.8929487633816466
105 132 0.3771666266641822
105 133 -0.42003367899373445
105 134 -0.9230640153881526
106 109 -0.32431203829822164
106 110 0.6198170944432526
106 114 -0.8334798472403382
106 117 -0.03235296350342609
106 118 -0.813390072301303
106 122 0.6522517354242889
106 124 0.5687473550304252
106 126 0.9811859584848599
106 128 0.7871239546374651
106 129 0.9148638834933986
106 130 -0.6842219350989398
107 109 0.5590328259283008
107 110 0.7314164108336074
107 113 -0.8143446069139955
107 114 0.4457978755041214
107 119 0.44849027650577433
107 120 0.8520603354656517
107 121 0.1063367467299321
107 124 0.4406991953896864
107 126 0.9403282727784736
107 130 0.47252955111569017
107 133 0.5208057286054677
108 111 -0.899455653358852
108 115 -0.44220649472024287
108 116 0.15933009628384553
108 117 0.26252672049531167
108 119 -0.19042097737569907
108 121 -0.58954923669023
108 122 -0.7370807830415438
108 128 0.6140700388324167
108 133 -0.0743199099341767
109 112 0.7137624558641387
109 113 -0.0326644563697136
109 115 0.5954234091884834
109 131 -0.7820309020474481
109 134 -0.8704594660396128
110 112 -0.6374981568029727
110 113 -0.9131127410101962
110 126 -0.5912968877071754
110 127 0.16871002151364323
111 113 -0.832878559314955
111 117 0.4486556191608786
111 119 0.48283585879593605
111 122 0.33035708258767094
111 129 0.8370454680660158
111 130 0.5864267036139796
111 131 0.390234380143182
112 118 0.21648310338393184
112 119 0.8009973142373543
112 121 0.6139827598875036
112 127 -0.9183789882018558
112 128 -0.4486056044924871
112 133 0.4217320085853513
112 134 -0.45518131837400433
113 123 -0.3583478330811376
113 124 0.5091678174424579
113 128 0.4236389507602851
113 129 -0.01560463278358637
113 131 0.5042746558090709
113 132 0.8955016925484138
113 133 -0.5550770919119878
114 115 0.8932936657999275
114 117 0.1053829702479483
114 121 0.737774856337023
115 117 -0.24476950463526914
115 119 0.18496007088599065
115 123 0.9107999260345387
115 124 0.817994640048781
115 132 0.04039982858376345
116 122 -0.3539683631897772
116 123 -0.6246107642940708
116 125 -0.17012419703846993
116 126 0.3241291183796948
116 127 -0.07514053582711555
116 130 0.09400861039590391
117 119 -0.8869269584878647
117 123 -0.9642615533017813
117 127 -0.7371240052417787
117 129 0.8680869204629438
117 133 -0.9610320710630378
118 120 0.4656272383054878
118 123 0.627700666220367
118 127 -0.5077562710114003
118 128 0.2333277499457831
118 129 -0.12149332500900667
118 130 0.17977119933445018
118 132 0.7882084661758604
118 133 0.7648910724142202
118 134 0.9404672231525388
119 121 0.7003248192390115
119 123 -0.34764285554505014
119 125 0.819583676504487
119 127 0.5383716525995803
119 128 0.7968239739754623
119 129 -0.7939959007121618
119 134 -0.4027603279029597
120 121 -0.7207630729503178
120 122 -0.9144474254385693
120 123 -0.1152706775417005
120 125 0.9963451539938313
120 126 0.28309318240702797
120 130 -0.7255050060137602
120 132 -0.8835482833405415
121 124 0.04527650955666962
121 127 0.4911568341896835
121 132 -0.2627837208568362
121 133 0.9165656028913911
122 124 -0.9055649241119148
122 126 -0.7486414059236319
122 129 0.13925968892710672
122 130 -0.9825519998223322
123 127 0.557161220439943
123 128 -0.22126893951569948
123 131 0.26230000388105057
123 134 -0.9371707538315583
124 125 0.18835473265616698
124 127 -0.5315079433086269
124 128 -0.23908744171682805
124 129 -0.9474655078529133
124 132 -0.5935087561775905
125 127 -0.6881208409710355
125 128 0.4090328455276271
125 129 0.6945952505348152
125 130 0.1954030270570113
125 133 0.10335196474786557
126 127 0.8511890554470589
126 134 0.3055394612581115
127 131 0.9358526984444182
127 132 0.7693689975840277
128 130 0.33945911325963163
128 132 0.12455033679706218
128 134 -0.9625317219690535
129 131 -0.5984174882234949
129 134 -0.6882733434274402
130 131 -0.9352819555878866
131 133 -0.9590700101254286
132 133 0.5077379409772647
132 134 0.4235024582410569
133 134 0.07918232686376925
