105 3318
0 0.16910415696701597
1 0.9491666720372693
2 -0.23334888890490846
3 0.2534254586768745
4 0.9014757459930689
5 -0.8202986478365419
6 0.924164740529027
7 -0.5157877745213328
8 0.30858055647322735
9 -0.16707737615221996
10 -0.6865758075481774
11 -0.4550153768407228
12 -0.6907620829455066
13 0.40955247544309303
14 0.6026842697876429
15 -0.49231923199730376
16 0.8222242786762655
17 -0.5036511316765453
18 -0.40059315068058354
19 -0.9605255513060236
20 0.16989899270173314
21 -0.48934293416671415
22 -0.27102055432485694
23 0.4991112839121197
24 0.6491134748789285
25 0.14849649851641544
26 0.6773172448736895
27 0.7844398469381919
28 0.12036876357196746
29 -0.9592332523316605
30 0.5183037463322036
31 -0.5026199213103306
32 -0.5859872980230176
33 -0.394017263865843
34 0.9575078149910992
35 -0.7509060589290073
36 -0.3108674770629174
37 0.6800592329191144
38 -0.5498608806301459
39 -0.730826006276561
40 0.148161624993711
41 -0.26652895521275677
42 0.3929162346897064
43 -0.8825679586866222
44 0.16930986936150783
45 -0.052554427892397726
46 0.2042486607305869
47 -0.695376275177856
48 -0.26499271660191126
49 -0.8878522898339993
50 0.1750913188085439
51 -0.4059478061628483
52 0.5070532199027344
53 -0.04102937152898978
54 -0.002840272522392162
55 0.7054902115275257
56 0.2957705100242618
57 -0.5785696884132514
58 -0.09539011983358137
59 -0.4386104218813913
60 0.16170257156165535
61 -0.5840983060243141
62 0.029963519765417557
63 0.4503407347017443
64 -0.9485279560983129
65 0.9452214305619544
66 -0.6787108662740091
67 0.6233924844427405
68 -0.8464428332768346
69 -0.8795858815580466
70 0.8789407659167943
71 0.4590732015824661
72 -0.6326958677348122
73 0.28597594058114706
74 0.09025480884218418
75 -0.5191598172930716
76 0.4388879976160023
77 -0.309361076050106
78 -0.18550109912018775
79 -0.1743429762215407
80 -0.9619978004544412
81 -0.6591056316192787
82 -0.7386807494513405
83 -0.40039539299223703
84 0.6421301395840886
85 0.9787148395613743
86 -0.7689662591031383
87 -0.9577051669731655
88 -0.1791245734232012
89 -0.337123643593368
90 0.12005298409743448
91 0.12315023881722387
92 0.5894162762719803
93 0.2687927309578442
94 0.8276848167731561
95 -0.09991057188351493
96 -0.6469927233394868
97 -0.057598032125656395
98 0.5169036579056803
99 -0.5872694306283073
100 0.5416357631395039
101 0.8714318861248318
102 -0.5365629764199096
103 0.4192696162340801
104 -0.238474458189895
0 3 0.5638653533381668
0 4 -0.3539099574256648
0 7 0.6706799137987844
0 8 0.43047432125953344
0 9 0.8589612985676836
0 10 0.6693620902684383
0 14 -0.8034445984138106
0 15 0.05030441490667248
0 16 -0.15373422028377126
0 17 0.590974535339919
0 18 0.5672961132661847
0 19 0.3894283643108145
0 20 -0.8747489002444686
0 21 -0.9373576730060935
0 22 0.5256867844300439
0 23 -0.4702377325772693
0 24 -0.6436001931669366
0 26 -0.0698842692716597
0 27 -0.18872096860455967
0 28 -0.22172066015263714
0 29 0.1905919208822402
0 30 0.07336452225434642
0 31 -0.6905742803023425
0 33 0.6088247120308603
0 37 -0.2458035769739546
0 38 0.1131546186074992
0 39 0.6395972543096806
0 41 0.1041007902783031
0 43 0.8119303175460824
0 44 -0.266526335605624
0 45 0.16838218198746135
0 47 0.043362909111897885
0 52 -0.6434780826302526
0 53 -0.7081583570058445
0 54 0.575550061694418
0 55 -0.5919818096166467
0 56 -0.3306920012761343
0 60 0.3388379560688892
0 63 0.13347364109215243
0 64 0.8441297346936647
0 65 -0.0036123957069746915
0 66 0.7357184396160659
0 68 -0.2346914975258405
0 69 0.27139713017125255
0 71 0.12817353962680822
0 72 0.5937425896990673
0 73 0.2886040194060897
0 74 -0.09164490978905926
0 75 0.5096163341328692
0 77 -0.29107704906417453
0 78 0.6231408268815286
0 79 0.06572473756999142
0 80 -0.6925349762134076
0 81 0.7207153846868537
0 82 -0.6046893159526274
0 83 -0.27241441815170986
0 84 0.12178791092219377
0 85 -0.6589265294604225
0 86 0.46233392054660327
0 87 0.6190451846176579
0 88 -0.46345768905050577
0 89 0.5811436830789529
0 90 -0.4326169718836208
0 91 0.0773939170694149
0 93 -0.664369122266586
0 94 -0.9433848679425199
0 95 0.15232874520761297
0 96 -0.2570556507986681
0 97 0.011459682624053391
0 98 0.4864400881797373
0 104 0.3967445361608515
1 2 0.7550382494681882
1 3 0.2972338712425864
1 7 0.705191659620086
1 8 -0.78295803211754
1 9 -0.7385427853493147
1 12 0.7962258593220177
1 14 -0.4760641007570885
1 15 0.7725598927348771
1 17 -0.5659387562699987
1 18 0.5822610897040053
1 19 0.18221387187178695
1 20 0.08014575507892596
1 21 -0.2641637724947894
1 22 -0.6031089678323496
1 23 -0.6779365007760865
1 24 -0.5864192603695562
1 25 -0.5073601836721269
1 26 -0.3589779247557523
1 29 -0.7374866379089042
1 30 0.43850239831999427
1 31 0.10195335594851263
1 32 0.3187066549133557
1 33 -0.29207613368020935
1 36 -0.8987102257491089
1 38 -0.6129456254600563
1 39 0.279314265563974
1 43 0.5244814704697609
1 44 0.6272985155968616
1 46 0.5408668705412154
1 47 -0.928432840030309
1 48 -0.9552584345836015
1 49 -0.33010196959135585
1 52 0.2877170201220176
1 54 -0.9012188500209211
1 55 -0.7789153750055995
1 56 0.2885593488627465
1 57 -0.49074963695703566
1 59 0.9689480855083463
1 64 0.5283414585508635
1 66 0.6366709309495164
1 67 -0.3398874857603018
1 68 0.7714164795166105
1 69 0.9845549473952542
1 70 -0.609496109586158
1 72 -0.8997538521919968
1 74 -0.7796553555383399
1 75 -0.5994992283253815
1 77 -0.46414765148462744
1 79 0.6442425608995661
1 81 0.7770214450660111
1 83 -0.06579579697074633
1 87 -0.25713413909381533
1 92 -0.8277811848501113
1 94 0.8933488995864818
1 95 -0.5912279498262192
1 96 -0.6242840398976635
1 98 -0.9281721541125523
1 99 -0.03466684383142438
1 100 -0.4938773703821753
1 102 0.15190283697860263
2 3 0.29974615131255433
2 4 0.48851950395547217
2 5 -0.49078640374299565
2 8 0.7793144174665718
2 9 0.45165718452652515
2 10 -0.05740605562536416
2 11 -0.5352163340591607
2 12 0.17086363530699988
2 14 -0.45966180087995734
2 17 -0.16188674460746633
2 19 0.14139090393125264
2 20 -0.9124876912821387
2 22 0.9379477500350326
2 23 0.569806614995298
2 24 0.6756209809332303
2 27 0.8803641003862801
2 29 -0.3161766475796348
2 30 0.4942382717539624
2 31 0.5764967845359719
2 32 -0.6583920946874471
2 34 -0.6000017218890341
2 35 -0.09990079227706516
2 39 -0.1940046036507288
2 41 0.550591518450096
2 42 -0.92212147933062
2 43 0.37778386889616433
2 45 -0.5680748180631898
2 46 -0.10082604224495006
2 48 -0.7510153603213983
2 51 -0.85477797043362
2 54 0.409876517783494
2 55 -0.21822930829199683
2 62 -0.18776293963618707
2 63 0.7929215229860422
2 64 0.7019538710558941
2 65 -0.572012941327402
2 67 -0.5045785241983218
2 68 0.08861989945145998
2 70 0.8367744119830249
2 72 0.1155490931173595
2 73 0.7088215904213959
2 74 0.7752357039511233
2 76 0.19020244377128037
2 79 -0.23339216109893957
2 80 0.8335504085796412
2 86 -0.3923020235511525
2 88 0.5089896931504225
2 90 -0.058001250750894684
2 91 -0.002697901341754738
2 92 0.6668581430492753
2 94 -0.34114851745020514
2 95 0.8397133496391709
2 96 0.4345860477388048
2 97 0.31638741919089686
2 99 0.6423194032329391
2 101 0.32402346347165056
2 102 0.6296263812794805
2 103 -0.08824990649112063
2 104 0.7385428565730963
3 5 0.8463176390625111
3 6 0.34142115645361004
3 8 -0.4837962490394223
3 9 0.2576821397102742
3 10 0.81449066281053
3 15 0.4973626712519601
3 16 -0.1534470958038674
3 17 -0.24055512384293576
3 18 -0.07355524581991757
3 19 -0.6163030342109659
3 20 0.6422234272752021
3 21 -0.8959004158371326
3 22 0.5436028644386461
3 23 0.202169738753172
3 25 0.8935372761599225
3 26 -0.4350673032278507
3 27 0.023843851176577502
3 29 0.08895449634669261
3 30 0.8555755556998423
3 32 0.28731211978576665
3 33 0.5568659737201924
3 34 0.3229926420821614
3 35 -0.028273204822111042
3 36 -0.9869546077040656
3 38 0.18381567253758768
3 39 0.8705889977071195
3 40 0.7673259981804363
3 41 -0.5100272606204523
3 44 0.8712935098633774
3 46 0.9155312451412903
3 47 -0.5676874827339922
3 48 -0.2076684927359964
3 49 -0.594763129907387
3 50 -0.8503660110077598
3 53 0.7153804669332717
3 54 -0.765775078738486
3 55 -0.44553078456121575
3 56 -0.6270400552982278
3 58 -0.8934418777512729
3 59 0.13545041561989368
3 62 0.08058123392173977
3 64 0.8923453889565747
3 65 -0.4233248066965627
3 66 0.09332908421779629
3 67 0.5487853177117135
3 68 0.5420241014714193
3 70 -0.928874118460679
3 71 -0.1538456673700459
3 72 -0.20274847433896315
3 76 -0.5243870010689191
3 78 -0.40438962031676007
3 79 0.650656457721396
3 80 0.22588187428542872
3 83 0.2528896318637839
3 84 0.8293630550708613
3 86 0.7523179976016752
3 87 0.06021988215204721
3 88 0.2788474707187163
3 89 -0.04568920591476422
3 94 -0.900097885340841
3 96 0.9724961243773016
3 100 -0.8468320513981074
3 101 0.5025587928505586
3 103 -0.41523975923074863
3 104 0.06074941183844751
4 5 -0.01120975856781481
4 6 0.9797167660189348
4 10 -0.38625573670937197
4 12 -0.09799112343962713
4 15 0.028472835312235878
4 17 -0.756661915277193
4 20 -0.8382220864673096
4 22 0.09786526437660181
4 26 -0.38017465267810446
4 29 0.824937183052264
4 31 0.34766553968135216
4 35 0.19225225407290503
4 36 -0.8933144298121347
4 37 0.5539926642784194
4 38 0.08124065270921088
4 40 -0.40504061520816115
4 41 0.7644651464289733
4 42 -0.5714679183940514
4 43 -0.499290733261196
4 47 0.6891420285032117
4 49 -0.7988944970553016
4 51 0.5345069375879472
4 54 0.5250810893080347
4 55 -0.6419276456094869
4 56 -0.2640452930996986
4 57 0.14762833648572093
4 58 -0.6033124421082965
4 59 -0.8582195609855015
4 60 -0.2239608600284244
4 61 0.020020446025009964
4 62 -0.8101909709355999
4 63 0.15722021815909049
4 65 -0.20829245214644954
4 66 0.8596916774467256
4 67 -0.9327759597506888
4 68 -0.7878713946512244
4 69 0.4149255731934196
4 71 -0.9729911939482319
4 72 0.6834756642124309
4 74 0.14742771647815678
4 75 0.5636577841161783
4 77 0.03047725548967173
4 78 -0.7684149559317044
4 80 -0.820482166881713
4 81 -0.9634830208191267
4 82 0.20231689759404636
4 83 -0.5868017068017981
4 86 -0.2521038808620013
4 87 -0.4030376588237665
4 88 0.5563220889331824
4 93 -0.6710863199647297
4 94 -0.8819726468337488
4 95 0.10015079226046808
4 96 0.5503272760708493
4 97 -0.13061515318282235
4 98 0.38000723889722754
4 100 -0.1795272713753242
4 102 0.22967705000824168
4 104 -0.602498364284263
5 6 0.17770209565938666
5 7 0.042090353487498566
5 10 0.24346521261690124
5 11 -0.9862868221423786
5 12 0.7422738245741296
5 13 0.057341692260552524
5 14 -0.6714602513539993
5 15 0.14929328311116152
5 17 0.2544356672695176
5 18 -0.39240683351757744
5 20 0.06941593229404952
5 21 0.017682049216881213
5 23 -0.32462156674386744
5 26 -0.5525854790672919
5 27 -0.6436109655985738
5 28 0.14812132150982937
5 29 0.3789035356073831
5 31 0.5509425126624565
5 32 -0.9803093591561527
5 35 0.1807293456584278
5 37 0.5804879501313174
5 39 0.7700697036603181
5 40 -0.46503914387180334
5 41 0.6850581860922098
5 42 0.1248883297927561
5 43 -0.19309624327731556
5 44 -0.568540907417753
5 46 -0.07228343395378234
5 47 0.28125143172922695
5 49 0.4634290816123714
5 53 0.36968297419773277
5 54 0.6670086106504938
5 57 -0.5062126626173462
5 59 0.838472796148678
5 61 0.21769864854302634
5 62 0.6158135936797553
5 63 0.11648026885964824
5 64 0.13254565707642252
5 65 0.7054809047332129
5 66 0.5404469016182147
5 67 -0.01984719512433908
5 68 -0.3456190831659096
5 70 0.34869629250630485
5 75 0.9844163839597961
5 76 0.8829368826310104
5 77 0.4066965889596732
5 81 -0.6999818585285522
5 82 -0.8063643543455101
5 83 -0.12944940864553933
5 87 0.7208371045973616
5 90 0.6456015783906672
5 91 -0.1717435863175203
5 92 -0.918653034691846
5 95 -0.28282097203858503
5 96 -0.4287512382974126
5 97 0.1653575624070418
5 98 0.39592949839464087
5 99 -0.5179367865047995
5 102 -0.7635998905544705
5 103 0.3703032373963331
6 9 -0.5626569864924837
6 11 0.25453923137974876
6 12 0.5174385764274307
6 14 -0.0508908928594336
6 17 -0.8442659418703504
6 18 -0.633275324287903
6 20 -0.5641426344217555
6 21 -0.8574063288619094
6 25 -0.7647041105602836
6 28 0.8053897929061724
6 29 -0.02366426622942197
6 30 -0.9024025187181777
6 33 0.6932695435042933
6 35 -0.6385624427297867
6 39 -0.3956256441486601
6 40 0.3788077951070514
6 41 -0.5967007240748512
6 43 -0.6930798954366666
6 46 0.37674709625759184
6 47 0.8740847676719596
6 50 -0.022918770527004195
6 51 0.025885781693631538
6 54 0.23548193528161177
6 57 -0.9151696897729702
6 61 -0.7678143192267368
6 62 -0.6107882393883974
6 68 0.04242250834056671
6 70 0.2241627327084348
6 71 0.9534689535869723
6 72 0.9846087674927386
6 73 -0.9868133269178756
6 74 0.61373859813339
6 75 0.20459239069550716
6 78 -0.5307874847675922
6 82 0.49545088949607274
6 83 -0.31741374117805776
6 84 0.28509580559111614
6 85 -0.6136018675780022
6 86 0.7808161442722319
6 89 0.5449012524458818
6 90 0.5265735223381849
6 91 -0.5118610845501061
6 94 -0.07115742433220662
6 96 0.24333349485750055
6 97 0.5353565020746569
6 98 0.9226134410491091
6 99 0.6024134290516336
6 100 -0.8225010916314417
6 101 -0.9098970425873745
6 103 -0.9231007499031838
7 8 -0.41930158269234985
7 10 0.8457454212993545
7 11 0.9901266021790267
7 13 0.12942191980108708
7 14 0.8527318306723162
7 16 0.5897062343401598
7 18 -0.9591715814777817
7 19 0.8015467337578153
7 20 0.12515222420576566
7 22 0.36586250336443915
7 23 0.36190969806683504
7 25 0.3283488641345462
7 27 0.5176606026980575
7 28 -0.46345853291103056
7 29 0.13187042108373825
7 31 0.7363604508239732
7 32 -0.38812300830707613
7 33 -0.9231741945985112
7 34 -0.18668558497067922
7 37 -0.28263051541844786
7 38 0.8979305239334556
7 39 0.5014785529054142
7 40 -0.36992538927158525
7 44 -0.44559701384146555
7 45 0.5599068525130491
7 47 -0.1784075601542947
7 48 0.13860846775584124
7 49 -0.3488742263865965
7 50 -0.7658572726978901
7 52 -0.4901219508472423
7 54 0.6512099261065476
7 55 -0.17620919517347788
7 56 -0.6232926422133727
7 58 0.40566305179669393
7 59 -0.06335121030591928
7 60 -0.9662179111669789
7 62 0.49707770358291126
7 64 0.26329063033492073
7 65 -0.18585890049998288
7 71 0.6103172030014086
7 73 0.4740116832407151
7 74 0.7032827081447706
7 76 -0.6538790002845594
7 77 -0.11235826116181657
7 80 0.9125271306522507
7 82 -0.08756630731519599
7 84 0.7880145222307533
7 85 -0.09941816346699683
7 86 0.29946219083604086
7 87 0.02208595423783355
7 89 0.6667129983816824
7 91 0.9557036327299293
7 93 0.036919773063160743
7 94 0.6830579134612418
7 95 -0.18658922483157836
7 96 -0.03468644905288931
7 97 0.36891878586078364
7 98 0.3991464957946025
7 99 -0.5471646052429602
7 101 -0.7268547119486382
7 104 0.5847149399183988
8 9 -0.7383116915766363
8 10 0.12379496050937555
8 11 0.17824732965177192
8 13 -0.4197279587524503
8 14 -0.9987225087391967
8 15 -0.9217581614518702
8 16 0.5300062671582988
8 18 0.6469592543590175
8 20 0.6161112200375127
8 21 -0.7859023364468631
8 24 -0.6074375065883613
8 25 -0.754189119018627
8 28 -0.6808436921418453
8 29 0.3612962804633346
8 30 -0.7845710906811592
8 31 0.5783230219485416
8 33 -0.7566995057999719
8 34 0.9787870068808813
8 37 0.014783780110901201
8 38 0.8866938892417735
8 39 0.3459704075574055
8 40 0.9058465447142783
8 42 -0.11187286341375025
8 44 -0.30577348534241566
8 47 0.9563524916853219
8 49 0.8651894766470758
8 50 0.4681999571526754
8 54 0.5390977300840389
8 55 0.29018706632255054
8 56 0.5965307979791028
8 59 -0.88819407589561
8 64 0.8701815061223013
8 65 0.9927894998616424
8 69 0.9628448166925019
8 70 -0.40759925668777597
8 71 -0.22284204803120322
8 72 0.5586210040479245
8 74 0.7668711933834302
8 75 -0.303936529574631
8 76 0.3314783498726772
8 81 -0.1730114459017167
8 84 -0.24648169514086238
8 86 -0.9172779046409838
8 88 0.559779547692371
8 89 0.6821625178571409
8 90 0.20661684794268176
8 91 0.9583734679957994
8 95 -0.3782876110559301
8 97 0.9921996671904305
8 103 0.2780336898635931
8 104 0.8872010103720265
9 10 0.564812454289779
9 14 0.11688020999870563
9 16 -0.22412240931285798
9 17 -0.501123521905416
9 19 0.3926590047715097
9 21 -0.013837334418193903
9 22 -0.7267669810210993
9 24 0.47886542972770996
9 25 -0.8127682444878084
9 26 -0.19130085390331897
9 28 -0.3719685679613083
9 29 0.48952454872527795
9 30 -0.33228770132159546
9 33 0.6726897717526292
9 34 -0.7005979873338597
9 36 0.8264043834721642
9 38 0.024499155147696294
9 40 -0.15402297319438962
9 42 -0.03917830969155567
9 43 -0.5898752354602343
9 44 0.9835051611854608
9 45 -0.029239488078332432
9 49 0.9239819073137947
9 52 -0.2845498867255949
9 53 -0.23427109494821008
9 57 0.08412989593153286
9 58 0.8577823971345402
9 59 -0.008663712187067851
9 60 0.4136868957304387
9 62 -0.3846902943284325
9 63 -0.3570670997714762
9 64 -0.5451990473169992
9 65 0.9994543798251867
9 66 -0.5956545278519676
9 67 -0.8927581541463014
9 68 0.1785319338663045
9 70 -0.14400732447778308
9 72 -0.2105662656776841
9 74 0.5047049502674119
9 75 -0.19034855960804697
9 77 0.08254162265205145
9 79 0.24940999483249437
9 81 0.4034782807468027
9 82 -0.8033292996843537
9 86 -0.8055547245168841
9 88 -0.0684383998772442
9 91 0.5310645492141894
9 93 -0.22428671241100062
9 94 -0.8198545773563233
9 95 0.22113727322691012
9 97 0.9987746747328357
9 98 0.6549921985300404
9 100 -0.14333907491192632
9 103 0.3672819083566803
9 104 0.09564600150594793
10 11 0.7843514614731097
10 14 0.7984931666361299
10 15 -0.5521163128743836
10 20 -0.20023133117175607
10 25 0.01522444713518123
10 26 0.1877499998572505
10 27 0.8366871346244178
10 28 0.3991550135073074
10 29 -0.9886708969730909
10 30 0.7578327267676921
10 31 -0.9536262519383805
10 33 0.39523894806509885
10 34 -0.47338562629091063
10 35 -0.5480715313518385
10 38 -0.6281251833100245
10 39 0.6178182448998335
10 40 0.6226967927460874
10 41 -0.24339232466310468
10 43 -0.7305665570009161
10 49 0.6963739235914304
10 51 0.6451215690271883
10 53 0.167732142266523
10 54 -0.808856630414837
10 55 -0.8088230896835453
10 56 0.1369042385278827
10 57 0.9894442517244044
10 59 -0.5103675335289761
10 60 0.07053044181152002
10 61 -0.2254150696083126
10 63 -0.5214818387001958
10 64 -0.3313916665411465
10 66 0.5182528859063555
10 67 -0.6973653740759544
10 68 -0.32364060775868975
10 69 0.667735756152221
10 70 0.4442517115739866
10 71 0.7910682705254153
10 72 -0.3685115120411566
10 73 -0.6948286942660824
10 74 -0.5284308615548021
10 75 0.1910904809628855
10 76 0.29069124804683066
10 78 -0.14540109589401085
10 80 0.5982560337255904
10 81 0.5254816517119731
10 82 0.6158871505668622
10 83 -0.41482953899384634
10 84 -0.3944776202351439
10 86 -0.6506552165537818
10 88 0.9092254773111923
10 90 -0.8828645354904099
10 92 -0.580846710961481
10 93 -0.48189633275071797
10 94 -0.5451673248169961
10 95 0.3704943699180583
10 96 0.9547650902678353
10 98 0.1811925261400935
10 99 -0.4206500925200367
10 102 0.14554728576626919
10 104 -0.8642054341712633
11 13 0.10991983645879855
11 14 0.17815658371497411
11 15 -0.1353219381218156
11 16 0.277099338485816
11 18 -0.6683596543178594
11 19 -0.23168502922485956
11 20 -0.5691058027616462
11 22 -0.7664569783971322
11 27 0.8236735930679766
11 28 0.5290990341279305
11 29 0.3202522791991722
11 30 -0.7499364948946188
11 32 0.034798216759484024
11 33 -0.8540119206804195
11 38 -0.615338910774738
11 40 0.7082706549166855
11 41 0.6665954532356808
11 42 0.010315279509565345
11 44 0.2864430368080191
11 47 -0.6232739933130174
11 50 -0.0017109928779179828
11 51 0.7666679602634816
11 56 0.9077860041129335
11 57 -0.4509749634902829
11 61 -0.39664731658449726
11 62 0.24012505231505377
11 65 -0.8464408848361222
11 66 0.3079338608700002
11 69 -0.03491679970568651
11 70 -0.9382625024435558
11 71 0.7607930467831829
11 72 -0.14225237471035101
11 73 0.4064880258808332
11 74 -0.3559016140369644
11 77 0.7165760910622969
11 78 -0.8117861502764079
11 79 0.6834909292749898
11 80 0.030892050478994015
11 83 -0.37040515015724895
11 85 -0.43406292197601126
11 87 0.08280752337936592
11 88 -0.2153158250292868
11 89 0.04394971489596311
11 90 -0.8027587458659027
11 95 -0.5416026122891477
11 96 -0.4544074277482808
11 97 0.9360286056691633
11 98 0.715461125110566
11 104 0.7645547174684753
12 17 -0.22056943300513265
12 18 -0.4211554270007718
12 19 0.07058757862610832
12 20 -0.5551036103032345
12 21 -0.5410227999802026
12 22 0.5533045292428744
12 26 -0.8847997625357287
12 27 -0.20664005520050477
12 28 0.8448954208817483
12 30 -0.3972558567581499
12 33 0.0009664556899700028
12 34 -0.003130696548923506
12 36 -0.8587792650024675
12 43 -0.5483380841955618
12 44 -0.9458712213545692
12 45 -0.37140695674482016
12 46 -0.3974394819839111
12 47 -0.1578164503137145
12 48 0.6804318443463215
12 50 -0.6661917129800687
12 51 0.2057690026678214
12 52 -0.6459262951996694
12 53 0.4523898187477411
12 54 -0.5620291974015472
12 58 0.8597493431689911
12 60 0.8131417613968974
12 61 0.643469593669316
12 62 0.020259198950439483
12 63 0.8942980233435955
12 64 -0.0863395640320066
12 66 0.18369259390492787
12 67 0.9800518346476292
12 68 0.6996397371280973
12 69 -0.13674689020684916
12 71 0.3926183823103575
12 72 0.8783865993969584
12 74 0.1632668194733038
12 78 -0.9844925993181681
12 79 0.8326848013534531
12 80 -0.6007186770299353
12 81 -0.3394741439321889
12 82 0.004475430021355864
12 83 0.7286446357258631
12 84 -0.6372949211543357
12 85 -0.7211290567863586
12 86 0.9788116420059136
12 87 0.5706748856152424
12 88 -0.8728299182860941
12 89 0.38095767372930545
12 90 -0.1150648456197052
12 92 -0.4066199791315632
12 93 0.024558147335450586
12 94 0.4149442682110298
12 95 -0.8355763672941017
12 98 -0.5699472222059434
12 99 0.05980848368707781
12 100 -0.14941911799477814
12 101 0.7181330014693434
12 102 0.6322813628810999
12 103 0.15715570254457356
12 104 0.9805217169437195
13 14 -0.8305832543652831
13 15 0.19169505878376003
13 16 -0.806430558577262
13 20 0.6444306621955027
13 21 -0.3285778322329669
13 22 0.2635245877833212
13 24 -0.07735058725525712
13 28 -0.2985312754008793
13 30 0.7033832241389859
13 32 0.7839632175881741
13 33 0.8621174072372471
13 34 0.47589768097677254
13 35 0.6529365383127246
13 36 0.10740907447689452
13 37 -0.9921556776217375
13 38 0.9839610386561539
13 39 0.659657935040054
13 40 0.2649678212960618
13 41 0.6128960924842475
13 46 0.0676468967717796
13 47 0.3779899807580227
13 48 -0.2539939118680665
13 50 -0.31125114335192694
13 51 -0.9228283450829011
13 52 0.10097006858581681
13 53 -0.4399276545229467
13 55 -0.29054346202186987
13 56 0.6729108707340794
13 59 0.8860229891713547
13 60 -0.8668647440488271
13 62 -0.9877801142996991
13 63 0.8991709211778025
13 64 0.3003632991441001
13 65 -0.6414054905244642
13 67 -0.42329575528472385
13 68 -0.6873604533406383
13 69 -0.9623945550290729
13 70 0.060295426641826744
13 71 -0.6535264022807645
13 73 0.6679915195936619
13 74 0.09359967893051757
13 75 -0.21585423655376834
13 76 -0.32564065213802706
13 78 -0.9641899022178058
13 80 -0.6721303229987832
13 81 0.26377958712675986
13 85 -0.7085306266632225
13 87 0.19015352076134384
13 88 0.2852205384342754
13 89 -0.8170650161042048
13 90 -0.08371123227026023
13 98 -0.3087652008315642
13 99 -0.808878245123811
13 100 -0.6617270474256505
13 101 -0.9360468497631413
13 102 0.3806899302449418
13 103 0.24917133572298944
13 104 0.9335611375378092
14 15 -0.6069046009781893
14 20 0.8015776610178948
14 21 -0.5922893946795202
14 24 0.5401055985698537
14 25 0.3747276149447145
14 28 0.7778886860543412
14 29 -0.6898455129987937
14 30 0.8037289625227031
14 32 -0.6071619969622888
14 36 0.17896720360915586
14 38 -0.5628188872428763
14 41 -0.4615206954935309
14 42 0.19394943184688662
14 45 -0.9199081498921731
14 46 0.2158374202452784
14 48 0.9913341082974518
14 49 -0.7316799372423228
14 50 -0.19718935837310436
14 51 -0.9871708139574884
14 54 0.9155120219237955
14 55 0.6942977328487132
14 57 -0.8420260950187011
14 58 -0.438520276378056
14 61 -0.5144828233878702
14 63 0.8263929941172983
14 64 0.4244060893363797
14 66 -0.26615790823174557
14 70 -0.22378226781943122
14 73 -0.9053530630255959
14 74 -0.2926419251718797
14 75 -0.873180905828256
14 77 0.22550731355565934
14 78 0.4202280180385516
14 80 0.48831906208392506
14 82 -0.9995713955712879
14 83 0.5406593017221413
14 85 -0.21147836357214422
14 86 0.3909041711165202
14 87 0.5973960495366546
14 88 -0.07701715899499884
14 89 0.246363986127216
14 91 0.16331427123370545
14 92 0.0900783083123664
14 94 -0.5592023378147166
14 95 0.4372194237266869
14 96 0.7432871226291575
14 98 -0.01242258559126208
14 99 -0.7974897470946438
14 100 -0.2920750155650802
14 104 -0.9725722962490766
15 17 0.8476446439219869
15 21 -0.17160060564784851
15 22 -0.6438642116014894
15 23 -0.8821298942721312
15 24 -0.734255648878323
15 26 0.06841796598400718
15 27 -0.6110836149403955
15 28 0.13486650626597596
15 29 -0.7171660142910985
15 31 0.2993354572568081
15 33 0.6882886143956486
15 34 -0.3771457877506006
15 35 0.35791887201933115
15 38 -0.25896748659885915
15 42 -0.5742789405524107
15 43 -0.9631253319112885
15 44 0.19464337439815216
15 46 0.4641960761716777
15 48 0.37505777044338684
15 51 0.8021880584320737
15 54 0.5788341867362914
15 55 0.2885905912248794
15 57 0.6850747731517752
15 58 0.7573212498153619
15 59 0.6616993186218931
15 60 0.36681075411973874
15 61 -0.06358148714930811
15 62 0.9409607534126172
15 65 -0.04624729339704148
15 66 -0.8069855284366918
15 68 0.34960548347003395
15 75 -0.7589725839778967
15 76 0.0742401893936735
15 77 0.33506002657357414
15 78 -0.2805323083170732
15 79 0.9050702021714754
15 80 0.7312201936556122
15 81 0.8782655388235456
15 82 -0.051710638503464024
15 83 -0.5756092823850798
15 84 0.8986284410546759
15 87 0.3200305170074633
15 89 0.9997538830764268
15 90 0.7595643938623267
15 91 0.20184249947116295
15 92 0.21046502429094693
15 95 0.9932837213408399
15 96 0.8002129546806425
15 97 -0.6490040037610458
15 98 -0.5853336343869475
15 99 -0.2525173576136137
15 101 -0.6640855000652774
15 103 -0.4131860307880435
15 104 -0.09140083539516008
16 17 0.8546971648306518
16 18 -0.06513238189186077
16 20 -0.8941370198263854
16 22 -0.5418101258267438
16 23 -0.6845846025914251
16 24 0.12221655174779977
16 25 0.011975281376033875
16 26 0.5766942612434165
16 28 0.7541236009057553
16 30 0.13811791992459188
16 31 0.04210557841774132
16 32 0.8824591254813907
16 33 0.2540768582054773
16 34 0.5503773271308026
16 35 0.8538144133578747
16 36 0.5958970986275736
16 37 0.9039878344758128
16 38 0.864980425033474
16 41 -0.04900023847439927
16 42 0.49381626035498716
16 44 -0.27526849574090106
16 45 0.2884085555583116
16 48 -0.8749770092340876
16 50 0.05191086617479246
16 52 -0.7278657944536748
16 53 -0.9117688455050372
16 56 0.4146952572229703
16 60 0.6527267934658811
16 62 0.6684721355534535
16 63 -0.3128082454218828
16 66 -0.7672827579530925
16 69 -0.6155370239423938
16 70 -0.08659767787647343
16 71 0.4351994479962382
16 72 0.22021842816517956
16 73 0.12962101457644426
16 74 -0.20428478401423744
16 77 -0.5076849644237378
16 78 0.0005186359321411871
16 80 -0.5199386852561214
16 81 -0.9122589080402037
16 82 -0.7750035653728173
16 86 -0.7858478239011888
16 87 -0.31626807176791183
16 88 0.9021730515269324
16 89 0.38465002936605663
16 91 -0.6989634273401621
16 92 0.27204992054777843
16 93 0.7432953507309443
16 95 0.022877254844489547
16 96 0.3041191191595114
16 97 -0.32724302348109746
16 98 -0.04335044711546643
16 100 0.06042947306694768
16 101 0.12783872502225213
16 102 -0.7485291223429908
16 103 -0.6324668787760241
16 104 0.7409129721353516
17 22 0.5729096169146681
17 23 -0.2931891533696145
17 24 0.5599614187350919
17 25 -0.20092415613446657
17 26 -0.44153554613806856
17 28 -0.90375621828704
17 29 0.5512637899465065
17 30 0.6354715426575868
17 31 -0.8973942236577908
17 32 0.7856364753391616
17 33 0.3009654811009439
17 34 0.2361883318809781
17 35 -0.5945383099457946
17 36 -0.12242475340302383
17 37 0.32849704662480383
17 38 0.0819346106115253
17 39 0.6257131580393942
17 41 0.0294753626600055
17 43 0.4116510906381823
17 45 -0.20969420087495605
17 46 0.15920266785551562
17 47 -0.3546408785518471
17 48 -0.8169415510172915
17 49 -0.9943278510122768
17 53 0.4052144427237423
17 57 -0.5570398208757883
17 58 -0.5445718796932457
17 60 0.11268396035256956
17 61 0.5242134143086534
17 62 -0.45039108438561004
17 64 0.5476335133169197
17 69 0.2766013302002168
17 74 0.4327590482323087
17 75 0.5558241870448188
17 79 0.20404240526953554
17 81 -0.8774414055678097
17 83 0.42118264175040365
17 86 0.45308741002102204
17 87 0.8625567435625878
17 91 -0.36522470426963194
17 92 -0.44645392087668867
17 94 0.7751521639796914
17 95 0.30809942328690987
17 96 0.1183882711193287
17 98 0.8670867630008752
17 99 -0.990722530272762
17 100 0.12300438430119232
17 101 0.4592759243995759
17 102 -0.4596978362719355
17 103 0.45066095488472335
17 104 0.7600927113215004
18 19 0.7703770111983665
18 20 0.26589166247115137
18 21 0.9821706920692761
18 22 0.6883692603991534
18 23 -0.45063981429895783
18 26 -0.068016652519165
18 27 -0.04794911174345717
18 29 0.6839971727103287
18 30 -0.1733967841632229
18 31 -0.07309182548599935
18 32 0.4287477050076087
18 33 0.518985829975183
18 34 -0.4582622639896299
18 35 0.8913138130037774
18 36 0.11490577570374927
18 37 0.6676698226006548
18 43 -0.6700070865183034
18 44 -0.7035206372975731
18 49 -0.6060379545458814
18 50 0.46362512586447124
18 51 -0.9852206642116874
18 52 0.2939479616825518
18 53 0.23243171921055406
18 54 0.033272423896633097
18 55 0.22356696281495858
18 57 0.4308112490693847
18 58 -0.39887657334835724
18 59 0.6804445005488284
18 60 -0.8788644516113524
18 61 -0.6797041564800601
18 62 -0.6203368746305575
18 63 -0.7864735341793747
18 65 -0.08321305616452701
18 67 0.321829130078237
18 68 -0.3858753551155547
18 69 -0.45071898576701597
18 70 -0.9943901785340763
18 71 0.8346386789951536
18 72 0.4390535379101368
18 74 -0.6395563607381696
18 75 -0.5146973983788545
18 77 0.9063031831896369
18 78 0.9185977497354796
18 79 -0.39793874369332793
18 80 0.86637728454131
18 81 -0.24365987910145015
18 82 0.18803684319412972
18 83 -0.47614837103585317
18 84 0.3247605421292561
18 86 -0.2940786153785082
18 87 0.06070374874056261
18 90 -0.970660120907082
18 91 -0.347384506883873
18 93 0.9539687772977965
18 94 0.8036826685880079
18 97 -0.7190099724990053
18 98 0.886133313612941
18 99 -0.8620094250106021
18 101 -0.1866117574632351
18 104 0.829463790095345
19 20 -0.3819962533983152
19 22 -0.21736217411948866
19 25 -0.08731172482699079
19 26 -0.14990665463206576
19 28 -0.09730917931112648
19 30 0.9557926463403827
19 31 -0.2079264691490299
19 34 0.6242244889894888
19 37 -0.5412926900897064
19 38 -0.019926574842277
19 39 0.4963760849177652
19 46 0.8906439605231158
19 47 0.4157896626682125
19 51 -0.32251498337969187
19 56 -0.8111012717453969
19 57 0.23565019663739117
19 58 -0.5752460282355101
19 60 0.562022232480307
19 62 -0.7445061542565856
19 63 -0.8055099578374838
19 64 0.7957191785672086
19 65 -0.03589158219523836
19 66 0.49676128486343485
19 68 -0.8655208005796051
19 70 0.5704383078536599
19 71 0.1123294508209729
19 73 0.8433100931435791
19 76 0.90895425607153
19 77 0.9491903978637444
19 78 0.3848784595363024
19 79 0.7634909397240641
19 80 -0.4837526942469994
19 82 -0.8770737904477182
19 83 0.8116891735373701
19 84 -0.15211456535897727
19 86 -0.8572905038054506
19 87 -0.8812318109037445
19 88 0.9146144290257303
19 89 0.13604388163846037
19 93 -0.5345800786751154
19 97 0.39545815231408055
19 98 -0.8022333278279474
19 99 0.7013680317517625
19 100 0.025440669575388153
19 101 0.0721954969465457
19 102 -0.6312872707511628
19 104 0.37752099395163086
20 21 -0.5370456546762801
20 23 -0.11543829143156659
20 24 6.215965546330082e-05
20 25 0.6931614096547047
20 26 0.14346854388129326
20 27 -0.8290497631344003
20 29 -0.29819815257223636
20 30 0.17195250640804116
20 31 0.8261950723594627
20 33 0.20014788133351802
20 34 0.8425285777583102
20 36 0.13273450517331553
20 37 0.47139081320863463
20 40 -0.1931115937788399
20 41 -0.16427659695150898
20 44 -0.4922150267952514
20 45 -0.8828998023841563
20 46 0.5476398295764047
20 47 -0.5357404021468264
20 48 0.5564690846022433
20 49 -0.641320141455453
20 50 0.8779982922447189
20 52 -0.11633303602446121
20 54 0.48888693983194664
20 56 0.554189792941457
20 57 -0.36260282990077775
20 58 -0.05474624646444903
20 60 -0.04656785944381925
20 64 0.18446979313607326
20 65 0.2571327622532764
20 66 -0.4662053139692337
20 67 -0.161190243604179
20 69 0.021312807540571743
20 70 0.35577345513718783
20 74 0.13695937479458253
20 78 0.7333299632008066
20 79 0.2134914175258904
20 80 0.6339907668600577
20 81 0.3704495171628055
20 82 -0.6926540631473694
20 83 -0.7295029927016137
20 84 0.8923856402334427
20 87 0.8053959575317553
20 89 0.508696035680188
20 90 0.5596195127019783
20 91 -0.08974928518009828
20 93 0.16486354864388186
20 94 -0.6195486210355314
20 95 -0.3180681742292917
20 96 0.30299821686689365
20 97 0.8602282909155134
20 98 0.36218738024662933
20 101 0.5659275475515353
20 103 -0.4144822283201639
21 23 -0.5889459339783507
21 24 -0.7734808666483004
21 27 -0.8086051092706694
21 28 0.4600194285034136
21 32 -0.5629050347262441
21 33 0.5632259100446548
21 34 -0.8190865436982488
21 37 -0.6103837440506505
21 39 0.535794100283056
21 42 0.920944015907204
21 44 0.6394350216740134
21 45 -0.051518943948549945
21 46 0.31305574484793475
21 47 -0.1756361328288254
21 48 0.24003889374874654
21 49 -0.9091319170536074
21 50 -0.9110158402368176
21 51 0.929316741518057
21 54 0.9997354274079082
21 55 -0.7450570742044897
21 56 0.6089124741557304
21 57 -0.8310472431496496
21 62 -0.07103591764258232
21 64 0.8898856854894153
21 66 0.36521382463301366
21 67 0.8478838077839546
21 69 0.8734872694086491
21 70 -0.5901287591694155
21 71 -0.1601552628154761
21 72 -0.20319990528575405
21 74 0.43654929171196266
21 77 -0.4181118864079567
21 78 0.5203359862504975
21 79 -0.9258487978232142
21 80 -0.7979229680931883
21 82 0.10134609350853307
21 83 0.2887497149366278
21 84 -0.5909658210807855
21 87 0.11565186678616723
21 88 0.41875262855250917
21 89 0.3011968220930423
21 90 -0.769377335978076
21 91 0.7285186299292965
21 92 0.7850123683742074
21 93 -0.6218047731590186
21 94 -0.05894436678017079
21 95 -0.27036417203042373
21 97 -0.33178335766805955
21 98 0.8811588170194968
21 100 0.11715490745631052
21 101 -0.26915113592344464
21 102 -0.09254062732511859
21 103 -0.05665145650376724
21 104 0.5897952386366774
22 23 -0.5995829284219751
22 25 -0.522990562403473
22 26 0.24724285043854555
22 27 0.137222407336959
22 28 -0.5296578667600877
22 30 0.518898922033985
22 32 -0.830076461120542
22 33 -6.629097659915928e-06
22 35 -0.053420577768306776
22 37 0.07771428532432045
22 38 -0.9591279537220097
22 39 -0.16774200710512965
22 41 -0.9481548281975514
22 42 0.9389856560200514
22 47 0.1315162365378617
22 49 -0.5326734362057204
22 51 -0.17028304625254442
22 53 -0.42640273807956786
22 54 -0.9094000619717593
22 57 -0.3294905174652538
22 58 0.24402674335799723
22 62 0.9769307203747075
22 63 0.7214733019586064
22 65 0.29249228967030727
22 66 0.19368096774252797
22 67 0.6217614792252204
22 68 0.36689498466741766
22 69 -0.11547677906370768
22 71 -0.6112026637045156
22 72 0.5234810861576991
22 73 -0.3120565623054683
22 77 0.68212861288466
22 80 0.2060107706740859
22 81 -0.5059049315344104
22 82 -0.8826977302743122
22 84 -0.7555676375643663
22 86 -0.4723298765149264
22 87 -0.5014787963714533
22 88 -0.4153245972722075
22 90 -0.8502148196293047
22 91 0.12517561861441195
22 93 0.47437197778315143
22 95 0.14604217676248998
22 97 -0.9897357635682982
22 99 -0.3049651848894992
22 100 -0.403054323678365
22 101 0.6398760112024888
22 103 -0.7740334103444317
22 104 0.9376917862257932
23 24 -0.4586068906372389
23 26 0.8733612827825246
23 28 -0.882835456901387
23 30 -0.8009885635397385
23 33 0.42236877812698936
23 34 0.8526442534245091
23 35 -0.08490948665228415
23 36 -0.83242470236633
23 37 -0.42641809010355725
23 38 0.04222933831041509
23 40 -0.37514863456126357
23 42 -0.5660882379445398
23 43 0.30794296202497495
23 49 -0.04791358305828797
23 51 0.7605774521576427
23 52 0.876886649105898
23 53 0.42235124554130055
23 56 -0.38303829396079414
23 57 0.17833803493954514
23 64 0.7412171452487819
23 65 0.49030861417737936
23 66 -0.7724661746314212
23 68 -0.9387499500051271
23 70 -0.794804117835727
23 71 0.9448758622685693
23 74 0.05493772746303138
23 75 0.7321268247904469
23 77 0.5241658639656555
23 81 0.7831580715379216
23 82 0.08313373051553485
23 83 0.8816832299620263
23 84 0.9602133410592932
23 86 -0.8623975198423675
23 88 -0.569146507259062
23 89 0.08017696605221802
23 90 0.5708137767518675
23 92 0.35192065199650546
23 93 -0.4208625052484356
23 95 0.7796153940812052
23 97 -0.2412043285600658
23 98 0.4691319282604165
23 100 -0.7480056117425053
23 101 -0.13863337880157167
23 103 0.3339539340140081
23 104 0.2385302709891357
24 25 0.17536430244970846
24 27 0.8227995294014583
24 28 0.12142925191952747
24 29 0.2890784545303626
24 31 0.664723327637506
24 33 -0.8684676324956515
24 34 -0.406459290216981
24 36 0.5570930366561015
24 37 0.14512586870542576
24 38 -0.2135491677269723
24 40 0.15382164994514413
24 44 -0.5016137518096608
24 47 0.14348715573770532
24 49 0.7481647951986878
24 51 -0.9923724603688349
24 54 -0.44971815305367646
24 55 -0.5763343225072626
24 56 0.8587472097141904
24 57 -0.2974294245237632
24 58 0.42410316588498587
24 59 0.06476037635581089
24 60 -0.8890157182095715
24 61 0.5191125738948072
24 62 0.8489116486484134
24 63 0.520270677661381
24 64 0.15625357999991807
24 66 0.3207185796780867
24 68 -0.5720298907935797
24 70 0.4255283678699122
24 72 -0.38925290928838785
24 76 -0.5801516746063726
24 77 -0.20359438755168102
24 78 -0.4802933535787679
24 79 0.5537726038414084
24 80 -0.3014737133168175
24 81 0.0009876723452364455
24 82 -0.5559047913143713
24 83 -0.4832856549012561
24 84 -0.37872277765668394
24 86 0.7183726399818762
24 87 -0.062453009718585584
24 88 -0.602361690935632
24 91 0.6223046288196779
24 92 0.6173684991775426
24 95 0.09761108965809173
24 96 0.4499697297184371
24 100 0.3898303476269629
24 101 0.7833085013995404
25 26 0.7549319237994829
25 27 -0.5344391168097653
25 28 0.3326639821262405
25 29 0.5519972015480208
25 37 -0.8136559195538313
25 38 -0.4913272387702423
25 42 0.5159102282153141
25 44 0.8606705077593046
25 46 0.5504263076232496
25 48 0.42181214361768715
25 50 -0.43531165101206337
25 51 -0.7870487706261475
25 56 0.7043693790995162
25 57 -0.9674186366743891
25 64 0.6748806854364304
25 65 0.9002201065802746
25 67 0.8301717699725701
25 68 0.9140634105905943
25 69 -0.9994499330802287
25 71 0.4638978338996653
25 73 -0.5187901882903985
25 74 0.3046278111620586
25 75 -0.509370961832013
25 77 -0.8592623704495173
25 78 0.6116965393366178
25 80 0.6069469035163735
25 85 0.9501854504261895
25 87 0.5940947539068533
25 88 -0.05880276841744325
25 89 -0.7242706666764702
25 91 -0.07511351618804674
25 93 0.9952820364863928
25 94 -0.6281630554892661
25 95 0.8970757504372122
25 97 0.8061029083788023
25 100 0.5617499072226972
25 101 -0.5645222273450285
25 102 0.5872983684098523
26 28 -0.09413036941616837
26 29 -0.8342508136068749
26 31 0.3959054886632689
26 32 0.5555106308949278
26 33 -0.397014431544618
26 36 0.7563094161701445
26 37 0.9551948840782063
26 38 -0.4051240863319594
26 39 -0.582672301643659
26 40 0.6319473756542597
26 41 -0.38175593508162775
26 43 -0.416033738538347
26 46 -0.6409246712752241
26 49 0.005360439454354937
26 50 -0.10567329444263796
26 52 0.22691575708039347
26 54 -0.3280709023976969
26 55 0.978163089831648
26 56 0.4223301388231602
26 57 0.7214717557373349
26 58 0.9704260592570724
26 59 -0.2838107888262955
26 60 0.38337403625416044
26 61 -0.4391886045511124
26 62 -0.19615555392536033
26 63 -0.9019521743608536
26 65 -0.8299596179742759
26 67 -0.4571469398542123
26 69 0.8315227811858994
26 70 -0.019954484433450714
26 71 -0.6085638842734435
26 72 -0.2665821132061681
26 73 0.7963585413835179
26 75 0.19188586756786652
26 76 0.11413883054224239
26 77 -0.697846344168995
26 78 0.05301029680741198
26 79 -0.49722579490526475
26 80 -0.47261542432605497
26 82 0.4967622531852267
26 83 -0.7220445050105433
26 87 -0.6986430050998016
26 88 -0.6894385179729732
26 89 0.4073325480362484
26 90 -0.7695429493692274
26 91 -0.05244158094447404
26 94 -0.39413368259853754
26 95 0.09970468751489547
26 97 -0.5451147993074641
26 98 -0.259235702680112
26 99 0.5639797900228245
26 102 0.4033830348221892
27 28 0.689156285087172
27 30 -0.0784067068169707
27 33 0.16114351594227938
27 34 0.3763189963014675
27 35 0.22905939229216155
27 36 -0.8731329956562501
27 39 -0.08326272615842467
27 41 -0.45971054411356205
27 42 0.9869546386768628
27 43 -0.10249592293780485
27 46 0.5571103597027192
27 47 -0.4492799402701957
27 48 0.006718766592423764
27 49 -0.24509522822404328
27 51 -0.7662377198010744
27 52 -0.44991676107789
27 54 0.23611678485830545
27 57 0.49185767471070707
27 59 -0.22540554139396018
27 61 -0.5045914229267359
27 62 0.11454431769115092
27 63 0.9232103113876604
27 65 -0.2952426886791113
27 68 0.3727740952970753
27 69 0.7062309675279541
27 70 -0.24535156953264114
27 71 -0.7426367368701838
27 72 -0.4849402024654561
27 73 0.20564263478207812
27 76 -0.8440098019649618
27 79 -0.9941457272246899
27 81 -0.11549988883296725
27 85 -0.15732825892472868
27 86 -0.9975658033224688
27 88 -0.09777173460868105
27 92 -0.830193082573891
27 95 0.5077938874487533
27 97 0.4345950464922417
27 98 -0.3929943329591401
27 100 0.8688611683255689
27 101 -0.9147862212835811
27 102 -0.8323448699515734
27 103 -0.1887687445220192
27 104 -0.6361879753072264
28 29 0.12980694911378765
28 32 0.7824246999238142
28 33 0.19616628948881876
28 34 -0.9548893856753844
28 37 -0.8099853160305943
28 40 0.8161032180834336
28 42 0.15674292491165542
28 43 0.9295737322553956
28 44 -0.6670170266555009
28 46 -0.1855116458541628
28 47 0.3237973292300922
28 48 -0.9452615640808433
28 50 0.19438244485826095
28 51 -0.7834509764013531
28 54 -0.8064929280363451
28 55 -0.3618871235075689
28 56 0.5118356338005836
28 57 -0.5166870184299055
28 58 0.2700647901023461
28 60 -0.8693494419733201
28 62 0.7418337133229023
28 64 0.1364736855918285
28 65 -0.44033337172134224
28 67 0.22676399673627534
28 69 0.8810352572817592
28 70 0.4974420136674982
28 75 0.6882505520012467
28 77 -0.03196510511323747
28 78 -0.8232635440305167
28 79 0.4377340954276765
28 80 0.05907694617788484
28 82 -0.26300253514924843
28 84 0.480169504098112
28 85 -0.4875696683901791
28 87 -0.17560416169328752
28 88 -0.07351601944488473
28 95 0.5720839500136483
28 97 0.7782568431482075
28 99 0.8404394479185644
28 100 0.8863754389817915
28 101 -0.6167288766813268
28 103 -0.692819638522538
28 104 0.3603238349097253
29 30 0.7644634045650265
29 32 0.34692862849200834
29 33 0.20223724965163647
29 36 0.19273539146634078
29 37 0.6637378758185672
29 38 0.25106708590629556
29 39 0.09794723204004452
29 41 -0.066835661220215
29 42 -0.3661879510979764
29 43 0.48522246194339735
29 44 0.39481199117255295
29 45 -0.22512622935526228
29 46 -0.9448512516171792
29 47 0.08914337847002596
29 48 0.1327011630073105
29 49 -0.8546889572687226
29 52 -0.7818619420863819
29 55 -0.9610505196376873
29 59 -0.03477486927492501
29 61 -0.8438325864449192
29 62 0.27612076628728244
29 68 0.8510916348378315
29 69 -0.14674929346313736
29 70 0.2524501679956641
29 71 -0.7375067348444577
29 73 -0.338735544427605
29 78 0.45838939732554485
29 79 -0.9614205196848447
29 82 -0.5022588375591253
29 84 0.8982533268893695
29 86 -0.9592346925008033
29 87 0.6294921034969063
29 88 0.7700858018117491
29 89 -0.26029387742365495
29 90 0.015968251377460607
29 93 0.261928865754508
29 94 0.04355841692833007
29 95 0.5575913960917689
29 96 -0.2587949755343282
29 99 0.21603143020440063
29 103 0.7638766796236007
29 104 0.8402029466798584
30 31 -0.1620628470196821
30 32 0.4540503284739119
30 33 -0.1416090288359677
30 34 -0.6108260473292595
30 35 0.1655699214558355
30 36 0.2688827697137768
30 37 0.3651881379601072
30 38 0.8934271052507996
30 41 0.560681793901221
30 43 0.8305004386964407
30 44 -0.15710426767606234
30 45 -0.10472274310929053
30 47 0.8897593128029815
30 48 -0.6415956572016728
30 51 0.3572958267870776
30 52 0.8639543008338884
30 53 0.8968218781271591
30 54 -0.7557675836965498
30 55 -0.006425485147276477
30 58 -0.38314477183246787
30 59 -0.5446011613360842
30 60 -0.9943965444288116
30 62 -0.006787471228839159
30 66 -0.9250346203038151
30 67 0.3731559975505594
30 70 0.22986254490438296
30 71 -0.6142511077006065
30 73 -0.9018309141665442
30 75 0.8271431902950548
30 78 -0.2971071059458612
30 79 0.3275367204318327
30 80 -0.3071335046886636
30 82 -0.6080842696318383
30 83 -0.7127080958778387
30 86 -0.6576834634929134
30 88 0.34275931520388303
30 89 -0.2960244724889982
30 90 -0.6209149814825545
30 93 -0.44828924396777703
30 94 -0.04255110736649592
30 96 0.80411602619585
30 97 0.8229951733269414
30 98 -0.5643592725696418
30 99 -0.8528822159511649
30 100 0.04659278484658236
30 101 0.1608315101481701
30 102 0.2770034815087412
30 103 -0.1891428629302161
30 104 -0.34548369040543525
31 33 -0.8397843777981979
31 34 -0.7681087678097622
31 36 0.13641834603526326
31 39 0.6644950850257236
31 41 0.7753508495713897
31 42 0.23639388833590536
31 43 0.6873091856574647
31 46 -0.009478257509687005
31 48 -0.9530453897012592
31 50 -0.4966040731009391
31 52 0.24981529999695096
31 53 -0.5772089528334885
31 58 0.5292792609706769
31 63 0.7780272476391079
31 65 -0.060663355106178596
31 66 -0.19337957170916442
31 67 -0.6553400750678517
31 68 0.4795386310428371
31 69 0.6321069183488872
31 72 0.10464543750057942
31 74 -0.0124690766912392
31 75 -0.5722165426948176
31 76 0.6671873343298886
31 78 0.7922960001172841
31 81 0.22916198186211023
31 83 0.5600940792859423
31 84 0.851544303386349
31 86 -0.8756584362204534
31 87 0.47005604254045563
31 88 -0.940435076860781
31 93 -0.5991098237828558
31 94 -0.7222872926029862
31 95 0.4425995765404118
31 96 0.8921870395262539
31 97 -0.9107129249033163
31 103 0.38457258567494823
31 104 0.8153662764325533
32 33 0.5559746354727015
32 34 0.05272815235419315
32 35 -0.3508419782403327
32 37 -0.7980742806745491
32 38 -0.9184567855037988
32 40 0.00752564625540475
32 41 -0.844635940335791
32 43 -0.9927088273178026
32 44 0.4216522166984884
32 45 -0.012010118293371397
32 48 0.9578715573930245
32 49 0.1833844605279069
32 50 -0.32396566293459816
32 52 0.41407175106937144
32 54 -0.05986926096663092
32 56 0.4967747783783516
32 57 -0.6846373704403179
32 58 0.49084457037657936
32 59 -0.027926751352705947
32 60 0.8018535843073731
32 61 -0.7405605871294352
32 62 -0.8448227272385125
32 63 -0.7234616123159461
32 65 -0.1518818094770411
32 66 0.8518591778110081
32 68 0.29851207445587224
32 70 0.9258970799218875
32 71 -0.021458582393292236
32 73 -0.35579492936509394
32 74 0.19031465120743962
32 75 -0.9545435260124762
32 76 -0.7967633920287585
32 77 0.2537483357790795
32 80 0.1575984963891921
32 81 -0.13501687406883112
32 82 -0.5161968003701449
32 84 -0.9812357487503094
32 86 0.9791084456045094
32 89 -0.3454105869660691
32 90 -0.27358610578909204
32 91 -0.03435683224838737
32 92 -0.670175545063405
32 94 0.9733316380449197
32 95 0.9470505928306343
32 96 0.06383741641639706
32 97 0.15033938248705714
32 98 0.7548654250735616
32 99 0.5656258970337857
32 101 0.9103359486068834
32 102 0.846092858064329
32 103 -0.7540909893207712
33 38 -0.752728852944192
33 40 0.6862162287014935
33 42 -0.5282093283536717
33 47 0.2509338146606346
33 48 0.5351772068516099
33 49 0.31828975595011233
33 50 -0.7683951227141625
33 53 0.952180846045459
33 54 0.14435038935903766
33 57 -0.09424644316458397
33 58 0.9337020940398439
33 60 0.9000002596671806
33 64 -0.884651869586313
33 66 0.16461069889324076
33 67 0.3852401219685102
33 68 -0.719713141367784
33 69 -0.07115505540661315
33 70 0.039701685293670685
33 71 0.47570042829897696
33 72 -0.7853180876696655
33 73 0.06572369829008662
33 76 0.7734963000697181
33 77 0.10364776231472828
33 78 0.6028835509945625
33 80 -0.5367059737087623
33 84 -0.7452206613028158
33 85 -0.8844276635692869
33 86 -0.33085023279230774
33 87 -0.7963391705780836
33 90 -0.5343727400528178
33 91 0.2222000325716511
33 93 0.6994222695370134
33 94 0.5873345254662856
33 96 -0.6873850847616232
33 97 0.18965414691345184
33 98 -0.048632506350149374
33 99 -0.6067198057725882
33 100 0.01669260344171919
33 101 -0.4463965781748005
33 102 -0.6640960422646995
33 103 -0.4756494087940084
33 104 0.41154771419962244
34 35 -0.5151171335160027
34 36 0.9449572329532974
34 37 0.8967588994660711
34 38 0.12099939871195065
34 39 -0.288290930456665
34 40 -0.8445674569248727
34 41 0.5073930402393725
34 43 0.19551521807557237
34 44 -0.6775644734846764
34 46 -0.7486556079569999
34 47 -0.22251500286879367
34 50 0.7198013992244585
34 51 -0.2482212303244331
34 53 0.05311923695590526
34 56 -0.22457208960753317
34 58 0.42387908403156715
34 59 0.4542986644238889
34 61 0.03402745718725608
34 62 -0.5956892808415633
34 64 -0.26539326997172674
34 66 0.865337638265709
34 67 0.7437731985122797
34 71 -0.31982651665869444
34 72 0.22047528841476582
34 73 -0.7358940853429345
34 75 -0.07438003279717575
34 76 0.62653449675527
34 78 -0.5465360972014228
34 82 -0.40290970599956455
34 84 -0.46044767694128663
34 85 0.04108524588886531
34 86 -0.1826597478219163
34 87 0.9570471971635701
34 89 0.7882785991557355
34 91 0.6238335657570542
34 92 -0.6732963903467368
34 93 0.21267751624259534
34 96 -0.5588390375554961
34 97 0.5041310388101117
34 99 -0.8586186354422056
34 100 0.2838656257355652
34 102 -0.716999235102108
34 103 -0.035763022694168756
34 104 -0.7428761111034774
35 36 -0.6795385243779111
35 39 -0.9529666323587302
35 40 0.4400309149511774
35 41 -0.4076258555011405
35 44 0.6731955481891616
35 45 -0.5317427590727306
35 46 -0.8851547417088776
35 47 -0.920025966973882
35 48 0.6343762938210813
35 49 0.7368141732875761
35 50 0.5356423921937914
35 51 -0.03254224047154808
35 53 0.24988554942299523
35 55 -0.020502651522829263
35 56 -0.44827677648524267
35 58 0.35163699796254466
35 59 0.16883650857603838
35 60 0.024268959157712544
35 61 0.33598676417186546
35 62 -0.48280495692375847
35 64 -0.8095714772607472
35 65 0.21803640936102076
35 67 -0.5523941411825295
35 68 0.2148713395163282
35 70 -0.13973317459930001
35 72 -0.05324069662283937
35 73 -0.4198505149236931
35 75 0.6475448093876697
35 79 0.8432251607438346
35 80 0.7155762137782444
35 81 -0.432199013339408
35 83 0.7601333680908366
35 84 0.2675227073463169
35 85 0.6215980633917175
35 86 -0.7919620667189968
35 87 -0.43137521649185206
35 90 0.5902348769313743
35 91 -0.7465022056633093
35 92 0.5124948960076148
35 94 -0.28523828565466425
35 95 -0.6926824695700329
35 97 -0.642218270393722
35 99 -0.7251390501518915
35 100 -0.15480865833245328
35 101 0.16479899634731177
35 102 0.18946622897971221
35 104 0.4142843056368546
36 37 -0.5199686038323059
36 38 -0.6093483317577573
36 39 0.012229417528170528
36 40 -0.6115388553385808
36 42 -0.9849455773538836
36 44 0.6229425034786678
36 45 0.5217091621920746
36 47 0.49813749624166936
36 50 0.9140541400901101
36 51 0.21297395203733527
36 52 -0.4219546364864686
36 53 0.5855447813912293
36 54 0.7146840254950058
36 59 -0.7902100804294587
36 60 -0.4058938882235059
36 62 -0.12872252845709808
36 64 -0.8117647533767629
36 65 -0.9227289278771005
36 66 -0.6715304100616746
36 67 -0.9346122615821033
36 69 -0.597577416226684
36 70 -0.7162876796738473
36 71 -0.7405991127684184
36 72 0.16134064261092984
36 74 0.13366587572584776
36 75 0.39249553031665996
36 76 0.44642853837096763
36 77 -0.954941967049552
36 78 -0.46682826892732887
36 79 0.09593678052392818
36 82 -0.8342176081613459
36 83 -0.30189314779333953
36 84 -0.003493592728997852
36 86 -0.02866012759069969
36 87 -0.799197350586982
36 91 -0.7170111990936101
36 92 -0.259340545442043
36 93 -0.11734860663593283
36 94 0.15420249555207577
36 95 0.5882179046329763
36 96 -0.360506270017634
36 97 -0.24551728242077497
36 98 0.054042258368934615
36 100 0.5916676528824163
36 101 0.04637388735320447
36 102 0.3060631968991252
36 103 -0.31247961985229566
36 104 0.3840547846357185
37 41 0.7743626072499046
37 42 -0.5420914541509478
37 43 -0.8638549450935533
37 44 -0.7570077729295277
37 45 -0.5997952304952359
37 46 -0.0669996797812773
37 50 0.6698332957954019
37 51 -0.5901327926793114
37 52 -0.2415215521622358
37 53 0.0038578206931791925
37 54 0.9638403685307586
37 55 -0.7005790755380576
37 56 0.1481321217868743
37 57 0.09615241945727337
37 59 -0.21324586437507165
37 60 0.8015808562338937
37 61 -0.17853213268332602
37 62 0.7567864209303083
37 65 0.8295340701991722
37 66 0.5485696779350435
37 69 0.13733566943355324
37 70 0.1949141119101614
37 71 0.634438900585818
37 72 -0.9979436168451579
37 73 -0.3205380525143302
37 74 -0.6293762539503363
37 76 -0.12594723639116978
37 77 -0.8879818981696377
37 78 0.0740985103989078
37 79 0.4982238777878756
37 80 0.02431270381688111
37 83 -0.27172482466555525
37 84 0.10279856823717881
37 86 0.18583321613298898
37 87 0.427041277594677
37 89 -0.9415616233970339
37 91 -0.07279097490569741
37 96 -0.44283736080886515
37 97 -0.5682360227408736
37 98 -0.2503581765821423
37 100 -0.3050332899515338
37 102 0.1890170608325752
37 103 -0.8579695010953479
38 41 -0.4792995987423512
38 42 0.431441570455545
38 43 0.003509281825901267
38 44 0.9428039439420821
38 45 0.18490455033123365
38 46 -0.9137346739098149
38 47 -0.297830260193809
38 48 -0.49814741207521984
38 50 0.46798186692461163
38 52 0.8479247373946808
38 53 0.558574892657919
38 54 -0.3807179231932123
38 57 -0.7666711285829959
38 58 0.31499895431148306
38 60 0.20167677609890888
38 61 0.9287741825828875
38 62 0.7151199781642732
38 63 -0.30518588069657326
38 64 0.2681527902530183
38 67 -0.4648135263329889
38 68 -0.27539671046226233
38 69 -0.20473943027193986
38 70 0.5188261183894556
38 71 -0.733398787843458
38 72 -0.4436958998182703
38 73 -0.11741441885714532
38 74 -0.46976994703861763
38 77 -0.26397305189787446
38 78 0.17119091507971418
38 79 -0.3115297610325043
38 80 -0.7216857431589185
38 81 0.15376683355314325
38 83 -0.21697166194725592
38 84 -0.5239525533773242
38 86 0.09267815324404527
38 87 -0.4153044160994457
38 88 -0.5579094194028968
38 90 -0.39144290295470086
38 96 -0.518857088787944
38 98 -0.3913209175343124
38 99 -0.30798095487237087
38 100 -0.9221745022447572
38 103 0.5197034211244875
38 104 -0.5963523422551815
39 42 0.5563144930912898
39 43 -0.8599318150907636
39 45 0.3597494498941105
39 46 0.8891816136545043
39 47 -0.24254977848182246
39 51 -0.5164718493476539
39 53 0.4391769794852689
39 54 -0.6684277462381325
39 55 -0.6645484331567713
39 56 0.23562332014314946
39 57 0.22755226614652124
39 60 -0.8674845277036749
39 61 -0.4705479477195671
39 63 0.24783431720235183
39 66 0.757645974418532
39 68 0.9126395015088489
39 70 0.6663610499743922
39 71 0.3103861541031563
39 74 -0.7415593791051314
39 75 0.9020251994770907
39 77 0.48681974762045477
39 79 -0.6377225149594352
39 80 -0.010235226482374626
39 81 -0.5313630338672171
39 83 0.35302521492172056
39 84 -0.368999727056488
39 87 -0.7665403203255077
39 89 -0.6719349887181403
39 90 -0.07530990137975468
39 91 0.11779514375683009
39 93 -0.023702284020261644
39 95 0.07786354142986118
39 97 -0.2383407771716377
39 98 0.45109766166737675
39 99 -0.3946432553104624
39 101 -0.23206633393696596
39 102 -0.09590579988566494
40 41 0.2875503940374018
40 42 -0.4798484402449028
40 43 0.8427007957084935
40 44 0.22196382137704895
40 45 0.456139354148249
40 46 -0.39518067257548917
40 47 0.4067422477164442
40 50 0.7215713172500484
40 51 -0.7652514461504631
40 55 0.828782611225233
40 56 -0.9494441487139265
40 57 0.41499884264120057
40 59 0.21300532103759728
40 63 0.2566918942274352
40 64 0.7236320865162986
40 69 -0.4624303224344011
40 70 0.8521723032053292
40 71 -0.17085956775066702
40 74 -0.9506350906649264
40 75 0.010972505112753161
40 78 -0.12517998502990513
40 80 0.27526435357208334
40 81 -0.17706692333763652
40 82 0.10166348472732478
40 83 0.18837960999120607
40 84 0.20686860551800224
40 85 -0.7524411303534337
40 87 0.03832799592992786
40 88 -0.6637066692816231
40 90 0.4104073966824098
40 91 -0.30430052333292923
40 92 -0.05205774920636541
40 94 0.2628840501513594
40 96 0.4957262992235858
40 97 0.6555450488521173
40 98 0.2511163547586084
40 99 0.8644515246288078
40 102 -0.4269707863625736
40 103 0.7961095900142787
41 42 0.29383617958055797
41 44 0.1618604042934464
41 45 0.41029423723364333
41 46 0.24171390363886047
41 51 -0.1666292956798241
41 52 -0.3174712586037318
41 53 -0.745374932095521
41 54 -0.404028099832316
41 56 -0.24074912651623315
41 57 0.07788140058978765
41 59 0.7224049480102064
41 62 -0.5901013041404155
41 64 -0.1365106748099303
41 66 -0.26056124169441475
41 68 0.5896690154666504
41 69 -0.8976988194447553
41 71 -0.020773572599182666
41 72 0.33725369265504157
41 76 -0.21498249117626833
41 77 -0.0630929659105468
41 79 -0.09896630807957152
41 80 -0.8359988582386155
41 82 -0.30776560455648294
41 88 0.7833779577433291
41 89 -0.170534279664748
41 90 -0.04867875872347116
41 91 0.9505525248616555
41 93 0.33542136322330296
41 97 -0.9032946030594529
41 98 0.8226716046133813
41 99 0.7513988254725936
41 100 -0.5691888598438875
42 44 -0.8549100984188591
42 45 0.8999701425146585
42 46 -0.7662885863686262
42 47 0.7366204648529409
42 48 0.651628216647494
42 50 0.6042811098341745
42 51 0.5823866013253864
42 54 0.3974155334709457
42 55 0.4021840608820504
42 56 -0.8084308628878027
42 58 0.7000529666316495
42 60 -0.7605460335837426
42 62 0.15916375008278316
42 63 0.7388719270310715
42 65 -0.2878552503617786
42 66 -0.31515719573353507
42 67 0.33792778458401873
42 68 -0.6560221905203385
42 69 -0.7440175633904709
42 73 0.9833038128866429
42 76 -0.044968681662664434
42 77 0.3070248519237464
42 78 0.09860537140095627
42 79 0.04414619879562509
42 81 -0.7612546705696019
42 83 0.7512680133596745
42 84 0.9940655467587161
42 86 0.32123592612471263
42 90 0.4691826954587208
42 91 -0.25570162228358106
42 92 -0.7810794008034716
42 93 0.2160047018482667
42 94 -0.5794969861635728
42 95 0.29183298510839584
42 97 -0.1705710058735248
42 98 0.06097456143672941
42 100 0.35974657971579505
42 104 0.7420606659523028
43 44 0.999263586041286
43 45 -0.08915921670689175
43 46 0.3312681072867274
43 47 -0.8978093637614064
43 48 -0.9860831483124453
43 49 0.8403209465484553
43 50 0.6586647413986011
43 52 -0.2971283670456657
43 54 0.5027183508308788
43 55 -0.475660877635413
43 56 -0.5766452474783981
43 60 -0.954023204139377
43 61 0.14224727022562922
43 64 -0.7583772363488637
43 65 0.8915685428187567
43 66 0.4963307690533767
43 68 0.6118746991488266
43 74 0.9398133423866928
43 75 0.019046890797008498
43 77 0.971921448768819
43 78 -0.2990266951518301
43 79 0.011984306570439696
43 81 0.8421275496061453
43 82 0.37050271542160895
43 84 0.047733404547106506
43 85 0.27930989213393675
43 86 -0.09903567769061095
43 87 -0.34929512692303977
43 88 -0.20464648356814163
43 90 -0.27297983696167827
43 95 -0.8369749526625605
43 97 0.015495943756008934
43 98 0.34320030158169934
43 99 0.8206250354505524
43 100 0.20286474278458733
43 101 -0.712902797770985
43 103 0.08789980825217114
44 45 -0.8159000746660461
44 46 0.28835151176085727
44 48 -0.9354947503341915
44 52 0.056443490060628765
44 59 -0.6693979680865723
44 60 0.2394980469666348
44 61 -0.5318371267097657
44 62 -0.41589483719693354
44 63 0.7549361479813192
44 66 -0.13866393420204504
44 71 0.16042103917048767
44 72 -0.35781786478567734
44 73 -0.011670028522206666
44 78 0.9848264462614114
44 79 0.681787968017435
44 80 -0.680132556118922
44 81 0.7237038498154265
44 82 0.3076864059406801
44 84 -0.8274884477362956
44 85 -0.22104496373296523
44 87 0.5205808606016367
44 88 -0.28644945679699974
44 90 0.11598829528420884
44 91 0.8006381470794706
44 92 0.2053220309717445
44 93 -0.8358819426546871
44 95 -0.9400590947108702
44 97 0.6172759373534589
44 99 0.8530324657572872
44 100 -0.16621965355881407
44 101 0.001777636400627447
44 103 0.004239661605217382
45 48 0.8002237330746398
45 50 -0.3969607464061591
45 51 -0.9682770786412793
45 52 -0.9426216409298009
45 54 0.857105835867555
45 56 -0.37646677603851386
45 57 -0.7620572258122129
45 59 -0.14090631911762075
45 60 0.8880277351756498
45 61 0.7243751196356112
45 62 -0.9430992085275751
45 64 -0.5334333717444832
45 65 -0.9950633361918328
45 66 -0.7828282097410493
45 67 -0.6612872324507384
45 68 -0.228612495008629
45 70 0.11421151388093209
45 73 0.16904580986635698
45 74 -0.15249966152264904
45 75 -0.5215696412998798
45 77 0.3741028925528951
45 80 -0.1216649578987572
45 81 -0.23296203081530464
45 83 0.5489009850838573
45 84 -0.3936781423857405
45 85 0.23505074252795755
45 88 0.2965459470085756
45 90 -0.47248761411817464
45 97 0.05699142949087377
45 98 -0.6364473669306308
45 101 -0.22898290449972047
45 102 0.565417502651747
46 49 -0.9943667947982011
46 50 0.6813372514347424
46 51 0.3976038878855932
46 52 0.8618369754504873
46 53 -0.5696482958449833
46 57 0.8608374525807228
46 58 -0.7418305300175687
46 59 -0.5547028988170604
46 61 0.10998957450262092
46 63 0.032598217691428566
46 64 0.07247809879088019
46 65 -0.2604219583051113
46 66 -0.16300316912413226
46 67 -0.8557927311448694
46 70 0.9736973495055867
46 71 0.33506759724313895
46 72 0.13584023440905946
46 73 0.1912816290818169
46 74 0.4898381889029546
46 77 -0.9594093342374772
46 78 -0.5325592004619313
46 79 -0.19286388516907915
46 80 0.46999772476139823
46 81 0.9983477855897389
46 84 0.8000634743776365
46 85 -0.6965265369337841
46 86 0.03711236740257906
46 87 -0.7511331283384897
46 88 -0.19678285751856373
46 89 0.5022993497807986
46 92 0.16404362325555533
46 93 -0.17160960587918028
46 98 -0.5120730108377856
46 101 0.7650466542112404
46 102 0.8736650934027341
46 104 -0.04750189060560861
47 49 -0.6520866499393221
47 50 -0.15533107629588883
47 51 -0.936632642162269
47 52 0.8681455789242509
47 54 0.027863935489183866
47 56 0.8195849838899254
47 58 0.49326112653087906
47 59 -0.8030464682362295
47 61 -0.7088948352363706
47 62 0.5012078884756646
47 63 0.29479822427521185
47 64 -0.30274585088538375
47 65 -0.12816204536690434
47 68 0.9333946418005361
47 75 -0.84138270306086
47 76 -0.46538523244223207
47 77 0.044899658730663594
47 79 0.9367438898763238
47 80 -0.17491895533861945
47 81 0.15106707910508188
47 82 0.9580753414889553
47 83 -0.5899234283768782
47 84 -0.8270250455807555
47 85 0.3445159895837513
47 88 0.7974856482188604
47 89 -0.9150131007584503
47 90 0.7563014361453155
47 91 -0.7896446877181218
47 92 -0.6799647563497118
47 94 0.24290172089599626
47 96 0.5240073154463682
47 97 -0.5354258554436373
47 98 0.250037111178955
47 100 -0.09879034956901567
47 101 0.12659913664252365
47 103 0.5839605298677311
48 52 -0.43040377543235797
48 55 0.7547121490666038
48 56 -0.4195980419748233
48 57 0.6426838964387809
48 58 -0.5728961749304062
48 59 0.2303954789191116
48 60 -0.758885153706722
48 62 0.8385627498151329
48 64 -0.39992711414210413
48 65 -0.9156122326148863
48 66 0.9442672962868637
48 69 -0.6849121600381551
48 72 0.8741825267886993
48 73 -0.9660545288058249
48 74 -0.025043570809085702
48 79 0.349225429628119
48 80 0.4866599640281928
48 81 -0.384851927708328
48 82 0.221441091509887
48 83 0.6460131505990556
48 85 -0.15700791838008832
48 87 -0.0701336986718748
48 88 0.9286312934540479
48 89 0.5134033789408827
48 91 0.803599347277761
48 93 -0.10655624481496528
48 96 -0.31736565355939095
48 98 0.4435158188225541
48 99 0.8155451769301898
48 100 0.4244799157353678
48 102 -0.9745226026513749
48 103 -0.7039340704629828
48 104 -0.07905791244208049
49 50 0.5431997830170059
49 51 0.5414352913557801
49 53 0.3767417700677771
49 54 0.47818685110702974
49 55 -0.6317364872881377
49 57 -0.9704910808323433
49 59 0.1510759049054322
49 60 0.6374252750964986
49 64 -0.576060257310566
49 65 0.22009053013617041
49 66 0.2111520965330158
49 67 0.5639292131764224
49 68 -0.31483428870868435
49 69 0.14110959915636068
49 70 -0.162659784581771
49 71 -0.1495506539220719
49 72 -0.9221269614587222
49 73 0.7362450411815789
49 74 -0.6852022564789653
49 75 0.9861842207149174
49 77 0.9429178887816894
49 78 0.8136942008978703
49 79 -0.8094573933403946
49 80 -0.8713260740178446
49 82 0.4239822495382102
49 83 0.10756692687137237
49 84 -0.9734264139906159
49 87 -0.4210118369874105
49 88 0.23148143688562128
49 89 0.751780272711692
49 91 -0.5605957886910915
49 92 0.7994615111910113
49 93 0.9611223692025832
49 94 0.949472921832536
49 96 -0.24777813115342529
49 97 0.38941751929705126
49 98 -0.6663267270564468
49 101 -0.9485217604250145
49 104 0.8086143675937885
50 51 -0.23866055635775774
50 52 -0.3444599524779688
50 54 -0.3703229751426922
50 55 -0.02070387443606836
50 57 0.8840072824558511
50 59 -0.7374080805989967
50 61 -0.32659501085875053
50 62 0.06045299293265649
50 64 -0.4097987837583317
50 65 -0.359199618269767
50 66 0.14586267648855622
50 68 -0.9841217625475771
50 70 -0.8101954861646687
50 71 -0.5890045467036304
50 74 0.3242246874765371
50 75 0.03973112565348358
50 78 -0.9652972461534346
50 79 -0.38005024604697657
50 80 -0.16653540662492206
50 81 0.4863135555095137
50 82 0.76982319075543
50 84 -0.4757797358240048
50 86 0.6607404196686675
50 87 0.4801526278102193
50 88 -0.45567461850334134
50 89 0.4677480383589665
50 90 -0.2031899292109427
50 91 -0.7568210269343731
50 93 -0.6438975458608862
50 96 -0.8741989186707853
50 98 -0.8032332439777541
50 99 0.7508967207140551
50 101 -0.9070530182967793
50 103 0.820993313183269
51 52 0.6913927983873507
51 55 0.26946642772476115
51 56 -0.9903570802184136
51 57 -0.22020841658873724
51 60 -0.678987634374141
51 61 -0.7905692424349242
51 62 0.4226261106531817
51 64 -0.8807334507702407
51 65 0.21280957893464247
51 66 0.6767884707417902
51 68 0.6848525288223735
51 69 0.24541613372413207
51 71 -0.11751040840287597
51 74 0.3683239487726484
51 81 -0.17000460406460682
51 84 -0.2003997570658138
51 85 -0.5543215639422261
51 86 0.1944174387136801
51 87 -0.44978300363792467
51 88 -0.6981105162049652
51 89 -0.6931512692172574
51 90 0.5652904088681279
51 94 0.7014922448305121
51 95 0.8347842001956842
51 99 -0.8549495159345357
51 100 0.3801486451058731
51 101 0.8290862243569677
51 102 -0.4711043575222891
51 104 -0.15076002831850577
52 57 -0.12378073281435609
52 59 0.45361809130448405
52 62 0.7288591804239097
52 63 -0.6894328721488916
52 65 0.6784598141312821
52 66 0.3892113017409906
52 67 -0.9597519081580079
52 69 -0.9682955472895447
52 71 0.6570113894323824
52 72 -0.19901807526754967
52 73 0.0009163691465579049
52 75 -0.17860151331069818
52 76 0.6544628619178263
52 78 0.6322077202740262
52 79 0.8523441501143667
52 80 0.08635975482904445
52 82 -0.2619542699250561
52 85 -0.926737612854819
52 86 0.9701341296525301
52 87 0.4148325284028749
52 89 -0.6321351095377081
52 91 -0.8729007979036993
52 93 0.37349124938611133
52 94 0.3484600737622159
52 95 0.8018687982960815
52 96 0.4094948268420202
52 99 0.9632561835773401
52 101 0.3822289360895479
52 102 -0.21868427532121593
53 55 0.8731133331444243
53 57 -0.8473010959256211
53 58 0.2608694087311334
53 59 -0.2646196553119393
53 60 0.9603771412063293
53 63 -0.46917531386136657
53 65 -0.8698138591990439
53 66 -0.9472245442133174
53 67 -0.8565814387359867
53 68 0.25284693845990036
53 69 -0.1852005487401982
53 70 -0.17032108628312015
53 71 -0.3774517842235312
53 74 0.8533342520105791
53 76 0.677860266754539
53 77 -0.6105808663745849
53 78 -0.5165672943428268
53 80 -0.3246326292113473
53 82 0.3479427429643125
53 84 0.14123401346871778
53 85 0.4966151308669553
53 87 0.5295106896509709
53 90 -0.529654472733045
53 91 -0.37060968485813683
53 94 -0.7379619183574464
53 95 -0.2903826096162052
53 96 -0.710347339061834
53 98 -0.1744149907908885
53 100 0.5870506773478825
53 103 0.017924782901099556
54 55 -0.43745635311492737
54 56 -0.05096851168783356
54 57 -0.9788974120224623
54 58 0.16665668791362664
54 61 -0.49010371031212463
54 62 -0.6082319281547073
54 65 0.8745153481890204
54 66 0.026814955515994443
54 67 0.6062108972813014
54 68 0.02208716892207785
54 69 -0.34056530269411334
54 71 0.09308527869876526
54 72 -0.3677814923024354
54 75 -0.6996787923845202
54 84 -0.9064906633543928
54 88 0.5750662007179448
54 89 0.9841140094648269
54 90 -0.5468531264577499
54 91 -0.9633816996327207
54 92 0.9841694032290231
54 93 0.5130516309480928
54 94 0.5612008153087866
54 98 0.4870232170552753
54 99 0.7464637285594962
54 101 -0.7090116440539069
54 102 -0.9830503082967303
54 103 -0.7980972090412723
55 56 0.9750625253524794
55 57 0.8421686710855911
55 61 0.5121799621305656
55 62 0.35009956847980583
55 63 0.6678492346324898
55 64 0.9297782823588947
55 67 -0.9240036912585456
55 68 -0.06522457388765401
55 69 -0.5556646480025211
55 70 -0.27711842579944457
55 71 0.29332099085577834
55 72 0.028849414861693568
55 73 -0.11051141965952027
55 74 -0.8118402790007115
55 76 -0.522972555687768
55 77 -0.8985113225712347
55 79 -0.1716052054940307
55 81 0.7537953750957234
55 83 -0.33155877956079105
55 84 -0.6596984391029774
55 85 0.41933288386233714
55 90 0.8911322088994513
55 92 0.5994496202548099
55 93 0.7211712053355774
55 95 0.020520144282043296
55 96 -0.560965698979869
55 97 -0.3409094405401627
55 99 0.06420092775525599
55 100 0.9501026876710121
55 101 0.057393318957707384
55 102 0.36836075106165356
56 57 -0.5864107954747901
56 60 -0.31969665006222514
56 66 -0.5246754559248852
56 69 0.178993118901837
56 70 0.2644816809983599
56 72 0.9657772251657235
56 73 -0.6112301999378316
56 76 0.7561912499855035
56 77 -0.37199446400598957
56 79 -0.43015642526571685
56 80 0.7366465400936779
56 83 0.08243034246396896
56 84 -0.4982303241365771
56 85 -0.9339527395698264
56 86 0.5492474807974035
56 87 -0.7058801459506037
56 88 -0.001691652904273866
56 89 0.05358795600794286
56 90 0.45644693685905047
56 93 -0.16150093048337366
56 95 0.1488349843290535
56 96 -0.710042923864302
56 98 0.6916558081294155
56 99 0.8531115400179521
56 100 0.1429462926391163
56 103 -0.19037558354562378
56 104 0.2972258390380098
57 58 -0.24819006082219297
57 60 -0.6212432776313055
57 62 -0.7313980511332505
57 63 0.5504055258278138
57 64 -0.3345674268428067
57 65 -0.33922971700412563
57 66 0.6961154726026069
57 67 0.058043294025812875
57 68 -0.6780408909460931
57 70 0.0022460351684152613
57 71 0.5697360721727205
57 72 -0.9265836855441092
57 73 0.23693233088225774
57 75 -0.6622699153783271
57 76 -0.5625578047278816
57 82 -0.29957174209505233
57 84 -0.6293195037322215
57 85 -0.3711614699237191
57 87 -0.9947766691794895
57 88 -0.7394395899313511
57 89 0.0029221570530286733
57 90 0.6740118216008975
57 91 -0.04770197520382169
57 92 0.882705541722848
57 93 0.4656966207193287
57 95 -0.8188744502556042
57 97 0.406744969584544
57 99 0.9365832661241706
57 100 -0.8294823656222206
57 104 -0.3222627796736812
58 60 0.7802258833312108
58 62 0.2134240133355172
58 64 -0.09381240756398368
58 66 0.9255254785818041
58 67 0.3361168812038615
58 68 0.573878935293104
58 69 0.8506258153875936
58 70 0.9437672818243743
58 71 0.17978625986293895
58 74 -0.9690013873325611
58 75 0.19374491628381696
58 76 -0.6894821860050464
58 78 0.6647654038000701
58 79 -0.687924007497815
58 80 -0.1836098619304498
58 81 -0.514242339023218
58 82 -0.8342220027931786
58 83 0.9155103795027961
58 85 -0.7052409409415645
58 86 0.9487286127769656
58 87 -0.7725700828554152
58 91 0.5722095552862634
58 94 0.8853584186548669
58 96 0.5021315788474483
58 99 0.4545029216906302
58 100 0.9848437980472726
58 102 0.2660155742397827
58 104 -0.4473180107795167
59 60 -0.2835336251667646
59 61 -0.9278665280970446
59 62 0.2025769603057872
59 63 -0.8450593917183808
59 64 0.5701073499365239
59 65 -0.6273994012543618
59 66 0.9302950061669513
59 67 -0.21285452994061504
59 70 -0.04072144911367048
59 71 0.8596075064893767
59 72 -0.31798268617916614
59 73 -0.26795432254672535
59 75 -0.5754185355609056
59 78 -0.5069873451778661
59 79 0.0872876747101512
59 80 -0.9194730867386895
59 83 -0.3547880515312509
59 85 0.4575274043995412
59 86 0.7142541605842057
59 89 0.8167704083952105
59 90 0.4184895167602123
59 91 0.10610877260775164
59 94 0.8055992041789901
59 95 0.7410171761577102
59 96 0.7337788575726583
59 98 -0.9183052084721282
59 99 0.17562196089767457
59 102 0.6278229721352866
59 104 0.07760527056307254
60 61 0.8451925407202234
60 62 -0.975494623330756
60 63 -0.06255240603175638
60 64 -0.18931791123735864
60 65 -0.43646320349091994
60 66 -0.8344206228654083
60 67 -0.9818706063750682
60 68 0.15282845472954
60 70 0.36663029075838227
60 72 0.536137562614388
60 73 0.9158589554986434
60 77 0.43643820553720936
60 78 0.5334089077247344
60 79 0.5542159269823759
60 82 0.8067080328408422
60 83 0.020406741727877264
60 85 0.7098868479984992
60 86 -0.7855039477077352
60 87 0.9640097200135167
60 88 0.5880545661202341
60 89 -0.940391755807376
60 90 -0.8858834444880299
60 91 -0.8904997400865633
60 93 0.6265191980990412
60 100 0.1654043698106631
60 102 -0.6100443291126623
60 103 -0.1285334550870294
61 62 0.4494638760640923
61 64 -0.6638763801127312
61 66 0.2821840085790648
61 67 0.8722839395560478
61 68 0.26968455332065844
61 69 -0.0889386446101017
61 72 0.1632363581032279
61 74 -0.1283529009116302
61 75 -0.25138522844949174
61 76 -0.6312035136661802
61 77 0.6276201165241337
61 78 -0.5385562546257321
61 80 -0.7211667807252706
61 81 -0.4686292918115038
61 83 0.631366698066923
61 85 0.7089341034992671
61 88 -0.3109080592481006
61 89 -0.9432849198379294
61 90 -0.013677890230049394
61 92 -0.3449800684194879
61 93 0.04958759602335516
61 95 0.11197475235662768
61 96 -0.46889933163123865
61 99 0.04455362177520761
61 101 0.8968354800473068
61 102 -0.3172296172563438
61 103 -0.01621097907197111
62 64 -0.3598112653349006
62 65 -0.8041506705073906
62 70 -0.4497340019754381
62 73 0.23362074169451685
62 75 -0.7607697791824091
62 76 0.6520833414988589
62 77 -0.26058951818592924
62 79 0.006568355781294111
62 80 0.6169005616527579
62 81 -0.5936138732551193
62 82 0.8122598689473739
62 84 -0.6584358491029045
62 85 -0.38159703763017827
62 88 -0.9903292839035114
62 90 -0.9615167827275173
62 91 -0.1401141013647973
62 96 -0.3617586132413253
62 97 -0.605233121237073
62 99 0.06541402908792215
62 103 0.9249608550831303
62 104 -0.5442352139159232
63 64 -0.09156337432753703
63 65 0.38913377483118383
63 66 0.20221066379317687
63 67 0.040764435744268024
63 69 -0.646534196036193
63 72 0.636456010871665
63 73 0.3125729722175481
63 75 0.6663549556056696
63 78 0.7155064511453335
63 80 0.3060169981891838
63 82 0.9624499525810799
63 85 0.22183839942629513
63 87 0.3499435615485631
63 89 -0.5501321137358288
63 94 -0.35925431345066317
63 95 0.3585408351121826
63 99 -0.8811900528384962
63 103 -0.5443631224297574
64 67 0.8302128133081115
64 68 0.29644783080616777
64 69 -0.8089571432843399
64 71 -0.6388813175915196
64 72 0.49197076283550123
64 74 0.8722655914314899
64 75 0.488717301230843
64 76 -0.2909252135742093
64 78 0.015761193605597912
64 80 -0.6436859514627289
64 83 -0.941002281298106
64 84 -0.2365689426445854
64 86 0.5683759530894883
64 87 -0.6416224753518509
64 89 -0.9225012399849162
64 91 -0.9128119466920179
64 92 0.27402057421640236
64 93 -0.27428743298494873
64 94 -0.26252835200583546
64 96 -0.4241757461497657
64 97 -0.8772031483811591
64 98 -0.905708059550512
64 99 -0.8807812795881329
64 100 -0.3627557640537591
64 101 -0.5875720128315032
64 102 -0.5031578825121323
64 103 0.43108478039220066
64 104 0.3768311097687642
65 66 0.618144250633109
65 67 -0.4431867722331473
65 70 0.7574522155770955
65 72 0.15797103119529043
65 73 0.9947772633518803
65 74 -0.37182958373050945
65 76 0.25260576072726737
65 77 0.36386300693006035
65 79 -0.24714557080876465
65 80 -0.0008733584435987041
65 81 -0.9206774323998843
65 82 0.06207300313017328
65 84 -0.7427404325759537
65 85 0.8896948992740399
65 86 0.9449768103125236
65 90 0.9416387004740872
65 92 0.8467236218909897
65 93 -0.3100155534946867
65 94 -0.8280295954770225
65 95 -0.9905893435129554
65 97 0.18951643183933986
65 98 -0.8114903878416249
65 100 0.21406212248501566
65 101 0.5755352876631055
65 102 -0.3811339184283278
65 104 -0.28703493079222975
66 67 -0.6202220442201722
66 68 0.8620311789370454
66 69 0.09929044063118586
66 71 -0.75415856015262
66 72 0.8010913474402979
66 75 0.1482179369320118
66 76 0.5658382199811469
66 77 0.2636962558893914
66 79 0.43131337765954214
66 80 0.207645221982786
66 82 0.3358850621278069
66 84 0.11642773091006187
66 86 0.8478879596067581
66 87 -0.25355969875800666
66 88 0.11355171417031817
66 90 -0.46444455237763527
66 92 -0.6079094388580932
66 93 0.22336075682103895
66 94 -0.3007572953208184
66 95 -0.45102033837996336
66 98 -0.3783536512754706
66 101 0.4381028663209121
66 102 0.7616127192717705
66 103 -0.7981648283481642
67 69 -0.08070507392495219
67 70 0.00992000925497516
67 71 -0.27372638543566463
67 72 0.22804603991055683
67 73 -0.049039950392114395
67 75 -0.6557780237403905
67 78 -0.9199241927595201
67 79 0.6026612059605445
67 80 0.26606740707559884
67 81 0.8190193605240006
67 82 0.6284299930384638
67 83 0.4050191394549236
67 86 -0.9482480390713872
67 87 -0.8676494622183997
67 88 -0.508277383324848
67 90 0.24479324533166102
67 92 0.16418661374607058
67 94 -0.9184449389962126
67 96 -0.46878497328898794
67 97 -0.2314559398413918
67 98 -0.5148806045963756
67 100 -0.05547088766777253
67 101 -0.5434644395068451
68 70 0.8981252616235851
68 71 -0.02769215894564714
68 76 -0.10058988155435489
68 78 -0.8665966597517785
68 79 -0.9185048601936927
68 81 0.7763562902124004
68 83 0.863648140975064
68 84 -0.5142187495575323
68 86 0.19727683481381142
68 88 -0.28379591971400586
68 89 0.0901393630888041
68 91 -0.27119206387628436
68 92 -0.5776285820774039
68 93 -0.8427879289413127
68 94 0.4775970035286494
68 97 0.07585614186120204
68 98 -0.5878419754967505
68 99 -0.8732642890221758
68 100 0.1466612717284872
68 102 0.5742327371520999
69 70 -0.3444418674113239
69 72 -0.8093156024753663
69 73 0.7333347527425671
69 74 0.8201419338693852
69 75 0.1132780408620171
69 76 -0.9519383689347469
69 77 -0.14397265370427093
69 78 0.4442273899760414
69 81 0.9337268469262932
69 82 -0.10590629104822669
69 83 -0.07904765124452973
69 87 0.11055881851700744
69 88 -0.6750242845183665
69 89 0.657109464225204
69 91 -0.14528916396625902
69 93 0.505899400316917
69 94 0.29451252805873107
69 98 0.31630272349545363
69 100 -0.9428969740372921
69 101 -0.7931867678033502
69 103 0.5969275835300292
69 104 -0.005509370719762874
70 71 0.9686890187327823
70 72 0.4116287965803467
70 73 -0.9528675370562767
70 75 0.589990481840011
70 76 0.03017839314174542
70 78 0.0076372790306682425
70 80 -0.6946501721890288
70 81 -0.08945494822997535
70 82 -0.8245039507942682
70 83 -0.301543792016965
70 87 0.8423094107232254
70 88 0.05444555018364783
70 89 0.29523026764207727
70 90 -0.47129213782906
70 93 -0.8486041201385739
70 95 -0.35626369493130694
70 96 0.18813451186144303
70 97 -0.6253411187495255
70 98 -0.3584831629280032
70 99 0.43900875845013454
70 100 0.5371170591211674
70 101 0.9360441443962388
70 102 0.4064625664105581
70 103 0.8677114847752121
70 104 -0.5181425082199349
71 73 0.8577327938799324
71 75 0.43848329539811015
71 77 0.9852866805081975
71 78 -0.5552942223299102
71 79 -0.5857309717415258
71 80 -0.9284716048232473
71 83 -0.4811538018049648
71 84 -0.13095444345880813
71 85 -0.5481693160637642
71 88 -0.7654361669287808
71 89 -0.005130031778837418
71 92 -0.3470976257305496
71 93 0.4120688431583355
71 97 -0.12086698537251972
71 98 -0.39754170649011056
71 100 0.604095065072455
71 101 -0.5554717964575511
71 104 -0.8130843073728509
72 74 0.9575292385351382
72 75 -0.25706498718500814
72 76 0.8159969423061129
72 77 0.9281993537810451
72 79 0.7693657301878154
72 81 0.6474316058574761
72 82 0.8852729426166652
72 83 -0.9119781261397593
72 84 -0.6027829709306167
72 85 0.16010118194775314
72 87 0.8837177111710559
72 89 0.4728574007687001
72 91 -0.7003444498719216
72 92 0.9718308677176739
72 94 -0.377521719034013
72 95 -0.774785221849446
72 96 -0.17636093880793213
72 101 0.33371651954804693
72 102 0.9848412731146061
72 103 -0.7945721213530508
73 74 -0.40012453928005676
73 75 0.6785567659996321
73 76 -0.10082353230340746
73 77 -0.6720400314545063
73 80 0.22785078588727026
73 81 0.800014899506581
73 87 0.70095454838763
73 88 -0.667648033931167
73 89 -0.9205112517836613
73 90 0.30999548775267916
73 91 0.5067964483827319
73 92 -0.5522664359964484
73 95 -0.6426238256900736
73 96 -0.03130420429855674
73 97 0.4777830426821499
73 101 -0.03257614946900089
73 102 -0.9565699146701219
73 104 -0.06675726007752547
74 76 -0.609926420323891
74 77 -0.9008571033073303
74 78 0.696874899749035
74 79 -0.8739142220862599
74 81 -0.3074833994441106
74 82 0.334469987118462
74 83 -0.06296505136723107
74 85 -0.92813781930975
74 86 0.39776190367718844
74 87 0.14103556447550836
74 89 -0.6455733878671319
74 90 0.3933316277767416
74 92 -0.9815047989497154
74 93 -0.3049369666344408
74 94 0.36243464711985096
74 96 0.14740862886899642
74 97 -0.21191360866540476
74 99 0.6836622816023694
74 100 0.5302133543962102
74 104 0.43548036613606467
75 77 0.5443721680424725
75 81 0.7255616559606453
75 84 -0.43305621169369823
75 85 -0.4909609214881234
75 89 0.5664407993464731
75 90 0.24730361550206648
75 91 -0.06803097714271455
75 92 0.2599057927877786
75 93 -0.1388087080485998
75 94 0.6403227220855483
75 96 -0.9968206563678257
75 97 0.39095389679397696
75 99 0.890412988467272
75 101 -0.5326366334393833
75 102 -0.9660223442133735
75 103 0.19072335285607722
75 104 0.9715704597131947
76 79 -0.2838431937246302
76 81 0.6671171182030642
76 83 -0.8586762593872994
76 87 -0.7014022225288234
76 88 0.1757903503791216
76 93 -0.9907718192726709
76 94 -0.5368607448593188
76 95 -0.38630463983257823
76 97 -0.3104028500285545
76 101 0.03133883051841457
76 102 0.03792507100946141
76 104 0.877813716610532
77 78 -0.58829237656151
77 79 -0.6616005992325709
77 82 0.04388956761639107
77 83 0.43296563349357275
77 84 -0.8261546633192351
77 85 0.39685450085420837
77 86 0.698716801796277
77 88 0.9121286852145443
77 89 0.3582990563181909
77 91 0.7839242976472933
77 92 0.12316790978035486
77 93 0.6376435434512067
77 95 0.7622808571190753
77 97 0.2335259287113347
77 100 -0.5997161913625664
78 79 -0.3043757651642509
78 81 0.31080839655400516
78 83 -0.30126197217564843
78 85 0.05738479866099189
78 87 0.7379793384649949
78 88 0.7914606290039443
78 90 -0.20284112809808286
78 91 0.7198161053197951
78 94 0.4501844709653171
78 96 -0.6815652718844631
78 99 0.49724582203421064
78 100 0.5026503559369528
78 104 -0.20733425801546557
79 80 -0.5039007944503606
79 82 0.7194513407616361
79 86 0.47828927026441237
79 87 -0.07153888546830944
79 88 0.9901388729069507
79 89 0.614449289672587
79 90 0.3599906473261054
79 94 -0.9778900829831085
79 95 -0.5748253150926295
79 96 -0.08783317176703931
79 98 -0.0281079732521734
79 99 -0.27461465546469555
79 100 -0.24536525853863522
79 102 -0.2570891099929986
79 103 0.05492155001423349
79 104 0.09963099040832168
80 81 -0.059740886472663624
80 82 0.2707881553840079
80 84 -0.7515668841941376
80 85 0.9427662152814029
80 86 0.8531850766274729
80 87 0.08803280291481141
80 88 0.7660840953983643
80 91 0.13998371480119642
80 92 0.10140192024632921
80 93 0.02631556796739587
80 94 -0.6643676130842271
80 95 -0.9979164167494656
80 96 0.8353831442849291
80 97 -0.612781239670283
80 98 -0.42166945518809595
80 99 -0.7174671720006764
80 100 0.9362784590632869
80 101 -0.5484110504934765
80 102 0.7844246881835586
80 104 -0.0958170086793666
81 82 0.37153792396682617
81 83 0.588953393052746
81 86 0.046777853111368506
81 87 -0.9147172440044025
81 89 -0.669556955617322
81 90 -0.24298422394948038
81 91 0.23023752987603485
81 93 -0.9663830201661072
81 94 0.7735533193658479
81 95 -0.6226840474545352
81 96 -0.7560195421694671
81 97 -0.9668659635076227
81 98 0.3178374032347717
81 99 -0.34268108721087054
81 102 -0.26533473325458856
81 103 0.7750987805910243
82 83 0.6710655196150768
82 84 0.06489197379794498
82 85 -0.07830274361512912
82 88 0.26505461124853125
82 89 0.3788030707177812
82 90 -0.15334255142132625
82 91 -0.22062865709982304
82 92 0.5174646962314335
82 93 -0.33613205158724124
82 94 0.09733391495604282
82 95 0.248902790131859
82 96 0.34177255804032325
82 97 -0.1118856209822181
82 98 0.9150257950071912
82 99 -0.6625483742302076
82 100 -0.8027143602120426
82 101 0.0989960736775426
82 102 -0.16805851289657459
82 104 -0.3808222639827765
83 85 0.14820888497619533
83 87 0.006317406607840637
83 88 -0.46180108744922177
83 89 -0.9980598260026303
83 91 0.10186799777625155
83 93 -0.5000738630764392
83 96 -0.24278728208296596
83 97 0.20132342173065454
83 98 -0.24946915385654655
83 101 -0.8899948644931006
83 103 0.9987897111359814
83 104 -0.08878064701198651
84 85 -0.6349409330685833
84 87 0.7565008032231293
84 88 0.6638597519757214
84 90 0.5947794476117025
84 95 -0.40743242443366445
84 96 -0.15382100855263414
84 97 -0.39116647695055273
84 98 0.22321735050595626
84 99 -0.9654415984963516
84 102 0.8577893769963099
84 103 -0.9727930773093998
84 104 -0.28616366338848853
85 87 -0.8914987517054043
85 88 -0.35482091764362744
85 89 -0.29552632660272105
85 90 -0.8386032280162772
85 94 -0.3099445910520764
85 96 0.43700384360063516
85 97 0.9043834732937706
85 98 -0.8879898419657866
85 99 -0.01630128351645399
85 102 0.6693736134539687
85 103 0.20595831418997812
86 87 -0.44429809780458984
86 88 0.8717395716081358
86 93 0.10928757919807097
86 94 0.5019978375185501
86 97 0.4929891616044295
86 99 0.25045649813490023
86 100 -0.8674464715752934
86 101 0.7394296578824107
86 103 0.24632575604358098
87 88 0.3301572529382335
87 89 -0.6439591092497015
87 90 0.7498733828522401
87 91 -0.7353058829611099
87 92 -0.9328385707814537
87 94 -0.9593399721557416
87 95 -0.21328490655429722
87 96 -0.5993956718947804
87 98 0.7878769795508929
87 101 0.24576877039082023
87 102 -0.07377821956758845
87 103 -0.8592023521471552
87 104 0.8235114161617234
88 89 -0.9077179337068748
88 91 -0.3356943707289586
88 93 -0.18369032206993974
88 95 -0.4456064219786424
88 96 -0.5592526859126887
88 97 0.6374343180234512
88 100 0.8630911127363037
88 101 -0.03761148257113778
88 102 0.8367843526266223
88 103 0.6834392837984509
88 104 -0.4024754743476664
89 90 -0.09343312400089832
89 91 0.9391865663263859
89 92 -0.12526204124194007
89 94 -0.41886009571723104
89 95 0.2791569504529148
89 96 -0.1297655342653159
89 97 -0.9332214844660722
89 99 -0.07009057864456691
89 100 0.8522669244960472
89 101 -0.9973268289917101
89 103 -0.6896522227139519
89 104 -0.4753502892573416
90 91 -0.8680561342212376
90 92 0.23438032421677701
90 93 0.1698228665709871
90 94 -0.28090840092832536
90 95 0.7809774417080517
90 97 -0.07453026745545754
90 98 0.9965024831556275
90 100 0.4600994236727207
90 101 0.8896938971393351
90 102 -0.47965680394023646
90 103 -0.28881660699958744
90 104 0.4009858717717456
91 92 0.6120335407370714
91 93 0.7347434203066225
91 94 0.573135693223543
91 96 -0.4890829559058181
91 97 -0.08857649950598523
91 98 0.48258837625719164
91 99 -0.0888238030344013
91 100 -0.5483661518213045
91 101 0.5263949843498961
91 103 0.2952609907869277
91 104 -0.007179165231739892
92 93 0.8670989034120331
92 94 -0.02064062885872442
92 95 0.9207540837623054
92 98 -0.7091383537456692
92 99 0.4125449502689382
92 101 -0.1599433439413549
93 96 -0.6295610912699421
93 99 -0.996331835392847
93 100 -0.6633628261894629
93 101 0.021615044001167538
93 102 -0.45800447534377753
93 103 -0.8274428615980522
94 95 -0.5584274754969516
94 98 0.5428345704950543
94 99 -0.31013782915114785
94 100 -0.1541464241949484
94 102 -0.8977993974772023
94 103 0.059180270868230966
95 96 0.44134562644639574
95 98 -0.3678392053718542
95 100 -0.13820388627603508
95 101 -0.4914413798521433
95 102 0.45198964215689164
95 103 -0.03242215519635794
95 104 0.6043513385375989
96 97 -0.3137631628702373
96 98 0.23032108468584833
96 99 -0.6277846053149474
96 100 0.5566438722833953
96 101 -0.12688093863615268
96 102 -0.39262922876201656
96 103 -0.7140499206930435
96 104 0.3424629264507564
97 98 0.19192255919803158
97 100 0.8436684488360033
97 101 0.18728302004887776
97 102 0.5402415339414384
97 103 -0.30443206860576444
97 104 -0.38241219864666376
98 99 0.48123535091381875
98 100 -0.22137088684034723
98 103 -0.6923653097093287
98 104 0.5954722244314037
99 103 0.5638945832558522
99 104 -0.7689169674201104
100 102 0.4120394370970615
100 103 0.7649822159015189
100 104 -0.09360931484754165
101 103 -0.34144981217949266
101 104 -0.33775052862163846
102 103 0.2084635420710228
103 104 0.01327034480502376
