175 3055
0 -0.13511686669195222
1 0.30581138069878633
2 -0.9132569606998007
3 0.16140921435436906
4 -0.6988102700614127
5 -0.7820712164789079
6 0.193154447810296
7 0.4032637265580301
8 0.2382798709566738
9 -0.026821209170495353
10 0.7649535311135076
11 -0.36642241800994824
12 -0.9432957987612458
13 0.055801662619850534
14 -0.1779328375559437
15 -0.2546531829482641
16 -0.8547105020173593
17 0.5835413447020301
18 -0.7920948193192039
19 0.04281205347605499
20 -0.8386744794471286
21 -0.5237723251737045
22 -0.5000983025084889
23 -0.6937898093931814
24 -0.5845974104429374
25 -0.3688079525821184
26 -0.0363858898060434
27 0.4754490482363256
28 -0.38231415219788434
29 0.04332328586314382
30 0.5131967753399969
31 0.07137621884944712
32 -0.293970576914917
33 0.9727887787806933
34 0.8340113081399292
35 -0.5096796807731079
36 -0.12203120341166618
37 -0.7909865017039692
38 0.5202520193800151
39 -0.11745685835909203
40 -0.20993554829425753
41 -0.35531062254067725
42 0.037667929589961346
43 -0.5781709739683052
44 0.23165995309386722
45 0.6714826811939625
46 -0.010422645218990167
47 -0.42304632309599977
48 -0.8790785766536797
49 -0.9816117205423973
50 -0.22908254458469646
51 0.730319080719745
52 -0.53322128536675
53 0.4126050377723445
54 -0.22200656042926137
55 0.450948502998477
56 -0.6844261780464949
57 0.5338146302260516
58 0.004574386316810397
59 -0.7805133968446591
60 -0.06575979454304348
61 0.6898785124808167
62 -0.48006748856762815
63 0.2584181667764882
64 0.08484109020338337
65 0.06393549555661204
66 0.8662204428577283
67 -0.21279425261939755
68 0.5527997035708545
69 -0.522398240302786
70 0.25757504059824066
71 0.388162757647156
72 -0.12222221112189025
73 0.7022310462256733
74 0.4594461411111739
75 0.07885654865827285
76 0.7959871990371923
77 -0.39237025358973754
78 -0.052592549137942646
79 -0.9104167949505717
80 0.016498610267891456
81 0.30062467713174357
82 -0.16341321310701828
83 -0.4473799912490517
84 -0.4792027014530249
85 0.09819039641761629
86 0.004084578181268617
87 0.4726156687913181
88 0.3532472303499161
89 0.19121494481034418
90 -0.7666646012219809
91 -0.23907782629287588
92 0.831131659180959
93 0.1650455124169634
94 0.8330463184568573
95 -0.1388903705072153
96 -0.43746381697508596
97 -0.16651856094391282
98 -0.5065666139676297
99 0.3064488122688218
100 -0.9696422579109532
101 0.37962041584800055
102 -0.3655504943205996
103 0.5312979178523067
104 0.22760425518136573
105 0.04901556676656815
106 -0.20419451533559418
107 -0.11756147466859157
108 -0.9570561338446659
109 -0.6072024852470259
110 -0.32045057095808116
111 0.42870493585439307
112 0.5651837406437004
113 -0.76940760630803
114 -0.08291845296989786
115 -0.3763384106641361
116 0.022701098583183033
117 -0.0013933742119103254
118 -0.5691442590499358
119 0.7580348614943158
120 -0.9166300076706386
121 0.9294094246541684
122 0.8960276948702008
123 0.6329866096494465
124 0.34814402718580695
125 -0.9105603310621118
126 -0.24402598943572507
127 0.6736440074671195
128 -0.26011819599912367
129 -0.33761184058791893
130 -0.9900008692061799
131 0.565550008996921
132 -0.16884863372741066
133 -0.5206201212968278
134 -0.059166669622142676
135 -0.011228003706573952
136 0.7498667093505693
137 0.8945294171969667
138 0.2979583248303386
139 0.5129423347384179
140 0.639926451726665
141 -0.8268616253107464
142 -0.9928142141494847
143 0.9176874100568082
144 0.03450288375437238
145 -0.560829648485627
146 0.20169976183692673
147 -0.9109068120856065
148 0.9962410120435912
149 -0.4442319026375199
150 0.21769179794183047
151 0.031869449526069404
152 0.39015827239542356
153 0.354139900414719
154 0.4492172849514926
155 -0.07231956639930126
156 0.5178623574424996
157 0.1388904431007416
158 -0.18175767736642556
159 0.6713231890276798
160 0.4489090990630902
161 0.09712247019039877
162 0.06463006928026038
163 0.4288392952656508
164 0.9749758441145928
165 -0.4208379051345399
166 0.9777883767018996
167 -0.8132551023405745
168 -0.5816601248267799
169 0.7008049516546022
170 0.35205005472169315
171 -0.016661563087496667
172 -0.5049553490454914
173 -0.7088057569119088
174 0.03341311423772764
0 2 -0.9636381215753882
0 7 -0.03359102866331387
0 8 0.4805639018795229
0 9 -0.1523785258714152
0 31 0.618100641250833
0 45 -0.37699953743582615
0 46 0.5821490864262531
0 47 0.7200949623462365
0 56 0.5797236908073375
0 60 0.8418567559617729
0 62 0.744122197621272
0 76 0.49227903895932235
0 90 0.9599173476600511
0 97 -0.9744809475019023
0 102 -0.8645475257697599
0 103 -0.635093393964705
0 108 -0.7109005295341442
0 121 -0.24097637700304264
0 124 -0.4664113177425979
0 129 0.3087134256513526
0 130 -0.45477894555691045
0 131 0.6232741864586695
0 132 0.4473706632975194
0 141 -0.2025823469909398
0 144 0.4334349669955804
0 146 0.0015990965502798993
0 147 0.9168754869388482
0 149 0.29276615631052416
0 168 -0.1649371808686868
1 15 -0.9427619977900599
1 24 0.42166987774022413
1 28 -0.4023109148537227
1 43 0.6627169113444904
1 45 -0.24932798696064884
1 49 -0.7250491778166437
1 55 0.35128385947063845
1 58 -0.030450899686934818
1 68 -0.6666870846533046
1 69 -0.11546123710820866
1 72 0.04025312217708654
1 75 -0.12660785769337157
1 86 -0.373357525676971
1 91 0.15214886113882864
1 98 -0.6101725713538717
1 100 0.3251042317429669
1 104 0.26158586791830585
1 105 -0.49104067182664335
1 117 0.8188551519584475
1 120 -0.49563205486187956
1 125 0.7614006610364319
1 126 0.919177463689095
1 131 0.5334979360350984
1 136 -0.39003021598647325
1 142 -0.7658142188230985
1 143 0.47483004774529736
1 145 -0.42411547306190567
1 156 -0.5334073636938925
2 6 -0.2260390013110125
2 14 -0.00444457553612021
2 17 -0.5861872347172794
2 18 0.9020652306706338
2 24 0.6852126690862417
2 26 -0.9807955662767289
2 27 0.5069391381218118
2 28 0.9519519375015895
2 37 -0.8678635049255425
2 41 0.11211903329355422
2 46 -0.7201533084245049
2 48 -0.8457182076037457
2 66 -0.10944406062153966
2 67 0.8518708454419399
2 70 -0.30730190007831726
2 72 0.08551042604806991
2 75 -0.9502374939035514
2 84 0.8214531396066378
2 88 0.2071698061947833
2 90 -0.6735608763182142
2 92 -0.10728524412239371
2 94 -0.30799660017051655
2 96 0.8983441967982984
2 110 -0.7817124096734163
2 111 -0.8140610453362009
2 122 0.5944103217786678
2 129 -0.4258471831951751
2 130 -0.12424068385165565
2 131 0.7688408991646716
2 132 -0.8750333462033519
2 137 0.9038128035717168
2 142 0.3978358770314898
2 145 0.8755402896702742
2 148 0.5295826817709497
2 151 -0.1041188266741484
2 153 -0.15902036203982606
2 156 0.7810318657452056
2 161 -0.19549900184988567
2 170 0.15535167554587725
3 10 0.11685706345618052
3 19 -0.9691728767464256
3 38 0.7055153542521644
3 42 -0.9425974657518279
3 46 -0.46061763637699116
3 52 -0.12682567994669558
3 54 0.4417933513463461
3 56 -0.9041857463848739
3 58 0.8594323568403117
3 62 -0.759974483982987
3 82 0.5850750197897439
3 84 -0.6070298322251382
3 90 0.4149050715432383
3 95 0.742149710412483
3 101 -0.00665557461376709
3 106 -0.35177492116909304
3 107 -0.7241549659551756
3 112 -0.1511161649481263
3 115 0.2299066253908928
3 123 -0.39232124864374707
3 132 0.9756861906584722
3 133 0.5027652175527024
3 142 -0.7198555892710359
3 148 0.9725781101087767
3 151 0.9422967109743194
3 154 -0.3685807558702512
3 155 -0.0035648161375685383
3 156 -0.5632127523468873
3 157 -0.9243829371491084
3 166 -0.8384373950810922
3 170 0.9223072194733204
4 7 -0.5948395605939589
4 10 0.8392040850698741
4 22 -0.2753739472439414
4 28 -0.8686557710324534
4 36 0.4233014049910824
4 41 0.6256214838042038
4 45 -0.8173219574858253
4 54 0.7445352336270361
4 57 -0.97816939559415
4 58 0.3380862515803946
4 66 -0.8126600489773894
4 71 -0.16362729910354057
4 74 -0.503111689515896
4 81 -0.3368535549716092
4 82 -0.893758586170688
4 84 0.5468365742467545
4 92 -0.21999714165398343
4 94 -0.764465860578533
4 95 -0.9621935396231118
4 104 -0.7581910605127298
4 106 -0.8695334848599583
4 107 -0.4597507076854659
4 121 -0.7685733530688865
4 126 0.6601864770678423
4 136 0.02020724437799326
4 137 -0.07846225384067873
4 141 -0.21185241075527217
4 142 0.23563199196304785
4 149 0.7215533975953214
4 153 -0.9977934849125187
4 154 -0.332204140906299
4 155 -0.17241956003272652
4 158 0.6008378427213443
4 172 -0.5013632243066193
5 9 0.6957633425083327
5 12 0.29379835136366084
5 17 -0.6115686451826592
5 26 -0.8659439418654429
5 33 -0.6572846293683072
5 34 -0.1668870710982704
5 35 -0.7069833156911132
5 36 -0.2462492095257789
5 44 0.6328616482643803
5 50 -0.05559861055395787
5 63 0.9909528121265159
5 76 -0.23439884827760404
5 77 -0.2366627505213963
5 85 -0.2266199893432923
5 87 -0.7139057666371704
5 103 0.3364234430664408
5 107 0.08648870299180067
5 110 0.34309731407371835
5 112 -0.1222047294017834
5 115 -0.5273240318789572
5 122 0.19521958462423972
5 123 -0.036164743167376834
5 124 0.8015980912884872
5 125 0.9304811554379591
5 128 -0.7837446660650027
5 131 0.10692342731304194
5 141 0.5916585050030889
5 143 -0.07145954788424702
5 150 0.70337233061912
5 152 -0.20287861009193442
5 154 -0.4929765066116656
5 161 0.9237806305326757
5 164 0.9665280567723202
5 171 0.027457157992981207
6 10 -0.8182593741477178
6 12 -0.3368384211088018
6 14 -0.191669857646658
6 24 0.7056034887277536
6 25 0.8600362696271009
6 39 0.6819259687871584
6 40 -0.35726819729526693
6 41 -0.45450404158289825
6 42 -0.4675163796545285
6 43 0.7431871582454781
6 46 0.9448259472744653
6 53 0.16046198052657878
6 54 0.5680776258097919
6 59 -0.7450952599748608
6 73 0.5300533968809513
6 80 0.560831113312076
6 81 -0.5167569549089055
6 82 -0.12138261367272518
6 83 -0.9945859592216952
6 85 -0.14376245519026698
6 87 -0.18221822338008198
6 99 -0.08298798312915334
6 104 -0.9665421589435341
6 111 0.06259367971135865
6 119 -0.8932483751210716
6 127 -0.8334010853226281
6 131 -0.008990670472672102
6 150 0.00716796436289302
6 155 0.4069518630995417
6 162 -0.1518029116287558
6 172 0.9530698040350531
6 174 -0.5142802892726177
7 13 -0.6584201207269766
7 30 -0.37049351676582565
7 38 -0.16214198412113623
7 48 0.56502103908819
7 62 0.4551163154580027
7 63 -0.8109036618447842
7 65 0.15316302083901334
7 66 -0.41462625652430596
7 71 -0.9087204911153788
7 80 0.19441539919367368
7 85 -0.41360156170672213
7 88 -0.7146897659070401
7 91 -0.44251672697867317
7 93 0.4304623887532024
7 95 0.6952733034611971
7 98 0.9670207441233731
7 110 -0.27115945308165945
7 112 -0.2408709586464839
7 133 0.1316136868866531
7 136 0.22419084871112682
7 143 0.9655072860169003
7 144 -0.8989222995503492
7 150 0.6670190977977353
7 158 -0.21400239583627179
7 164 -0.6951833965838596
7 165 -0.33451593073479313
7 167 0.14453998458759587
7 172 0.6850826884259857
8 11 -0.781851448230807
8 13 0.8874109368473722
8 18 -0.061136544413623595
8 33 0.20118270155754758
8 36 -0.6739548462770071
8 47 0.45608529498768946
8 50 -0.7531588490089496
8 52 -0.9081333642643881
8 53 -0.5197451290316679
8 56 -0.6330610462478856
8 61 0.03342531595339593
8 70 0.153927083339771
8 79 -0.8859102678194224
8 85 -0.30549412264555253
8 98 -0.9223878830343772
8 102 0.40712771150876215
8 108 -0.4137868792569188
8 116 -0.26389035849991993
8 128 -0.4291285170040007
8 134 0.9811221681491231
8 146 -0.22049117959712095
8 153 -0.6635343400276454
8 163 -0.588033865336425
8 166 0.7952510880646269
8 167 -0.7940156192775087
9 13 0.011707022996700012
9 16 0.11438711483991448
9 19 -0.7533311951759851
9 23 0.2778446121605045
9 26 -0.3831040623303954
9 33 0.6583526816996159
9 46 0.9442857170255134
9 48 0.6627198934584939
9 53 -0.6102454712249581
9 57 -0.23856594186327373
9 60 0.9266359354078779
9 61 0.31250495803884926
9 67 -0.5566451357840214
9 71 -0.4371105311000276
9 74 0.3491480089879857
9 76 0.24008760786395933
9 78 0.5445496033631874
9 88 -0.2991062214402631
9 90 -0.8840995671973084
9 97 -0.20108498369198013
9 102 0.4679604313927028
9 108 -0.6950854909612467
9 110 0.22960607379824371
9 120 -0.4036039330596626
9 136 -0.8450448370958004
9 138 0.814564904103473
9 146 -0.16525767697969607
9 155 0.17284163381394446
9 162 -0.6891929095612292
9 170 -0.5489407770701002
9 174 -0.47724637431267114
10 11 -0.7096615096363399
10 28 -0.1455986377078693
10 31 -0.14674724575551723
10 34 -0.4570550430432341
10 45 0.49473841771268234
10 48 -0.5540304624609491
10 59 -0.7401036083290329
10 65 -0.05674893600558106
10 66 -0.4415452241115325
10 72 -0.6874693292666947
10 77 -0.36912299304163
10 80 -0.07860437751520322
10 90 0.9887002241424718
10 93 0.6812839309275764
10 102 0.3731066188945218
10 103 0.3347827258470464
10 112 0.9029832493760088
10 115 -0.18438536632674007
10 119 -0.11927237692528503
10 123 -0.5172114856247119
10 124 0.4731535645829965
10 126 0.36816565294908177
10 129 -0.6449063849359671
10 130 0.9718196265449157
10 144 0.9224666234742394
10 154 -0.8503663632156624
10 155 -0.860127956409352
10 160 0.3113030348046468
10 163 0.717035289349536
10 166 0.751510962348195
10 168 0.38660559043424847
10 171 0.3488133053781639
11 16 0.2572829368330891
11 21 -0.021202491121816935
11 28 -0.17003009327776364
11 29 0.713671406920507
11 43 0.056412245149817686
11 44 0.7309556188098858
11 47 0.6942989069311598
11 49 -0.3645768475738316
11 51 -0.8469607971949613
11 61 0.4071039517660695
11 69 -0.9162990734187462
11 73 -0.33237376030637344
11 80 -0.6711831923349627
11 83 0.6511743250420603
11 85 -0.729812143519192
11 87 -0.57287874196707
11 88 0.7937223024239222
11 91 0.6030653394285683
11 93 0.4628242724625218
11 100 -0.7804955658199619
11 102 0.5127502190743796
11 104 -0.21811303483920663
11 112 -0.5937711640581949
11 118 -0.5614069945317377
11 130 0.18062265172904124
11 136 0.9296747627014057
11 143 0.31463084057208013
11 146 -0.7558610218196586
11 154 -0.04215399947710541
11 167 0.3133063358719741
12 13 0.6313589225434906
12 17 -0.060876389678315546
12 19 0.7208018381723214
12 22 0.30283955552349084
12 30 0.6686631096758573
12 31 -0.12816273454992877
12 35 -0.4826916036209121
12 38 0.5999897324907768
12 39 -0.4016521038323686
12 46 0.8371154808993952
12 51 0.9916404947981003
12 59 -0.5267099877491799
12 75 0.33975447031621586
12 77 -0.6332833081184892
12 87 -0.5576578996447694
12 88 0.8446027656906445
12 90 -0.8359927906987967
12 91 0.5496966064679658
12 99 0.25761087946966166
12 100 0.3526894050274205
12 102 0.41016737833040606
12 104 -0.12085501481672933
12 120 -0.7652548900316003
12 123 0.996055505428052
12 129 0.5380492141907016
12 135 -0.10778799647332526
12 138 -0.32056569544866087
12 146 -0.7591192800698856
12 148 0.29711202360363886
12 160 0.764469628149681
12 161 -0.1264613581543843
12 162 0.05305339253797148
12 171 -0.4823953365385769
13 14 -0.5569978806844631
13 15 0.5275552655728251
13 16 0.18887173256351564
13 18 0.3491484308715924
13 28 -0.24907528423258074
13 30 0.7703233355822994
13 35 -0.15977874557214977
13 37 -0.6684689339540402
13 39 -0.9571231786194228
13 40 -0.6778297266371833
13 44 -0.5780352002674727
13 45 -0.0698841371454626
13 46 0.9382586069814989
13 47 -0.8294730465938531
13 48 -0.07492729177892676
13 56 -0.3103640540129238
13 60 -0.5979165952483396
13 61 0.7605828390679295
13 65 0.965773580900164
13 77 -0.6054319218019859
13 81 0.1066258726282141
13 82 -0.14683639397230408
13 87 -0.3171699116710953
13 97 0.446200658696563
13 103 -0.8483974087040995
13 105 0.3629382455496095
13 106 0.5834215505532718
13 108 -0.4221072473819196
13 109 -0.3376435501744375
13 111 -0.4663217581589001
13 115 -0.9931393559515371
13 118 0.7769914102882491
13 120 0.09093348215844532
13 125 -0.9653177837503231
13 141 -0.1339547941314838
13 144 -0.6763641648075298
13 154 0.5482882119592913
13 158 -0.40311267380771043
13 163 0.13738469089908834
13 165 0.754391426029217
13 166 0.7361200552734348
13 170 0.5239993980453361
13 172 0.01655103032284
13 173 0.544607582553706
13 174 0.9763995134629129
14 23 0.5834584481078655
14 25 0.24767449628021398
14 26 -0.315800048373428
14 39 -0.756753221162864
14 40 0.38241331641636767
14 41 -0.06993096426747858
14 43 0.758990943779208
14 44 0.3221581316697695
14 45 0.5648191951543857
14 47 -0.8004445073697859
14 53 -0.9334190582062223
14 58 -0.03332759984435385
14 59 0.9487350307244968
14 63 0.9655091637006634
14 70 -0.4130324381430899
14 72 0.4456931288961701
14 75 -0.17862192445569036
14 79 0.037105342012738296
14 80 -0.2016430549020667
14 86 0.2372674528626233
14 90 0.3703819891499982
14 95 0.0396013670233184
14 103 0.9676197174062013
14 108 0.08810822208422064
14 111 -0.29048618822544947
14 113 0.9777944188320129
14 131 0.22115083262012392
14 133 0.30442774021721974
14 134 -0.8412239096338288
14 136 -0.8823379188912983
14 147 0.5608645348010801
14 160 0.0666363524954714
14 163 0.6599096264094129
15 27 -0.37170794678926655
15 28 0.39633208295847067
15 34 0.1874063472207843
15 51 0.25539567534291874
15 53 -0.3285528095677508
15 70 -0.6295990113998959
15 77 -0.0373977865464894
15 82 0.009968101630570825
15 86 -0.15945187511976733
15 87 0.37203987729931054
15 108 -0.2545048034506414
15 110 0.40131438356689975
15 119 0.7285321082158318
15 128 -0.29127883683282363
15 132 0.5934938695157503
15 135 0.14069281263283928
15 137 -0.8353487610376498
15 138 -0.5182028134526278
15 141 0.33349577140052755
15 142 -0.6977900847514205
15 156 0.05021557012497979
15 157 0.7491415431856809
15 167 -0.3969681034799648
15 169 -0.2007576122594772
15 173 0.5466480205848543
15 174 -0.06408166337978516
16 25 -0.9437264630094597
16 27 0.7270920116709829
16 31 0.2128607677998382
16 33 -0.1588603598827587
16 35 -0.9722521556818582
16 38 0.9406030005050636
16 43 0.8463786974081273
16 46 -0.9142931661624631
16 47 0.4561532724469344
16 49 -0.43473764894276945
16 51 0.4683385746722335
16 52 0.5729302790668895
16 53 0.7405336775429929
16 55 -0.19014680187382416
16 61 -0.21517473306449242
16 72 -0.20175661162048897
16 76 0.7467671586074014
16 86 -0.7342721932643923
16 89 0.041486685976640514
16 94 -0.8252242111654349
16 97 -0.9188178157761635
16 105 -0.632894109351273
16 111 0.3978017579527433
16 112 -0.9841848769226411
16 118 -0.6781039331798251
16 122 0.4221916051175063
16 126 0.09854132538971627
16 134 -0.9978395032859941
16 145 -0.3793022604513743
16 151 -0.13448743255693452
16 156 -0.978155100376396
16 161 -0.3553399312308203
16 164 0.09480011089317375
16 165 0.1302984199738939
16 173 -0.30352517047705985
17 21 0.22874401246825626
17 24 -0.1959606215966314
17 25 -0.3910550005060336
17 37 -0.10822361450096385
17 42 0.44730303583186437
17 43 0.2014727330494781
17 49 0.7222533339647046
17 53 -0.5840255633538327
17 58 0.9229548232381073
17 59 -0.4256407874892998
17 70 0.39540601238160855
17 74 -0.09489543515422505
17 82 -0.42917782145545513
17 83 -0.4596691969908435
17 85 -0.9756157162205148
17 95 0.4087479213564087
17 96 0.47926103096154304
17 107 0.5367047900308684
17 113 -0.6844827555750455
17 119 -0.8700985140379929
17 122 0.7975503009068534
17 127 -0.8667935016065074
17 133 -0.6952081428136123
17 142 0.40367173310468996
17 151 0.051149406157541266
17 164 -0.052411010698174554
17 166 0.49394471818092067
17 168 0.609684239673016
18 30 -0.9560505912166457
18 31 -0.1321498170587183
18 33 0.8031864403381415
18 39 -0.9013340674758594
18 43 -0.714307860522402
18 51 0.4592090940539928
18 56 -0.5985914402518411
18 57 -0.4055039725082781
18 59 -0.7520398911943607
18 60 0.8672515368446412
18 68 0.9619521764841654
18 73 -0.1165548766260791
18 92 0.9899594476761022
18 93 0.5201445201251984
18 96 0.2133490132580329
18 118 -0.06124733768334667
18 129 -0.8103199701727084
18 134 0.1877814196913421
18 145 0.45564921805603253
18 146 -0.8112257220572683
18 147 0.4880462374448822
18 158 -0.9880612166262386
19 24 0.972034281920164
19 35 -0.5050207593324358
19 41 -0.40226535062769386
19 43 -0.5411154779765264
19 50 0.13532443237008618
19 57 0.5652968292982337
19 65 -0.553997453709357
19 66 0.5571291381360028
19 68 -0.757554360845619
19 69 0.5318833518073061
19 73 0.09633556774045138
19 77 -0.7050347700719639
19 81 0.7601668256826088
19 84 -0.39981656493529805
19 87 -0.3681552805742354
19 93 0.8416067806876399
19 94 -0.7882389519772288
19 97 -0.8291621706111538
19 103 0.8531566192696509
19 104 -0.8879493644420837
19 106 0.3151345015717346
19 110 0.7977228373009277
19 115 0.6670127996842452
19 122 -0.2873316684261966
19 135 0.850702389161061
19 137 -0.6954858898163923
19 142 0.5312125457814882
19 155 -0.6427821094125521
19 157 0.321778796806393
19 158 0.9966689977024494
19 160 0.9655039653341924
19 165 -0.6258347230749646
19 166 -0.8302805595744731
19 169 0.3419218328885232
20 22 0.7940228533697422
20 24 -0.25721311602981034
20 27 -0.0694586622916411
20 29 0.9364319045576444
20 35 -0.01813293923841197
20 37 -0.7555371018009314
20 41 -0.8523274879767881
20 45 0.21429843871670373
20 53 0.00046853462629381504
20 58 0.8716632600841263
20 64 -0.21218023841525202
20 74 0.9614167387227952
20 81 0.8156149320203046
20 82 -0.8052265673691104
20 83 0.7431936906756773
20 95 -0.10299450184036751
20 97 0.4931546095937138
20 99 0.3258039282770071
20 101 0.18528511130053738
20 102 -0.09059242536004009
20 105 -0.9807212540883417
20 113 0.13783248748285293
20 119 0.4721105909689223
20 120 -0.7271755952436132
20 122 0.7853458101955517
20 128 0.5541397835482829
20 131 -0.763738654090574
20 139 0.8924276425475852
20 140 0.27456442686428306
20 145 0.2697308060823558
20 149 -0.3043152905054103
20 156 0.3484738627664039
20 160 -0.010593943287254604
21 24 -0.7416192360031608
21 32 -0.7882301474133298
21 36 0.6809674316360033
21 37 0.4186654031586361
21 42 0.7604418697773985
21 47 0.5024354506471571
21 54 -0.016109837930443627
21 55 -0.7873622602461998
21 61 -0.24713143962510387
21 65 -0.1518468935641184
21 66 0.7076865869014772
21 71 -0.789528614924194
21 90 0.20364407579552202
21 95 -0.850409176393663
21 99 0.2415001559540677
21 106 -0.0032755561382755705
21 113 -0.5125277467517457
21 119 0.48383297040174833
21 125 0.6350221279609276
21 126 -0.6610397540819339
21 130 0.5909721362034488
21 139 -0.3783954532762386
21 162 -0.6316738649942442
21 172 0.234765555528073
22 26 0.616681289226434
22 34 -0.28670556292790383
22 45 0.7019268421864673
22 66 0.1300752408793895
22 67 -0.9779420264950727
22 70 -0.8538045736161046
22 77 -0.7070647889382364
22 84 -0.2439391376058868
22 86 -0.8487610918940396
22 88 0.28353186576242284
22 90 0.6590004769494122
22 102 0.6981082161993899
22 106 -0.15119785062629165
22 109 -0.9516427975831356
22 110 -0.3663490300934418
22 114 -0.02788077848721615
22 120 0.3685168001745367
22 122 0.712770985881201
22 134 0.5960487060658473
22 137 0.30165435177299305
22 148 -0.9848830374861304
22 149 -0.846830772782037
22 155 0.6328602119592761
22 157 0.8470406361512968
22 163 -0.4118420820285933
22 169 0.7336700290122973
22 171 -0.05779329785470333
23 25 -0.42908548569976634
23 39 0.08774121364919951
23 40 0.13361279747638122
23 42 -0.7418425513133977
23 50 -0.21211389510196965
23 52 -0.27347986271548974
23 71 0.05035648802404924
23 77 -0.26350465226404074
23 81 -0.7477290816704782
23 92 0.1541477461649916
23 93 -0.28722023663535
23 94 0.04515661724748976
23 95 -0.64346821137518
23 96 0.6940023621259552
23 98 -0.5122785275008592
23 105 -0.009388646309977489
23 106 -0.9577587495182374
23 108 0.0223952489336241
23 112 0.16485662378059773
23 113 0.009131326447419319
23 126 -0.03488382273775703
23 132 0.24723256637631663
23 147 0.1353513637232664
23 148 -0.8021396765503626
23 149 0.6036567494823524
23 150 -0.6601810876224445
23 160 0.3241927292208182
23 161 0.36347937044794154
23 162 -0.1263260641130619
23 168 0.12735746002303538
23 171 0.15436741215351701
23 173 0.941710803618174
24 26 -0.8419481393491033
24 34 -0.7284829124897738
24 46 0.44406196519384045
24 49 0.9230632349169694
24 53 0.9138626685051194
24 56 -0.5223015820663708
24 59 0.3035749585848597
24 73 -0.5731293592022091
24 77 0.6571530129350378
24 89 0.8861203417297259
24 96 -0.9478018074676597
24 99 -0.8313557731156926
24 103 -0.4044797998962155
24 106 0.8720568467617993
24 108 -0.9494681519632222
24 114 0.32116723172594686
24 115 0.5951186978688545
24 122 -0.9734718209178168
24 132 0.22118921967778404
24 134 -0.7752969673820103
24 136 0.7002705887457275
24 141 0.529143377950414
24 145 -0.36570215731558253
24 148 0.007819568983422398
24 149 0.49356685216154994
24 150 0.975007047740406
24 152 -0.4706518759149758
24 157 0.4158902290776614
24 159 -0.5325624784739167
24 161 -0.5129487608885759
25 28 0.5853996781253277
25 30 0.7202193989287236
25 31 0.7351872102134398
25 37 0.06662507396401485
25 39 0.36789347009837936
25 40 -0.05867141613204274
25 57 -0.4127209375112719
25 60 0.5140979543441178
25 63 0.7171923239781319
25 76 0.8050861922955836
25 80 0.5264009605301254
25 88 -0.36764230180633994
25 94 0.669689545322242
25 107 -0.3400737544116941
25 113 -0.09822526131401732
25 116 -0.5977866527547115
25 142 0.1260155953766191
25 144 -0.43522948061903466
25 148 0.9659145429862042
25 149 -0.33263357423545936
25 151 0.33948716345236596
25 154 0.34029950092176975
25 157 0.4012384362538053
25 171 -0.21021786231283413
26 34 -0.5545256948911903
26 41 0.9486468491599473
26 42 0.9811300207431055
26 49 -0.25986538695279937
26 54 0.8055316381518918
26 59 0.9005072712573712
26 62 -0.7035506767099973
26 65 0.42536430233189826
26 67 -0.5702672258738615
26 72 -0.2551725949245829
26 74 0.5673672649152102
26 79 -0.06709068254678607
26 80 0.6273931708959628
26 84 -0.5522604541033309
26 85 -0.3839628958676091
26 93 -0.45637350044731306
26 94 -0.1498513437886697
26 104 0.34007461507236725
26 106 0.5040309038825728
26 107 -0.28379485220061373
26 108 -0.8292473355084709
26 109 -0.8430930789898101
26 120 0.5880901119055417
26 126 -0.2867378635765532
26 127 0.5556513419880915
26 133 -0.9858656748587684
26 136 -0.04851513985431111
26 145 0.7979787104342029
26 148 -0.339639045680348
26 150 -0.2116587877298466
26 152 0.22193890058163523
26 162 -0.6525511129582267
26 166 0.6779353709134239
26 172 0.9901711976025627
27 28 -0.9228520226645818
27 31 0.9847609270457258
27 38 0.4573943868460848
27 39 0.8801639846078457
27 45 0.776304120755364
27 48 -0.36725951708314364
27 49 0.1411753472960775
27 57 0.5422552909212406
27 58 -0.5569621992409572
27 60 0.9468680638066835
27 61 0.515377622442539
27 64 0.6908557226599916
27 65 0.7512256892411049
27 66 0.686892586110154
27 69 0.8864330806990037
27 71 0.2723550687339946
27 78 -0.674432343887855
27 82 -0.6870533806268515
27 89 0.23023052151325074
27 92 0.7752376580349691
27 95 -0.8940970587416586
27 102 -0.8677173754962972
27 111 -0.677110521419906
27 112 0.7087629651610732
27 117 -0.449032736624406
27 120 0.8580021597917133
27 122 -0.016999325322817116
27 135 0.8203918871043718
27 136 -0.36265278067093054
27 143 -0.9316751289285383
27 144 0.5341790472085479
27 150 0.24132313876479072
27 154 0.2863272690255818
27 166 0.12132620732898536
27 174 -0.39648991070502704
28 29 0.7044777242661877
28 33 -0.5070196631565571
28 50 -0.7167995876915898
28 68 -0.4753966853336924
28 76 -0.8863039674111926
28 78 -0.7906885990539527
28 84 0.9210718457396618
28 85 -0.365358178956793
28 89 0.7991774728621606
28 92 -0.6415958390984233
28 99 -0.841723295374361
28 104 0.6432900187047379
28 114 -0.1938001330401138
28 117 -0.3477403656514031
28 119 0.2509041680978228
28 120 -0.06978216216540845
28 139 0.663336074637833
28 145 -0.5651687449742688
28 147 0.6272745267265452
28 149 -0.7014484695295626
28 151 -0.5128401693942566
28 152 -0.9646654487464661
28 158 -0.521069877936436
28 169 0.48235304480124075
28 173 -0.08018750216975157
29 30 -0.37639188633008125
29 34 0.20620691793861923
29 45 -0.8565947089943633
29 70 0.7445256551310986
29 77 0.741728696785573
29 79 -0.5623578910130316
29 80 0.3864253996981428
29 89 -0.4497706221756006
29 91 0.2274701363900884
29 96 -0.056907667782507554
29 103 -0.7204269298236079
29 104 0.5517150473596624
29 110 -0.1039651560440984
29 114 -0.030100939736606325
29 121 0.3759530968737408
29 122 -0.38935582189592144
29 128 -0.9226170999833332
29 142 -0.13632350679797556
29 147 0.8335734948889286
29 150 -0.13048218045389004
29 152 0.10780213649767023
29 155 -0.6778835235023233
29 159 0.017264772615229296
29 163 0.023585610306346316
29 164 0.18644422440513764
29 167 0.3107957430148973
29 172 -0.7163469264751672
29 173 -0.1123237871185514
30 35 0.3145265072529422
30 39 0.2900027088653132
30 43 0.3121466407677729
30 52 0.8717009694829614
30 61 0.18858940665228707
30 66 -0.34984002915843937
30 69 0.8313533557603192
30 70 0.8366689218959102
30 73 -0.017993053787578317
30 79 -0.975639959229814
30 82 0.9689765889501678
30 91 0.4291139742739907
30 92 0.44630712270786077
30 95 0.08111305402968538
30 100 0.09164507259352428
30 105 -0.5243005243405177
30 108 0.12177324482425567
30 110 -0.7949247495405005
30 112 0.07818575478838685
30 120 0.4951036691082853
30 121 0.745829546661261
30 123 0.04614252476869529
30 126 0.11148589689554522
30 131 -0.38906440191479796
30 132 -0.5181583171674857
30 136 0.8106515217589421
30 137 0.9612341673914786
30 138 -0.4032003339161463
30 141 -0.6307748467035221
30 147 0.41249138724251466
30 158 -0.40494821184796326
30 160 0.002542068743117687
30 161 -0.04362239586584504
30 163 0.4505522684022394
30 165 0.2844306022162293
30 168 0.8927920264837437
30 173 0.5438952012535689
31 32 0.34274681586670774
31 33 -0.44657936362945594
31 36 -0.2424066400060556
31 42 -0.921489356116131
31 44 0.4198427824621245
31 47 -0.9697647748469134
31 49 0.43834739185419713
31 51 0.007312477704224163
31 57 -0.4643829104304318
31 62 0.15677770046530015
31 64 0.4369734686410922
31 65 -0.9201603407383299
31 80 0.8339860079018799
31 81 0.03823991705200935
31 82 0.3717600927320428
31 87 -0.4494911908607899
31 88 -0.9699244051914477
31 94 -0.6101646779764351
31 96 0.756997788978635
31 97 -0.1603231111729031
31 99 -0.6151021790237496
31 105 0.7091747426377331
31 106 0.6712462925019425
31 110 -0.9099158084956984
31 111 -0.3793623092374607
31 112 0.15124348908125218
31 124 -0.09161928984978052
31 127 0.9075604061358211
31 132 0.37988218658245776
31 135 0.2552102947474344
31 137 -0.6990631944152639
31 138 -0.5040877691663934
31 142 0.1979143511319501
31 154 -0.11645247309651108
31 161 0.8877499839247196
31 168 0.6877908319447503
31 169 -0.9042924720970504
31 172 0.5039270497594874
31 174 0.8880547925120288
32 35 -0.2947283996227299
32 37 0.21827189233247424
32 41 0.01545768735461861
32 44 0.6954133241541631
32 49 -0.564857739346591
32 53 0.9415495428567386
32 57 0.4511403468992652
32 58 0.4713302839587543
32 60 -0.42518043320634336
32 68 -0.7094010867461702
32 71 -0.5998440108220282
32 72 -0.3866456372668614
32 80 -0.6828889372111235
32 86 -0.6812422088006256
32 92 -0.4473499889367605
32 97 -0.4103722806929555
32 103 -0.1851933709302538
32 106 0.4387972102858131
32 111 -0.6593072934797843
32 112 0.03462711244662575
32 115 -0.5264597633970485
32 119 0.5258973000781926
32 121 -0.39058871266922845
32 128 0.5947828334342713
32 131 0.8448969745584736
32 132 0.6893153035509685
32 135 0.46758969021313757
32 142 -0.5817127723290643
32 158 0.9961682709220854
32 166 0.3858429453105219
32 169 -0.631267889764757
32 171 0.49802546685299953
32 172 -0.46421733058633263
33 37 -0.1995565518234088
33 46 0.1756891110155956
33 51 0.2975728368981858
33 58 -0.5139259899727888
33 65 0.961066767843743
33 66 0.9604052435688168
33 68 0.9367062677082822
33 70 0.5172309199104494
33 74 -0.36809190370509826
33 85 -0.44892845793136904
33 96 -0.45609040284988867
33 97 0.12003809872881543
33 104 -0.40711187958936246
33 110 -0.950152410813697
33 116 0.9343675420970405
33 117 0.6527969835398142
33 140 -0.346370860473626
33 141 -0.21634121112462346
33 146 0.313318461359394
33 162 -0.0004349575105306869
33 163 -0.4183090768866464
33 167 0.9582120398847616
34 35 -0.2974938548777979
34 41 -0.1992990877898082
34 53 0.1581726371611769
34 54 0.14891609332267164
34 60 0.7991982122632064
34 65 -0.8077483473383567
34 68 0.5835204308296504
34 74 0.41031317614954776
34 81 -0.6388354903944304
34 83 -0.4067251095158382
34 84 -0.8243545473476503
34 86 0.9488649675411112
34 87 0.9668103881043959
34 89 -0.49887516282067446
34 108 0.4410274089089885
34 110 0.664347609328372
34 111 0.2075342581153239
34 113 -0.005728706027163799
34 114 0.8863322919938785
34 116 -0.5255644358964935
34 117 0.24938064443315588
34 120 -3.5077713775866215e-05
34 122 0.8828067933751418
34 124 -0.44969257538978
34 135 0.9758847089266569
34 136 0.9430869516781919
34 137 -0.4193964844428393
34 148 -0.8782768208997567
34 152 0.33330452990072
34 155 -0.27659255000532124
34 170 0.6165312510610028
34 174 0.23132159195625945
35 38 -0.8518281542454225
35 39 0.9402139384723363
35 40 0.3233916251535367
35 41 0.5184659845382293
35 42 -0.9213729288300383
35 45 -0.6855751467311455
35 46 -0.026782586763484773
35 62 -0.6888188188057658
35 68 0.7854685564972403
35 70 0.4082173630121586
35 72 0.8861978752780872
35 75 -0.1506750823150611
35 77 -0.2850567393598651
35 79 0.21590512425926622
35 89 0.11736572891012664
35 92 0.12968538967530008
35 100 0.7488796517379384
35 101 0.9182659721690283
35 119 0.28476026906347185
35 127 0.5553741533920336
35 136 -0.0030889887574550023
35 138 -0.6406396813852897
35 143 -0.4178315074047054
35 155 -0.9908675281043962
35 161 -0.17746339344184414
35 170 -0.27878089116892446
35 174 0.637760085416418
36 37 -0.4590445918470256
36 45 0.2636530380238431
36 53 -0.7858810921750958
36 56 0.5629046429715137
36 60 -0.7456150892030609
36 63 0.8633659246798884
36 71 0.9388758891939861
36 72 -0.6217798296530075
36 76 0.23985246655815096
36 79 -0.31340318723973337
36 82 -0.7450772899954261
36 83 -0.8392481736842012
36 92 -0.9588403090890585
36 102 -0.3355057929351226
36 108 0.18820022223375776
36 113 -0.5277169401378867
36 116 -0.29776603572023363
36 118 -0.26990334370253355
36 119 -0.11917010362184977
36 129 -0.8559644556137633
36 130 -0.6588323198554855
36 132 0.8928048499410914
36 136 0.0403253392481806
36 141 0.6836895488659926
36 145 0.16586161475293038
36 149 0.5725315318310686
36 150 0.4430842704846949
36 154 0.9202863407691284
36 159 -0.09287501487960537
36 174 0.8125023443776895
37 39 0.9953977509644016
37 45 0.21817732951942626
37 52 -0.09187268590666653
37 57 0.8382385145669562
37 58 -0.7611257056597631
37 59 0.0879284088034249
37 60 -0.7282290376934313
37 64 0.014077314865377222
37 70 0.6583456522348039
37 75 -0.5235808853829316
37 78 0.9818932660539432
37 79 -0.7293699730158412
37 86 -0.6661345165623214
37 87 -0.0592493170601458
37 93 0.23646726407474317
37 94 -0.2129198702914945
37 110 0.32108176809913713
37 118 -0.1089223365689922
37 124 0.8979039328897338
37 126 -0.339950100544653
37 131 0.7718547970964005
37 132 -0.45646860453936355
37 136 -0.04286403808620265
37 137 -0.44761943962415485
37 145 -0.92286620015097
37 152 -0.30518113422867854
37 153 0.7655167669883585
37 155 -0.14107643443002038
37 156 0.5492040354865493
37 166 -0.3152873679064485
38 41 0.16712647344585263
38 43 -0.8131189987484571
38 44 0.9749324799452683
38 52 0.9104379264916864
38 55 -0.3137990381369984
38 58 -0.8833864257376929
38 59 -0.5265377255725803
38 64 -0.16309095702491083
38 71 -0.7576266904705704
38 72 -0.1256725806909227
38 77 -0.6950058930893439
38 84 0.20580917177531166
38 109 0.86323170422881
38 123 -0.21610571048177896
38 135 -0.4969656493404735
38 142 0.248788098257539
38 147 0.9553346359666091
38 160 0.015460839288087502
38 163 -0.6121618794426567
38 166 -0.2448649631009887
38 167 0.3756617684455743
38 170 -0.036530396221957195
38 171 0.6464672071317508
39 40 0.7709680211972767
39 42 -0.5537512455246807
39 49 0.6875709510119032
39 53 0.9514618646233992
39 54 -0.421954710455688
39 60 -0.49496147120468037
39 63 0.7015847603266352
39 73 0.41383951703721134
39 81 -0.9956804907181369
39 85 -0.7661867423224369
39 91 0.6037939933569609
39 99 -0.07906603144862956
39 118 0.7681635547710677
39 119 0.8884532692216207
39 122 0.8609630762794189
39 133 -0.10999882657366888
39 138 -0.235890141882527
39 148 0.0025792073209673916
39 154 -0.9816435798905114
39 155 -0.8826240423982106
39 157 0.9132743361128661
39 162 0.4503942595689647
39 165 0.12558680250643217
39 167 0.5837927925495694
40 65 0.813253158968648
40 76 -0.7599100690191072
40 86 -0.41188720292031666
40 87 0.6528554756354685
40 88 0.733703194283752
40 98 0.3585628705706134
40 115 -0.21925076904903618
40 119 0.25023491810749254
40 122 0.9739310002304142
40 123 0.17327137843829665
40 124 -0.253748973436009
40 125 -0.686271534950065
40 130 -0.15173927304948753
40 132 0.6465162787073278
40 134 0.0711965535739818
40 144 -0.48697056209679257
40 150 0.9741531865597448
40 160 -0.2842988199918428
40 165 -0.8125581788552005
40 169 0.43188316275347627
40 174 0.06617575273390197
41 48 0.8862896803274638
41 70 -0.33498286124456533
41 72 -0.32882914694124254
41 89 0.6133641727067685
41 91 0.5604183728994272
41 101 -0.6960668989334717
41 109 -0.1645722111260497
41 112 -0.8954665230621466
41 115 0.5147141171059444
41 116 -0.02564928790058585
41 131 -0.46272466899652454
41 133 0.8055700491866209
41 140 -0.4846003027564576
41 143 -0.29001267505897643
41 145 0.6633871468794419
41 150 0.42949425575234934
41 155 -0.8136317801229889
41 158 0.13480219039583163
41 160 -0.8369832583374022
41 163 -0.05193360436195804
41 168 -0.2251787399477303
42 44 -0.9615976139120643
42 45 0.22084829165780895
42 52 0.7413890032742043
42 56 -0.47797140181912057
42 60 0.2470005319548796
42 63 0.24645232673923356
42 66 -0.853621917642146
42 67 -0.347141491565063
42 70 0.6840788177117012
42 77 0.19320333262543254
42 81 0.7478370548803603
42 89 -0.801943570117416
42 93 0.2956966939655934
42 95 0.8242724173551175
42 97 0.11201094793131472
42 103 0.43317455833867147
42 104 -0.35233535529138105
42 107 -0.957508848923581
42 111 0.6295264393639266
42 115 -0.38831771240963464
42 120 -0.6764709674396236
42 122 0.7750942757760719
42 126 -0.2893970674645101
42 127 -0.8866171467932182
42 128 0.5195795183262573
42 135 -0.8450021148174685
42 137 0.9660904992350363
42 138 0.8582744606241057
42 153 0.8382358032298483
42 164 0.26428076917860976
42 166 0.714396516584221
42 168 0.7588029815627844
42 169 0.43151011057523836
43 50 0.9380118859669131
43 57 -0.6635920441619312
43 67 -0.27839683096184564
43 68 -0.9788278017055481
43 70 0.6987603264797175
43 71 0.026360069161082134
43 79 0.23971435393353602
43 80 0.674152231763157
43 82 -0.7480205299566995
43 87 0.3588428144227116
43 88 -0.7187878797866596
43 95 0.030229534849337325
43 97 0.6835337511446697
43 103 0.10493095678663944
43 112 0.9470849249197677
43 114 0.294455861133631
43 115 0.03870902827140532
43 117 -0.7034341100313406
43 118 -0.5738618788755812
43 126 0.3177112811329017
43 128 -0.4209733337713568
43 133 0.734428920767175
43 139 -0.7741411999308359
43 140 -0.36338404120318435
43 144 -0.3264364330239746
43 146 0.5558780879601417
43 150 -0.38715998663614326
43 152 -0.20443391800711885
43 153 0.0815282976698335
43 160 -0.28350607838792974
43 164 -0.46545982323118773
43 166 0.5127632474737323
44 49 -0.6108344304909052
44 51 0.9934985189386072
44 54 0.3395877637009721
44 58 -0.09708466442118913
44 67 0.20060967051048917
44 74 -0.1654004454451834
44 75 -0.8868299554120556
44 77 -0.7100006605761779
44 81 -0.6495758543576777
44 90 0.5283369704853182
44 93 -0.9497859653064047
44 94 0.40173473410519
44 96 -0.40462636360516546
44 105 -0.9216632985736717
44 110 -0.8538985709013793
44 111 -0.9584997406991722
44 118 0.8923847814923005
44 132 0.7771780453958033
44 143 0.09831636945873279
44 147 0.4438056695414778
44 152 -0.30127093778876746
44 155 0.07575768382114711
44 158 0.7716591530837309
44 159 0.1705359944108491
44 162 0.9653849123770459
44 170 0.9180539959311154
45 48 -0.9611056452173732
45 49 0.8516195544545317
45 50 0.5278584024030111
45 62 -0.4885147845578617
45 65 -0.7263769098456148
45 71 0.5125254921164761
45 75 -0.6157830709763261
45 84 -0.8089697284485635
45 86 -0.3902259196490341
45 87 0.5183690112917474
45 88 0.6787149937705479
45 95 -0.6274845633248844
45 98 -0.953961905294979
45 113 0.8222597630040973
45 116 0.0027768173370348315
45 117 0.8338502736603124
45 122 0.8456839589888709
45 132 -0.3323364851207671
45 135 -0.9368892258745245
45 140 0.8118730887335472
45 141 0.9547799528647032
45 145 0.04983925497970709
45 150 -0.48355235142892283
45 154 -0.7414034823965847
45 161 -0.44093881471684604
45 169 0.2249928965837258
45 171 0.1550096886256116
46 48 0.36698562806103063
46 53 0.7453428148653201
46 57 0.03645235730022356
46 60 0.9776820843290646
46 62 0.12060328441753132
46 63 0.3204589230760251
46 67 -0.1737162232981453
46 68 -0.7410421259764719
46 74 0.8978706828425038
46 76 0.9402925662940911
46 79 -0.767246368583417
46 88 0.511429670359566
46 89 -0.39704734810866005
46 91 0.4036985579119887
46 97 -0.6498495919354126
46 109 -0.4592932615796821
46 110 0.06239145076629704
46 114 0.9463772896576705
46 116 0.6584649353796306
46 121 -0.8962786705431043
46 123 -0.6057903935936315
46 134 0.30750479588325974
46 139 -0.9750293265396546
46 141 -0.30345393836766266
46 156 0.48974193501791374
46 160 0.7180210174520234
47 52 0.8871647304913006
47 55 -0.8181060585199609
47 59 -0.6446458112410356
47 61 -0.8656283540851484
47 67 -0.7126784898528611
47 71 0.21464792248596187
47 78 0.7085663534788862
47 79 0.22493669050421983
47 83 0.09621929684130648
47 86 0.9894400283252949
47 89 -0.49485210650104805
47 90 0.16101191596792352
47 95 0.34646350333775633
47 110 -0.5866403393343278
47 114 0.6171919626666884
47 116 -0.40507289774282995
47 118 -0.035704422562073956
47 123 -0.8129817828234758
47 125 -0.728182046446813
47 126 0.9498584405298842
47 130 -0.32133733632674644
47 138 0.865124122929489
47 139 0.6234204337708864
47 143 0.8227086984641492
47 149 0.23206658277296
47 150 -0.5744122902563278
47 151 0.17529874669936052
47 154 -0.13654065417352879
47 156 0.03456427762813741
47 159 -0.4367607818066559
47 162 -0.8625596892291358
47 166 0.6693247849697814
48 49 -0.20606934598311022
48 50 -0.6781573153977165
48 57 -0.1401625702312541
48 59 0.18764032603832748
48 61 -0.12467828737043485
48 63 0.9477319875414487
48 71 0.8209594361724688
48 72 0.9864420562147962
48 82 0.6270605498985171
48 87 0.4418994519862729
48 102 0.3874274224161014
48 108 0.9898218803759287
48 121 0.7998391724752678
48 122 0.10623096358587936
48 127 0.1613293914819809
48 132 -0.14869974687673349
48 135 0.41700789548407635
48 136 -0.9338170987419354
48 140 0.22815962315333604
48 144 -0.8387089424254828
48 153 -0.2600793032256099
48 156 -0.24300504488072194
48 157 0.9051858897943434
48 158 -0.10387335780934381
48 164 -0.7679242653069349
48 166 0.6934023650818586
48 168 0.8712667487730921
48 169 -0.7753575062811464
48 174 -0.08704329831407098
49 56 0.4291271734937303
49 59 0.9515426066455277
49 61 0.11582028207032291
49 68 -0.19835942336016754
49 70 -0.31764044745718945
49 71 0.48447819546936777
49 77 0.5192946704640857
49 83 -0.029883220830062784
49 84 0.08129119286311104
49 87 -0.8941791389074498
49 89 0.1892365386284076
49 94 -0.3568033981454728
49 96 -0.6405693378511994
49 99 0.6646409994687668
49 104 0.07064686557920385
49 105 0.8159432475637789
49 107 -0.6124185755824971
49 108 -0.6103409497038792
49 109 -0.09396099234616373
49 120 -0.4782164556320525
49 122 -0.2497820455372468
49 123 0.2861232470243169
49 127 0.07592524199977202
49 132 0.546526953946395
49 134 -0.2723200434595616
49 150 -0.6100328329829208
49 157 0.874303300437929
49 161 0.16061776528755134
50 51 -0.4503927512171897
50 56 0.9455127252184732
50 61 0.7897720866346747
50 65 -0.7169932819622102
50 69 0.11507098268918714
50 70 -0.22672458753091407
50 75 -0.7790041675976256
50 77 -0.9740622400837533
50 78 -0.6636609349953468
50 84 -0.4180164716211523
50 101 -0.4217435647458736
50 108 0.11855565588603434
50 115 -0.503965715045017
50 120 0.2911230115725707
50 129 0.6983711370326757
50 130 -0.874682671467474
50 142 -0.9366979113473595
50 148 -0.3857655971457714
50 151 0.6867254529781495
50 152 -0.49306205893227895
50 163 -0.4166980335271864
50 168 0.19437994197849373
51 59 -0.7686017446294036
51 70 0.8478201412431405
51 79 0.16610191171081778
51 82 0.90564405772886
51 85 0.5448516237184902
51 87 0.548382697115847
51 89 -0.801737068656655
51 91 0.04966431070923916
51 92 -0.18442802523373825
51 95 0.5775919854796445
51 101 -0.13791750115517432
51 103 -0.036208591887778585
51 106 0.4263899643886735
51 114 0.5400407246452226
51 126 0.6186651336717264
51 140 -0.6246009846010148
51 154 0.1787372013853552
51 166 -0.6339144292954524
51 174 -0.565722441484084
52 59 -0.21823745470995926
52 65 0.72956057382543
52 73 -0.44282091881956687
52 77 -0.47751173351504095
52 80 -0.5092560248646989
52 85 0.4003034466342905
52 101 -0.17995734093922167
52 103 0.6648708767124736
52 105 0.8959340098567268
52 108 0.34930859233799705
52 118 -0.1583738482264072
52 119 0.5346315402336737
52 125 0.9150612799928945
52 134 0.41366737201696235
52 145 0.6335403511146025
52 147 0.7667700386054208
52 149 -0.6570034741243369
52 150 -0.7981502774302474
52 154 -0.9329502983449434
52 156 0.6475102837040057
52 162 0.5489114731071387
52 170 -0.9733750303570756
52 171 0.14818110227114456
53 54 -0.021102907140934324
53 55 -0.9141492993894063
53 68 -0.8622296851011451
53 72 0.6608806539134338
53 73 -0.018152125243471984
53 76 -0.8878910161495308
53 77 0.4904368458046289
53 82 0.16514158395157041
53 100 0.5167430838226561
53 102 -0.8307460226807901
53 105 0.4059091385556628
53 107 -0.16136095280629892
53 112 0.26454676694492396
53 115 -0.4720776647563394
53 119 0.22744896174321716
53 123 0.41897009923198225
53 146 0.4439134870908945
53 159 0.5116004955592668
53 164 -0.6719324253829186
54 55 0.7925628470475883
54 60 0.9536082932974363
54 71 0.21559107340275308
54 75 -0.35022193581264993
54 86 0.5183847098540593
54 93 -0.007575589727892629
54 94 -0.022908921216236777
54 96 -0.7005409804426548
54 100 0.47934437017972753
54 103 -0.7345248255066881
54 106 0.41051156798250843
54 113 0.8297871197161049
54 117 -0.4805262990710397
54 121 -0.6761778513294503
54 125 0.7033668147387606
54 127 -0.3259871525472049
54 136 -0.20896454239801776
54 145 -0.004074577313357031
54 146 0.10489581511645785
54 158 -0.9008815873166847
54 162 -0.22069160661666842
54 165 0.6919940070750781
54 168 -0.2992971114458052
55 56 0.7045664440101149
55 64 0.9625107252735534
55 68 -0.7642563671870697
55 70 0.47270250481089215
55 73 -0.5065689376110525
55 80 0.886191944657758
55 82 -0.3566049644775977
55 83 -0.9646676763510129
55 97 0.799964972664494
55 100 0.5447640370920654
55 116 -0.9197335873743127
55 117 0.25571165093176806
55 124 -0.46741302356591063
55 145 -0.09938958179883217
55 148 -0.17242791074943042
55 158 0.6160378089289098
55 161 0.7651242590345302
55 163 0.13882863672346968
55 169 -0.037327266833436124
55 170 0.08602573490912735
55 173 -0.5429670142424607
56 60 -0.34969333187837615
56 61 -0.8991306335869629
56 64 -0.3107385806834504
56 66 -0.6442679746446547
56 76 -0.3326607144840763
56 77 -0.36583583875147485
56 84 -0.46997905113117033
56 93 0.5654535262476097
56 97 0.9634106982314408
56 104 -0.5561033011087448
56 110 0.6627947111880306
56 112 0.05964076445590161
56 114 -0.9069591353737962
56 117 -0.4632913293135119
56 125 -0.501195794065245
56 140 0.25445399285931924
56 141 0.2241743388772277
56 146 -0.5889780825277346
56 148 0.6452823813174455
56 151 -0.021856991240007284
56 159 0.7052768094500343
56 160 -0.2544575683875552
56 168 0.2011638115491261
56 174 0.6470787618548564
57 63 -0.7071342123311228
57 68 0.9977854645919946
57 69 0.9087583938763837
57 71 0.30951735037680606
57 74 0.4076139952331772
57 76 0.5916473444019918
57 82 0.8355975042223105
57 87 -0.16406060816221735
57 89 -0.4512338283643711
57 95 -0.18951139879738355
57 100 -0.03931475983057653
57 102 -0.8416045844051905
57 103 0.5793141029021729
57 114 0.15449545152380684
57 121 -0.03499418715724123
57 125 0.46397208683705204
57 127 -0.36207736132009916
57 128 0.24241471206000642
57 129 -0.4131969307115573
57 142 -0.4606734529574463
57 150 -0.7791979115381731
57 162 -0.7829752934035761
58 60 0.16980243601084877
58 64 0.4482412761329211
58 65 -0.6813410899209345
58 77 -0.2759836321506097
58 81 -0.9035730344686215
58 83 -0.5163269612805748
58 88 -0.6178345753431096
58 93 -0.49485603829013525
58 95 0.715184087113216
58 97 -0.03334683283186357
58 100 -0.06562191792797623
58 105 -0.18105260471292062
58 109 0.659823395551189
58 112 0.147381154932543
58 113 -0.47666671543412154
58 114 0.9441257558075467
58 120 -0.6491105910287553
58 123 0.40736278348166977
58 128 -0.7206608597370965
58 139 0.5901052122049775
58 154 0.8061670018170639
58 161 -0.8235743241912372
58 169 -0.5749395786975542
58 171 0.0026008552291427733
58 172 0.7313044041706087
58 173 -0.5372397062785588
59 60 -0.49109205949550816
59 62 0.16314332231450313
59 68 0.7577156120435438
59 70 0.2537837696341645
59 71 0.43121478098719157
59 75 -0.5899639074037288
59 86 -0.7542608786297935
59 88 0.005166196289517533
59 94 -0.18869751210745966
59 121 -0.6299398669533562
59 124 -0.774561898552568
59 134 -0.27769709780393526
59 138 0.5195176477640249
59 144 -0.4426491792369611
59 148 0.2824834998242105
59 155 -0.4101452633235456
59 159 0.6874086622775006
59 163 -0.28558564563728295
59 167 0.30820882721922915
59 173 -0.3911275997352781
60 74 -0.7906944407263674
60 76 -0.43993423051572145
60 86 0.8554468294619055
60 91 0.7362957357618796
60 93 -0.010327826319882938
60 95 -0.7642713206387817
60 97 -0.8496188570258412
60 98 0.964808082939481
60 107 0.7186403834636446
60 110 0.1403153294071542
60 120 0.20583064267214435
60 122 0.28618823924261494
60 128 0.5433163658110609
60 132 -0.4259586741396264
60 136 0.2646809244599633
60 147 0.02322858868660016
60 162 0.046884121671645795
61 63 -0.8712099693428548
61 67 0.5352388140502944
61 69 0.4014472320373357
61 81 0.6305219835513303
61 84 -0.7703432259044545
61 85 0.8236531438502317
61 88 -0.44074659647558745
61 96 0.314102167911561
61 99 -0.051232553236812306
61 100 -0.27114478380700624
61 109 -0.17127562962753617
61 112 0.3309202290594917
61 122 -0.7951515428313796
61 123 -0.6743148749141368
61 138 0.3364403681550723
61 144 0.9466623263922593
61 150 -0.48093333843615294
61 151 0.4936639236553444
61 154 0.03794497139806574
61 155 0.3240464992341745
62 66 -0.5856183970752757
62 69 -0.06759463227343732
62 70 -0.32844555660831465
62 71 0.7364462095687774
62 73 -0.6660327638700398
62 76 0.995088477815224
62 77 -0.3897406716158687
62 78 -0.6747031649322512
62 88 0.0840384060323065
62 90 0.8957757120645964
62 100 0.7592939391356552
62 105 -0.9315127354379427
62 107 0.2825074695269074
62 111 -0.28854289908775366
62 112 -0.6488715711597786
62 113 0.9717446898792235
62 120 0.11463079306643409
62 128 -0.5759661366228961
62 131 0.5816000434736734
62 134 -0.7839928798567672
62 136 -0.6785933391748844
62 142 -0.9318660481402117
62 143 -0.6581621279663576
62 145 0.7726855008256102
62 149 -0.6141536064428561
62 152 -0.05262397716583145
62 161 -0.1952567168006627
62 168 0.3125890773785187
62 172 -0.032494239960411786
62 174 -0.9784000709812402
63 66 -0.17068452521436428
63 70 -0.6744133017181035
63 73 -0.0057268317790724055
63 77 -0.17645382164211454
63 78 0.3930299823602046
63 88 0.1231053657572827
63 95 0.5111556272724336
63 96 -0.14412883507967655
63 103 -0.018460321552604686
63 104 -0.38588546316265027
63 111 0.7081403664425161
63 116 0.2654750200357783
63 122 -0.24187827291326736
63 124 -0.5351446308238463
63 128 -0.21944794602672402
63 132 0.7455403644422056
63 136 0.07038757875184776
63 138 -0.6040916122162565
63 141 0.8739325211114142
63 142 0.8752868754785634
63 144 0.9293629190182742
64 65 -0.4700264043747264
64 67 -0.8321580705374201
64 69 -0.28763163083311305
64 75 0.19804195694539062
64 79 0.6658248339039048
64 81 0.625956481543233
64 82 -0.7553485814265293
64 83 0.8880743526295891
64 86 0.523272687926672
64 88 0.7812323563783528
64 94 0.17516417686124264
64 96 0.3635424136454095
64 97 0.49626456679370956
64 101 0.8538468195422722
64 110 -0.11121725857812992
64 117 -0.7837213434194445
64 122 -0.6638251738815506
64 127 -0.3653721077537855
64 130 -0.6987571542262339
64 146 0.7978294072499923
64 147 -0.7682429704618465
64 158 0.369705736021509
64 159 -0.04006965252862016
64 168 -0.48380795053163883
65 66 0.3253284209266274
65 75 -0.035676233389838385
65 80 0.13502110937131362
65 91 -0.654021918918428
65 93 0.6735473939721082
65 97 0.9245698318894815
65 98 0.6831881664424133
65 101 -0.40624962238346884
65 106 -0.20821572256127951
65 110 0.12863131174738673
65 111 0.6689590744446019
65 112 -0.08089240952693433
65 113 -0.9214407181653339
65 119 -0.6245817080784812
65 124 0.5520801778450957
65 126 -0.7410161229871182
65 127 -0.6769358389417235
65 130 0.5242246683416312
65 131 -0.1183697021782848
65 134 0.9745250575429634
65 151 -0.34986345473913794
65 152 0.9100641722968317
65 154 -0.9048924532795948
65 171 -0.7723115130140965
65 172 0.6669432821894219
66 68 -0.03360320519642701
66 72 0.7603985000949509
66 75 0.08543562570404051
66 81 0.5376465700171424
66 84 -0.6216148183813459
66 92 0.35388133545140366
66 103 0.28492245193148924
66 105 -0.6700459018467024
66 108 -0.25162492704482475
66 111 0.4208697005143258
66 114 0.9612375326568721
66 121 0.12773227522569863
66 129 -0.5221633428239281
66 130 0.7863623432636244
66 131 0.5351913381855977
66 133 0.6867429453308966
66 136 0.8613510632861037
66 137 -0.8386798364123591
66 141 0.6229896532873982
66 143 -0.6203187777720633
66 146 -0.9713304651074781
66 149 -0.9492139452386887
66 150 0.4094294259018396
66 152 -0.13119326392088682
66 153 0.735569855373791
66 168 0.7522915730816953
67 68 0.6784163678268
67 80 -0.2593310070097792
67 85 -0.2846940135660896
67 87 -0.6474064417988941
67 88 0.69730069918821
67 89 0.3133656461691745
67 90 -0.9504637569767764
67 94 0.2982071157162658
67 95 0.639938592686911
67 103 -0.8471408095527917
67 107 -0.4632430432418797
67 115 0.9947928998902111
67 117 0.7749591042635344
67 120 0.21121526974777605
67 121 -0.5453512761047068
67 139 -0.052860604119175036
67 151 -0.5433768974896371
67 152 0.49346484661404366
67 153 0.02472697772942234
67 160 -0.5498228309027462
67 166 0.42067943470697733
67 168 -0.9914006330466951
67 170 0.32497964298443627
68 71 0.5955408028671405
68 79 -0.34917247328380974
68 83 -0.02983340534582557
68 86 0.34074957376328907
68 87 -0.9691081889368245
68 89 -0.6411376604980596
68 92 -0.6862373728045781
68 96 0.34125115153565777
68 97 -0.8869307788298149
68 98 -0.4186756437287229
68 102 0.9783481724574523
68 103 -0.999022535365508
68 107 0.791772729123235
68 115 -0.2108752550757338
68 118 -0.9658004114696039
68 134 -0.41193295694028453
68 145 -0.06325994291365222
68 163 -0.7310905738413125
68 164 -0.2789857196775085
68 165 0.5028035556871029
68 167 -0.5124353258648235
68 171 -0.9564993938679434
69 71 0.5257756833060241
69 72 0.5712970247650164
69 75 -0.7489470406279253
69 86 -0.12221727971386542
69 88 -0.14354199818989333
69 95 -0.6577716927875572
69 97 -0.22659957452660673
69 98 0.3369368226910814
69 99 -0.9093062735038686
69 105 -0.32351965787552883
69 106 -0.9552021541972491
69 113 0.7716686570820623
69 123 0.5872723097141117
69 127 -0.7746881996135413
69 140 -0.7129845760303857
69 142 0.1744511520844061
69 148 -0.4005519095868264
69 152 -0.807312912354101
69 154 -0.7952012301703208
69 158 0.7703752057321869
69 160 0.9361479515017037
69 166 -0.654609365254424
69 169 0.4551286454157235
69 171 -0.3974262178558188
70 72 0.41887860627502893
70 76 -0.21357849157241504
70 78 -0.1770978368333309
70 80 -0.24666516864849264
70 94 0.8771836995367908
70 95 0.046269695677567224
70 98 -0.9864436133034467
70 103 -0.8292324148948316
70 104 0.2692861746764832
70 107 -0.4281425855464638
70 110 0.5159354902005162
70 111 -0.6818684628720015
70 113 0.9360942870742912
70 115 -0.9639617978356161
70 119 0.25172115111153714
70 128 0.2747101032478527
70 133 0.7703997433420271
70 134 0.8395170958136762
70 138 0.02684438161222613
70 139 -0.5902717271858353
70 148 0.26752742990913236
70 149 -0.8109877629315883
70 150 0.055883217124372386
70 153 0.1989648172412415
70 154 -0.19141226830122093
70 161 0.03229280089069797
71 72 -0.618785433042059
71 73 0.23711157298914132
71 74 0.42319978737506236
71 75 -0.7015558291930697
71 87 -0.3999011464637061
71 89 -0.7065329658020814
71 91 -0.799870426527199
71 94 -0.08245294661729718
71 101 0.11954986088206399
71 103 -0.643882685711022
71 116 -0.20168359344689635
71 117 -0.9503984746815908
71 139 -0.6990953676673932
71 142 0.6196813942665291
71 154 0.5900180019226091
71 158 0.0551937960248301
71 159 0.8740287625740484
71 160 -0.4627728441490164
71 162 0.8560688565924455
71 165 -0.8578484619837095
71 174 0.6032323222680889
72 101 0.5382394041409959
72 106 0.6692512800917763
72 112 0.09715766921527358
72 118 -0.1265381083172592
72 119 -0.42880563711458275
72 120 0.8910141174607422
72 122 -0.5468013663240623
72 125 0.10942548601234403
72 132 0.6696714694114316
72 139 0.3622615475402762
72 161 0.10691231076574526
72 166 -0.8444282991667509
73 75 0.9403070887773639
73 82 -0.10048184427695572
73 97 0.754064175004443
73 98 0.7341639177863792
73 101 -0.8736772846885019
73 103 0.8177575281630278
73 109 -0.2085556392417829
73 116 0.682649196301315
73 122 -0.964519200539615
73 123 -0.9511204937497681
73 131 0.5776389204955912
73 132 -0.5528816386426951
73 136 -0.4548875672644248
73 138 -0.42146439804550395
73 144 -0.4592473103872885
73 148 0.49552260776575996
73 153 0.3577960857094906
73 157 0.94784153146239
73 162 0.05331013409949836
74 77 0.5064437643051505
74 80 0.23513230873553148
74 88 0.15521266130693512
74 90 0.09672437478481588
74 91 0.6445554910468156
74 93 -0.14267574853341003
74 100 -0.7964291803766848
74 116 -0.14579415065531776
74 122 0.47928896178491454
74 131 0.9154279077710659
74 134 0.5558488783836364
74 135 -0.707866155640567
74 143 0.7330510616413928
74 145 -0.8743562334657407
74 150 -0.3484615188316931
74 151 0.9735671269109083
74 152 0.7952876367842812
74 156 -0.5524977509888549
74 161 0.024834503324649315
74 164 0.32702187560148954
74 172 0.9062024641448014
75 77 -0.5556529266328525
75 85 0.35002769379669596
75 93 -0.6206499903410085
75 95 0.1607319837228367
75 96 0.7588408627859404
75 102 0.9687432824430331
75 111 0.19964938685738143
75 116 0.8268741073443262
75 120 -0.9980029353745372
75 121 0.823616886196139
75 125 -0.5700097167497713
75 127 -0.3539204115555996
75 129 0.3261841285200855
75 138 0.9248867745815215
75 144 0.3647494130766036
75 152 0.055895763823823774
75 160 0.8712156945197616
75 164 0.3638518464502527
75 169 0.51524996433239
75 170 0.10913289073577115
75 171 -0.0372849781076916
76 83 0.7401591693550758
76 84 -0.9992389777936932
76 87 -0.9547909635117036
76 88 -0.7416395817784858
76 90 -0.19312379658769352
76 100 0.08888738108231253
76 103 -0.8730138886153198
76 110 0.7526800058894976
76 113 0.30560088199851476
76 115 0.32898291809055347
76 121 0.9771199735843128
76 122 -0.40755960502254474
76 126 -0.5193283632889691
76 130 0.9108614404890953
76 136 -0.4185398139423777
76 141 0.7800675286635401
76 145 -0.15139480409657535
76 148 -0.7504901225656662
76 153 -0.5017444094894838
76 158 -0.8934123059512635
77 80 0.9287904881516722
77 81 0.21339943911738235
77 86 0.11942393467283519
77 88 0.07522347424950859
77 89 -0.17643180969935024
77 100 0.4622739484601437
77 115 -0.5307584757215063
77 116 -0.7207219587407603
77 117 0.6664138832141131
77 121 -0.6245700030825172
77 126 -0.07968997262773203
77 131 0.5925040121413534
77 143 -0.7820131105412851
77 147 0.32778414705619374
77 149 -0.31205609456840677
77 152 0.9525253159775207
77 163 0.4639345793994736
77 174 0.8050080119486851
78 85 0.14408039174609022
78 113 0.5611630184671332
78 115 -0.19420295744973992
78 130 0.36724604844657294
78 135 0.3236926770775992
78 136 0.5012216311614297
78 137 -0.7489096866326925
78 146 -0.12872841871825758
78 148 -0.5712265084385666
78 151 0.2787190164477764
78 153 -0.14933113751075222
78 155 0.23549271018933426
78 158 -0.954663382478089
78 160 -0.794973479820579
78 163 0.11312289563994637
78 165 0.4053194589718485
78 166 0.04875461019379479
78 168 -0.6275283173528408
78 172 -0.3980250806827883
78 174 -0.7321321109376542
79 82 0.8743975407408138
79 88 0.3571001514932628
79 89 0.3451181826042833
79 91 -0.4957847658728516
79 96 0.9745245578345705
79 97 -0.6766213541003279
79 99 0.28745465015047733
79 100 0.10184187955757085
79 117 -0.845513053969944
79 123 -0.9157410589444852
79 125 -0.6076874076780066
79 126 0.956521620002847
79 128 -0.4344182460004524
79 139 -0.9888909977056206
79 140 -0.5616694519986809
79 148 0.8246906144537391
79 149 -0.28150196534659777
79 152 0.03808948052454264
79 159 0.39708196383114935
79 171 -0.5558778405510993
79 173 0.13373150683182522
80 82 -0.13752915780734742
80 83 0.39329860767142133
80 95 0.7815591969785696
80 97 0.44203735813484357
80 102 0.708314409042621
80 107 -0.4427847102944713
80 110 0.7629833107124369
80 116 0.2054367026183994
80 119 -0.21024883192444288
80 131 0.45972399737387337
80 136 0.11930025582473558
80 137 -0.17818655375946824
80 138 -0.3618479540531312
80 144 -0.6748847767489352
80 151 -0.2295615229630601
80 154 -0.21787954351651062
80 158 0.9309395850985702
80 168 0.9194428352080191
81 84 -0.07461866818740304
81 90 0.1412611300602633
81 93 -0.9251450419402549
81 94 0.4293260386250428
81 98 0.24248656883879605
81 99 -0.17613301267274828
81 100 -0.5664535997365427
81 101 -0.01802864929884529
81 104 0.18698575915899807
81 111 -0.44711112940031406
81 114 -0.1128278943688601
81 115 -0.8447002982348388
81 116 0.03312406586281158
81 120 -0.9725798483977153
81 126 0.0559302829905437
81 127 0.9748256906437276
81 128 -0.316291332333031
81 130 0.28344193218497526
81 131 0.9283488437954153
81 135 -0.10860774445611088
81 138 0.7291548734181668
81 140 -0.051283276952541756
81 141 0.7658667456435835
81 153 0.6518473174274586
81 173 -0.34887633423351105
81 174 0.6441849761030498
82 85 -0.4654853722918946
82 88 -0.6606593643081002
82 93 -0.7948993847638768
82 107 0.8656542213349792
82 109 -0.4308941536040589
82 113 0.6157729126141793
82 119 -0.8835063989973979
82 128 0.13719325710046593
82 130 0.4647649920987851
82 133 0.1026407987174851
82 137 -0.09193050446226292
82 138 -0.2292501209200688
82 139 0.42079505689557384
82 153 -0.9160806875250558
82 154 -0.7097816460012336
82 155 -0.08413368127488119
82 158 -0.14769901344317815
82 162 -0.42603856823563313
82 166 -0.09312940932895764
82 168 0.6608293317769818
82 174 -0.886745249940603
83 85 0.529435164267287
83 86 0.1886732928233963
83 87 0.36875372270438267
83 95 -0.6330630255087064
83 96 -0.12878646676395245
83 102 -0.6248975034758641
83 104 -0.05136916220293175
83 105 -0.7110295913218698
83 113 0.37377706016475254
83 118 0.15645415071032298
83 120 0.7758736601419685
83 124 0.17830927226856685
83 130 0.664024932970285
83 135 -0.7885779899982504
83 143 -0.10358870086084249
83 145 -0.5673122943846258
83 153 -0.19881622704879987
83 164 0.2761269953059666
83 169 0.05188885413486033
84 88 0.5788872579241202
84 90 -0.6661052550793924
84 92 0.10798388081262411
84 95 -0.48908190630811577
84 97 0.03475489898715156
84 114 0.4311589696107483
84 124 0.6489005076478294
84 125 -0.8741410635788647
84 131 -0.13577877642891734
84 136 0.327865274090577
84 143 0.8431092739045056
84 147 0.8717052300644181
84 150 0.962841889035746
84 158 -0.5235771851585427
84 162 -0.09987325506740374
84 167 -0.8156685156523906
85 86 -0.5907117191214344
85 90 0.33288604699558677
85 92 0.23880794766178615
85 94 -0.5442353696322109
85 100 -0.6561169300830165
85 110 -0.2160967280335342
85 119 0.30526688536803426
85 124 0.6294152994916891
85 128 -0.9929896967431702
85 144 0.47970115831773885
85 158 0.5552987697552365
85 159 -0.34441428194247226
85 161 -0.17511663777211628
85 173 0.1465526786930269
86 89 -0.4212740915035149
86 91 -0.396807754028464
86 118 0.11245236895363298
86 122 -0.7934400730439914
86 125 -0.844018550892031
86 131 -0.7897763522302219
86 132 -0.7357556146606987
86 138 -0.7857370306979701
86 139 0.23339785074136765
86 148 -0.5729869284083906
86 154 0.9422542767563231
86 155 0.9178377481546207
86 158 -0.46925810983885685
86 161 0.24743681921728666
86 164 -0.5185897049093091
86 165 -0.08074052585121771
86 167 -0.49151295191621025
86 168 -0.6976294905507008
86 169 0.2938926061232814
86 174 -0.6180653926158184
87 88 0.48269339049292936
87 92 0.669225763611224
87 95 -0.339168840053806
87 99 0.13694814289414592
87 113 0.658706661148472
87 123 -0.4063473318187363
87 137 0.1786530995303406
87 144 0.2638533044792384
87 145 0.4423950217856869
87 146 0.6290740388966338
87 151 -0.7860082643722457
87 154 0.5049644954008723
87 158 0.3616095173541922
87 159 -0.038559699304274275
87 163 -0.12751766664855801
87 165 0.3572666727035876
87 168 -0.5399691632818981
87 172 0.45204134231788373
87 173 0.535224851615586
88 89 -0.6708829203384556
88 90 -0.9616957770103043
88 96 0.13963920066130764
88 98 -0.5160720718875682
88 109 -0.07291795188681371
88 111 -0.04655509684584569
88 112 0.7465522080740956
88 116 0.28345345652762943
88 118 -0.6081755247869505
88 125 -0.5589465978051731
88 128 0.05717509418552269
88 132 0.1576460073311179
88 135 -0.9558347445610333
88 141 -0.046789010155923405
88 153 0.1915963485244998
88 154 -0.5281182411791088
88 156 -0.565521217362781
88 157 0.18769996575141223
88 164 -0.9428996443194255
88 171 0.9401845456792495
88 172 0.8967484802020473
89 113 0.7555282763973048
89 115 -0.5840195273523974
89 116 -0.9186430683575328
89 121 -0.8016009340333361
89 124 -0.9880792854428442
89 126 -0.5309825135319528
89 127 0.3359404157620134
89 147 -0.8261304283268727
89 153 0.028755076828808512
89 155 -0.7285172224283456
89 162 -0.8529911951916163
89 173 0.07740855693927662
90 94 0.7232701239683028
90 100 -0.7736137512017236
90 108 0.8491120729356083
90 111 0.8056096398207988
90 117 -0.18172728158251905
90 124 -0.16625010938720863
90 125 -0.22219057219436955
90 134 0.08483623796230488
90 137 -0.589374167082378
90 146 0.6272626712273581
90 154 0.13950774452281056
90 159 0.3360213278094346
90 163 -0.9872136495004056
90 174 0.5434524781202394
91 93 0.2279750041823898
91 102 0.4034262358844307
91 108 0.6155293606225609
91 125 -0.059873301081206476
91 126 -0.7688029411612392
91 132 0.3275031854432404
91 134 0.7595197661970765
91 139 0.49400081816538166
91 146 0.338923550824334
91 158 -0.04243430287448091
91 159 -0.5961030548549198
91 163 0.5319164683936091
91 165 0.18158978276938353
91 170 -0.3425545330865174
91 171 -0.9058361305833731
91 172 0.5254093674818268
92 101 0.40159480458478725
92 102 0.21118595031115972
92 108 -0.6926143621792067
92 113 -0.058155941590081195
92 122 0.4328052625934693
92 131 -0.250409962541404
92 133 0.7897184844138685
92 141 0.4194940898678794
92 142 -0.40870991164561854
92 143 -0.7651715112732791
92 148 -0.6296665443099378
92 157 0.04644868604422725
92 159 0.8467678187255521
93 98 0.8569419078097769
93 100 -0.3546201291274771
93 107 -0.19176428061612505
93 108 -0.31011454819345485
93 118 -0.4600640714026929
93 119 0.2867964973029373
93 122 0.8093529474730672
93 139 0.04296421871076883
93 143 0.9252490272265319
93 144 0.048636243168382665
93 147 0.9939180130666501
93 149 0.654863303256467
93 156 -0.7093331043832027
93 158 -0.9727331133089689
93 168 0.43660751747510274
93 172 0.7416930042755663
94 97 -0.7994280096029354
94 98 0.5065538385940402
94 99 0.0582520900082284
94 107 -0.9030089452237791
94 110 0.6961185545169826
94 114 0.133073853117752
94 115 0.1522633171302259
94 129 0.34280809774764087
94 134 -0.4581210039371961
94 137 -0.9888138500673711
94 138 -0.7820089520789906
94 140 -0.5580356839791594
94 154 0.6856688883144588
94 159 0.8638194265432984
94 161 -0.24141439099488138
94 172 -0.9196098854904571
95 96 0.08528919055698059
95 107 0.015586739001263172
95 109 -0.8300546893400678
95 119 -0.8860373878717309
95 121 0.19111789585168681
95 126 -0.9600976147813058
95 133 0.4009898468528581
95 136 -0.18951000833993326
95 140 -0.5014497272472156
95 148 0.9107682261834369
95 151 0.2720917668323257
95 155 -0.6545995957666273
95 156 -0.23970147616401594
95 157 -0.5343183643853018
95 166 0.4652424612610917
95 168 -0.8943745684577227
95 169 -0.3258210041137244
95 170 0.9920847738573859
96 101 -0.28055205558608054
96 105 -0.4439578005986091
96 107 0.650280928178363
96 108 -0.5726168314978537
96 112 -0.7938716668623731
96 123 -0.4933794185860796
96 129 0.4136011491244629
96 134 0.7442614202132156
96 135 -0.947029777498922
96 142 -0.6513388244176599
96 146 0.3540816514160394
96 159 0.19126445917486867
96 161 0.8409589631090171
96 164 0.2874872702959186
96 168 0.025351637902484736
96 169 0.054758470847930285
97 103 -0.14112261278081184
97 119 -0.9218160368476511
97 130 0.4017369107813413
97 133 0.49896749120679784
97 140 0.028881410456816914
97 141 0.4892371287970487
97 144 0.28982689858505384
97 146 -0.9285821874051241
97 163 -0.14957321516932565
97 168 -0.045907881225663916
98 103 -0.08442392751405059
98 104 0.7434488090467317
98 105 -0.9918192483479511
98 107 0.5410180061447183
98 109 0.15798027528218928
98 110 0.26998857659239106
98 111 -0.2751803265163071
98 125 -0.2579482115275451
98 126 -0.24888055201966774
98 130 0.9930676694535101
98 135 -0.4988079631084614
98 136 0.7061195485223042
98 139 -0.9360856166990998
98 142 0.19380084458531144
98 144 0.24518371599052746
98 151 -0.38134070372782203
98 157 0.5034415705380932
98 159 -0.5017358611501281
98 162 -0.9829462691636099
98 164 -0.02969962081400901
98 168 -0.9953814446383267
98 172 0.7523541956284765
98 174 0.7628453493532152
99 102 0.4560158236742806
99 104 0.14320430165761855
99 110 0.10821090520590615
99 114 0.4130812685624823
99 119 -0.3598745121429243
99 123 0.6205238132824338
99 133 -0.6182695282539084
99 134 0.5030485094528419
99 139 -0.5143226818121336
99 143 -0.9579663090773747
99 167 -0.8099319313139133
99 168 0.646261086070955
99 173 0.3458811196257383
99 174 -0.42520178259240393
100 103 0.03979641527107591
100 110 -0.0848516671990669
100 115 0.7176077254114881
100 121 0.9222364815032271
100 126 -0.3901360980273121
100 127 -0.026390178938110243
100 128 0.9783751152396547
100 130 -0.1839889156646266
100 140 -0.4144850472863866
100 144 -0.7936376503029072
100 147 0.25673362702801317
100 152 0.46565169059836786
100 156 0.9696836118194598
100 158 0.9932494122147884
100 169 -0.19353059080594193
101 112 -0.28586103818040676
101 115 0.1296698122236848
101 126 0.13766961948796408
101 141 0.1048802367733146
101 150 -0.12588104699295344
101 156 0.9386306747610735
101 157 -0.3431499532519682
101 158 0.5108598391461192
101 164 -0.13345436783004327
101 169 -0.01993646178004016
102 108 -0.05887293691091178
102 111 -0.6081742720927485
102 122 0.11208741263438027
102 130 0.24439738209295725
102 137 0.7036553123829297
102 140 0.8655382334822743
102 143 -0.07712996952901485
102 154 -0.12005681673329271
102 160 -0.1761772783863449
102 162 -0.5682827657377973
102 164 -0.9857668879483439
102 167 -0.8386348937337886
102 171 0.10192748349169944
103 105 0.5081247023140618
103 106 0.7847602764174504
103 111 -0.9463919338942333
103 119 0.5781881925488499
103 120 -0.8871574487086591
103 121 -0.012170825786457895
103 122 -0.027885335899936914
103 123 -0.41639639558594843
103 131 0.5163395084271285
103 132 -0.6748553055901954
103 133 -0.8282987910842485
103 135 -0.009341233215120592
103 139 -0.2597873644742723
103 141 -0.34673263385632525
103 142 -0.25667533354620775
103 148 -0.32085105232297395
103 151 -0.47042282995335416
103 169 -0.8587048291870527
104 111 -0.613898736020694
104 118 -0.45040192566011683
104 120 -0.7362768501504275
104 122 -0.6956250549254899
104 127 -0.4510812856800488
104 133 0.02421361739744321
104 141 -0.7935683454564153
104 142 -0.011016063687728339
104 147 0.1732574232319506
104 149 -0.48743834189319335
104 153 0.2504904635740004
104 157 -0.006217240992242523
104 160 -0.09787541778622955
104 163 -0.027782962717098902
104 171 0.29453449843895396
104 174 0.8082456032342156
105 123 -0.067113199664939
105 134 -0.5953774869074808
105 139 -0.2014299428029691
105 142 -0.08455219171151751
105 146 0.5436974607677392
105 147 0.8679963871506116
105 151 0.5991109508061301
105 157 -0.04215330389348404
105 170 0.5653128866490946
105 172 -0.1887080373411676
106 107 0.5443497931993724
106 119 -0.13748323248003103
106 124 -0.5917968102552849
106 132 0.25949706907396797
106 143 0.49808027211664485
106 148 -0.6467288577763644
106 150 0.45854429653623563
106 158 -0.9940765191110341
106 168 -0.6712533090166826
106 172 -0.8594917682674987
107 114 0.5811367111643999
107 119 0.0956149153564132
107 121 -0.7139084335054997
107 128 0.8950482475127899
107 129 -0.7670484700169871
107 130 -0.48880681702229656
107 155 -0.9170907391215539
108 115 -0.028096172872090097
108 121 -0.2904960756166355
108 122 0.8172969934672119
108 141 -0.5317117645061207
108 146 0.29068606847056544
108 148 -0.17722973741793946
108 149 -0.9180910558147111
108 157 -0.5601928390219659
108 165 0.6451398883982886
108 168 0.8621581845692905
108 169 -0.4881696245814715
109 110 0.22483080477303385
109 117 0.1616697001943732
109 121 0.41951028977010685
109 122 -0.3247072601348855
109 123 -0.8484486620755742
109 125 0.43292808933372195
109 126 0.29818861540178476
109 127 0.6774159365985564
109 130 0.06879174718934089
109 135 0.2508557779628704
109 136 -0.2336551244375229
109 138 -0.5140648711871647
109 144 -0.7658079310166315
109 149 0.8085390315015255
109 152 0.996092697887913
109 154 0.1475633154175897
109 158 0.997968758015293
109 173 0.6336333022657163
110 112 0.8347418673975917
110 122 0.2828933321306044
110 124 -0.3570728803354648
110 126 0.21010760776872428
110 132 -0.9144764562124046
110 133 0.17925958132158804
110 140 0.8430167136254023
110 147 -0.13119893587216125
110 151 -0.24544336904610198
110 156 -0.5747826598794619
110 159 -0.9364776461895143
110 161 0.028825159022058733
110 162 -0.9141818315507357
110 169 -0.9433604758843306
111 114 0.1562991135246632
111 121 0.46299002334461203
111 125 0.6699966124405239
111 127 -0.14925163172700606
111 136 0.4067764673630745
111 139 0.7101924287584263
111 151 0.6663964148422852
111 152 -0.6572479295361715
111 154 -0.26224321007256535
111 155 -0.5560437582075031
111 157 -0.5810133581408459
111 159 0.4128032671262989
111 164 -0.5283504097278955
111 169 -0.1181308284415814
111 171 -0.03916750630586918
111 174 -0.23793180934996605
112 114 -0.7260729936284451
112 115 0.7433549278706906
112 124 -0.8065634340677414
112 141 0.3502039433994293
112 150 0.8612665172784988
112 151 -0.32718259645919145
112 155 0.7017829414345615
112 165 0.24102734574849172
112 167 0.9889298787084531
112 170 -0.24199123322606075
113 115 0.8580743445644037
113 116 0.7628341861866432
113 122 0.8169260571614629
113 128 -0.11019334122529512
113 130 0.5465022209049304
113 134 0.37403332009716683
113 136 -0.015047513186402295
113 140 0.4680159727867428
113 141 -0.6338694912098473
113 144 0.15068728895334327
113 145 -0.9419651018428312
113 149 -0.9877569192335454
113 154 -0.367799529194474
113 157 -0.5626156250841132
113 158 0.0613589603614364
113 164 -0.313642173042896
113 165 0.004389953858285223
113 166 -0.2814346572386399
113 174 0.8626255202631428
114 116 -0.44721181814579913
114 122 0.3952913468510306
114 137 -0.2293002475112258
114 140 0.5892316161828581
114 141 -0.3877897127898897
114 142 -0.915903655517496
114 143 0.3038056765767445
114 145 0.7229627525037403
114 147 -0.15934951161120692
114 153 -0.5178116142351625
114 154 0.8111469363399313
114 160 -0.9166419001208039
114 166 0.24513315993556017
114 170 -0.8456585363188247
114 171 -0.9008795297898877
115 117 0.4516446883229972
115 119 -0.3405017183549812
115 123 0.8983086504562374
115 124 0.40906523760497016
115 128 0.3465886601524968
115 130 0.005452200753584657
115 131 0.0448773751643341
115 138 -0.9202145610795955
115 139 0.22002316189650029
115 146 0.6560420732826202
115 147 0.1629759224512537
115 155 -0.8033548594003237
115 156 0.8355894573096281
115 159 0.11845141836605788
115 162 0.44646370043026784
115 163 -0.3126806438152441
115 164 0.6041369955479878
115 171 0.10219689149028688
116 118 -0.6767303005190721
116 119 -0.022388021212886855
116 130 -0.9956007837940928
116 131 0.6765817122987092
116 132 -0.6608995685063697
116 134 0.5988352048279695
116 137 0.24475653719266655
116 138 -0.08899796390767256
116 148 0.7211146751599098
116 151 0.3578374034480418
116 155 -0.9243041774135317
116 174 0.5029555692579775
117 120 -0.4613553864608333
117 124 -0.39876005735216125
117 125 0.7386861895999588
117 126 -0.36364041992208085
117 129 0.5234181755750966
117 136 -0.14343785846868773
117 143 0.5009349115980424
117 144 0.3962645200035626
117 152 -0.19363038180645353
117 154 0.2536921698350063
117 155 -0.49677603208816223
117 160 0.7938022080179896
117 162 0.2552564786766831
117 166 0.8503422396926121
118 124 -0.9254011353971172
118 136 -0.011496993500674346
118 139 0.07358767408595202
118 142 -0.4367555841868831
118 148 0.23853881213475514
118 151 -0.15430385818892933
118 154 0.6920797317275365
118 166 -0.38907089840744113
118 170 0.0034190251735282118
118 171 0.5795762800142619
119 126 0.7212619759308567
119 129 -0.047468049756818065
119 130 -0.648397672183386
119 133 0.03973369183240316
119 143 0.48330613372702413
119 151 -0.8499434048832133
119 160 0.4959079629767844
119 161 -0.4594054618656713
119 162 0.6419013625734418
120 123 0.9755496675341864
120 124 0.5451839694654104
120 127 0.42703517556308856
120 133 0.7733447040281922
120 148 -0.7458129773463473
120 150 -0.17453819695365924
120 167 0.6648250067660013
120 172 -0.48749436229385723
121 122 -0.013520236827308851
121 123 0.6387607229715455
121 127 -0.6375894556676458
121 128 -0.014440274626631444
121 139 0.9324117554473244
121 140 0.13384704134460534
121 147 -0.15535700253743556
121 150 0.07305059324834806
121 152 0.2939553400205097
121 153 -0.05341447393013343
121 155 -0.6591033883179394
121 156 0.24303245045696098
121 162 -0.22175214145792355
121 172 -0.023819954917916775
122 138 -0.9946299105921352
122 141 -0.7554353183592177
122 155 0.37048285119321966
122 170 0.5521164751781071
122 173 -0.6219765219533928
123 124 -0.34405309415219953
123 125 -0.0690416882722189
123 129 -0.530135457736032
123 131 -0.2563969216918076
123 134 0.6945967665687394
123 137 0.5493898202427578
123 140 -0.6930729445882229
123 145 0.5453969822579261
123 147 0.2539715374679894
123 150 -0.9627154314688953
123 152 -0.2988511461156056
123 154 0.2806718063795324
123 156 -0.061254491479420414
123 166 0.0531991981211295
124 130 0.5240763207398593
124 131 0.7609791920678637
124 140 -0.17863479002395954
124 141 -0.8531752458379731
124 148 -0.03745693141959827
124 149 -0.9581939844565361
124 165 0.280214928727996
124 167 -0.9515001702815156
124 170 0.8056571252200806
124 172 -0.6876795910690485
124 173 0.7325228706993028
125 128 0.01514570315787589
125 133 -0.42068154715294037
125 135 -0.505729244822543
125 137 -0.5525626567416353
125 138 -0.8803139808324918
125 139 -0.31262828690902134
125 143 -0.46878397901477564
125 146 -0.3203550493402849
125 149 -0.30909941488531234
125 151 -0.2991542431861014
125 154 0.10737311199945543
125 167 -0.6417214915073479
125 168 -0.23939713209059588
126 130 -0.9300381326668463
126 133 -0.2545307691717009
126 136 0.705456621443447
126 137 -0.425078491718877
126 141 0.20160528917968135
126 142 -0.7733575069493293
126 144 -0.5404414331508514
126 157 0.6721825164555526
126 163 0.5175448835335583
127 132 -0.4312439306897222
127 139 -0.4642000198938401
127 141 0.28044432596490565
127 150 -0.3095120584619968
127 161 0.6666943666580112
127 163 0.4847845574468086
127 164 -0.37285214320283266
127 168 0.8610337788192033
127 170 -0.09491218574702254
128 130 -0.26710513682118564
128 131 -0.7812788326206748
128 132 0.5108513344274233
128 138 -0.1276184496463053
128 140 -0.6556111255406449
128 144 0.007998262024769165
128 145 -0.2953834903627599
128 149 -0.14370090406442015
128 155 -0.382948073815798
128 163 -0.9280728958946531
128 169 -0.1830964753188944
128 170 -0.9074704941322485
129 132 0.29639659980045274
129 133 0.9083055441597601
129 135 -0.7696012555156349
129 137 0.4230033000303066
129 150 -0.23021176567064372
129 151 -0.753333064388414
129 158 -0.5684251256630071
129 159 -0.966333675704586
129 169 0.02695816386399663
129 174 0.6463504794681705
130 134 -0.4804910935206512
130 143 -0.24507525359426352
130 145 0.12801215740341298
130 148 -0.7407135020631637
130 149 -0.45884976168737346
130 152 -0.53463269065876
131 134 0.49746651255719443
131 138 -0.7067514093470557
131 141 -0.003829163573159322
131 150 0.23162424589420616
131 160 -0.0442072268359639
131 161 -0.5604706617070763
131 162 0.8466686444630738
131 167 0.18999012052108544
132 133 -0.49465416810453844
132 142 0.19383718884626555
132 143 0.2722694032932753
132 144 0.8694807151522548
132 145 0.24453354260379645
132 147 0.06691662854191227
132 163 0.5710518424151136
132 167 -0.5545304910115507
132 168 0.6684310737560908
133 149 0.5077514001732613
133 150 0.09108010427002422
133 151 -0.5533440341441929
133 159 -0.15370917851265697
133 161 0.5336537592888677
134 135 0.691798993317716
134 138 0.2979835864382028
134 139 0.5870682257521178
134 145 0.524694167312592
134 147 -0.5000065779259966
134 149 -0.056240043410579865
134 151 0.7548618152760322
134 153 -0.41961949173220026
134 170 -0.5084165710481603
134 171 -0.43407029255048135
134 173 -0.9749782265285674
135 149 -0.5628055494101207
135 151 0.18971199746564937
135 160 -0.8544134421829994
135 164 0.10215295399721902
135 171 -0.9563597278586937
136 150 -0.7404382730939818
136 156 0.27790964940536567
136 159 -0.753970748363485
136 162 -0.6085096754762263
136 168 -0.4623862104053027
136 169 0.7479536351150589
136 170 0.04110310420325525
137 139 0.4003192373047906
137 144 -0.2187270558929002
137 150 0.9901191463251637
137 156 0.5090294599403016
137 160 0.9972211882610302
137 165 -0.15649538986456712
137 167 0.6452581062458129
137 171 -0.14633256217663604
138 139 0.4757011351431568
138 143 0.9259467654210065
138 147 0.19136072003747562
138 151 0.6808307964655542
138 159 0.3225988142406977
138 173 -0.4310797806853881
139 148 0.8077817100890274
139 149 -0.8934555894927547
139 155 0.13370899642937095
139 158 -0.6202529761697417
139 160 -0.779648117630614
139 165 -0.8366255958583435
140 146 0.8730432178835352
140 148 -0.7822428046481829
140 151 -0.983815362425217
140 152 0.6488085433205342
140 161 0.9825439419449808
140 163 0.020586248576736743
141 148 -0.40763809862488776
141 149 0.6091009459904513
141 157 -0.6445501020705071
141 159 -0.9104383063280015
141 160 0.5749849476681814
141 162 -0.2650827023765323
141 163 -0.31926560510886626
141 171 -0.36905898414364846
141 173 -0.7820369087503001
142 146 0.8003467882690838
142 155 0.26895541182514293
142 156 0.07756647120480209
142 157 0.20165552110510143
142 161 0.10267451667114535
142 163 0.2562475908645465
142 167 0.1465919492169825
143 148 -0.6796544851927149
143 151 0.20394311681835742
143 153 -0.5245936997279155
143 159 -0.9034243215061006
143 169 -0.3427241819559115
143 173 -0.9015038040577181
144 145 -0.9110360392127013
144 147 0.8439904936795066
144 153 0.26173973801258277
144 169 -0.6624837753355262
144 171 -0.4815281763372308
145 156 -0.3035738989291821
145 163 0.8127859030538023
145 168 -0.7137249135422639
145 174 -0.12771651990088206
146 151 -0.20936936011508145
146 152 0.6437116347185476
146 156 0.020537516167351555
146 160 -0.28132673256285967
146 164 -0.1335386614473626
146 166 0.49749195908628563
146 167 0.8478028171082497
147 152 -0.6618876245914334
147 153 0.5845359165119839
147 154 -0.5413105835943297
147 156 -0.49822494297508535
147 162 0.7122501407175059
147 163 -0.6527923586006545
147 164 -0.3370791879638404
147 165 -0.6356727577100798
147 172 -0.38373955738461585
147 173 -0.31717189381203337
148 149 -0.21515304273202096
148 152 -0.6452952801110032
148 160 -0.030658208462769565
149 155 0.5073159312562101
149 166 0.5509450937540894
149 167 -0.174082412558203
149 168 0.2162411178300856
150 151 0.007349000490816993
150 164 -0.5762033527618635
150 172 -0.5169402745785698
151 155 0.13369352921585387
151 159 -0.37545068469892606
151 174 -0.020160179251770494
152 153 -0.013307052576567058
152 155 -0.025960255090005324
152 157 0.20922304107119039
152 158 0.1420866599639674
152 164 -0.7436085433552442
152 171 0.8796955730244198
153 154 -0.552516990727008
153 156 0.1880005386739303
153 157 -0.3335722317928702
153 162 0.8770544590996727
153 165 -0.3681414416727231
153 167 0.7865001917545911
153 171 0.04316293670439575
153 172 0.985114607570803
153 173 -0.4080530365758037
153 174 -0.9976081376249692
154 156 0.9018086161390773
154 160 -0.1938076549442198
154 165 0.47448068368967666
154 167 -0.49643812459938963
154 168 0.10375809098734301
154 171 0.033059284569794345
154 172 -0.49079977781094164
155 157 -0.47776336657353546
155 159 -0.919844720779706
155 161 0.1882885049998333
155 166 0.44326844420973344
155 167 0.7413957736313523
156 157 -0.45345697517128203
156 160 0.14131839486223652
156 165 0.7067819074381072
156 171 -0.45916031968437654
157 174 -0.1491927888957929
158 168 -0.9705013607911355
158 172 0.06077264778627578
160 165 -0.5949579961725546
160 166 0.1749174325013363
160 168 0.684801805723688
160 169 0.9494937247317081
160 170 0.8154204471989568
161 162 0.002150646412813595
161 165 0.8620622803199076
161 171 -0.7811683938012148
161 172 0.20387136095494696
161 174 -0.62752432491669
162 169 -0.923589530835836
162 172 -0.08332570809846573
162 173 0.4398555717364405
163 168 0.02295495123385094
163 169 -0.7018788656609236
163 174 -0.872981317634484
164 167 -0.4267679931174768
164 173 0.1730285097197306
165 166 0.5680098789170509
166 167 -0.20112213387428235
166 172 -0.031655367216800734
167 168 -0.7925458340062321
167 173 0.4464913557533541
168 169 -0.9701819716822999
169 173 -0.43667400143589497
170 171 -0.8676677748530195
170 173 -0.4575854296936628
