125 2334
0 -0.13149263325534077
1 -0.2125989090634548
2 0.5736701617707303
3 -0.6928415954790057
4 0.5103650651947471
5 -0.9638833446800932
6 -0.15255839720450193
7 0.5673984132168226
8 -0.1289724551806264
9 0.05186410212662307
10 -0.5211071812507413
11 0.27022313028559397
12 -0.34750282601468596
13 -0.030578534721606987
14 -0.7682166955982082
15 -0.5727550406132145
16 0.36966152811425834
17 -0.7167013063451069
18 -0.5440716626970119
19 -0.6896825795454018
20 0.5982576367571615
21 -0.1619433849301808
22 -0.7466008320864435
23 0.37442442801830667
24 0.60407099762449
25 0.6325392219520856
26 0.707560475981478
27 0.8680782529245694
28 -0.9585908131842293
29 -0.023690989909376015
30 0.37647448855932963
31 -0.27506559526399466
32 0.5842031247321384
33 -0.9618366867519099
34 -0.5235534160477553
35 0.24297202010855812
36 -0.182964155415565
37 -0.08423383886980274
38 0.12954142887463616
39 -0.871366181580759
40 0.7200789777369097
41 -0.1174752395209393
42 -0.23027230418505829
43 0.8553858914049599
44 -0.4353987884265056
45 0.28811340876851443
46 -0.06139677929441434
47 0.9834502173135089
48 0.5085048688946874
49 -0.14018880264545674
50 -0.31307544281622457
51 0.43950208758311926
52 -0.16478240645904352
53 0.4066881208273492
54 0.16493447061372013
55 0.4826125825223484
56 0.6952903195859577
57 0.830901421842376
58 0.8255175119132159
59 0.8768167564134726
60 -0.747483625606884
61 -0.7491197754358379
62 -0.8283644539145092
63 0.801802442400511
64 -0.968567378107583
65 0.7469091934656171
66 0.10704038490653978
67 -0.1651837509145715
68 0.8364285569577723
69 0.14378366537577558
70 0.2535509577754529
71 0.6156281696580412
72 0.5035079202547728
73 0.9415084366376283
74 -0.005475020466188418
75 0.20605121773608204
76 0.9848094297450158
77 0.16791244020849905
78 0.11166398712212589
79 0.22272240458762038
80 0.14047318174673062
81 0.5718583911048005
82 -0.7113372445310107
83 -0.5848997530197022
84 0.4349218250685478
85 -0.24980049419597705
86 -0.49977722358374055
87 -0.3508680406607667
88 0.1796693221575234
89 -0.037716258574631345
90 0.6885870045500997
91 0.853877978867787
92 0.39762066555009534
93 0.849843289045672
94 0.9073489149306893
95 0.2681142458527248
96 -0.20571702699527283
97 0.6672140150631858
98 0.1441697352314668
99 -0.346098359535725
100 0.39251198513927754
101 -0.5309844248366182
102 0.2981032978099145
103 0.29561189765916307
104 0.045747472874388295
105 -0.5057274165882326
106 -0.22036653920131366
107 0.3612320040316104
108 0.598741360461071
109 -0.8394212099141043
110 0.9136865873533453
111 -0.4450280545166918
112 -0.2906735169086814
113 0.65790781015668
114 0.10931442742257302
115 0.7984222710120852
116 -0.3300144453337124
117 -0.528366196084197
118 -0.3041851258399748
119 -0.8167987704609216
120 -0.9804461076103097
121 0.9924480708551442
122 0.4214492010050046
123 0.9756169814620979
124 -0.9348042851200629
0 1 0.8942167156099274
0 2 0.8360422815992359
0 5 -0.22170463620034742
0 12 -0.6547798991890585
0 15 -0.18569348988250023
0 18 -0.10652128569189112
0 21 -0.17088839578770276
0 23 -0.732561817253758
0 24 0.18167416416201188
0 26 0.10584095979698094
0 27 0.6539675909544109
0 28 -0.9294546098723198
0 29 -0.9267612773868703
0 34 -0.4093519672725854
0 36 0.3635941378342564
0 37 0.30567144814031266
0 38 -0.3421561822909587
0 41 -0.8852471313775725
0 42 0.8571066682144952
0 43 0.34138192953401414
0 49 0.11860927956931344
0 51 -0.5673792331941978
0 52 0.12862616992145504
0 55 -0.714991898965899
0 64 0.10136853068388985
0 65 0.0888065845463637
0 67 0.4307427560822603
0 69 0.7678877493153256
0 72 -0.9843491543556604
0 76 -0.9944225200023118
0 79 -0.6004506711525377
0 83 0.6641058019635289
0 86 -0.6955911455945614
0 88 -0.9846005682084602
0 90 -0.34318093145946693
0 93 -0.5264077593930458
0 96 0.1525803140917592
0 99 0.8720958870533695
0 103 -0.6136300916258739
0 106 -0.9132279496634181
0 107 -0.09013139997574271
0 108 -0.7736390159345123
0 109 -0.06572220172056098
0 110 0.5056982918488293
0 111 0.05967405493201072
0 115 0.32112917610334524
0 118 0.9322094529296954
0 120 0.5345290828010267
1 5 0.2296422939108782
1 8 0.09518788255034227
1 18 -0.8494029109163534
1 19 -0.41879693340917745
1 23 -0.2453200312781969
1 28 -0.5517601850917315
1 29 -0.9471487561870389
1 36 -0.4561465823839248
1 43 0.13797081840162861
1 46 0.2985649179917591
1 47 -0.5464839736263223
1 49 0.3794155142675424
1 53 -0.34435345089437863
1 57 0.16105717646417994
1 60 -0.562097908667508
1 64 -0.20608939069946164
1 65 0.9156002680570097
1 67 0.10104644343800295
1 74 0.9666235583497285
1 76 -0.18346716938756624
1 77 0.952360278811609
1 78 -0.9088493803059312
1 79 0.9961785008850161
1 81 0.07217588514356055
1 84 0.34267742324025585
1 85 0.7459424226312465
1 88 0.9210106967079057
1 95 0.9051682577265705
1 99 -0.08508730485723714
1 102 -0.311586225485067
1 103 -0.3361500860734743
1 104 -0.538531256121378
1 107 0.37299940469042814
1 108 -0.29953726978346085
1 112 0.3567815489702675
1 114 -0.5772270321947881
2 3 -0.14765489884146699
2 8 -0.21150624899298065
2 11 0.6882957654229596
2 18 -0.3636936133298334
2 20 -0.7422168109884919
2 26 -0.8629319881745707
2 29 -0.9216331806118401
2 39 0.6641902590782771
2 40 0.08943121775609542
2 44 0.7548157869753904
2 46 0.4039527948181503
2 54 -0.13990184039686326
2 55 -0.12070358122524061
2 57 0.988137872962787
2 61 -0.47274113564762454
2 62 0.9944543959814574
2 69 -0.17255659424645797
2 73 0.7631050975354576
2 76 0.11593062636534235
2 83 0.7920717701449049
2 92 -0.2556815446665732
2 96 -0.7099334753959596
2 97 -0.019676074426221657
2 98 -0.8800402273488004
2 105 0.14448078515124463
2 110 0.6097196601526242
2 112 -0.49145488673793625
2 115 -0.9099960691957576
2 120 0.1818721000157002
2 122 -0.6213595752598193
2 123 0.474619921099122
2 124 0.5007380162656587
3 7 -0.797418372040837
3 8 0.7313878103926081
3 9 0.5307479803568724
3 12 -0.5065304570148279
3 16 -0.22129720830534128
3 18 -0.7680311141481204
3 20 0.1557926892602539
3 21 -0.166436892581326
3 24 0.4699032941763239
3 27 0.41845656488239946
3 28 -0.6542978747700594
3 29 -0.9416738971372898
3 30 -0.9973545279358575
3 31 -0.2418842791358513
3 33 0.2943171046195434
3 34 -0.024284913090042215
3 35 0.1997427644926666
3 40 0.8780370049428783
3 41 0.6815589517521896
3 43 0.17297450196488784
3 48 -0.15696220910928993
3 52 0.28547012785810844
3 54 0.5893679838184047
3 56 0.7406290484319777
3 61 -0.17774183880280892
3 62 -0.37918821530122426
3 63 -0.0543982031209751
3 67 0.722894933486889
3 68 0.07130858603429813
3 69 -0.2469493530520286
3 76 0.8768732225967781
3 78 -0.8916833551695038
3 80 0.02859579454035921
3 82 -0.3459723068270544
3 85 0.8236606737477616
3 89 -0.619938378474068
3 92 0.4125930666296269
3 93 -0.2191888843258738
3 95 -0.7176325036156428
3 96 0.39204112226795473
3 97 0.4151175554195261
3 103 0.7937427432839741
3 108 -0.9417260108080194
3 109 0.841824084691678
3 111 -0.5992822617550586
3 116 -0.34098914958305926
3 120 -0.2594415014147671
3 122 -0.1436251836761675
3 123 -0.3415800041899233
3 124 -0.7138704743217676
4 5 0.9288705110139011
4 11 -0.449609432096564
4 12 -0.5961814513985515
4 17 -0.9369299458658515
4 18 0.6115773749010964
4 20 0.3698772088689082
4 26 -0.9858137020517028
4 28 -0.6829147763051933
4 29 0.008824841849427889
4 33 -0.08282960161698827
4 39 -0.9664435851587199
4 40 0.9820039042225674
4 48 -0.9092457084982333
4 50 0.06410116555923118
4 53 0.0972509206605805
4 54 0.6342259560926324
4 57 -0.5746488268201906
4 60 -0.2900593280042185
4 65 -0.8890923469030021
4 73 0.08137307177416497
4 74 0.23981560223692155
4 76 -0.39539144766687273
4 77 -0.4882718932718404
4 79 -0.8996679799092264
4 85 0.2828043375347733
4 93 -0.6997205965401267
4 97 -0.3694489091690838
4 112 -0.256964746884937
4 117 -0.8263042875638784
4 119 -0.3426462069852896
4 120 0.6860883015688104
5 7 -0.1270246613995485
5 8 -0.9785552201802667
5 9 -0.32443466234626217
5 12 -0.7136638888139848
5 15 -0.8203385524232492
5 18 0.6097815781148175
5 19 0.028478596299040593
5 22 -0.41204705535642594
5 28 -0.008401647726153705
5 33 0.3882785668150388
5 38 0.7474329658954453
5 42 -0.2204764413202227
5 44 0.7650174269874783
5 48 -0.5507971776378531
5 55 -0.5747645394917957
5 61 -0.4027717768495198
5 62 0.4925393041211734
5 68 -0.7780379206267976
5 70 -0.11153491278992345
5 73 -0.32913681903888037
5 74 0.008058518397520587
5 79 0.6576170592130313
5 87 0.404779115744778
5 90 0.6870624797015354
5 93 0.6960512732474395
5 100 -0.3312019954081331
5 101 0.9627625150579957
5 106 -0.8353969191067341
5 108 -0.3408057572276737
5 109 -0.8630032770074849
5 111 -0.27228995128427447
5 113 0.6948350030912704
5 114 0.39041849459480216
5 116 0.36519348778300564
5 118 -0.6162199800005328
5 121 0.9834251668463776
6 8 -0.6128750300452537
6 18 0.375780105249488
6 19 -0.6178361942060897
6 22 -0.3269198752407809
6 26 -0.8978306627376269
6 38 0.19130549811416975
6 47 -0.8239809876765305
6 51 -0.42882006843143916
6 52 0.6307043763193179
6 55 -0.6603780213100421
6 56 -0.2959892222817877
6 58 0.6444365726631625
6 62 -0.9219191646638933
6 68 -0.09475945902681482
6 76 -0.07425217086487912
6 81 -0.3086602391620259
6 82 0.9155289576692349
6 88 -0.3610467425162076
6 89 -0.17424852661130097
6 92 -0.0848606150989284
6 98 -0.10796756564180088
6 103 0.16022368732668824
6 105 0.09390920835152894
6 107 0.529970173068822
6 115 0.8554746262086088
6 121 0.3318314039736694
6 123 0.5901524683377191
6 124 0.2575490089927186
7 8 -0.37255566194546197
7 11 0.4490810860515566
7 13 -0.8004767750315172
7 15 -0.684985391285668
7 17 -0.6509145192716825
7 22 0.619984393646053
7 26 0.8667685291796767
7 30 -0.504201014062325
7 32 -0.5813983324058378
7 42 -0.6661701125984161
7 45 0.5682921772788374
7 46 0.15707020710398
7 47 0.3047879025179605
7 50 -0.5529028239234433
7 52 0.44302770597364227
7 62 0.16298488782522824
7 64 -0.1421216116261279
7 65 -0.7020587614246532
7 66 -0.8254625600237417
7 68 0.12137136496700873
7 73 -0.9750877823597872
7 74 0.36571867686323056
7 77 0.9292781093243163
7 79 -0.929323394945532
7 82 -0.8395469637964623
7 86 -0.3866753357754742
7 95 0.29991304411458386
7 97 -0.018462502168987927
7 100 0.016439030339693073
7 102 0.076223407178035
7 105 -0.5517328145872398
7 106 0.9225061012214899
7 107 -0.6197249536965468
7 110 -0.06245104595659612
7 112 -0.03791787089095422
7 115 -0.1866148934770233
7 117 -0.10652222133825462
8 11 0.13024039263970422
8 13 -0.731251045023408
8 15 0.8524601918219039
8 16 0.749203013208148
8 17 -0.5559101290869406
8 21 0.6592585192449001
8 24 -0.24046226656537706
8 27 0.5929393428576486
8 36 -0.69008811639848
8 37 0.4369801245520317
8 42 -0.6279149882721669
8 48 0.18596949355258707
8 52 0.7352102660905748
8 55 0.8350506968214124
8 57 -0.3395752694685983
8 58 -0.6091862825625038
8 75 -0.5105889156790442
8 81 -0.7642352603758908
8 83 -0.9650212296462437
8 89 0.5535472095581764
8 97 -0.5611461049402298
8 100 0.5646143029761197
8 101 -0.34146967427411257
8 102 0.4018736567766854
8 103 0.4077826553008421
8 105 -0.5659145940909638
8 110 0.22809891218107015
8 111 -0.2950967530517492
8 115 0.4233545325042545
8 116 0.6065944902533658
8 117 -0.438784320301036
8 124 -0.16130572942999621
9 11 -0.34215987887640753
9 14 0.2832480333661762
9 15 -0.2761751498175211
9 18 0.8630219998487916
9 19 -0.9434780086944468
9 21 -0.6648932068991411
9 26 0.2580301978926236
9 27 -0.7882862316014068
9 29 0.2888742285861774
9 33 -0.32370929206191246
9 36 -0.3873369665541364
9 37 -0.20563957341611827
9 45 -0.10903257863751281
9 46 0.49830295648466083
9 48 0.6949715323589527
9 56 -0.7930338608594503
9 58 -0.06515277062419389
9 59 0.9809184093745258
9 63 -0.8016121535536096
9 70 -0.032007841114258584
9 74 0.07747101077839491
9 77 -0.12708466597361334
9 78 -0.7553301771444103
9 81 -0.32010521044396634
9 84 -0.08779112297751657
9 85 0.5009832176052691
9 87 -0.7305369992556907
9 94 -0.7697311439445409
9 106 -0.6887174408823882
9 107 -0.11596113907922412
9 108 0.7425451846270805
9 110 0.6858327668704807
9 115 0.8635385369092068
9 117 0.4366434499140037
9 118 -0.013943594355898314
9 121 0.1497550410748243
9 123 0.27629279806119733
10 11 -0.6231428487434572
10 12 -0.9249361120829105
10 13 -0.1597861198541417
10 14 0.17724223078014356
10 17 -0.5911077597498475
10 30 0.47389682269016453
10 31 0.15847549708321784
10 32 -0.9705719444398235
10 37 -0.5882979376443807
10 39 -0.1520437961443708
10 42 0.10214382146174583
10 44 0.3363145421752165
10 47 0.03090344578103532
10 51 0.7532062597457674
10 52 -0.5874186931114878
10 55 0.3035753708168314
10 56 0.4359213426855413
10 57 0.9197417867831121
10 60 -0.7635185216384801
10 64 0.7905453373412348
10 66 -0.2237038415566528
10 69 0.5320772904765614
10 71 0.23849239299803404
10 74 -0.48954667173936794
10 76 -0.46973335704656094
10 81 0.38688179583781657
10 83 0.23973204225944333
10 85 -0.051293566136064284
10 86 0.6892147079376891
10 87 -0.08848089348714083
10 94 -0.31166560550544764
10 95 -0.8185857945676673
10 96 0.6788725277362564
10 97 -0.9137637124435114
10 98 0.8256256175940888
10 101 -0.9598140429065936
10 116 0.9807636816832859
10 118 0.03466332782003434
10 119 0.7592848963951722
10 120 0.4870767548832666
11 17 0.5347243707593412
11 19 -0.8497116886137697
11 33 -0.7337558628217393
11 37 0.16170298443998798
11 44 -0.4644433376443229
11 46 -0.8322249330837357
11 49 0.4948213127355925
11 52 -0.006725880720784394
11 54 -0.8676560757746503
11 56 -0.5444486882187016
11 60 -0.3657329883882492
11 62 0.9712282304742859
11 72 0.29802217116824026
11 73 0.11549731412335262
11 75 -0.38443643266561134
11 76 -0.803601292023395
11 77 -0.4877927462652518
11 79 -0.5430817883751462
11 82 0.7606921988537587
11 84 0.7232035813527822
11 85 0.9087245959130457
11 86 -0.714742338337232
11 92 0.7396684458981093
11 94 0.12400794447028018
11 97 -0.8510391326697981
11 99 -0.17285456023312173
11 101 0.24161286933632464
11 105 0.09038000648489608
11 106 -0.890060479451894
11 112 -0.6478591376031153
11 115 0.6928594827112089
11 122 0.06431649550388396
11 123 0.2398577780603941
12 20 0.2166366368844983
12 25 -0.8955997725116658
12 26 0.3173636215427451
12 28 0.192208744433922
12 29 -0.572449860135589
12 30 0.22987083499145244
12 33 0.5049227730632688
12 59 -0.12117628034510464
12 61 -0.28350378505291984
12 62 -0.15295077555539782
12 69 -0.17046754617553983
12 72 -0.06674914502172058
12 73 0.7748271045280315
12 77 0.6442588822142026
12 80 -0.8925085116310663
12 85 -0.43645212457777416
12 86 -0.8910476575730335
12 89 0.9204060746076839
12 90 -0.1873710165540594
12 93 -0.3697113519355284
12 96 0.295249988832186
12 98 0.20676520001746224
12 99 0.0469689300520586
12 106 0.8675502009144562
12 112 -0.49286632983093726
12 118 -0.06752435028591108
12 122 0.6242885413361565
13 14 -0.4807582260042427
13 15 0.3274637131064282
13 17 0.781454503188205
13 18 -0.5086022734211184
13 22 -0.7995436910377032
13 24 -0.8872549444886928
13 25 -0.6296612843285461
13 27 0.019787142612698094
13 28 0.01652439891858526
13 34 0.908885461364491
13 37 0.5974960047722149
13 38 0.3379044843193024
13 40 0.047558184914062274
13 42 -0.31864181801375513
13 43 -0.22482260666518306
13 44 -0.785403707407978
13 45 -0.30521462099522934
13 49 0.6133556331841945
13 51 0.569305504903336
13 52 -0.7298341652087927
13 53 -0.011808773198050737
13 54 -0.1620350192477611
13 57 0.8177584257750712
13 60 0.2571810856484884
13 61 -0.5200448610468933
13 72 0.7977840944639105
13 76 -0.5110773317178743
13 77 -0.9704348022886615
13 79 0.6455994384009216
13 85 0.088350339201128
13 86 0.4953254892848926
13 91 0.6088772703124308
13 94 0.6591576306111291
13 97 0.7183530932775117
13 99 -0.9717019059803111
13 100 0.8677514579181564
13 105 0.5758675480247812
13 112 0.16912477589742392
13 118 -0.18004894936495064
13 119 0.48351293796307937
13 123 0.05891630233947409
14 20 0.17061841187269122
14 23 -0.16927165716601777
14 26 0.42642087734127654
14 28 -0.7941668156004635
14 40 -0.4373153391917326
14 42 -0.5746618008137259
14 47 -0.05371067199282775
14 50 -0.6192438559983557
14 52 -0.3005168899254431
14 56 -0.09169643806723848
14 61 0.9335010282929634
14 74 0.6148894065685497
14 78 -0.19847681253415206
14 80 -0.3827768256651518
14 81 0.5875352029037819
14 86 -0.5998994564672424
14 89 -0.6890255551193132
14 100 -0.8088642225511791
14 103 0.5561320447660256
14 114 -0.7481165382915564
14 115 0.6165103807996046
14 119 0.6433240904867523
14 120 -0.13716599809606955
14 122 0.6552786916886533
15 17 0.8793899985783069
15 21 -0.8448171506862936
15 22 0.6534729726349751
15 37 -0.5415019137215238
15 46 -0.1572238158161643
15 48 0.4551812557219179
15 51 -0.0025153813491385346
15 52 0.9649185372102562
15 55 0.8714827907336644
15 57 0.7655436723308189
15 59 0.04312979873566558
15 68 -0.40323907828873296
15 75 0.05201179410642087
15 76 -0.1807371965807263
15 81 0.7766072849207002
15 83 0.14410979999982532
15 87 0.610893518885308
15 90 -0.5841757243585504
15 109 0.3519010213810225
15 115 0.4650900697303406
15 119 -0.3951080887124989
15 120 -0.5048888976855326
15 122 0.07678394754343087
15 124 0.15107025559835652
16 20 -0.36955288480773674
16 26 -0.7449432212012761
16 27 -0.2292508955783803
16 31 0.11410353572032061
16 32 0.802125288587336
16 33 -0.8852741643364814
16 37 -0.36359239661027587
16 39 -0.6526870389852315
16 41 0.1590751722003212
16 42 -0.38802263034107054
16 49 0.37859111310405
16 56 0.02619942532083397
16 58 0.8634438958308353
16 60 -0.21591770557145828
16 62 0.3408644435889385
16 63 0.8729708975914874
16 68 -0.36728364489415855
16 71 -0.7541980648231805
16 79 0.9743828451209282
16 82 0.5498951278031754
16 88 0.5627087254230403
16 93 -0.6525252626688403
16 96 0.4022614865214389
16 103 0.613612414807557
16 104 0.15893224985297638
16 105 -0.5133922983343273
16 106 -0.0023326087535620044
16 107 0.9357723538334692
16 110 0.1452267550559838
16 113 0.7343202538669777
16 121 -0.43650203429277035
16 123 0.184899008083238
16 124 0.06486976971535174
17 18 0.2656289618280412
17 39 -0.3906689855079075
17 40 -0.3916307747862682
17 42 0.8349389077673726
17 48 -0.8156142191611107
17 49 -0.48254897621690573
17 51 -0.8899706567074688
17 53 0.8355214970542115
17 57 -0.646285946509638
17 63 0.42009122054305714
17 67 0.050454902849789596
17 73 -0.4633170495372232
17 76 0.7390366009087934
17 77 0.2891059497492914
17 78 -0.13080779358607697
17 81 0.4047006372571784
17 88 0.9716852837303556
17 90 -0.09248760350028462
17 91 -0.5132303430438401
17 92 0.8734398697011436
17 95 0.4228908548455461
17 98 -0.9265423321730599
17 103 0.3516210273854261
17 107 0.15237801774880189
17 109 0.6187199919790862
17 118 0.9215429998634672
17 119 0.41907328078840567
17 120 -0.5825512746835966
17 122 -0.3965478722847515
17 124 -0.9245805817735868
18 23 -0.9105593789410857
18 30 0.5353949593327383
18 33 -0.44147090671311173
18 34 0.8408906263649645
18 35 -0.36682327653713553
18 39 -0.562504788355175
18 40 0.7933767476697047
18 42 0.6402426122376927
18 45 -0.12088544139095792
18 49 0.7093058657160278
18 52 0.3497539408659762
18 54 0.35360989677908106
18 55 -0.6815981944468918
18 57 0.4999795651554537
18 60 -0.1819549125083848
18 70 0.013534930850133797
18 76 0.5506212240048809
18 80 0.5391136894398085
18 84 -0.9941850824483274
18 86 0.013018758455970225
18 87 0.07454961800800786
18 89 -0.3637027420051233
18 90 -0.6594225262883529
18 91 -0.906964135260991
18 95 0.7656615711744685
18 97 0.15462773754829007
18 98 -0.008139819460831754
18 100 0.937644412629896
18 107 0.8981573450731322
18 113 -0.9994786031651417
18 114 -0.11602202657256999
18 118 0.18121582384001833
18 121 -0.21853789538756385
19 23 -0.9787772864285578
19 24 0.5328069347509179
19 32 0.9903854610059735
19 38 -0.23382666007897845
19 47 -0.2099467890446418
19 49 0.8360935869778323
19 50 0.48457405627968475
19 52 0.8920279617486637
19 55 0.6748321144509615
19 56 0.0203963482621925
19 58 0.7382197888064039
19 60 -0.013775658866766793
19 61 0.16022480082395973
19 64 0.09767041769466656
19 67 0.08147151861327528
19 73 0.39623571941073665
19 78 0.19031829260249267
19 82 -0.7501652214530796
19 86 -0.9420150845932296
19 90 0.9625084267336967
19 94 -0.9534540091097383
19 96 0.9729124259894852
19 101 0.03784849750626429
19 102 -0.5378352642784652
19 111 0.8668431527979856
19 112 -0.3096023764231124
20 32 -0.6948276719938182
20 36 0.22586394703650692
20 37 0.8505722795170929
20 39 0.9272613948380988
20 41 0.3377306957129462
20 43 -0.8603901477015279
20 51 0.3094119159899782
20 53 -0.9012838366094389
20 56 0.041194879941218954
20 58 0.9969398843069484
20 60 -0.8352530178570312
20 65 0.48649430234046376
20 68 0.22441944565753702
20 69 0.615059736261846
20 70 0.511959469091757
20 71 0.9770189706587289
20 74 -0.041562655906862034
20 83 0.07871573806197274
20 89 0.8988100393509277
20 93 0.7963359271817139
20 94 -0.6725847934372
20 95 -0.9553229380974
20 97 0.9304031532652348
20 98 0.2934570528664142
20 101 0.1479114628671272
20 103 0.9659732333288167
20 110 -0.8835188325429715
20 112 0.13806629068243148
20 120 0.0009576277352492113
20 122 0.2713029621806926
20 124 0.16213541031919942
21 22 0.5404621137488983
21 24 -0.59014268102489
21 32 0.8842943513280759
21 35 -0.5329099713425618
21 38 -0.8907617222000226
21 39 0.1941157258051862
21 46 0.0661107626298092
21 47 -0.768215922693321
21 48 -0.831224518663074
21 51 -0.5941354757865478
21 53 -0.8509731339207869
21 54 0.5918933858474746
21 57 0.5236343474766243
21 59 0.2078572946284487
21 61 -0.19430451125066095
21 63 0.9343534351932317
21 64 0.6981282064847418
21 71 0.05461368144638579
21 76 0.4509846739737555
21 84 -0.1358159768465912
21 85 -0.8228121862209838
21 87 -0.469088879293156
21 93 0.7057213760882224
21 94 0.3224328210679106
21 96 0.6197627474963305
21 97 0.9458554611491425
21 100 -0.9699736273393009
21 102 0.8817323709203506
21 103 0.516171299974481
21 107 0.8647373305380055
21 115 -0.5535953649007335
21 116 -0.6048742874703523
21 118 -0.6457035673474616
21 119 0.4279046343714761
21 120 0.1497058192990841
21 122 -0.23289938606325955
21 123 -0.8846082940783071
21 124 0.6759355923045969
22 23 -0.4892366557860479
22 27 0.10579627848391171
22 34 -0.9254609505068965
22 35 0.8752973717460046
22 38 -0.8891460183838684
22 39 -0.4955414300888328
22 41 0.47220853689145814
22 45 -0.21424182091946475
22 52 0.003765767229474193
22 54 0.6767211963206445
22 56 0.5866097523957166
22 58 -0.7983964838919237
22 59 0.489582017399387
22 61 0.6135607323717007
22 64 0.8773447738633402
22 65 -0.7919608705857801
22 66 -0.2611056243527283
22 67 0.6534564065415973
22 72 0.6578806511854602
22 73 -0.8157281918680339
22 75 -0.22193727496925897
22 76 -0.6530055379784905
22 77 0.03951210486428014
22 78 -0.3686846518389151
22 85 0.6157419518412719
22 91 -0.8528993855216849
22 92 -0.06703811716247476
22 93 0.757906568204781
22 106 -0.19317911170583635
22 109 0.05861566725091816
22 110 0.8959907419826354
22 112 -0.6310311849652557
22 116 0.8477647319715527
22 121 0.9538246270530404
22 124 -0.5925723994917449
23 37 -0.6406136578012858
23 40 0.11837034184965689
23 44 -0.2682248312674902
23 46 0.7021512814055872
23 51 -0.8825329788763125
23 55 0.7646730813151155
23 56 -0.03781862652044743
23 61 0.140157337315034
23 62 -0.22630718186334597
23 63 0.7820095997226575
23 67 0.28796964214356136
23 68 -0.19216413282149492
23 69 0.41476985767509755
23 73 -0.040805007064015575
23 76 -0.1478542182888507
23 83 0.7039939385153227
23 84 0.7134193455979878
23 87 0.9535433401904454
23 88 0.8725519255621976
23 89 0.8272615561955547
23 91 -0.6208929500547802
23 94 -0.8970665992638014
23 102 0.08230193356678006
23 103 0.6587846387000589
23 104 -0.32892912739667723
23 108 0.7281809431893056
23 110 -0.03421330955755186
23 111 -0.34685591976949093
23 112 0.8480679297208542
23 114 -0.7536443688242076
23 115 0.57459430025196
23 117 0.9546620033160012
23 124 0.02045154645746816
24 26 -0.9891586544102973
24 27 -0.8556798912629864
24 28 -0.2135299267316162
24 31 0.3219443473485668
24 33 0.5274658826944758
24 34 0.10857179081949786
24 37 -0.4858517389604293
24 38 -0.5272925184078203
24 40 0.42101951021314754
24 43 0.318923815370713
24 45 -0.8881100270812787
24 50 -0.4391901771085367
24 55 0.5563576035121778
24 66 -0.4485553723000557
24 70 -0.7143769935487121
24 73 0.8351658656423098
24 74 0.6957718329403344
24 75 -0.04578556368237563
24 77 0.8807798533840003
24 80 0.8872793542860531
24 84 0.5791801935135796
24 85 -0.9265112133009024
24 88 0.49275507001166763
24 90 -0.4377323938821387
24 91 0.765998157516196
24 93 -0.8867441221218426
24 94 0.29908442444078154
24 100 -0.9711940259107978
24 101 0.2575654046318996
24 109 -0.22920066882814205
24 110 0.994576755639879
24 115 0.10414002047345328
24 116 -0.0042413096044100485
24 119 -0.73766966078
25 29 -0.027006662603209497
25 31 0.7846560964202471
25 35 -0.9264322854181388
25 44 -0.02803175892974652
25 49 0.24257475009512985
25 50 0.8024262242313915
25 51 0.5664720308243343
25 52 -0.8274980865582604
25 55 0.6432900629853606
25 56 0.20434676406726426
25 57 0.9608176176358361
25 58 0.8661000284993134
25 63 0.1817506085437115
25 65 0.26897418073496193
25 66 0.6575474692549146
25 68 0.32736857379518014
25 75 -0.18282695738454469
25 83 -0.6560790954790143
25 85 0.751235252349016
25 86 -0.18157670932172398
25 87 0.8742049071856128
25 90 0.935252525707934
25 94 -0.7564128581240466
25 113 -0.5456477319163244
25 114 -0.5497718352445589
25 115 0.6071724492561603
25 119 -0.33167874043971857
25 123 0.15476915594854157
26 27 0.6097802855483447
26 28 0.23512471732236828
26 31 0.12874484504431116
26 36 -0.39395298993682615
26 37 0.8431599695168188
26 38 0.5778345568474899
26 39 0.22172138302755506
26 40 -0.9229784336567763
26 44 0.06007465520131894
26 53 0.6872515941005295
26 54 0.9215164730518524
26 60 0.7270223408808165
26 65 0.548683897625095
26 67 0.313631707530164
26 74 0.8854383035747211
26 77 0.14537326020319807
26 78 0.18921840556003033
26 82 0.17203715351807602
26 84 0.919310397974457
26 89 -0.1001286139394677
26 93 0.42796960592748423
26 97 0.24796924421433975
26 99 -0.5542307497596672
26 104 -0.002407128985278728
26 105 -0.24778522513651335
26 106 0.12491910615291602
26 108 0.9227784714892815
26 110 -0.23647270475674453
26 112 -0.9335695379001432
26 114 -0.8033229210700712
26 115 -0.294608386983525
26 121 0.9246841607540488
26 123 -0.7320768326993738
26 124 -0.38282431437329767
27 34 0.6533489076980856
27 36 -0.03977341130851575
27 46 0.8209594367980737
27 47 0.9324118540212052
27 52 0.3820594615280508
27 54 0.7482284238439647
27 55 0.3275778980803665
27 63 0.5851018899271976
27 64 0.7359280052450299
27 65 -0.7912085385916598
27 73 -0.07208129137071184
27 75 -0.5483149043111826
27 79 0.29545119517001295
27 82 0.8869543725738489
27 87 -0.8616834880430242
27 88 -0.982672918556639
27 92 0.8246041455100865
27 93 0.10625870379026958
27 100 -0.46605740985582367
27 101 -0.4679526961094791
27 105 -0.6704988859705359
27 107 -0.49575167459168457
27 110 -0.9738131528052338
27 113 -0.5120673307112569
27 119 -0.7889786536688272
27 121 0.23726716016324012
27 123 0.2769690010889623
28 32 0.5803598090351245
28 33 -0.9956111133467922
28 34 0.9187110403578367
28 36 0.3988177300942115
28 38 -0.02041901217583031
28 40 -0.6960106425129793
28 41 0.5637380688303324
28 46 -0.8118096202362637
28 48 0.8013267179141164
28 50 -0.6437780026041873
28 55 -0.08094344430598599
28 59 0.27265675335662887
28 60 0.6408426912764678
28 61 0.7036546398493435
28 62 -0.2868496086216621
28 63 0.4833292241444407
28 67 -0.7882267862649008
28 71 0.05081895549787041
28 77 -0.6849647734960695
28 78 -0.0022853534094964267
28 82 0.8910260552886717
28 85 0.6165844278885773
28 88 -0.5415861253931649
28 89 -0.9569185165418221
28 91 -0.8342402234171715
28 92 0.8929874541517797
28 95 -0.055446663499401305
28 96 0.6682210413121998
28 98 -0.025628110882247146
28 99 -0.7142592147553339
28 103 -0.6409018315373427
28 116 0.6565877028553329
28 120 0.8059673586597869
28 122 -0.870796984881633
28 123 0.09166209581947182
29 32 0.7397476115936645
29 34 -0.895106887470932
29 38 0.20084201377114352
29 47 -0.9269366238663463
29 50 -0.2062025756086261
29 61 -0.19297332905738807
29 66 0.18181380436771688
29 69 0.5719573134240219
29 70 -0.8379856190880905
29 71 -0.6312287063051572
29 74 0.956644677249594
29 77 0.059584422618490285
29 80 0.8077846038405543
29 86 -0.3460433362385391
29 89 -0.29526687626730896
29 90 0.5936139356763415
29 91 -0.6417690903483981
29 98 -0.37991943604383405
29 99 0.15707718479206267
29 104 -0.3392439089653245
29 106 0.08239665955287356
29 108 0.14496264702059714
29 110 0.39054525493200254
29 113 -0.310463032872182
29 116 -0.01053512298380932
29 121 0.6589075037462819
29 122 0.8349642022750485
30 32 -0.1531736588103627
30 39 -0.4892562693878466
30 47 0.2852801272047609
30 48 -0.7156095911395046
30 52 0.1676724368840854
30 56 -0.13264770309303842
30 61 -0.6496075815181797
30 62 0.15186245542714483
30 63 0.5263953320425678
30 64 -0.9169280553549986
30 66 0.39235135138019883
30 70 -0.23379356686900632
30 71 -0.8327286913182868
30 76 -0.497345350499127
30 86 -0.45027690257531217
30 88 -0.1719249160661218
30 91 0.4520087566661968
30 92 -0.8922764996081831
30 93 0.011129374588605412
30 94 -0.14437121779414008
30 95 0.6563710986459901
30 96 0.6896237997917576
30 98 0.8303792861423076
30 99 -0.49329627574256163
30 100 0.643202578590939
30 102 -0.0971576935830405
30 103 0.053178659176788434
30 111 -0.7781512605574767
30 112 -0.8712067333105553
30 119 0.0873714146914577
30 120 -0.7263803303302114
30 122 -0.5757678700094924
30 123 0.8302470171027738
31 32 0.37669621397282316
31 34 0.8284799229591004
31 35 -0.6927759476170914
31 38 -0.15852367612349738
31 41 0.055934361238308083
31 43 0.4881100557616944
31 46 -0.5385305046990008
31 54 0.3169380000340989
31 65 -0.7521843954291323
31 73 0.7805904550011933
31 77 0.4383365816798519
31 78 -0.27802638815662806
31 83 0.9023893322270982
31 89 -0.7197992839401346
31 90 -0.4858882801959781
31 93 -0.06287039744031886
31 98 0.2684921897249932
31 103 -0.23550812136375487
31 104 -0.3446152425781108
31 106 0.2851981730845341
31 114 -0.47486843114055044
31 115 0.13734789475037146
31 118 -0.3975148756116167
31 120 0.08078356937625975
31 122 -0.1679218119249406
32 33 -0.05735337342250846
32 36 0.751512119528329
32 37 0.440778123596959
32 39 0.9134112446997804
32 40 -0.994561070767968
32 43 -0.655069399104371
32 46 -0.8181627304403725
32 50 -0.9750260217165525
32 54 0.039886158174221364
32 56 -0.15038627730936183
32 60 -0.3575600757104045
32 63 0.022444189597668585
32 64 0.009636464987271998
32 66 0.9952903465809269
32 67 0.5124401934995826
32 70 0.5396863330382211
32 71 0.24813699119222976
32 72 0.8364628535255494
32 74 -0.12657817810221217
32 76 0.4938970329641046
32 87 0.29520005989997955
32 89 0.9529172978724045
32 93 0.5711469662349271
32 96 0.7676235186012272
32 99 -0.2104872599153318
32 105 -0.18506516751646584
32 106 -0.9418146623433381
32 113 0.8045850409864814
32 114 -0.2883294102833074
32 115 -0.8999198651293274
32 116 0.8984665206219615
32 118 -0.7056538536240475
32 120 -0.35905107202090525
32 123 -0.9233179861838743
33 42 0.2725495193384755
33 48 -0.2695820490679832
33 53 -0.49139142423761406
33 54 -0.19184202322198018
33 62 -0.27212815991213724
33 68 0.9028433522760957
33 69 0.23782657213803104
33 70 -0.8065138198166686
33 73 0.34039043666619806
33 76 -0.9431702232466419
33 79 -0.004614426627661539
33 85 -0.5723551548840253
33 86 -0.32561790731117357
33 87 -0.04752003415007344
33 88 0.0007354646805328713
33 90 -0.431877910994537
33 91 -0.8680510581886665
33 96 -0.6123604465856867
33 97 0.35516181241468825
33 99 -0.7970371262057452
33 104 -0.28152316475428507
33 106 0.9245205285151978
33 109 0.23284478879181725
33 111 -0.06801555770862344
33 115 0.8204695233399963
33 119 -0.2396135367604595
33 121 0.48057195697331245
33 122 -0.8697267509783781
34 36 -0.6306077721043566
34 39 -0.3248714880983328
34 42 0.637748303143215
34 43 -0.851234903829623
34 45 -0.8720734243491441
34 46 -0.2577364101604651
34 48 0.2629171974261242
34 49 -0.7704254640530044
34 53 0.6712150017864804
34 58 0.3708043421164804
34 59 -0.7489507570906364
34 60 -0.8931590331605992
34 62 -0.79793550683305
34 69 0.21926318229167818
34 72 0.6033376426993191
34 77 -0.6532051494404938
34 78 0.9929669601446225
34 82 0.24125420035261902
34 83 0.9327093623428513
34 96 -0.7139806704734732
34 97 0.6091157189597207
34 99 0.27205302396815845
34 100 -0.763487837643023
34 103 -0.08906624996956669
34 106 0.22672611472594006
34 114 0.7983726596984508
34 116 0.328018730601658
34 121 0.4299045623611246
34 123 -0.054132312351016676
34 124 -0.41676075278011226
35 38 0.9301335752793283
35 40 -0.26694374954023137
35 48 0.9224879821047614
35 50 -0.5704472396993359
35 51 0.1736989140483236
35 56 -0.9366032607955241
35 61 -0.7913369016075646
35 62 -0.2799582550800308
35 72 0.3505860895516648
35 87 -0.28396676702617607
35 89 -0.5753068853573549
35 91 -0.05776167952831446
35 94 -0.6255471168760796
35 95 -0.6215284684528883
35 98 -0.5579023075504084
35 104 0.7226611277397166
35 113 0.1874556549168167
35 115 0.03296589014756757
35 116 -0.9204807169096665
35 118 -0.42666342663932566
35 120 0.012331194420626357
36 39 0.16822329515658496
36 44 0.7757643035428232
36 45 0.941845599077419
36 51 0.5744229838698232
36 52 -0.5862695157112403
36 55 0.5290787345591061
36 65 0.05778952608743326
36 69 0.18706453627432684
36 71 -0.5123552761694252
36 73 -0.5941905149853088
36 75 -0.9367985217885286
36 77 -0.976975481087494
36 78 0.12671723893854425
36 81 -0.3900006709834254
36 82 0.1166234115484095
36 83 -0.04395527981047831
36 85 0.21077248689825656
36 89 0.056167644742783684
36 93 0.26135200904712175
36 99 0.7113913542723291
36 101 0.8590945636061014
36 111 0.7586337946353592
36 113 -0.5377475573026111
36 119 -0.16201388414379192
37 41 0.0975378354609826
37 46 0.020723514385579955
37 49 0.44784515100827815
37 59 0.99527230413369
37 61 0.1717619129929937
37 70 -0.9307613746415626
37 72 0.13371745187035877
37 74 0.34775871426537597
37 77 0.4961076030415952
37 80 0.9840926902852194
37 83 -0.26395039035615175
37 84 -0.015457181825616395
37 92 -0.8757759953315825
37 94 -0.29632367771304136
37 95 0.6823817890822932
37 99 0.25386786997198185
37 103 0.0489651569490801
37 105 0.014890058873850531
37 106 0.0672489835741763
37 114 -0.6543287917935925
37 120 -0.3643657967041729
37 124 -0.8476069297357263
38 41 0.07658267371319316
38 42 0.4447704778354231
38 47 -0.6810699265625644
38 51 -0.510329312687616
38 52 0.46349360313341736
38 57 0.8173900789288253
38 60 -0.37276147054945397
38 62 -0.5765152345124824
38 63 -0.23174718730233845
38 65 -0.3153255393760843
38 66 -0.5232421602477371
38 67 -0.0544114303575991
38 69 -0.1777449249110199
38 73 -0.3920667192587548
38 75 -0.6662711903103791
38 77 0.9204829492109718
38 78 -0.7112836617330334
38 88 0.6213646466849514
38 93 -0.8805583262776597
38 94 -0.0408105011816855
38 96 0.4513075330967713
38 98 0.19510503956673908
38 100 0.5880691345286966
38 106 0.6831962129009261
38 112 -0.06968641469297787
38 115 0.09808265397379112
38 119 -0.9290452814199921
38 122 -0.8765082545218887
39 41 0.8848391748686681
39 48 0.696886010943681
39 50 -0.8604639185302434
39 51 -0.6315762811239793
39 52 0.8026786275673445
39 53 -0.722815019409941
39 55 0.2451613206299068
39 56 -0.9089836679684322
39 57 -0.4308037125606403
39 65 0.6753528128007531
39 71 -0.7158687430553532
39 73 0.25599618232660104
39 74 -0.9451204688331205
39 76 -0.9629865319940096
39 78 -0.4449229611029346
39 81 0.5273360215959881
39 83 0.35872554134094403
39 94 -0.6853860067425923
39 96 -0.5655051269977298
39 98 0.28339398675777505
39 101 0.6792195321582586
39 109 -0.03221522499311913
39 113 -0.13054325317725302
39 115 -0.6466424112357507
39 116 -0.9912912276196197
39 119 0.05391257345676248
39 120 0.3661323688838516
40 44 0.9084338476358191
40 45 -0.24668450931232067
40 48 0.6553558079235309
40 50 0.23211512950104685
40 51 0.8977026508545436
40 55 -0.7522658110357698
40 56 -0.3901642005169812
40 59 -0.31316524881607544
40 60 0.7588655132184454
40 61 0.4185260681441134
40 62 -0.44679005608040523
40 65 -0.573769269442183
40 74 -0.40095942877457147
40 79 -0.9702965353486968
40 81 -0.480620404294841
40 83 0.17966955923535477
40 86 -0.07820681883422687
40 89 0.6552246801147441
40 93 -0.04935860520060187
40 94 -0.38154721009917036
40 95 -0.8982576563698028
40 96 0.5194797587302191
40 97 -0.7596282281510232
40 103 0.29985614982800746
40 105 -0.2360787136280742
40 108 -0.03663952338397247
40 111 0.38208526717721036
40 113 0.24306990702393216
40 114 0.2069302319425126
40 115 0.8098428819934878
40 116 -0.8131874149951783
40 120 -0.9148896042467156
40 121 -0.9389531470429291
40 122 -0.3295370876412387
41 48 -0.5095771757195489
41 50 -0.09701576893570452
41 52 0.6718894608392469
41 54 -0.7222676426593257
41 59 -0.696885710518137
41 64 0.7837214298153816
41 65 0.5482161362870037
41 66 0.9224536929916543
41 69 0.9478547202574366
41 74 -0.846392885158912
41 78 0.9857655314074729
41 82 -0.6932756528707158
41 84 0.8586161570741782
41 87 -0.10285572713638724
41 90 -0.989269488346842
41 93 -0.21351845514032797
41 97 0.7238430444166448
41 98 0.3284619040251582
41 99 -0.5413142210977819
41 103 -0.015610202040893029
41 105 -0.7344601228337195
41 110 0.7170467319316665
41 118 0.5841520491474472
41 122 -0.5676808510766573
42 43 0.5407802322518629
42 44 -0.11994150220098021
42 45 0.682570460645453
42 47 -0.9742976357255859
42 49 -0.8633903743343514
42 52 -0.40070248838497013
42 58 0.12578610070917007
42 61 -0.19410641968067055
42 65 0.22617229553555673
42 71 -0.6013544106382611
42 72 0.3042527406442541
42 73 0.8609277076954833
42 75 -0.7621345597498561
42 78 -0.20228660062766735
42 81 0.36991564355457474
42 84 -0.18403595086325453
42 86 0.23131116441179378
42 87 0.7593455423700539
42 96 -0.8150487103691351
42 103 -0.11281074261538326
42 104 0.21814455659867393
42 105 0.6035409669224394
42 106 -0.26612360783575184
42 107 0.018515996666416346
42 108 -0.8214974374493194
42 109 0.7823051487052779
42 113 0.1274888780978194
42 114 -0.8751713115291293
42 119 -0.0754000890895179
42 120 -0.8973235881118318
42 121 -0.8313851862738175
42 122 -0.04246726870845752
43 48 0.19906845610883495
43 52 0.99272960499681
43 61 -0.42328610980264814
43 62 -0.44732587607343
43 65 0.6305131842891227
43 69 -0.3362761227020843
43 70 0.079768202805506
43 75 0.16270590097751314
43 76 -0.4143840062621138
43 79 -0.32714802553387123
43 85 -0.40733684728543373
43 90 -0.43470403585043194
43 95 0.401556920379635
43 98 -0.25087578502882124
43 101 -0.836143528391815
43 109 0.6056824054563652
43 111 0.6076839824771298
43 113 -0.22849556717935848
43 114 0.6875902892576611
43 118 0.6118706800737814
44 48 -0.8208014145866331
44 53 -0.8065826653608834
44 54 0.5659686521359837
44 65 0.5131505580666778
44 66 0.8322001008580779
44 68 0.3332709000638976
44 76 0.9842732037828592
44 83 -0.2344422253887779
44 89 0.6776978507582527
44 90 0.5297022866167593
44 94 0.837341031456228
44 97 -0.7268335229721956
44 100 -0.38001452622789245
44 105 -0.3927717678240743
44 109 0.22260562706428777
44 111 -0.32326425054458197
44 114 -0.8810607608924867
44 119 0.7852488342609569
44 123 -0.5000291273289099
45 46 0.8299226547479905
45 48 0.3149512721250276
45 49 0.44317488014506434
45 50 -0.01843682273449998
45 52 0.9588514878186991
45 53 -0.15022341703995212
45 54 0.624758785821032
45 57 0.3907577261861077
45 58 0.06453237648429067
45 59 -0.2594729558322233
45 61 0.9856663752890158
45 65 -0.5892430114731246
45 67 0.9568204011743533
45 71 0.06278938854781413
45 72 -0.1667683917877134
45 73 -0.7133593802677782
45 77 -0.8267836065038097
45 79 0.9371796435868733
45 81 0.15961990865676867
45 87 -0.25573079778902175
45 88 0.608545890530338
45 92 0.19349782921661496
45 98 0.22281849775255025
45 99 0.19545091742867715
45 101 0.9917769941069112
45 110 0.14641485138403443
45 112 0.9013755883322256
45 115 0.3302739667583299
45 118 -0.0062451103149743226
45 121 0.6169984208256258
45 124 -0.7356043209474785
46 47 0.755757083253703
46 52 -0.03740178591052845
46 53 -0.42432918539056774
46 62 0.6415189590447095
46 63 -0.2475175356549899
46 73 0.3357278842062208
46 74 0.011792503415026356
46 75 0.057269394769210225
46 81 -0.8295798587727872
46 82 0.24208858929335353
46 86 0.09459124132097951
46 87 -0.7436467979719497
46 90 0.6868472499406593
46 92 -0.2090998836798701
46 97 -0.0546751715634457
46 98 -0.3822393638729873
46 101 -0.7098570032757847
46 108 0.4385045962012666
46 116 -0.7346882430274624
47 49 -0.8431464952009549
47 52 -0.0688551245914204
47 60 0.06321476969411965
47 63 0.8919420262439344
47 68 -0.18762302213401583
47 69 -0.38829978515913033
47 72 -0.9285027956271292
47 77 0.9068382330103941
47 79 -0.9704927295940511
47 86 -0.30814295342758635
47 92 -0.011665256574753036
47 93 0.9180746572836787
47 100 0.24702998200124338
47 104 0.17538297895611676
47 106 0.9936910744134195
47 118 0.520609256917538
47 119 -0.6688363481581534
47 121 0.8261093706564453
47 122 0.9838711661601449
47 124 -0.9640033027562993
48 53 0.3710918764780051
48 54 -0.17130112914982165
48 59 0.9767370836431244
48 61 0.156253624432505
48 62 -0.6781849290807114
48 63 -0.8186748872861065
48 65 0.9931329333276251
48 68 0.5859148357058122
48 70 0.25672373220956946
48 73 0.33150019631985295
48 78 -0.9935924574614639
48 80 0.3138333500219517
48 84 -0.08690337712428131
48 89 0.352424578147023
48 94 -0.6748666414699116
48 97 0.9935494249568655
48 99 0.21021923219400485
48 100 0.05934897769287151
48 101 0.6400628837102789
48 102 0.84345215898234
48 104 -0.4479556607948483
48 109 -0.7099815828181697
48 110 0.016760825592101236
48 118 -0.16232342279823464
48 119 0.17931402335322688
49 54 0.9995951241129581
49 59 -0.28762304978621733
49 64 0.2261704635600026
49 68 -0.3723567857117651
49 73 -0.2359452532527595
49 79 -0.4513323717267035
49 81 -0.9293492958182752
49 82 0.936620841334864
49 92 0.8626496379710686
49 95 -0.9753830089710116
49 96 -0.47192274008218127
49 99 -0.6045102364972603
49 106 0.9960828582158998
49 107 0.5812455815058284
49 108 -0.7872312944475555
49 109 0.11848468909851317
49 111 0.7758823451710433
49 114 0.707185623618303
49 115 -0.5014425825965116
49 122 0.9904196129174578
49 123 0.43803561490699905
50 53 -0.9875913632738307
50 57 -0.02235994746729353
50 58 0.09316861524400477
50 64 -0.939983071851813
50 65 -0.7432923771589035
50 69 0.6484282814433819
50 77 0.42343776346466644
50 78 -0.15149962963125851
50 79 -0.45822987864177467
50 82 -0.6000497640878883
50 83 0.7433977011328075
50 84 -0.6279289119387357
50 86 0.5994553202114974
50 89 0.6264601486388324
50 99 -0.12838094944150158
50 102 -0.9735540090386281
50 105 -0.6718713462540975
50 112 -0.8795688761911364
50 115 0.8357760232913529
50 116 0.2130262872122326
50 117 -0.4847958243964767
50 122 -0.3889696272674976
50 124 -0.8787546594818334
51 53 -0.3748365077030438
51 60 0.6815028869041309
51 76 0.012001236179534525
51 82 0.560351046857706
51 83 0.020087452206186684
51 84 0.6362733072381916
51 91 0.14048741058373015
51 93 -0.2690101359115904
51 100 -0.8265174509316218
51 102 0.4494609722964986
51 103 0.016448595172672276
51 106 0.8106334117101108
51 108 -0.9902153413671848
51 110 -0.6514421129748618
51 111 -0.9815004925774373
51 117 0.14914998623549702
51 118 0.33988337610784547
51 119 0.7883985909844802
51 122 0.6318561617718617
52 53 -0.6548898197831532
52 55 -0.22904118247033312
52 61 -0.016304964134601807
52 63 -0.6847228625194925
52 66 -0.501559006502839
52 67 -0.5125561560280516
52 70 -0.12085410443711231
52 80 -0.012492558442504187
52 83 0.766988685834139
52 87 0.25550178735877416
52 89 -0.7328498787742874
52 90 0.9395027138762964
52 91 0.02457513974445824
52 95 -0.3459138501242831
52 102 -0.6639756145260594
52 104 -0.8815576357203943
52 105 0.3481876405758413
52 106 0.31530499825418645
52 110 -0.3956790283095264
52 115 0.31699809319480354
52 121 -0.6261153743901589
52 123 0.29250631563007956
53 57 -0.4658664721835093
53 59 -0.8013416555605035
53 66 -0.7758944621900785
53 68 -0.26526005499396854
53 73 -0.9593716383134345
53 75 0.957724040579722
53 88 -0.9216053094651853
53 92 -0.06192232587375801
53 94 -0.5097615565665103
53 98 -0.7161113213579093
53 103 -0.3035751075370299
53 108 -0.4401829622671327
53 110 0.748531148947458
53 111 0.8049204833215111
53 112 0.5470720930050317
53 113 0.2189937804633737
53 118 -0.6651475331372043
53 119 0.08214105005189398
54 59 -0.2869778875842488
54 62 -0.665203311247162
54 63 -0.8327585302840452
54 67 0.29790162186251745
54 70 -0.932901894304301
54 71 0.3279129785696504
54 72 -0.7692691227836919
54 76 -0.11942634016996623
54 78 -0.9239902996631999
54 83 -0.6843446198013627
54 84 -0.3221083280632684
54 86 0.14723897280968012
54 95 0.8777651996482969
54 103 -0.25666088493196293
54 105 0.6059576801359348
54 107 0.8308609407276155
54 111 0.5105660342570995
54 118 -0.4806047057747047
54 119 0.5410305438424106
54 120 -0.2439344003742172
55 57 -0.8336617452686315
55 60 0.6841700271430198
55 63 0.7861827035486595
55 67 -0.5181352310051881
55 69 -0.41637070394209386
55 70 -0.7298458524799059
55 71 0.35923349388955894
55 72 -0.5729115068920714
55 74 0.7813753102405252
55 82 -0.7112949451306521
55 85 0.7497525851026103
55 91 0.013841963039752825
55 93 -0.00996010311541462
55 96 -0.7382146863219337
55 97 0.2834430225167195
55 99 -0.5735738686340321
55 100 0.8338937969938653
55 101 0.6223155705072201
55 108 0.9366364017434421
55 109 -0.8874694610601217
55 111 0.7183000236661994
55 118 0.8724049928696644
55 124 0.6567846004826559
56 57 0.6944540724493331
56 58 0.02584943352473923
56 62 -0.5365331819984807
56 68 -0.23157389054497157
56 75 0.6016286692639023
56 77 -0.33044734578013535
56 78 0.686945160455563
56 79 -0.08840187195837967
56 81 0.5507248028836513
56 83 -0.5754075480482468
56 86 -0.365811997712828
56 89 -0.6338997031084428
56 90 -0.35986215881836014
56 92 -0.36786743001608
56 97 -0.36640036635743867
56 98 -0.9426419588978723
56 102 -0.8239412367487686
56 115 0.06430941738571483
56 117 -0.5025646864065907
56 122 -0.3642042047575884
57 59 0.6607574339131572
57 63 -0.3899310369795854
57 67 0.1971634843508554
57 69 -0.5553054258709211
57 74 -0.2725703352921194
57 75 0.4217855980713556
57 80 0.5587092780995149
57 83 -0.14790368142373622
57 85 -0.9787559116622757
57 91 0.7364062922781578
57 93 -0.45712802444418976
57 94 0.7142385683096175
57 97 -0.9897244547405477
57 98 0.46306751118941136
57 100 -0.8270535506805059
57 102 -0.599702322697832
57 105 0.6472047828887171
57 118 0.7658649465959704
57 119 0.18244121999897667
58 59 0.22336102533023983
58 60 -0.7587489719780967
58 62 -0.9840351573250448
58 63 0.5783371969911473
58 64 0.4459679959866847
58 66 -0.5563996060587029
58 69 0.5753933461894782
58 71 -0.637784104330611
58 74 -0.9389783530792717
58 76 -0.7514091124057374
58 84 -0.9561974540569596
58 85 -0.6865904902803095
58 92 0.568850331110619
58 94 0.9464965963483494
58 98 -0.15718007050752947
58 100 0.7028396853749774
58 104 -0.11624211257018713
58 106 -0.47233251683079813
58 107 -0.9031469730955772
58 110 -0.3075719594632922
58 114 0.4214491662113167
58 123 -0.7458137282442208
59 61 -0.10133302433357039
59 62 -0.9044024954169756
59 64 -0.6227087011767081
59 67 0.3491654144485996
59 72 0.8057578690390694
59 75 0.13309133739467116
59 76 -0.008738647350398532
59 78 0.29379867270664706
59 79 0.3301514459280024
59 84 -0.4955408463970006
59 90 0.23990723730878472
59 94 0.11053132219848893
59 97 -0.7057852441638577
59 98 -0.49691882377584373
59 107 -0.9447655705592191
59 109 -0.937109686667102
59 110 -0.7932991386264618
59 112 0.48084624391661657
59 116 0.3352857105052458
59 118 -0.24426604438304156
59 120 -0.8294166985897589
59 121 0.4120088815445284
60 61 0.4421753279956373
60 62 -0.502278634501119
60 64 0.94407591052618
60 65 -0.011583477661988306
60 71 -0.1749181370259676
60 72 -0.45242608046504773
60 73 0.9643412403527403
60 76 0.33405173719492476
60 77 -0.23560512165409375
60 82 -0.7625881967335069
60 85 0.3715092824917632
60 88 0.02612308449034728
60 96 0.9988086555353008
60 98 0.34951360792774966
60 102 -0.9461503447098238
60 111 0.25693052420575047
60 113 0.42476553506957804
60 114 -0.4810141097816263
60 118 0.9683144636375614
60 120 -0.4684262339225991
60 123 -0.19779068463241756
61 67 0.8345452253470373
61 69 0.9183310318833309
61 72 -0.5971882649249112
61 76 0.37570095295996153
61 81 -0.4334006286531862
61 86 0.12570275687385846
61 89 -0.7094486899869288
61 92 -0.14259876262775562
61 93 0.7937555372013507
61 97 0.2012853828323644
61 98 -0.41246023765943574
61 99 0.7717658361328752
61 101 -0.718615234897628
61 103 -0.2342004934949311
61 105 0.9359812275214747
61 106 -0.5843889938963078
61 110 0.5933429032274402
61 112 0.815333422110079
61 113 0.31829886280610875
61 116 0.1964355956622903
61 117 0.17878946374105165
61 118 -0.7335312869204107
61 121 -0.05181405767271019
61 123 -0.08404255323323384
62 64 -0.5439202466915438
62 74 -0.18839099593630682
62 78 0.4838881430454067
62 79 0.4541513021553727
62 80 -0.18102817060892717
62 83 -0.06421918722767783
62 89 -0.3436619631700699
62 92 -0.8537051611966826
62 94 -0.3552255213785003
62 96 0.8967442913332788
62 97 -0.3895650394857726
62 102 -0.7926561349674639
62 106 -0.15227087497908354
62 110 0.24772391915876324
62 114 -0.1539311535211383
62 115 0.906541485648579
62 116 -0.426722403569779
62 118 0.12253790823036081
62 120 -0.8424099430199674
62 123 -0.11330617886938654
63 67 0.5870648595547845
63 70 0.9963748483035344
63 72 -0.3775396472950039
63 73 0.3367331906946487
63 74 0.26951865499953276
63 77 -0.7032592245637188
63 78 0.8956757320171556
63 80 -0.3643005480242092
63 83 -0.03059312412633619
63 84 0.08350823256623507
63 85 0.552730718844705
63 87 -0.5615887440671694
63 89 -0.21170298672088217
63 94 -0.7885224418299872
63 99 0.9830979302456948
63 101 -0.3114937589225708
63 102 -0.701357273857079
63 103 -0.03337154347019933
63 106 0.301580826066314
63 109 0.2155183862548673
63 114 -0.353790487247466
63 115 0.10315563414874429
63 116 0.3334779165282562
63 120 -0.8712763407762805
64 66 0.30141009080350245
64 71 -0.1704150617061091
64 73 -0.5741414677880112
64 80 -0.3616103937145836
64 82 0.4908073547297813
64 83 -0.645106961422514
64 87 -0.06316308923396763
64 100 0.44984054677280416
64 102 -0.019091669455906457
64 105 0.901538677686144
64 110 0.7801656020875227
64 112 0.8492587227348423
64 114 0.22741749138084044
64 120 -0.9195405441837796
64 122 -0.9155929377877996
64 123 0.15181744545898002
65 72 -0.665819975032645
65 82 -0.7233455714747039
65 91 0.36656640556028974
65 94 0.013191545924392534
65 99 -0.49033393481344034
65 100 0.45965798809578784
65 105 -0.40438362784098536
65 110 -0.051788636812525546
65 111 -0.06948544998482054
65 112 -0.17713280825402355
65 113 0.36042636927481064
65 114 -0.053890279687843545
65 117 -0.3550292025152606
65 119 -0.28319302748906594
66 69 -0.5401541341936169
66 76 0.7243918168316328
66 77 -0.5510717023818921
66 78 0.3581780178433245
66 79 0.7907658405091855
66 81 -0.3672825529358479
66 90 0.7284411868373097
66 92 -0.23716938258067022
66 95 0.01664476200739351
66 96 -0.5460627467384327
66 98 0.42280700072470134
66 101 0.14960734619507265
66 104 0.32265448124091045
66 113 0.9523241994367468
66 114 0.6621894879099082
66 115 0.36041116678651064
66 117 0.9023587969330302
66 122 -0.30005214269172487
66 124 0.2285797443454911
67 69 -0.7083822840672069
67 76 0.5176701089589506
67 78 -0.740993798654356
67 84 0.12959570789694896
67 86 -0.20364302501337916
67 87 0.1134455137776591
67 89 0.4216547909615276
67 90 0.7034571560243275
67 92 0.3241909342746221
67 96 0.5323175794151356
67 100 -0.6269178169800509
67 101 -0.7823879658559121
67 102 0.35671132192044275
67 106 -0.5961740532208963
67 107 -0.9676015687395616
67 118 0.2010618405060669
67 119 -0.9921206293400859
67 122 -0.5481590193290067
68 71 -0.3426350677569179
68 75 0.16251488843842754
68 77 -0.1277845771557935
68 82 -0.6158976019282889
68 89 -0.24585269152829858
68 90 -0.9598762423390712
68 94 -0.5052008863813591
68 97 -0.7253645049384638
68 102 0.8755770665629019
68 104 0.5934181244385226
68 107 0.6049829681057513
68 110 -0.3576308931734735
68 112 0.5689698717669065
68 117 0.5876348191890282
68 118 -0.39859825085137657
68 120 0.9425365068787921
68 123 -0.674409749067802
68 124 0.0057516200009961604
69 78 0.4018472867275844
69 79 0.02383213396830519
69 82 0.9332736040023837
69 90 -0.6345629685862537
69 93 0.6504950495681199
69 100 0.49107260025990396
69 103 -0.6739489402228278
69 104 -0.28598681322656616
69 108 -0.6848943128469489
69 109 0.6918456025866162
69 113 0.7973149551830283
69 117 -0.8228187039973194
69 121 0.024829157513110767
70 72 -0.21977656302843473
70 76 0.9074862072929439
70 77 -0.979835604382459
70 78 0.883938195392802
70 86 -0.22332358421299103
70 90 -0.9189042945449066
70 92 0.8035746913968393
70 93 0.6844789757367244
70 98 0.016957525560560516
70 99 -0.9409066549537641
70 102 -0.8666734148159356
70 105 -0.7509684011353115
70 110 0.2718924474863418
70 114 0.08791816958148657
70 118 -0.72989195010125
70 119 0.2148230727822329
70 121 0.8394461829550379
70 123 0.17674349847703663
71 72 -0.8406894903386777
71 79 -0.8966001749426351
71 85 0.4352244054639778
71 86 -0.2684255789217753
71 88 0.6716922636784892
71 89 -0.35223610016107854
71 90 -0.15804587908273993
71 92 0.7326119979533396
71 96 0.797271496695686
71 98 0.45111886620280606
71 99 0.25974840023638346
71 101 0.5911099344935469
71 113 0.5941016876041272
71 117 -0.07171370305961755
71 119 -0.22022698846151578
71 120 0.45556077805803863
71 124 0.866939295839811
72 82 0.9271324624733672
72 84 -0.6084232811517138
72 85 -0.9549518804766151
72 86 0.3364198433179393
72 87 0.8185644538062629
72 89 0.9347465517121933
72 92 0.6911823572344094
72 98 0.10028958597685356
72 104 0.7958681375220986
72 106 0.7984784858328646
72 109 -0.610747195611983
72 110 -0.3910255561125766
72 111 -0.5008644929718331
72 112 0.04981238188199111
72 117 0.05493371529076008
72 122 0.6754838123125047
73 78 -0.40419982085781925
73 79 0.00411261103330629
73 88 0.005023684312884136
73 89 -0.47294529856896417
73 96 -0.8907770781115669
73 103 -0.6603319646224353
73 106 -0.8791569969926185
73 109 0.27704772960416824
73 111 0.32823374047162623
73 118 -0.6096546204970463
73 119 -0.9493584507279387
73 121 -0.48392104803407743
73 123 0.664390481398154
73 124 0.13605097788757847
74 81 -0.5102967074609521
74 83 -0.26414065165607825
74 89 -0.6952362855834202
74 92 0.2782791089341967
74 95 0.4302319583996028
74 96 -0.9238463994064443
74 104 -0.6202000813542836
74 105 0.629317145482801
74 111 -0.8188100857283449
74 114 -0.10812878731046305
74 115 0.2831722175423894
74 116 0.4103629240036255
74 119 -0.9332498301798218
74 121 0.987970987031286
75 78 -0.7315540446939166
75 80 -0.6792264913821591
75 86 -0.20572347733001628
75 89 -0.3409534182867284
75 94 -0.3076647482343211
75 96 -0.15154763827633655
75 104 0.14624911547571617
75 106 -0.7983511367750455
75 107 -0.7720791072882871
75 124 0.802270352057894
76 77 0.9103595240922144
76 80 -0.9694587226521731
76 82 -0.5980177297399727
76 88 -0.4142865333524821
76 89 0.9096697937191152
76 93 -0.41217513210352963
76 94 0.8391639780699747
76 95 -0.7874059738505153
76 97 0.8938749615755857
76 102 -0.7191235937422531
76 105 0.769389554788267
76 107 -0.14456421653764928
76 116 -0.30155249232714554
76 117 -0.7983686481710672
76 119 0.9462555816817466
76 123 0.5225376168275602
76 124 -0.38450748853645655
77 83 0.8867373096705928
77 84 0.1488025559702293
77 85 0.9241112688332389
77 90 0.4579195763683115
77 93 0.19929667692501263
77 96 0.545486619797376
77 102 0.7290540690926055
77 115 -0.7549528531929073
77 116 -0.28957808613131064
77 118 0.27470340348377054
77 120 0.5122927263674921
77 123 -0.9057170916884487
77 124 -0.7694744246312564
78 81 -0.4177883626475023
78 83 0.6588922719994157
78 94 -0.6226462596266698
78 95 0.29520950443615557
78 96 0.11596970427127906
78 97 0.18301012384620896
78 101 0.1660500564919578
78 103 -0.689557643443002
78 105 0.6456141262345629
78 108 -0.29501528408777555
78 112 -0.9340185479347964
78 115 -0.8908684805902405
78 117 -0.14881224050974873
78 119 0.015100323630848234
78 121 -0.23131341022595597
78 123 0.44089787713806894
79 80 -0.04492427141370081
79 81 -0.8896989344071988
79 83 -0.25858199906240165
79 90 -0.9549749415155036
79 91 -0.7403152863360307
79 92 0.8890327282969288
79 93 0.25836672724778564
79 95 0.5619106454899516
79 99 0.5223005618735035
79 101 -0.8646507573207041
79 102 0.7117358186000329
79 111 -0.8187436529616803
79 114 -0.5133062393541401
79 115 0.4141559974940554
79 116 -0.17485089822621203
79 117 0.769562716877596
80 81 0.2628813799092604
80 84 0.48582742420974
80 85 0.9507032433714879
80 95 0.11689505825442303
80 97 0.0012052481845710172
80 104 -0.5034546710093808
80 119 0.07286437618796326
81 83 -0.9903389399053981
81 86 0.9791736762962406
81 87 0.6144723878278653
81 92 0.5582489897019374
81 97 -0.019582328611714717
81 99 -0.39870568444671206
81 102 0.9135711052885567
81 107 0.3471961579003835
81 110 -0.8012641637858171
81 115 -0.0028999975944155043
81 121 0.8228293419541779
82 85 -0.5165033185995702
82 91 0.9064141781248469
82 92 -0.6518159322706047
82 93 -0.397324323258325
82 96 0.7729495288334245
82 97 0.9478408791886128
82 99 0.5493742885880051
82 110 -0.2051459744047568
82 111 -0.3247381101719893
82 113 -0.1220966911645156
82 117 -0.28321732535700295
82 120 0.03757979611023443
82 121 0.7587336703746295
82 122 0.48589746369564457
82 124 -0.7468729467882405
83 85 0.9093864594044678
83 89 -0.7357786143808338
83 92 -0.5399201480472755
83 94 -0.9181929199760188
83 96 0.825025212961054
83 97 -0.3545068879354485
83 99 -0.0393164571177429
83 100 -0.5034919247477263
83 106 0.14128042895298298
83 112 0.9270781100277206
83 115 0.8749276945659854
83 116 -0.4999286451816567
83 117 0.23670901677453848
83 118 0.15423948104799523
83 120 -0.16978667730425334
83 121 0.7777748664087623
84 87 -0.3826363120283749
84 88 0.8675803825630422
84 95 0.2889898262889259
84 98 0.1858183007977785
84 99 -0.6046719015440556
84 100 -0.5098202363664412
84 101 -0.34493690570733526
84 102 -0.6746166184266389
84 105 0.2888023718230752
84 106 0.005125944642640823
84 107 0.24418661554458443
84 109 0.029720864424593207
84 111 0.33453480305604155
84 120 -0.7229879094504239
85 93 -0.7415567460463068
85 97 -0.015135338638725848
85 98 0.013169740074852054
85 100 -0.341304232905427
85 107 0.17125220907305594
85 115 0.516307495301292
85 117 -0.20703708396924414
86 87 -0.4351667886359518
86 88 -0.6661815865554295
86 89 -0.7427252639006814
86 96 -0.29208421740530865
86 97 -0.42792461834710105
86 101 -0.8296535342006601
86 104 -0.2475721546742562
86 106 -0.044853754217711206
86 108 0.714801596432243
86 113 -0.5992091936388886
86 114 -0.2935879452939474
86 117 -0.2890791000538955
87 90 -0.715805222892427
87 98 0.7018863349507176
87 99 -0.9278780372556699
87 100 -0.6086153157703353
87 105 0.17714928881833703
87 106 0.07568142516406251
87 107 0.7915305328176201
87 109 0.5709300695816284
87 111 0.22776039612877974
87 112 0.5956962772897749
87 123 0.2527634957753784
88 89 0.3889191107926606
88 101 -0.9841212955149652
88 107 -0.8685216615290228
88 109 -0.9808990539880771
88 111 -0.7109135168836258
88 112 0.46896711518042045
88 118 0.8018346812934545
88 119 -0.1675949665690799
88 123 -0.29814221766876026
89 91 -0.6032226919223584
89 99 -0.4977298065990883
89 101 0.4729884738348398
89 103 0.1001425724444791
89 104 0.3335410946845698
89 109 -0.7256808261138525
89 110 -0.34524225923180607
89 121 -0.4444473325916096
90 91 -0.5752999300169159
90 96 -0.7606661656256104
90 98 -0.9733509298542904
90 101 0.029924924159782984
90 104 0.25584737903928145
90 107 -0.6751471154801838
90 109 0.7256981758567143
90 111 0.971106691996152
90 112 0.1499664199164117
90 113 -0.9217909566069578
90 124 0.9927002462686885
91 94 -0.9168616656622355
91 97 -0.8978715906836703
91 98 -0.49311790325247595
91 109 0.6444991710167325
91 110 0.7329098640415377
91 111 -0.46754007068263226
91 115 -0.36150499091191457
91 118 0.4748851457880543
92 94 -0.3420789505161925
92 97 -0.24726795890956987
92 123 0.8494815481209772
93 95 -0.22546245291752176
93 98 0.7313166433340179
93 100 0.20101326740845393
93 106 0.3035630706589698
93 112 0.4576578151285473
93 117 -0.9788347822293926
93 121 -0.8506085653119042
94 96 -0.06100678051735886
94 99 -0.48479699687923405
94 102 -0.7464442306599508
94 105 0.6868358501977045
94 114 0.2903313214660237
94 120 -0.7301076669448048
95 96 -0.03886991539479645
95 105 -0.3257171050630059
95 106 -0.266100150637679
95 108 0.4170824791360104
95 110 0.22600745008044942
95 112 0.5671491132545821
95 113 0.5113742250554394
95 121 0.2413709111386657
95 124 -0.8740729581977986
96 97 -0.36428342435500927
96 99 -0.2618565383817073
96 102 -0.2901494285348396
96 104 -0.6328497109937321
96 112 -0.05275051445180279
96 115 -0.5458148765699165
96 121 0.5243801922984859
96 123 0.2881174532665596
97 100 -0.12981022146237775
97 103 -0.701125466076741
97 117 0.5062566142300722
97 118 0.7174038409447907
97 119 0.8871110589929274
97 121 -0.9357159961095276
97 122 0.6002272924390328
97 124 -0.9971629627856211
98 99 0.11663173303914132
98 105 -0.5796121275100414
98 106 0.15728188469289694
98 110 -0.9134220147700298
98 112 -0.15174546389169175
98 116 0.2818940182928755
98 119 0.2539923275726934
98 122 -0.5070612242234294
99 106 0.4643859564551023
99 113 0.6080006742854935
99 119 -0.2968058511041618
99 120 0.982601384632044
99 123 -0.8858679907404297
100 105 0.5494080204091321
100 106 -0.8971442373838945
100 113 -0.5078687703473606
100 115 0.5696945981223402
100 116 0.6033647621634717
100 124 0.44946345117828335
101 102 -0.7458764013425547
101 103 0.8430414640391537
101 104 -0.8167485835880675
101 106 -0.48949417625810154
101 111 -0.17507320965524964
101 120 0.5807995508779356
101 123 0.5934539511110615
102 103 -0.9385617729359148
102 107 0.4246328258506995
102 113 -0.698817798344457
102 114 0.6088749991111824
102 115 0.5870592167006177
102 116 -0.5226579890328371
102 117 0.6450712452057894
102 118 -0.7046274143246267
102 123 0.5927483421190214
102 124 0.6385819955375192
103 105 -0.4477083653605871
103 110 0.6294707014071077
103 113 -0.34500438653010446
103 116 -0.4304436793865465
103 118 0.6862818697371083
103 123 -0.9631497362347925
103 124 0.36073915242860655
104 109 -0.6329508622143831
104 111 -0.5615142407326412
104 116 0.4588376408042727
104 123 -0.9248051982295891
104 124 0.20460150795775167
105 106 -0.36322246228167643
105 115 0.055061084830780205
105 123 0.36375600069226843
106 108 -0.4010471091000598
106 109 0.4723108319021876
106 112 0.9040251352007003
106 119 0.48088120759484587
107 115 0.4792209765298563
107 117 -0.9238115402959071
107 124 0.04589911825664572
108 115 -0.9970224574367721
108 116 -0.05726235676367031
108 118 -0.3031950336403495
108 119 -0.09006914673687039
108 120 0.39813589817367423
108 124 0.2742962211229236
109 112 0.1403725002768239
109 113 0.9511242444896972
109 115 -0.04633123116673743
109 117 0.7017249807683157
109 123 0.9786424237616631
110 113 0.3482678227279423
110 115 0.015619008588547034
110 118 -0.7228874311990208
110 119 -0.45398644696323354
110 121 -0.503175175868585
110 122 -0.9088038617478802
111 113 -0.15315624447035514
111 118 0.03447755928721907
111 119 -0.9294833081118818
111 120 -0.40833819535498384
111 121 -0.45089068393357756
111 122 0.10484485391319809
111 123 -0.7522265584748804
112 118 -0.9536299600720166
113 114 0.6408036564179611
113 116 0.872287872653104
113 121 0.38478561863858496
113 123 0.42395750950571753
114 115 -0.9775332123051257
114 116 -0.16980547478585728
114 119 -0.17113831649281375
114 122 0.28636028429070226
115 117 0.8429244747017204
116 123 -0.45751554123053806
117 118 -0.30671327786462266
117 120 0.9425002552262165
117 124 0.9563143189399457
118 119 -0.20333831212642917
118 121 0.22434328230625522
118 124 -0.8304208443723999
120 124 -0.23029615027831096
123 124 0.9096505997253002
