135 2695
0 -0.6245072286714128
1 0.0011825356973753642
2 -0.02416149673044843
3 -0.7576941558491299
4 -0.7316193032777223
5 -0.39222437798623355
6 -0.014606350195000228
7 -0.9687800689818695
8 0.31070090072555767
9 -0.624333275731332
10 -0.3753010180973846
11 0.40517428236730124
12 -0.7929678165951739
13 -0.34660242702146093
14 -0.7695764407602534
15 -0.37213361115111465
16 0.9116417147285916
17 0.32000643890602554
18 0.9809634764977138
19 0.014199034210669925
20 0.028227430131424258
21 0.484956233709926
22 0.25657510840063513
23 0.8712281167435414
24 -0.5433375217794638
25 0.452287257123412
26 -0.8659982943512605
27 -0.9164359418483947
28 0.049373453092633746
29 0.7523395373689579
30 0.11412709026046186
31 -0.34706553655759254
32 0.37004747604883614
33 -0.784728406239263
34 -0.8695107142601035
35 0.06319752068412754
36 -0.4490061418023359
37 -0.18969517885578457
38 0.848569538130409
39 -0.3167965779489825
40 0.005543147792636871
41 0.48200463966278995
42 -0.20196717479473447
43 0.00672326488154229
44 0.5214591651030447
45 0.45637649971123406
46 -0.18609603027270127
47 0.36044556047926823
48 0.6016052764889532
49 -0.7724634615174741
50 -0.3103798407111733
51 -0.2983115717872806
52 -0.7288604731189272
53 -0.04003958577866751
54 0.5344548142944991
55 0.6075603833179899
56 -0.5418064590036824
57 0.16989683305280656
58 0.2932667678167269
59 -0.7913903953496018
60 -0.09674758040446285
61 -0.95716758173735
62 -0.503265761976786
63 0.7759696343368514
64 0.3523698725116826
65 0.40619375879106734
66 0.3660853673626354
67 -0.39347174824798326
68 0.1385940622988726
69 0.3374444599205775
70 -0.6139736549550714
71 -0.7918811195280564
72 0.1900424753225931
73 -0.1383549656460561
74 -0.9282068197180198
75 -0.3108631750281483
76 -0.8449816030470179
77 -0.3142313891432291
78 0.18790747844496702
79 -0.6087316462711452
80 0.9093473326930779
81 -0.24528751865129972
82 -0.3025090309498517
83 0.432839120915433
84 -0.8829995310049275
85 0.9863704103325239
86 -0.4950294617237161
87 -0.9512695217358416
88 -0.6752315400210405
89 -0.3147953177247582
90 0.057882512807924336
91 0.018018888234247132
92 -0.35883763381617717
93 -0.1214831665121312
94 0.9056471776195318
95 0.6210226522949212
96 -0.8839105246856929
97 -0.21191484397613092
98 0.2013548653526842
99 0.9976737937731088
100 0.6557668311476597
101 0.019764831890121126
102 0.500388214115109
103 0.7206774916096925
104 0.6829365020465761
105 0.33368610781405517
106 -0.600349541246145
107 0.0772775279168878
108 -0.6962311329247135
109 0.8983585703957386
110 0.7432508723225819
111 -0.3360750092522877
112 0.4449962600703239
113 -0.8142080278907899
114 0.7104364171204169
115 -0.6697789633436582
116 0.7473674741172582
117 0.9631387786439105
118 -0.37765691174722815
119 0.6696935976511644
120 -0.36836400486282495
121 -0.49422547992479404
122 0.0173421794940245
123 -0.2823382942072623
124 0.37119126017449
125 -0.6407202154409595
126 -0.839402515837784
127 -0.506398347699968
128 -0.28004302523610014
129 -0.8366203779264481
130 -0.07904514206945135
131 0.329695097478254
132 0.4014376127319701
133 0.04549721293183406
134 -0.6980542602778865
0 3 0.4262444708768689
0 5 -0.5361033577623895
0 8 -0.8363460864876386
0 10 -0.393985557579567
0 16 0.903257581803629
0 20 0.4218272992639496
0 24 0.8493462263279159
0 27 -0.2621825085608984
0 32 0.7364863554793197
0 33 0.19450227356029504
0 36 0.31378810322958506
0 41 0.8401016654020952
0 42 -0.08660617931203962
0 43 0.43170842071068405
0 46 -0.05639741076971183
0 49 -0.5284578354865204
0 52 0.9330080512777479
0 53 0.3796282609760686
0 56 -0.16997200063740436
0 59 0.07909783638839629
0 62 0.2658572591428565
0 63 0.3974068403135762
0 68 -0.2444196230864728
0 72 -0.3218203757675677
0 75 0.9899009770804645
0 76 -0.08048419113003558
0 77 0.8134434129310351
0 81 0.7051337357905458
0 86 0.05264343669268845
0 87 0.9435095746867788
0 91 0.29437799893126404
0 94 0.03688998814672151
0 98 0.8496545804389966
0 100 0.35856134617664503
0 102 0.9540675771012042
0 108 0.9915923850398585
0 109 0.8764875068229638
0 111 -0.025698445406248105
0 112 0.6332555977816983
0 114 -0.026702445817768483
0 115 -0.6858540614867907
0 117 -0.7455301673880874
0 118 -0.2923984430276796
0 124 -0.07575357485481127
0 125 -0.09233880971089414
0 129 0.5831033652771112
0 130 0.6387281817637893
0 133 -0.4562074109120893
0 134 0.11795677153744144
1 6 -0.86675637878095
1 7 -0.2544323086075264
1 8 0.36864992535085483
1 13 -0.8537275558411037
1 20 0.2447022753826542
1 27 0.7949754437028211
1 32 -0.6203578537731251
1 37 -0.3708448996086191
1 39 -0.5778501731961869
1 42 0.11146895463402551
1 43 0.8665540012231245
1 44 -0.6951015659594229
1 50 0.6528229780430916
1 52 -0.7063485290509668
1 53 -0.8552316762471748
1 58 0.3008658557185808
1 60 0.9020134969237255
1 62 0.3720716520042908
1 63 -0.24839790782505178
1 73 -0.7962064399538256
1 75 0.20103023174290047
1 78 0.48413137954230856
1 81 -0.4656136187454385
1 84 0.6453075775804522
1 85 -0.4538740630361995
1 88 0.40308298744919546
1 91 -0.10039490968511733
1 93 0.5754363956678206
1 95 0.20981654318888476
1 96 0.5634441053131922
1 97 -0.25533384721488717
1 98 -0.3725838321543069
1 99 0.21681815870749843
1 106 -0.32763203140478203
1 109 0.40117613967101984
1 115 0.9643777715431099
1 116 0.47535494776699183
1 121 0.4781223362223015
1 124 -0.35317200020096684
1 127 0.8049993312990369
1 128 -0.8926534014896992
1 130 -0.38813736501999707
1 131 0.44718971470988134
2 3 -0.35209898073649937
2 10 -0.5248783841233182
2 12 -0.41593645172605687
2 23 -0.9417526666452758
2 24 -0.8238130759306017
2 32 -0.8242652722305697
2 34 -0.2452529026602701
2 48 0.960569997864964
2 49 -0.06219718876855995
2 50 0.02499285111381533
2 52 0.28204972242836
2 53 0.912168219279307
2 66 -0.4505348022311966
2 69 -0.27554388758564685
2 73 0.7967388686299479
2 74 -0.898217920769544
2 81 -0.5043462562888998
2 85 0.920316730850244
2 86 0.18943911162488725
2 88 -0.28730694253752964
2 101 0.33094680775489227
2 105 0.3002103510844567
2 114 0.5813882986445438
2 119 0.4600002038893629
2 120 -0.6880338128799992
2 122 0.7623879962190259
2 123 -0.26105300023178857
2 124 0.7382109716323095
2 125 0.707511836405015
2 126 0.368393986879471
2 127 0.22812440970800774
2 128 0.47096516587177906
2 132 0.13011282454436812
3 4 -0.9418855981851229
3 6 -0.7107367516702265
3 7 -0.06354034624448657
3 9 -0.8685280451338229
3 10 -0.8224239015465347
3 12 0.7932145158693344
3 17 0.9875500233232923
3 18 0.8094364287032336
3 19 -0.5449439901421402
3 20 0.11811043769373253
3 23 0.25382098638349104
3 24 -0.647033141957261
3 25 -0.2000317754197236
3 26 -0.33779542747245994
3 28 0.2891219774747522
3 33 0.44548040531394584
3 40 -0.07194132503214767
3 47 -0.7062740601504771
3 56 0.6254111929529154
3 57 -0.07193528656485548
3 61 0.4325708227810683
3 66 0.26305139113459974
3 71 -0.4624387175814866
3 72 -0.4607823650088918
3 77 0.848513113484106
3 82 0.10903916666701385
3 84 -0.3167936059010805
3 87 -0.9064018368255218
3 90 0.5476725594648817
3 92 0.5477768134663892
3 93 -0.7478692048486948
3 99 0.74958967834865
3 100 0.011904120445816568
3 101 -0.3829937252268756
3 104 -0.932010530464934
3 108 -0.4384113623625747
3 110 0.5587149941006719
3 111 -0.6571354581451547
3 112 -0.09005426823390006
3 115 -0.7902718326412197
3 117 -0.5136677768502904
3 118 0.9064938583802973
3 119 0.05744118449370439
3 128 0.5962371302881473
4 8 -0.4496250699472213
4 13 0.40612309894672594
4 17 0.3611212204391032
4 19 0.22262068125752288
4 21 -0.4830245334764376
4 25 -0.17995877426161044
4 27 0.2847986831500491
4 31 0.6907364911344767
4 38 -0.17653155694964084
4 41 -0.04464280439413493
4 47 0.5450565812905255
4 48 -0.4814307473258379
4 51 -0.08669920126937214
4 55 0.639854476496647
4 56 0.6199551941836599
4 65 -0.688185114080772
4 71 0.2492117025927385
4 72 -0.07292507956079652
4 73 -0.12618127265016188
4 75 0.8427633534184158
4 84 -0.4411265990514448
4 86 0.012755206363515237
4 88 -0.663745347905834
4 89 -0.45808467905523553
4 90 -0.024389451109665172
4 92 -0.3171018350177799
4 95 0.41865762821786334
4 96 -0.4649241248966629
4 97 -0.6758039500382194
4 98 0.8480783310672506
4 104 -0.5746589054992277
4 108 -0.19704007325406891
4 110 0.663489099019771
4 111 -0.21906239599468136
4 119 -0.42566955357325464
4 122 -0.7353901881067273
4 133 0.13370634869348996
5 11 0.3610255951352237
5 17 0.24152923006171445
5 19 -0.22065309273972855
5 22 -0.47503842244895944
5 23 0.06250412349223722
5 30 0.8015565632663699
5 31 -0.30945963971895485
5 32 0.4758294218396313
5 35 0.8004159343753492
5 36 -0.11676274376280316
5 39 -0.37955580970145464
5 50 0.1973372899017054
5 64 -0.6456728924537005
5 67 0.8022662840289456
5 68 0.10350610788550996
5 72 -0.6856359515893682
5 77 0.6306846301394942
5 88 0.7129930677571259
5 90 0.8408708746968621
5 97 -0.8832756261320931
5 100 -0.8998571571413463
5 111 0.06066341040396095
5 112 -0.19245731086219187
5 115 0.13401456811322077
5 119 -0.7145750654682959
5 126 0.7308477682897816
5 127 0.7952987339647901
5 130 -0.034628115509332424
5 133 -0.5088355311038002
5 134 -0.9654537848371865
6 9 0.9181862119057902
6 10 -0.322853426492274
6 12 0.18976695400922705
6 13 0.6269720138718347
6 14 -0.32815977948828445
6 28 0.11773347963689118
6 31 0.0005688869399271823
6 32 0.390007502583122
6 33 -0.8775133845057306
6 35 0.2883462031850419
6 36 0.20217040186804103
6 39 -0.6700700754404916
6 40 0.48084135241529835
6 43 0.874635683321711
6 47 0.5139577217941997
6 52 -0.7168032062219649
6 57 -0.9065952131427695
6 60 0.3220632180994054
6 61 0.40299872606652376
6 65 0.3906930709308123
6 75 0.05839424190506737
6 79 -0.32233585732071335
6 81 0.5897511202242676
6 88 0.5691439436204253
6 89 -0.4774886313611528
6 90 0.6194417723630588
6 92 0.9570542304602563
6 93 0.20336897908357354
6 95 -0.7781462441775755
6 102 -0.9169954085759129
6 104 -0.4361075390645164
6 107 0.8609947942871079
6 108 -0.7490526390608172
6 111 -0.33128596223563744
6 113 0.49027417135004936
6 114 -0.35323076348016413
6 122 -0.9446607999484458
6 125 0.010859865328761487
6 126 0.7925709980128106
6 131 -0.5978626320622025
7 8 -0.14511784050389864
7 9 0.8819161274816549
7 12 0.3925278023057339
7 15 0.3092907568124126
7 16 0.8892759191789688
7 19 0.9257478728814859
7 21 -0.9439954407844924
7 22 -0.7320976206308218
7 24 -0.38365189669323807
7 25 0.007605380127522654
7 29 0.18941568440964596
7 30 0.33678303014681177
7 36 0.6074225287330857
7 40 0.32639845782533095
7 41 -0.8191196833294547
7 42 0.4474381446362461
7 49 0.3729183982823199
7 50 0.9377555921057994
7 51 -0.2357501932106818
7 52 -0.26100216977272095
7 54 -0.6779264195131698
7 58 -0.8085552862465868
7 66 -0.378424695893949
7 69 0.32942766494955333
7 74 0.0794700588728694
7 75 -0.16442960440225574
7 76 0.7420881547018656
7 79 -0.32482364552361975
7 90 0.06877083172540632
7 92 -0.8099155985305155
7 93 0.10873318745696126
7 94 0.5632621962638289
7 100 0.6937350900670376
7 101 -0.4359841622849583
7 103 -0.2878662786854771
7 104 0.053535865328613985
7 108 -0.6243946359860397
7 112 -0.780779540320393
7 113 -0.24394812889325723
7 114 -0.47808544130449704
7 117 0.9850258099880074
7 132 0.816396022919532
7 133 0.8296340826748312
7 134 -0.8178535050180251
8 10 0.02211631519920143
8 14 -0.5817448175167366
8 16 -0.5980705934876405
8 25 -0.23942425028629866
8 26 -0.1917512853090524
8 28 0.12355524568882537
8 30 -0.6342030485212189
8 34 0.6218225464505467
8 36 -0.06404704255835747
8 41 0.5195889733836732
8 45 -0.6661876779650957
8 50 0.21706752232970228
8 51 0.4486863298540804
8 54 0.2639165843602609
8 58 -0.046795220856840514
8 61 -0.3010043476628541
8 63 -0.7443841516852261
8 65 -0.20380118796919144
8 68 -0.14895594283012592
8 69 0.4854922118316667
8 72 0.9826629207199828
8 73 -0.5698068958071734
8 80 0.014780191988847058
8 81 0.7978404374637906
8 82 0.19300501521238034
8 87 -0.9845455601744479
8 89 0.748746067857911
8 96 -0.9975519881863166
8 98 -0.9839502024870326
8 102 -0.12632011097175266
8 104 0.10751582930289394
8 110 -0.6920618106951273
8 113 -0.20933841429281608
8 120 -0.28128287972153565
8 121 0.25086217351870266
8 124 -0.177796772007502
8 125 -0.5149854725098659
8 126 0.27626177283956244
8 129 0.3255840621349273
8 130 -0.2821990532688299
8 134 -0.08303200742613348
9 12 0.5461997638857605
9 13 -0.8679789261052349
9 14 -0.3499849358472271
9 15 -0.6805441787088036
9 17 -0.5412780965964616
9 38 -0.7105241745457209
9 40 -0.9179961178891167
9 41 -0.7212527114019569
9 43 0.34943984912493686
9 56 0.18388107951071864
9 57 -0.4133287463677151
9 59 0.9385771845584456
9 64 0.15878116903216788
9 66 -0.6578480071700932
9 69 0.8227003343866512
9 70 -0.538998084473191
9 71 0.6002963880250562
9 73 0.443853021732179
9 78 0.09096417630570541
9 85 0.039610531669854065
9 86 0.6527268977689928
9 92 -0.5368473996499283
9 94 -0.5223557287524803
9 99 -0.2479418657193453
9 101 -0.9754589396583981
9 102 -0.31903150524132506
9 106 0.2897140209854172
9 114 0.20056139388120608
9 117 0.678195127077436
9 118 -0.313074123032935
9 119 -0.44650585249967545
9 120 0.7363297957832424
9 124 0.012294630045145416
9 127 0.6802716586803923
9 129 0.9078066670213449
10 13 -0.36417055602096604
10 15 0.31794191702654384
10 16 0.9368743290138064
10 19 -0.22322932074483925
10 21 0.09129044908677164
10 24 -0.056203257990543376
10 27 0.524935567274788
10 41 -0.3420026784662058
10 43 0.6029368006107452
10 45 -0.23509203266191236
10 47 0.3182957203935668
10 51 -0.9487247024312799
10 54 -0.6045256586063095
10 55 -0.9989862444850612
10 59 -0.32790986611302575
10 61 0.6914274072009667
10 65 0.29410935755701195
10 70 -0.8519472733708426
10 72 0.2654654940972616
10 73 0.6935211953552067
10 75 0.19945463075075653
10 76 0.37703817215142865
10 88 -0.6697641606033662
10 91 0.41421488898745906
10 93 0.9516558588529229
10 98 0.0646936507399487
10 99 0.34424521601800717
10 101 0.05251017280473791
10 102 0.9876700166745687
10 107 -0.3520712703527882
10 125 -0.40959192374288644
10 127 0.7152326065093004
10 130 0.08746715513922143
11 14 0.8207445478509898
11 16 -0.27123332728234417
11 20 0.9458176393896325
11 23 -0.6983584085369017
11 33 -0.35579329414268557
11 35 0.49973772900557134
11 37 -0.285838237063184
11 39 0.3370302229067368
11 44 0.6878804894441255
11 45 -0.9612393483113226
11 46 0.906035209061943
11 54 -0.6305980342014661
11 63 0.3847451733637288
11 64 -0.14648738042188314
11 66 0.1954232497352495
11 67 0.07019474687293648
11 72 0.285373872939952
11 78 -0.45692161216207894
11 83 0.6575474756267279
11 89 0.08428409048846963
11 96 0.9121803570001927
11 97 0.6290492324553201
11 99 0.4913972962682316
11 100 0.9494104098414307
11 103 -0.2488915151050397
11 112 0.72962260733896
11 120 0.0746448577711809
11 122 0.14229534184436643
11 123 0.4814877361968435
11 125 -0.17870284305424078
11 127 0.2532768944046089
11 133 -0.16493527635157412
12 19 -0.5845403072739987
12 20 -0.14814462752143842
12 27 0.6812896044958949
12 30 0.6747329940227249
12 31 0.5075676515221121
12 34 0.5196969575908454
12 36 -0.7758292020306703
12 40 -0.09329097847196333
12 41 0.9708576753957281
12 42 -0.3292640472409296
12 48 -0.6436875491927583
12 54 -0.7436382772679033
12 57 -0.7718838063384028
12 59 -0.3655379663757563
12 70 -0.4450214709257365
12 72 -0.13419918564099698
12 73 0.5192428669306617
12 77 0.5324559791171142
12 86 0.017647634692222525
12 93 0.4257626055321022
12 97 -0.5358802315419939
12 98 -0.4702597928362835
12 100 -0.47150308218120074
12 101 -0.11692444000801294
12 102 0.900468805317131
12 104 -0.3140717218863329
12 107 0.5091216027531122
12 108 0.5980228006553248
12 109 -0.1226271743448073
12 111 0.672746790790435
12 113 0.49024989707208144
12 116 0.051280306820777444
12 122 0.45867565431002677
12 125 0.09464559289711705
12 129 0.2598942057354747
13 18 -0.27464011780831665
13 22 -0.24898212761774574
13 28 -0.5295259439862785
13 39 -0.7877225048333474
13 41 -0.16341046766729206
13 49 -0.11818477155395835
13 50 -0.23613628424641453
13 51 0.7695236141342365
13 59 0.4340623918544073
13 60 0.15054991970459408
13 63 0.829113010645139
13 64 0.4549233641081891
13 78 0.3578451655431665
13 80 -0.48133626478589164
13 81 -0.15971024577407467
13 82 0.9737264495163771
13 84 0.7382810372389632
13 87 -0.14029706780300288
13 97 -0.5987166277916602
13 114 0.16880911545892197
13 116 -0.705861584298078
13 117 0.7875204256405477
13 118 0.45145875352425446
13 119 0.5654263508354456
13 121 0.7210540058260313
13 124 -0.8675230317203495
13 126 -0.4952192611080204
14 19 0.5261454255099267
14 21 -0.30807677686886614
14 22 -0.06016626443840134
14 23 -0.2047357675178405
14 32 -0.5164441385182217
14 33 -0.5670227224138558
14 38 0.7065226548398023
14 39 0.35828539541610516
14 40 -0.17279288178584684
14 41 0.540109265080327
14 44 0.47205954507021053
14 46 -0.22850113049734233
14 48 0.6234705481757539
14 51 0.07782533494804444
14 53 -0.10236824776870046
14 59 0.09094013820557167
14 65 -0.4257622947642892
14 68 -0.06633598813395025
14 73 -0.8404538288517085
14 74 -0.7543613657693231
14 83 -0.2917182896759085
14 84 -0.7765165317848464
14 86 -0.3654846299620791
14 94 -0.3441040775731681
14 96 -0.5193999917257419
14 99 0.3184596899226164
14 104 -0.23925795866396737
14 105 -0.8099791614617959
14 108 -0.35124197482063035
14 109 0.6512460111416383
14 113 -0.11483048584664735
14 126 -0.980090595269846
14 132 0.9085876142241329
15 21 0.6688299849024519
15 22 0.9389616354736701
15 24 0.6516417015944509
15 25 0.2967881366880958
15 32 -0.5418074085196507
15 35 0.3116393654606273
15 41 -0.3757625505980642
15 50 0.6164493371848878
15 52 -0.8244060017771984
15 56 0.7382495519569554
15 57 0.5672397697321678
15 64 -0.6359310790273716
15 69 -0.7086666070521819
15 70 -0.7649166542486066
15 72 -0.13741500819810692
15 76 -0.26660174372800105
15 78 -0.9876122634431828
15 91 0.43339054531379384
15 94 -0.15007258237486565
15 98 -0.25960602653573583
15 100 -0.8635690381214081
15 101 -0.0055327398904514435
15 102 -0.6026625275940849
15 103 0.5284365542350844
15 107 -0.4897818808988579
15 108 0.9192710526361167
15 111 -0.4858371265625927
15 114 -0.8135691371102687
15 118 0.7185457148692769
15 119 0.11826386398468558
15 120 -0.13531583396300606
15 121 -0.4366212312341755
15 123 0.9298358126868413
15 128 0.7718996273281742
15 132 -0.17190860043591738
15 133 -0.3124366371457994
16 18 -0.401490516334454
16 29 -0.22216158427987476
16 31 0.7821878836298679
16 34 -0.6605921274846385
16 37 0.5084009337117434
16 41 0.9081932384581228
16 47 0.8658566518894903
16 48 -0.51080819961366
16 55 0.43820959454028974
16 58 -0.912235139802908
16 65 -0.22872438169686515
16 73 0.7329730473595695
16 78 -0.1247700709661661
16 81 -0.6855043644237742
16 82 -0.30779067502875823
16 83 0.7327123954005614
16 88 0.2282448563067716
16 89 -0.543956832822807
16 94 -0.346682567878249
16 99 -0.2029952546932401
16 103 -0.1058233303909395
16 104 -0.8801082531931612
16 105 -0.5186851709050491
16 106 -0.09434474146391292
16 107 0.2840649170573686
16 111 -0.7627809855831862
16 116 0.16296413308372393
16 119 -0.13357588379813357
16 120 -0.6379950852955698
16 122 -0.02832333244754337
16 124 0.09142885694486402
16 128 -0.7944304761005989
16 130 -0.9324465570473319
16 131 -0.9157598359637993
16 134 0.39991462524096955
17 23 0.1498195150414834
17 24 0.2550310548823691
17 25 -0.6233256471825381
17 27 -0.6500362186754829
17 30 0.6320797610378701
17 32 -0.8457239959147784
17 38 -0.2817473352889268
17 44 -0.30354393600448315
17 47 -0.9351625282235101
17 51 -0.3707790701388547
17 52 0.7602664125525276
17 53 -0.6867421068921558
17 54 -0.9520968973513366
17 56 0.9887066411744041
17 57 -0.8692151269282935
17 62 -0.41831010057393514
17 64 -0.02018107702948857
17 66 -0.22126118021307373
17 67 -0.01572280789756575
17 70 0.15702155194609824
17 71 -0.18157019660902174
17 73 -0.24642180074929176
17 76 0.6338111832485636
17 81 0.10822083002377547
17 82 -0.6645207872672301
17 92 0.5296197189352776
17 95 0.30387758266882536
17 99 0.46771848819077433
17 101 -0.6292131690278548
17 102 -0.030842994573192284
17 104 -0.14820313389980666
17 106 -0.1806492445715313
17 107 0.4543025638584117
17 111 0.7847552414614731
17 121 -0.8818469730847369
17 126 -0.5105908375356389
17 128 0.36602274025049564
17 132 0.4390462415609391
18 20 0.8148956293052232
18 25 -0.5265069577580466
18 27 0.8461652495022309
18 29 0.9144821866924195
18 32 -0.7883453100505489
18 38 -0.5318396064252675
18 39 0.4957026716662134
18 41 0.1759839773575127
18 43 0.5710800064614261
18 50 0.3570390759824291
18 51 -0.8764945198799428
18 54 -0.7283580678325907
18 61 -0.04501134244892491
18 63 -0.3240588031573559
18 65 0.5688295384335438
18 72 0.015578284187167446
18 76 0.48143554454799253
18 78 0.8135457258032175
18 82 0.30504538054594965
18 89 0.1685652338462158
18 92 0.7786644615999645
18 99 -0.4937468145833861
18 112 -0.7939164684984104
18 113 0.839027671856911
18 116 0.630469221235272
18 117 -0.6472427860035994
18 122 0.6707254576748427
18 125 -0.9204310232376349
18 126 0.6419647519761602
18 133 0.6045370128853103
19 20 0.9413551055831457
19 25 0.6672575694830369
19 28 0.3246052813045768
19 35 0.04195250600830436
19 37 0.666844803793367
19 38 0.2880596004716838
19 39 -0.7510040078197697
19 43 0.482012287168462
19 45 -0.29168671327475404
19 51 0.5380976925860415
19 52 -0.7868093863833598
19 57 -0.8717929498927188
19 58 -0.7735441609219997
19 60 -0.7135656479386039
19 63 -0.525130861868228
19 66 -0.4294007816170504
19 72 0.029607355310310668
19 73 -0.8754759925870084
19 79 0.9582170575967999
19 80 0.6269756324536011
19 81 -0.5858978910864558
19 82 0.8860908817421651
19 84 -0.17213344549900866
19 88 -0.9957874928996182
19 90 -0.8387985096807908
19 91 0.8737346990526011
19 92 0.8701050178621208
19 95 0.0014579010751083477
19 98 -0.7369254345399334
19 101 -0.4698333155953103
19 105 -0.05492281900752238
19 109 0.6557438378396734
19 114 -0.769985737435662
19 117 0.6569807485703163
19 119 0.27688546253332325
19 123 0.30967155978250194
19 125 -0.795113367036834
19 126 -0.541035425732173
19 128 0.8899524233951275
19 130 -0.3722169252919565
19 132 0.36201392667317145
20 24 0.5047055102318403
20 29 0.33938194301808133
20 31 0.3470251542334195
20 44 0.21208212013458816
20 45 -0.6674434360580708
20 49 -0.02848287762584456
20 52 -0.0027386515402352263
20 56 0.5001426812466945
20 58 0.07526510685338095
20 61 0.5040493159390214
20 62 -0.8201892391964074
20 63 0.3517240159333106
20 75 -0.4426114681234672
20 78 -0.335264317364677
20 79 -0.28839553137165863
20 82 0.10684552085251364
20 84 0.7736681968084653
20 87 -0.5136212736785875
20 89 -0.6226995103861757
20 91 -0.5776668935087168
20 92 0.6753445687680653
20 95 0.9001181512675347
20 101 0.1533317189511223
20 103 -0.09492588475743435
20 104 0.15598628344724297
20 105 -0.9279362235251434
20 106 0.7241493820774432
20 113 -0.14136968775532477
20 115 0.8235423689406975
20 119 0.0874194058236808
20 124 0.6735196711442555
20 125 -0.5920663140207829
20 126 0.09924139502237872
20 129 0.44427968180536825
20 132 -0.6135723190018856
20 134 -0.21835278960872673
21 24 0.22194702393604548
21 27 0.6959208490197317
21 28 -0.0972633078549121
21 29 0.5968145931373465
21 30 0.44393402752262556
21 32 0.2514550080431963
21 35 0.6330667855759744
21 37 0.5391777125381398
21 43 -0.36315908104233974
21 47 -0.4388205390743125
21 48 0.9430942357189684
21 50 0.21201243063278152
21 51 0.3144307395912984
21 56 -0.6076517071244365
21 57 -0.9981799492385421
21 58 -0.412442844933421
21 66 -0.736217364872354
21 75 -0.14711334553618372
21 78 0.9676706040761425
21 84 -0.3727466832043369
21 86 -0.6155656059581114
21 87 0.036364048715473496
21 91 0.9257283074038298
21 97 -0.4109874075767741
21 106 0.9818601876224162
21 107 0.48499782347320464
21 109 -0.6372082617589854
21 112 -0.3396778099222053
21 114 0.4697363857394967
21 121 -0.09501034325318036
21 122 -0.8062592777449955
21 123 -0.22456656938129926
21 124 -0.9078155372571357
21 127 -0.7981188205667991
21 129 -0.7667763602860433
21 131 0.4110704348760321
21 133 -0.9404067103922444
21 134 -0.1289332152521545
22 25 0.6665688884437952
22 33 0.41728149935819037
22 42 -0.7803808516553239
22 44 0.6499275582056434
22 48 0.22132255898201425
22 49 -0.8563812199928835
22 52 0.05630080483425237
22 54 -0.7746785541575858
22 56 -0.9457415513072407
22 58 -0.58002732878108
22 59 0.36224203257306087
22 61 -0.980959273622853
22 65 -0.15588440687457328
22 69 0.9765917232297927
22 72 0.08820277390324938
22 76 -0.6652722708545096
22 79 0.7738510716280744
22 84 0.5765228765595656
22 86 0.4660219291233827
22 89 -0.4205471303399353
22 92 -0.8101753886574594
22 97 0.6590064777920428
22 98 0.3955181585908525
22 100 0.5562526516052502
22 104 0.6265568979839198
22 105 -0.8343024021609362
22 106 -0.7408433135407129
22 107 0.03891586043726192
22 109 -0.5069117294471832
22 113 0.33134514165750395
22 117 0.8428085327253099
22 121 0.006006571864569876
22 124 -0.569750304088178
22 125 0.03908408287184151
22 132 -0.5893891145199524
23 28 -0.7158184287885485
23 30 0.7449442896588518
23 35 -0.44206424788588894
23 37 -0.1710876993596726
23 41 0.06930301884915036
23 43 0.8472628388785686
23 45 0.9805788114384248
23 50 -0.5849445568523024
23 54 -0.32055677965039675
23 55 -0.5359728277004512
23 65 0.4385213965294892
23 69 -0.7126793275383732
23 70 0.522711276484447
23 77 -0.08751775580447974
23 84 0.6794570655894026
23 86 -0.47566652570440215
23 88 -0.9826694811394177
23 89 -0.012552651554276428
23 93 0.20013844884318788
23 97 0.32693630471079005
23 98 -0.619843316572626
23 107 0.898478809432953
23 109 -0.699789967850533
23 115 0.667198424173433
23 116 0.4503343434555356
23 120 0.5785944923700561
23 122 -0.22803055067206435
23 125 -0.32124166256285336
23 130 -0.6031888955897982
24 26 -0.5520099257352182
24 32 0.05867958922293037
24 33 0.46065846294832147
24 34 0.45344942559975165
24 39 -0.08971172650555714
24 47 -0.5614338464337651
24 49 -0.6907144038885769
24 52 0.4011125886679201
24 56 -0.18377935205491003
24 58 0.6983288042592337
24 59 -0.23381883461154973
24 60 -0.21909712911686974
24 61 -0.26534308364532366
24 62 0.23958755005000465
24 63 -0.5705707098544228
24 66 -0.2737378465811764
24 67 0.1516540373234918
24 71 0.7795921718250565
24 72 0.40567652973041857
24 73 0.80940262814414
24 75 -0.7405347652713195
24 78 -0.6091612336295273
24 83 0.8178659820349556
24 90 0.3388761634466373
24 91 -0.6928854645072122
24 94 -0.5697054544083568
24 98 -0.7698179298906649
24 101 -0.2697063352045752
24 103 0.3762046963656054
24 108 -0.9023069253026839
24 113 0.4393593268256295
24 115 0.21870741701170338
24 116 -0.3909797590175308
24 122 0.6023280794554224
24 130 0.6765038736028073
25 31 0.33170876955649153
25 44 0.6110333682552751
25 45 -0.025140700946863603
25 58 0.65516786214703
25 59 -0.33034577158494227
25 66 -0.11799476661582542
25 67 -0.5175721522033216
25 74 -0.33703102040648103
25 78 0.9634681783022878
25 82 -0.9426801411521333
25 83 -0.18394880197339147
25 87 0.37829487638530845
25 90 -0.8024238409323903
25 99 0.10470391497415821
25 102 0.6977283058632833
25 103 0.008783649460199827
25 104 0.21820558083704156
25 107 0.08674868107124545
25 108 -0.4592067847381671
25 109 0.8251169952009343
25 113 0.08456465080368902
25 114 -0.15841365738487978
25 116 -0.7778723626735327
25 117 0.26404475670714755
25 121 -0.048774251821071424
25 122 -0.5362213590318816
25 123 -0.6373208450584555
25 124 -0.2462190862933007
25 125 -0.3955360886091164
25 134 -0.9497924021587689
26 29 0.7242795492840104
26 33 0.5137910703330102
26 34 0.2634778491498655
26 37 0.5864809673241336
26 41 -0.18590017575587647
26 48 0.4011016870984354
26 65 -0.07255907116071247
26 69 0.19580939503712602
26 73 0.28954610450918783
26 76 -0.3758775710405895
26 77 -0.30873000816218643
26 78 0.47119885426091224
26 83 -0.45100385673713994
26 90 0.07689583043018922
26 94 0.5083102381763787
26 106 0.4909734312364309
26 117 -0.4060884620657761
26 122 -0.38674836919273714
26 123 -0.8416854640033968
26 126 0.4857663373178531
26 130 0.20340903715513337
26 134 0.6799443901323459
27 28 0.8210621555843594
27 36 0.4283661919313455
27 39 0.9294768759199941
27 41 -0.5806884313860206
27 44 -0.11681625029592846
27 45 0.4005406464517176
27 46 -0.320799943198943
27 48 0.7530491469043381
27 61 -0.09394457795057987
27 70 -0.9691599178263195
27 74 -0.08664884680404672
27 80 0.20267201623320585
27 82 0.08007124555695189
27 84 0.18861286152765633
27 86 0.521423978062997
27 88 0.11273854529626615
27 95 -0.890592516910885
27 102 -0.6050563476140252
27 104 0.9987862439841371
27 108 0.7742237670383934
27 110 -0.15041857909843093
27 117 -0.3271998400156817
27 124 0.5996391680360629
27 127 -0.13068338713244398
27 130 -0.8895152565282116
27 131 -0.925291914399289
27 132 -0.3534478575768354
27 134 -0.4201395574099669
28 29 -0.3721188965809279
28 32 -0.6409521515970531
28 34 -0.7391134424021342
28 37 0.011224763841384933
28 40 -0.7012426586008871
28 41 0.3542590674844046
28 42 -0.491223360844915
28 46 -0.6848187155079939
28 47 -0.5164382567068617
28 52 -0.21979772006775433
28 55 0.6214417212367132
28 58 0.21064603240578528
28 60 0.5503331259424546
28 65 -0.8954151435830628
28 70 -0.8339647069859619
28 71 0.7834101608869046
28 72 -0.8448316588742777
28 81 0.4297814934037911
28 83 -0.6994772118224124
28 84 -0.508048227101827
28 93 0.026289213120489485
28 94 0.5771670805409495
28 95 -0.14509566369488436
28 98 0.7603257795758975
28 102 0.24161100361448495
28 108 0.9172899725505279
28 116 0.8678550468914352
28 117 -0.0947701744259819
28 122 0.9540771260340086
28 127 -0.21325148253630255
28 129 -0.5708591413403816
28 130 0.9109619187215168
28 132 0.3777711257710392
29 31 0.1285757836221706
29 33 -0.8688484975607111
29 35 -0.3377957315143607
29 43 -0.16112495015144201
29 53 0.6193791968593283
29 63 0.6630799590637919
29 75 -0.371880512067168
29 80 -0.13865326430590685
29 85 0.20764926185618138
29 90 0.044117557789566275
29 94 -0.8326938691968722
29 95 0.07343514821095809
29 103 0.610998282502276
29 104 0.7714950048837936
29 110 0.5091169677157097
29 112 -0.8755521938250621
29 117 0.2599743082480366
29 118 0.6093573880718239
29 120 0.383409499060704
29 123 -0.3079207051068793
29 126 -0.5359728572448084
29 127 0.7112406243265759
29 128 -0.07687429078760832
29 130 0.008319354994247519
29 131 -0.6932195617537811
29 133 -0.8383278349353835
29 134 0.17344398155786145
30 31 0.18875314703005652
30 33 0.26240857231132186
30 34 -0.8486457683356758
30 36 -0.504696653304928
30 38 -0.2814104809400626
30 42 0.727409407932591
30 43 -0.6999005926944237
30 48 -0.11602120283059691
30 49 0.49083534342797486
30 51 0.727735560581698
30 52 -0.4066392864700157
30 54 0.49877758225774116
30 55 -0.8407091888885032
30 56 0.6271510766210857
30 58 0.555538045315177
30 61 0.5338761460740864
30 62 0.6547784652515996
30 67 0.8970928054743521
30 71 0.39558500729425283
30 73 0.8622023607410743
30 75 -0.23496163384774005
30 76 0.593327600184572
30 79 -0.3531205394250496
30 85 0.23888702382104343
30 87 -0.46716107993329303
30 89 0.3314395581015155
30 92 -0.07981538064115168
30 94 0.12011222529734877
30 96 0.8158014402044329
30 99 -0.9675221252078352
30 104 0.27109760311114073
30 108 -0.4390093126788379
30 109 0.9040205903512897
30 110 0.22131029308322647
30 118 0.8554320709559331
30 119 0.8347073176924322
30 121 -0.2918173009103193
30 124 0.22092512583583335
30 126 -0.2599612175287882
30 128 -0.2762490630324095
30 130 -0.26471970909214404
31 33 -0.1852758838113735
31 47 0.15447316851398507
31 51 0.5034504715735808
31 53 0.8352601493641219
31 55 -0.14013719656081713
31 57 -0.49766116317107034
31 63 -0.27973702770378117
31 64 0.18703743732483957
31 72 -0.1919182991472752
31 73 -0.2707165409753587
31 76 -0.9800343165001595
31 82 -0.6556968476779343
31 84 -0.0911856459698912
31 89 -0.8463386385382101
31 90 -0.06295972982377429
31 92 0.32727493115491146
31 94 -0.8538157897776653
31 97 0.4155574211370501
31 98 0.8152898114913663
31 101 -0.4322252489699696
31 102 -0.1948279324913038
31 121 -0.42942397339285066
31 123 0.10097379711216492
31 126 -0.7702812622477209
31 128 -0.6577386823982485
31 130 0.9216289451994815
32 38 0.7844925645721346
32 51 -0.39072324477036324
32 52 -0.3614281675362212
32 54 0.9764049415739449
32 55 0.1780122631119212
32 57 -0.7934144652319854
32 59 -0.4716714303041112
32 60 -0.7777020113650612
32 61 -0.30941882839987134
32 69 0.25759507836184903
32 71 -0.17248247346945966
32 76 0.9440093060999677
32 79 -0.3406878869349823
32 83 -0.9982611468926823
32 86 -0.4023034744218352
32 87 -0.6883248125812771
32 88 -0.313431915662562
32 89 -0.4974041001876488
32 91 0.28358049744611624
32 92 -0.1936547073116397
32 93 -0.6635839049077827
32 94 0.5032057965436678
32 97 -0.6310373600533192
32 98 -0.6551421423944033
32 99 0.5204039157261093
32 100 0.47048308664362004
32 101 -0.3977841615694182
32 107 0.9499553404037178
32 111 -0.58155544171938
32 115 0.004203208528759772
32 117 0.9686544858270236
32 119 -0.7730362468933245
32 122 0.09418185519830202
32 123 -0.4610280903684172
32 134 0.513231325739689
33 40 -0.7500533200262189
33 42 0.17104131842928383
33 47 -0.9697590751578631
33 49 -0.2365353433779931
33 51 -0.06832894713990556
33 52 -0.6358283192720544
33 54 0.20204207082768044
33 57 -0.4221803072759249
33 60 0.10458975615415667
33 65 0.47371146222522276
33 66 0.18829362343431222
33 72 0.8612745676871243
33 75 -0.6909147494880477
33 80 -0.9100195617440698
33 84 -0.1406512362919763
33 90 -0.03269210675253453
33 91 -0.5783908795810151
33 93 -0.1500473549769039
33 97 0.3124262466656249
33 101 -0.5162235870334544
33 102 0.899948460052338
33 120 -0.05910815886067522
33 123 0.8507139744777485
33 127 -0.4926752192313235
33 132 0.45158504803054256
34 36 0.2723932178077948
34 38 -0.5149801025622931
34 45 0.2800957420104522
34 49 0.6260333843390438
34 57 0.6586530661856917
34 60 -0.874452856789167
34 62 -0.0934027123199459
34 64 -0.052746352531126695
34 65 -0.25709835706308204
34 68 -0.11503116857686968
34 69 0.4079742120906902
34 71 -0.08741547684906537
34 78 0.9478902040598232
34 79 -0.5702870665767354
34 85 0.16191763255151526
34 88 -0.2234530643695143
34 89 0.2792099588461854
34 90 -0.38523547596330565
34 96 0.20245770992468115
34 97 0.010654385931564647
34 99 0.9307555291175418
34 102 0.8868116850291363
34 103 -0.37250255466576876
34 104 -0.7297244337059037
34 106 0.01898814016645045
34 107 0.1702204973443937
34 111 -0.5691334908375001
34 112 0.8085301329238495
34 113 0.8748862515085831
34 116 0.8844572923010408
34 118 0.6915598686498892
34 119 0.21665874274767383
34 122 -0.4158926560979046
34 128 0.5206334757997721
34 129 -0.319761924079494
34 130 -0.5048484453096516
34 131 -0.2377320242535963
35 38 0.25605356823864156
35 39 0.19322395719914232
35 40 0.22895073325129323
35 47 0.3594552719602855
35 51 0.1057053188769308
35 52 -0.9173233108419743
35 53 -0.6435302117352171
35 54 -0.4111881774560069
35 57 0.13096211597163365
35 59 -0.7886936884194797
35 60 0.19210922983827938
35 69 -0.2113168919627153
35 72 0.5208729036934614
35 73 -0.9105016084015325
35 75 0.444021441862658
35 78 0.28824095653003035
35 81 0.5966972149121001
35 84 -0.01660942174809188
35 85 0.5093079376043261
35 88 -0.7292581047491715
35 89 0.7556970234153944
35 95 -0.5284956861841472
35 96 0.7831768226529539
35 98 -0.43301273925062556
35 103 -0.9543049597336613
35 105 0.7410316716108507
35 106 0.6093349642318453
35 109 0.9746885005658334
35 110 0.853005259207636
35 116 0.43253936142461913
35 117 -0.1668478188338749
35 122 -0.525187661160051
35 124 -0.5099606840635167
35 128 0.6314841104508515
36 37 0.08851203662580298
36 40 -0.7298085895579334
36 48 0.8387486008916107
36 50 0.1005720019136287
36 52 0.2859178968665239
36 54 -0.011799116035832391
36 55 -0.14187455891583256
36 56 -0.9962156064887124
36 58 -0.9521571774569839
36 63 0.4174241631432849
36 65 -0.31262876333446243
36 75 0.6550741903029447
36 79 0.4443108717633515
36 80 -0.4559437066620191
36 81 -0.2107268688179007
36 85 -0.9760702957587069
36 86 -0.6538345898658882
36 88 0.8065467863981659
36 89 -0.8878633580880468
36 92 0.0019742706123075937
36 95 0.2816590602613436
36 97 0.7132216553242825
36 98 0.21640289644291433
36 104 0.9284287131321267
36 108 0.6226206924435402
36 115 0.6991273800603486
36 123 0.4634727902255431
36 127 -0.30357075733621164
37 40 -0.2359552913941314
37 44 0.38536601283130567
37 58 -0.4835745788799606
37 60 -0.7339111082879508
37 61 0.8402796941882913
37 76 -0.06438963832785549
37 79 0.827927204883723
37 87 0.7956061467437847
37 88 -0.0002846952214936582
37 89 0.9359169084243504
37 91 0.5170663265485007
37 92 -0.12573635135964234
37 94 0.055360354852455496
37 95 0.45759504828610775
37 98 -0.8023507521645104
37 102 -0.36198208867148374
37 110 -0.14350789488005233
37 112 -0.01548184991366619
37 113 0.6742657420503524
37 114 0.8454313375453224
37 115 -0.7246225407476465
37 118 -0.9287439726577018
37 120 -0.151568068948849
37 121 -0.5949063669872288
37 122 -0.7187118341992338
37 128 -0.804703203690017
37 129 0.5020968037832687
37 130 -0.5259495063584869
37 131 0.9411105466777852
38 40 -0.5902130937877952
38 43 0.0930464231992496
38 52 -0.38923961439742905
38 53 -0.12943191200843995
38 63 0.6075546684683175
38 65 -0.32201295484321935
38 66 0.8135453243203166
38 68 -0.7954307806040399
38 70 -0.817823944576622
38 73 0.20997650798938738
38 75 -0.12213577180757307
38 77 0.6995881880328065
38 79 -0.46499720176663284
38 80 -0.30456676411004246
38 85 -0.24638669404612834
38 87 -0.14829606481660385
38 88 -0.30981137144764004
38 91 -0.8620281590096579
38 97 0.8668789109537023
38 98 -0.30460660887633617
38 101 0.5407418981353131
38 107 -0.49623589399417867
38 111 0.6834296971365053
38 113 0.4637749902644328
38 115 0.9797791695009026
38 117 -0.8152685466763241
38 119 -0.9559412283083886
38 123 0.5409178757624091
38 124 -0.10358122452720808
38 127 -0.23162765668206142
38 132 0.7881705623237476
39 40 -0.3456968988050797
39 43 -0.9097428319077496
39 45 -0.882231184215382
39 53 -0.3951357266943527
39 54 0.9896200522385841
39 58 0.4319106982533487
39 66 -0.3165792583847986
39 69 -0.5303879283596606
39 74 0.39679694080970584
39 75 -0.7899210010788205
39 76 -0.6510415788177146
39 79 0.1321616281928506
39 81 -0.9152593830087232
39 84 0.03765120056346549
39 89 0.6394464694992819
39 93 0.05406946130190504
39 94 -0.9080071111106354
39 98 0.15952267531094244
39 100 -0.6844252741364028
39 102 0.1318813314140317
39 106 0.3938413905818343
39 107 0.03535738337077454
39 110 -0.557804319619265
39 112 0.846301588152123
39 113 0.9378818680333838
39 117 -0.5262253410059425
39 120 -0.4767564399808124
39 121 0.5001119625394377
39 128 -0.06115975173713073
39 130 0.4198568569660732
40 56 -0.1451173825528742
40 61 0.4877169148811402
40 74 0.9143635716378364
40 75 -0.15259530582394243
40 77 0.45608154204034257
40 80 0.3201905092035031
40 83 0.6527633152170254
40 85 0.12415440722377147
40 87 0.2034877928472969
40 89 0.5580180997453448
40 94 -0.20719862879402218
40 98 0.26983984062772093
40 102 0.44256671276823045
40 104 0.40833595366811015
40 107 0.08365710824881112
40 109 0.8093243267872117
40 110 0.8092304888639132
40 112 -0.16355751351449377
40 113 -0.5070970181833863
40 114 -0.16455406674591178
40 120 -0.5601983782624615
40 124 -0.8560777314245229
40 125 0.4784330402813135
40 128 -0.7246635928682024
40 130 -0.3278610877026362
41 42 0.45517899896402847
41 43 0.17577254026471056
41 46 -0.4580075949359712
41 48 0.8713347189625125
41 55 -0.4629804868115728
41 56 -0.6522061733485642
41 57 0.04737751480963648
41 59 -0.1029317502414473
41 60 -0.5685615918425415
41 63 0.8665553054624149
41 68 0.10742755886304978
41 71 -0.5536006418640167
41 76 -0.41300071610117617
41 79 -0.6827815378487607
41 80 0.2563590576492889
41 81 -0.6891278820830959
41 91 -0.17621825435395988
41 92 0.2134836417958097
41 93 -0.722978468849383
41 95 -0.07825858129269392
41 102 0.9071446090215856
41 103 -0.17151655349911832
41 104 0.11920725509187191
41 113 -0.7285883246259113
41 118 -0.7205708081768385
41 119 0.6119277124398674
41 122 -0.316230072946847
41 125 0.7555935282041644
41 131 0.9960791985452027
41 134 0.5787062167453871
42 44 -0.15451481251185073
42 57 -0.9986610907507021
42 62 -0.27541446390056823
42 72 0.3390184659856532
42 76 -0.267625316673592
42 81 -0.4174106166000382
42 83 -0.7174877356125264
42 87 -0.6666457049343426
42 88 0.2328260585861066
42 91 0.13163082648895452
42 95 -0.6039879787767726
42 97 0.7555643446898719
42 100 0.5988976925517158
42 101 0.01303819350215707
42 105 0.9214013595128261
42 110 -0.353757623523006
42 112 -0.7333241319037336
42 116 0.2775116351544784
42 117 0.2683203006712831
42 118 0.801388894145663
42 119 -0.8529349374229289
42 120 -0.45837431685264973
42 125 0.2238980822287222
42 128 0.47971570701824384
42 130 -0.7384517661233727
42 132 -0.5086353166704798
42 134 0.4211725711060923
43 44 0.8862525271073693
43 45 0.1782602318289932
43 46 0.30079103396943085
43 49 0.8314265313069642
43 52 0.041903822097953514
43 53 0.14423952316240096
43 56 -0.8337888746276534
43 61 0.23453290251123748
43 69 -0.6070566375300352
43 72 0.14053639379520555
43 74 0.40477374052920423
43 80 -0.10457353672888092
43 87 -0.978046471841576
43 94 -0.14532832624942515
43 102 0.6968713910443278
43 105 -0.5203834972914736
43 107 0.3662993968512045
43 112 0.7310961641033682
43 114 -0.8536878986548804
43 115 0.8538174533548808
43 117 0.26772578671328784
43 118 -0.5016340281548888
43 119 -0.6740354377931472
43 121 0.8344552629342215
43 122 -0.27545231673682546
43 126 0.93203049118209
43 129 -0.845969383460144
43 131 -0.6161119310553453
43 132 0.14235037599191736
43 133 0.294301186706289
43 134 0.8795540086401581
44 50 -0.9116304637245543
44 54 -0.4367697325151798
44 57 0.13598879104143546
44 58 0.0967395993302036
44 59 -0.29654435136993307
44 60 0.05446657213950701
44 65 -0.30323351294818646
44 72 0.125427280797477
44 76 0.9034846865019734
44 77 -0.8888818033540764
44 81 -0.6949215651430658
44 82 0.7784925258719804
44 83 0.3326544296900491
44 87 0.524845606953471
44 88 -0.486746652118049
44 92 0.2828172127569015
44 93 0.8892511859255963
44 99 -0.969068675919367
44 101 -0.5724663739732068
44 103 -0.5597648832714119
44 104 -0.9041101775367915
44 113 0.34414814817096695
44 120 -0.7206367131338136
44 121 -0.9748939462306057
44 124 0.3316761811288145
44 126 0.6637913284043273
44 127 0.1188595355314106
44 131 0.5132792013778817
45 46 0.04045173356899534
45 49 -0.7165400845242169
45 50 -0.8818645382295114
45 54 -0.019402138095868438
45 59 -0.8225628564715857
45 62 -0.9080375786056991
45 63 -0.39133137490336134
45 67 0.5482135669988784
45 68 -0.11508990829656773
45 69 -0.31035740211162866
45 70 -0.4956687234528103
45 78 0.9294773343047007
45 84 0.08867574533158584
45 89 -0.625441393898265
45 95 -0.587300751978103
45 99 0.6219492110452765
45 105 0.6948741508556406
45 109 -0.13068864379482759
45 112 0.7835490034763282
45 113 0.6189504613953158
45 114 0.9846798733003785
45 115 -0.25857841950309535
45 118 -0.11556130278916754
45 122 0.34381234052778087
45 124 0.4333414015252244
45 126 -0.8741567073079546
45 128 0.769111539681095
45 129 0.8649110957962911
45 131 0.5555346923778686
45 132 -0.752719600008561
46 56 -0.22301942902326255
46 63 0.6749183959966654
46 64 0.11520216309253217
46 72 0.2413524058546188
46 76 0.6909283482263815
46 79 0.9905133865428724
46 80 0.6880439224702117
46 81 -0.992207618587674
46 84 0.5888947623612466
46 89 -0.8319852172180442
46 92 0.4029744035814944
46 95 -0.18613979046417328
46 104 0.7073852271053462
46 105 -0.7048130389242342
46 106 0.2634967585738328
46 109 0.9759295716103675
46 110 -0.3798860938020514
46 111 0.49907699820990836
46 116 -0.939505433944118
46 119 0.6378722406956905
46 121 0.14797600738772898
46 127 -0.3156040973960508
46 129 0.7398807958295051
47 52 -0.01537456592096631
47 53 0.304028152107334
47 55 0.45381091649484673
47 62 0.6614414362460985
47 63 -0.5754527022754694
47 70 -0.6954792192867609
47 71 0.38574949785315815
47 74 0.07137492008465585
47 78 0.736219191518527
47 86 0.5308830917668625
47 87 -0.8456371090680899
47 96 -0.14553732700410338
47 99 -0.3602202761027671
47 101 0.9069082935847799
47 104 -0.6229528707545227
47 105 0.5261520431761635
47 108 0.6484984069143029
47 109 -0.5125206533195206
47 112 0.17589432683597628
47 114 0.9939698816508058
47 118 -0.7534580429841715
47 120 0.953306788642488
48 59 0.48244020112481834
48 66 0.6259752694556509
48 69 0.6813377065223085
48 71 0.4815420925390195
48 72 -0.8834428718110237
48 73 0.39508461341247303
48 75 0.8813959765732389
48 77 -0.09336122986200301
48 80 0.9440131958756246
48 81 0.06586376121350224
48 83 -0.31834780218010583
48 88 0.35358526350605346
48 97 0.1345018283711339
48 98 0.06567961377217668
48 100 0.27509636700742135
48 103 0.4629719696874366
48 105 -0.38380005796638184
48 106 -0.9125306291445894
48 108 -0.49260704932395094
48 110 0.39606017628136714
48 120 -0.6684129530352128
48 122 -0.41628007168324954
48 123 0.7416981530496087
48 127 -0.6810913910131615
48 133 -0.0964424223588205
49 51 0.07427818652764229
49 53 0.9039727813312404
49 57 -0.8981260261456312
49 58 -0.35889990601738186
49 60 0.663393761432433
49 61 0.937404183401882
49 62 0.9256818243879956
49 67 -0.19939741817232792
49 74 -0.1942292714712488
49 78 -0.6684042625380826
49 82 -0.9457844336971044
49 85 -0.5826292691353621
49 90 0.5055091525501851
49 94 -0.23165238573066205
49 95 -0.7119569838970243
49 102 -0.8513196546990525
49 104 -0.31568287836206443
49 105 -0.3667389042585232
49 106 -0.11263143281095989
49 108 -0.23183294166492652
49 109 -0.4866701758538827
49 115 0.1419569325476513
49 119 0.2711735093698342
49 120 -0.4779214107384071
49 125 0.5615508161311222
49 127 0.021225629708474303
49 128 -0.014084905747155041
50 52 -0.7626798912967583
50 55 -0.08241475185671221
50 56 0.7214941224183871
50 60 0.707604292759493
50 62 -0.3393540489756086
50 69 -0.5170736245354719
50 70 0.7686439432696683
50 79 0.2594048337204622
50 80 -0.21182015769069396
50 83 0.281424234260893
50 84 0.8586586472743467
50 85 -0.23736685159701798
50 88 0.6286299365524035
50 93 -0.4298538399782754
50 94 -0.6083624723543546
50 95 -0.7329954036364306
50 97 -0.8087496459921473
50 98 -0.8412976492280908
50 99 0.5217743854692034
50 100 -0.97995223396224
50 102 -0.047903412976444404
50 107 0.3373023960161585
50 114 0.5659089223026941
50 115 -0.9966359705870085
50 119 -0.2364860592699516
50 125 -0.20911789503208777
50 128 0.4517019802369844
50 132 -0.44880905416746075
51 54 0.6904050160083106
51 57 -0.5745835563493433
51 59 0.27030089462103435
51 61 -0.616028326046457
51 64 -0.24702714249953828
51 65 0.5198939293888338
51 72 -0.20833167311329603
51 73 0.9564378564762663
51 74 0.9596521803678615
51 75 0.738460553972814
51 81 0.17043138898856136
51 86 0.47451827633135246
51 94 -0.1754361571086407
51 98 0.653492699157546
51 100 -0.09389040183924835
51 101 -0.4749548440255815
51 117 -0.9441395840445499
51 118 0.04974619987057438
51 120 -0.938255079162911
51 124 -0.20059924887935532
51 132 -0.3302943668983356
52 53 0.9328166232552104
52 60 -0.46556660271205996
52 63 0.36019232368749754
52 65 0.35040047064538316
52 67 0.6204172468798261
52 70 0.25948561165287143
52 71 -0.7986396492189041
52 72 -0.7839947699098908
52 76 -0.509857445294364
52 84 -0.8257562501975935
52 85 0.4808976895452599
52 89 0.8600350298713744
52 92 0.6437293711799861
52 103 -0.9241444153916858
52 116 0.006916025854375674
52 128 -0.7131970300234176
52 129 0.5718851031218415
53 62 0.9390630541006655
53 64 -0.17575902288813228
53 65 0.22145553922396322
53 67 -0.5653269125644425
53 76 -0.43416185840892374
53 79 -0.9994531926955947
53 80 0.7256835269389723
53 82 -0.03527899932091816
53 83 -0.1734029992023347
53 85 0.1509766107948649
53 90 0.029236677120427323
53 92 -0.32714969295834173
53 103 -0.7431492445879948
53 105 0.28798847677156836
53 110 -0.44357618306063995
53 118 0.07758588414368917
53 122 0.4151548657716384
53 130 -0.6722272481520264
53 131 0.0015376216570810453
54 61 0.7234327514279859
54 69 -0.6051700050247493
54 78 -0.2074996696555682
54 79 0.38565857034748174
54 80 -0.7618039559220897
54 81 0.36745574396386704
54 85 0.5082932347836788
54 92 0.4188690119269689
54 97 -0.24681269325035804
54 100 -0.965807440645529
54 102 -0.2865198810251637
54 112 -0.08941071492131414
54 113 -0.4317740413123752
54 132 -0.5660466149485599
55 59 0.6381572852745505
55 64 -0.20672107558345965
55 67 -0.6320494914955883
55 69 -0.32756950774929483
55 74 -0.9386860025801251
55 78 -0.3240017221394147
55 79 0.40843590332540325
55 84 0.38022581459941196
55 85 0.2342250413752509
55 89 0.3257686323040263
55 93 -0.20519764183730782
55 95 -0.1397790499053635
55 100 0.8823082273801324
55 102 0.2611652637891342
55 105 0.053044733665387866
55 110 -0.7610780168399198
55 113 -0.6675893373749211
55 119 -0.7481459923482199
55 120 -0.12007505031745502
55 123 0.034894719967461185
55 126 -0.44969535741626854
55 129 0.23215113179935942
55 133 -0.09267186849105036
55 134 -0.7256073889690142
56 67 -0.5796626204824633
56 70 -0.9398548572308596
56 74 -0.5923923618954323
56 75 0.5166838118758528
56 78 0.3472238177522484
56 80 -0.10548055424179559
56 81 0.029757059236173555
56 88 -0.7353770609634662
56 89 -0.7012114999893506
56 105 -0.400650779066996
56 106 0.3784454497599874
56 107 -0.9381166311292084
56 113 0.9908604207960148
56 114 -0.5802127213423887
56 115 -0.009810180236037525
56 117 -0.20624441618384415
56 118 -0.865271403609378
56 125 -0.9386965329292987
56 128 -0.3956567365783408
56 129 -0.5914839304008819
57 59 -0.49851339457084376
57 60 -0.052327851823154914
57 62 0.1793756586102777
57 64 -0.9996623594634975
57 65 -0.9741337456793351
57 68 -0.6744746792057599
57 69 0.6477365339994807
57 71 -0.14588531031870033
57 73 0.20569482188800126
57 75 0.1529699560171336
57 76 0.2428922037661343
57 84 -0.48537303683918775
57 88 -0.33839059845322406
57 97 0.06897699773174115
57 99 -0.3331616042189587
57 100 -0.87234108582343
57 108 0.17883989904060082
57 109 -0.1235174814115032
57 110 0.2352206044643972
57 111 -0.34262446963934545
57 119 -0.3798826249610796
57 121 -0.3075975052428084
57 125 0.6605005650045694
58 60 0.054072977457476634
58 61 0.5578654786048189
58 62 -0.8226343972909693
58 64 -0.07029861816823924
58 70 0.25189000577857534
58 71 0.5369089344430271
58 74 0.3231235990558097
58 75 -0.09018258765833775
58 76 0.6782028173530588
58 81 -0.20156097996737543
58 82 0.9284447848706332
58 93 -0.03486454100496417
58 96 -0.6919548113244376
58 100 0.84553534925683
58 105 0.16741509765831664
58 109 -0.15921901784585435
58 113 0.9103222550646315
58 117 0.5076047819700877
58 120 0.9014352162082533
58 123 0.7050514156011369
58 128 0.8611976735082123
58 130 0.0711724040881947
58 132 0.4790635917916082
59 64 -0.572094007106658
59 67 0.18337999958434614
59 79 0.7096811742534861
59 83 0.8163927777294837
59 84 -0.8902702109101364
59 86 -0.828089162276646
59 87 -0.4215055952330191
59 91 0.22844147638100187
59 98 -0.055485869914221775
59 103 -0.36297088608922534
59 104 -0.6580218264114068
59 105 -0.3389477395471463
59 106 0.37241731770003916
59 111 -0.11511885059554583
59 115 -0.05403065558514686
59 120 -0.8430317477972742
59 121 -0.5400506145828479
59 122 -0.8611020165519583
59 125 0.2074889652061922
59 132 0.6475815839527359
60 70 0.8117359852986197
60 71 -0.9296756202082301
60 76 -0.12138065082158378
60 81 -0.6782454327148273
60 83 -0.47807137896951657
60 84 0.2082673063670364
60 87 -0.807877006211783
60 89 -0.6965798424818122
60 92 -0.36917087951821936
60 95 0.7453471498183437
60 100 -0.9649214183490105
60 102 0.021158289767924332
60 103 0.8146203272782904
60 107 0.9172964081413828
60 109 -0.30025730732208444
60 110 0.5794860070347432
60 113 0.11488236107750849
60 114 -0.9415928686209993
60 118 0.20976392449563308
60 119 -0.8270866296897792
60 122 0.2108663770047594
60 125 0.2213953506275168
60 126 -0.06635859370902275
60 131 0.3651977466119696
61 63 0.7974913556765875
61 64 0.15002162604378233
61 65 -0.8550076102626833
61 68 0.08187907941473771
61 69 0.6938473776183098
61 75 0.8199622780071836
61 79 -0.931792600589781
61 81 0.5604862698274988
61 86 0.7497304878124265
61 89 -0.25174985125017857
61 95 0.40046146092763224
61 97 0.10697480094988032
61 99 -0.26331330697436095
61 104 -0.7399206970152423
61 105 -0.9292812763708229
61 106 -0.5893494738980112
61 107 -0.9072374351221211
61 110 0.45347143803286594
61 113 0.47434607307273424
61 114 0.04158847675113542
61 115 -0.733849546556169
61 116 0.6805003245627799
61 119 0.9453692388659853
61 121 0.17857224670467398
61 127 -0.09162536056502968
61 129 0.09771230639704842
61 131 0.606721676562253
61 134 0.9512009460874771
62 64 0.8491114939560538
62 65 0.8291511483136544
62 68 -0.8529257275490127
62 70 -0.35666917496768136
62 71 -0.17484844361309282
62 76 0.5522242165377211
62 80 0.2226097163395866
62 84 0.665816124187895
62 88 0.18677735795534378
62 90 -0.7024583223805609
62 96 0.11099873409370997
62 106 0.3862697291001844
62 107 -0.4764208707808979
62 114 -0.06401304393604468
62 115 -0.8999638710708886
62 116 -0.5379807716898446
62 117 0.2854090139961649
62 121 -0.21087867647577951
62 131 0.04096167378695359
62 134 0.42705399586846005
63 64 0.1592550667468735
63 66 0.7493291802713575
63 67 -0.16754281467989496
63 69 0.42726931533500356
63 70 -0.10372127527195052
63 71 0.8515826329147358
63 72 -0.39816318171388687
63 77 -0.6139716757739928
63 81 -0.44058734148054857
63 82 -0.45537328813727096
63 84 -0.12610490768938587
63 86 -0.7435096023522361
63 89 0.6061550078213043
63 91 -0.6250969143409129
63 93 0.012274084686635378
63 96 0.6530837072640161
63 100 -0.5333217856255719
63 104 0.0030158659396350984
63 106 -0.9395160860471052
63 110 0.33276008846024596
63 111 0.4977764216207181
63 114 0.7213990609221925
63 120 -0.19828320408455902
63 122 0.275635008060118
63 128 -0.6600468692384407
64 76 -0.9752808656130207
64 80 -0.023443150459888873
64 81 0.2506540929023098
64 83 -0.2742514235574911
64 85 -0.5026024854211684
64 89 0.9402639369578616
64 95 -0.8796813873014855
64 110 -0.25851191073024515
64 112 -0.8871172260282494
64 121 0.4893270556505913
64 128 0.839317043455944
65 70 -0.36025819489752897
65 73 -0.8462700183433634
65 74 -0.2908872534493534
65 81 0.7560119384973769
65 82 -0.9125681380738946
65 83 0.2730517820904381
65 84 -0.9393501286317634
65 90 0.40048280781411116
65 94 -0.9494150652555065
65 95 0.6568115646551902
65 98 0.3031086984013833
65 99 0.7508986620870921
65 100 -0.8863847788196264
65 105 0.5732963789370151
65 106 0.26020626677108205
65 108 -0.35507126678811374
65 110 0.14093879965699796
65 114 0.7743792212081897
65 115 0.22785365933540702
65 116 -0.8673773377673486
65 119 0.04043663439323808
65 122 0.3458054911830377
65 123 0.5201352019952745
65 124 -0.014889483919912294
65 127 0.4360018827195977
65 129 0.061454385623570085
65 134 0.22666426925066774
66 67 0.4122754280790515
66 68 0.3088506775059956
66 73 0.7731880267555895
66 75 0.8131460830798689
66 77 0.4905250596480679
66 79 0.9781852151982922
66 81 0.49367442069253276
66 90 -0.1461794873176685
66 96 0.6667345510327447
66 97 0.09287650046639362
66 98 0.7300595765507576
66 102 -0.42144129506931494
66 104 -0.31632867898995065
66 105 0.3267121822731207
66 108 0.43486565895098206
66 112 0.05641428031111562
66 113 0.02156558463725089
66 118 0.04313902292176652
66 120 0.3440087694233729
66 121 0.9529188375689792
66 126 -0.4380132517808841
66 127 -0.45835398798368976
66 128 0.17120274393826107
66 130 -0.40930899434034784
66 133 -0.01532651605134916
66 134 -0.7883879746286331
67 87 0.6931355671793198
67 90 -0.1747653634835149
67 93 -0.5956794628580344
67 98 -0.8188817744766861
67 100 0.1397249505262208
67 104 0.3425855182605664
67 109 0.12010868265557817
67 110 -0.0027363110645095556
67 114 0.019265001151490768
67 117 -0.22651723279868663
67 119 0.5382625689114073
67 121 0.3715657562964756
67 123 -0.23398340148762609
67 125 0.5782528772110127
67 126 -0.5210245647946345
67 129 0.5979078701445042
67 130 -0.519256293675731
68 72 -0.5663121947932073
68 76 0.27703597514986233
68 78 -0.6039565861397165
68 87 0.8391697050272553
68 90 -0.9421210897959786
68 91 -0.9292300747023021
68 92 0.43495417841940154
68 93 -0.8924442180543983
68 95 0.908741612757882
68 101 0.36931953388636685
68 102 -0.9082521552364924
68 104 0.3287267444238142
68 110 0.8322671319530479
68 115 0.6566674259405443
68 116 0.6941754520959178
68 118 0.7962047618816377
68 122 0.43079417585565016
68 123 -0.13370113539495265
68 124 0.8158457373453183
68 128 0.9794346311639688
68 133 -0.23542972088249114
69 72 -0.7656093779475328
69 74 0.20919629888982438
69 77 -0.4635298185572112
69 78 -0.6400504811635745
69 80 0.27031705384200233
69 81 0.5047266724875896
69 82 0.8723107911296637
69 85 -0.9824566758456912
69 88 -0.5110391652479709
69 91 -0.9495387299720468
69 96 0.9460328517948116
69 98 0.5792060768107044
69 102 -0.21095816308525084
69 103 0.2135359069315068
69 104 -0.35677104121349634
69 110 0.18398067307313548
69 111 -0.015063393241782297
69 113 0.9749621902881511
69 114 -0.834041712915722
69 115 -0.6785976421981701
69 116 -0.3418608124293918
69 118 0.9035782984913565
69 120 -0.17199304024674178
69 122 0.6866469493215019
69 126 0.8229009554545648
69 130 0.6098208742607798
69 132 0.973873665344495
70 77 0.8615521291486294
70 83 -0.71862643640798
70 89 0.23828042343112488
70 91 -0.7238486644777631
70 93 0.9251030122824278
70 94 -0.679517604539128
70 98 -0.7300540274224401
70 101 -0.8620554836407635
70 102 -0.7589673960013665
70 104 -0.28070181551904216
70 105 0.23715778906626372
70 107 0.10402111442304451
70 109 0.48898556849774066
70 118 -0.10944997080232177
70 122 -0.6774835653340008
70 127 -0.6265061437096842
70 131 -0.5361142086477881
71 74 -0.5084099826342685
71 75 -0.46193844258185224
71 78 -0.7911723766503513
71 79 0.273376322941588
71 80 -0.750928419440966
71 81 -0.5434760246950248
71 82 0.7896047809259392
71 84 -0.63326454266762
71 93 -0.9496291541243802
71 94 -0.7030416246459288
71 101 0.180018761919303
71 108 -0.9501214203543451
71 118 0.06070148197611225
71 119 0.6125094389640886
71 120 0.2981732491942324
71 123 0.42465408054353215
71 131 0.14362298888613578
72 82 0.803305068343795
72 83 -0.6812823594022288
72 86 0.44316640153939835
72 90 -0.031790131871576977
72 97 0.3037576679277567
72 102 -0.5715785385398
72 103 -0.12317428569123678
72 105 -0.5637951696565817
72 109 0.5153885743018702
72 110 0.5345417866066267
72 114 -0.36497626986807474
72 116 -0.6101754679750773
72 117 0.6193196757936592
72 118 -0.8014523084660559
72 119 0.5663869916649114
72 127 0.5025619038464764
72 130 0.4818023706737369
72 133 -0.8273372288171308
72 134 0.8916854086875265
73 76 0.5810859303523881
73 80 0.48412066663892683
73 81 -0.27057671654672766
73 86 0.3226580765475695
73 87 0.686137084492896
73 88 0.015264141199477832
73 89 -0.15250851468302185
73 94 0.9112457906166387
73 100 -0.8217842925109322
73 103 -0.3524860024884837
73 108 0.6729655823442906
73 109 -0.11321913955661467
73 111 0.03385660216340569
73 112 -0.1254485985330409
73 115 0.4317429652452325
73 116 -0.48550542805834973
73 118 0.162523837254978
73 121 0.40362524456792226
73 122 -0.4375856854898936
73 124 0.9145603306070582
73 130 -0.5159321179439147
73 131 0.6423658271430672
73 132 0.19873936916787582
73 133 0.47392555203664344
74 81 -0.603987622933537
74 82 -0.1855853745739795
74 91 0.5404070698813366
74 93 0.7560086411866724
74 94 0.6264138370052883
74 96 -0.4270904804030231
74 98 0.7860551245319818
74 103 0.2171520145293242
74 109 -0.2174917797471101
74 110 0.8724004968784709
74 111 -0.4958913224209738
74 113 0.3592272540259098
74 114 -0.28213666131300275
74 124 -0.5908175047953919
74 125 -0.11577391686602856
74 131 0.8597172781926838
74 132 0.6340673864844799
74 133 -0.18009350445071104
74 134 0.6415757665858111
75 78 -0.9171089985295255
75 79 0.7170127996783793
75 85 -0.3835245284743425
75 87 0.8052144066789104
75 92 0.052439786320288784
75 95 0.18473570313375998
75 97 -0.7622324659040529
75 105 -0.8604559585941629
75 115 0.0032958848839437227
75 116 0.23844778814801715
75 119 -0.26078357637654026
75 120 -0.5389929433550431
75 124 0.31481523075418827
75 125 0.4028169369424808
75 126 0.12722270813191283
75 128 0.7069508207602042
75 129 0.4725331160243056
75 133 0.4310080232835589
75 134 -0.5841887051645753
76 77 -0.05616960532251469
76 80 -0.6385532021417801
76 85 -0.280603861323548
76 86 -0.6952428929172092
76 87 0.41591867429390184
76 94 -0.6260192037514871
76 96 0.07297898576048434
76 101 -0.9386996246397923
76 102 -0.39609673445146876
76 110 0.7698073916015526
76 114 -0.4613681480054188
76 117 0.5255498124343647
76 121 0.8275290968249076
76 125 0.526365979508395
76 129 -0.7802459686860399
76 130 0.919603994886115
76 131 -0.27131838461091795
77 79 -0.2401841454177751
77 81 0.3368509094668095
77 87 -0.7647930345282583
77 90 -0.62954924599531
77 92 -0.7902245818380833
77 96 0.7727487103996453
77 97 -0.019966080311621504
77 98 -0.258080280170232
77 107 -0.9061963946722669
77 108 0.028052091266545176
77 118 0.7526556242981468
77 121 -0.38034098241180647
77 125 0.17846381109472742
77 127 0.22579768027344294
77 128 -0.8117646838410624
77 130 0.19947496876852489
77 133 -0.7291780501547165
77 134 0.4025799265164489
78 79 0.5903127638678543
78 86 0.7781978514720755
78 91 0.4007000829980969
78 92 0.19115774063188473
78 101 0.33132431097278014
78 104 0.4352739340309404
78 108 0.4980295763322813
78 110 -0.6998804844097857
78 115 0.9261812101693816
78 116 0.7845997150159476
78 118 0.36303114922962987
78 119 0.04257423721121323
78 122 0.678261188656194
78 124 -0.009705147540573389
78 128 0.5886955544133545
79 89 -0.757199461453127
79 90 0.316949336802147
79 91 0.8306619098682657
79 93 -0.1306191457430086
79 94 -0.5745980361396523
79 95 -0.04643940691705928
79 100 -0.00718629729971676
79 105 0.04165500782271936
79 107 -0.9189783608629769
79 110 0.3427759755602413
79 113 0.35197758675045177
79 117 -0.4984945897551294
79 126 -0.43849634114049185
79 131 0.33354304498124443
80 82 0.18960795169978018
80 83 -0.23404461377537245
80 89 0.35328008560919266
80 92 -0.8088189836504245
80 94 -0.6763369162089345
80 96 0.12850533030693212
80 107 -0.49265350923043494
80 108 0.30985339948218416
80 109 -0.05240741522693737
80 122 -0.1353287264283758
80 124 0.9615419922658137
80 127 -0.2770336632792292
80 128 0.16687476799786505
81 82 -0.15392001205109862
81 84 -0.37113202496926845
81 91 -0.4134777763791351
81 94 -0.3380668162256486
81 95 -0.01746203134498825
81 97 -0.4887215522799859
81 99 -0.3092905155079595
81 100 0.380107076436766
81 101 -0.43429205120079417
81 103 0.6218057990332722
81 109 0.986491230210381
81 113 -0.12694355882731778
81 118 0.2709913022874775
81 120 0.974491947667512
81 122 0.1834568253653599
81 123 -0.45093496689465185
81 129 -0.8091419150501107
81 131 -0.45748138332349275
81 134 0.7776679293023205
82 87 0.06905638248244284
82 93 -0.2310776906200882
82 95 0.7915637924173264
82 101 -0.8013786764116899
82 106 -0.0032506405965577745
82 107 -0.9028964815607774
82 112 0.8181384147156228
82 115 -0.9682603716547358
82 131 0.16757239839919946
83 84 -0.07672528491076869
83 87 0.2628656186577276
83 88 0.33726970254247446
83 91 -0.206903095726797
83 92 0.10490726498023961
83 93 -0.5674884631488961
83 95 0.5520073518429356
83 97 0.5527606835874845
83 101 -0.48859645305125987
83 103 -0.4647238803802132
83 104 0.5665598309774316
83 111 -0.4972896477815725
83 112 0.291569183043094
83 114 0.5360820371461232
83 121 -0.8843145319703996
83 126 -0.05159194105507958
83 131 -0.778373107645816
83 133 -0.01631515610048484
84 89 -0.4398477168077577
84 98 0.5905782357324452
84 99 0.160480837655413
84 100 0.19562902981935504
84 102 -0.17187687837341992
84 106 -0.9576994232893374
84 107 -0.4926986392067991
84 109 -0.33504009257746614
84 110 -0.33751587001258554
84 114 0.9930020001102677
84 115 0.9210868859945391
84 116 -0.41191031295537006
84 117 0.7298342910426692
84 122 0.7756469855420667
84 124 -0.2511731783492317
84 131 0.6478721746135927
84 132 0.4190535000777129
84 133 0.982534728678113
85 87 0.9732208884744198
85 97 0.42227069722958777
85 102 -0.04516223604219616
85 103 -0.5857096572084823
85 105 0.7485548247713338
85 113 0.671827424126183
85 115 0.11490482168975014
85 116 0.4711735904589456
85 122 0.28017106938809855
85 123 0.593007934060084
85 125 0.10306959114554304
85 128 -0.07376439529240542
85 131 0.17339910516213375
85 134 -0.11671070202975597
86 88 0.5987767008921963
86 90 -0.7444230760339361
86 95 0.6847857881922881
86 96 -0.491225781365058
86 98 0.13961199909802469
86 101 0.05360949128148662
86 105 -0.27832836204223477
86 114 0.9372031601447373
86 116 -0.25072196052630913
86 124 0.2581686391022613
86 130 0.35291159128376615
87 88 -0.7209393165357445
87 89 -0.4967822400869488
87 93 0.6394758132522957
87 96 0.23481635024568837
87 104 -0.7900484640368044
87 107 0.548398747201174
87 115 -0.6021152950202404
87 116 -0.18060888328895608
87 120 0.817733630912939
87 124 -0.12583316511645837
87 129 0.28399035350193125
87 130 0.7689665868075228
87 133 -0.11849829816778867
88 89 0.6928312784807864
88 90 0.1299928621356834
88 92 -0.8731225743583182
88 97 0.7475495019607656
88 99 0.6084157206268763
88 114 -0.6562314499649471
88 121 0.10383608286218315
88 122 -0.21997536313519528
88 123 0.7374578729740293
88 126 -0.6480228408717061
88 128 -0.665052602413003
88 129 -0.44229247161498075
88 130 -0.7079558737566438
88 131 -0.3244492142825215
88 132 0.07032761652069452
89 92 0.25983739019745
89 93 0.42485057735483966
89 95 0.9068909166673631
89 97 0.31754601751854605
89 99 0.727463532069895
89 100 -0.14039874353517545
89 104 0.5956719533332577
89 106 -0.09686205804595827
89 109 0.23042962507361398
89 110 -0.42791104844200434
89 115 -0.43432236552798886
89 118 -0.7590846566211571
89 125 0.1456323323610067
89 130 -0.2773019549298601
89 132 0.6990125640073537
90 94 -0.03678643606251453
90 101 0.8819542687522672
90 108 0.030792315614694532
90 115 -0.7049434178984861
90 117 -0.714652644697922
90 118 0.3781734620490991
90 119 -0.9387363903162729
90 121 -0.7497241350492232
90 124 -0.6024618572467144
90 125 -0.5733135342619142
90 129 -0.13633393236562652
90 132 -0.8569115907238813
91 95 -0.05695169937579192
91 100 0.40805504789491565
91 101 0.8989317655968629
91 102 -0.3956815003382832
91 105 -0.6694036261461234
91 107 0.3678062343011741
91 113 0.8851582789092609
91 117 0.4133738820261157
91 118 0.7269197995251693
91 119 0.7171321208058228
91 134 0.8340956832363955
92 94 0.5732366457223881
92 99 -0.5829354328653034
92 111 -0.6539369627156506
92 113 0.18149326635568053
92 122 0.2005844344764951
92 124 0.909535940828067
92 132 -0.9591487078289478
93 95 -0.2188518742846599
93 106 -0.6344346211199092
93 107 0.5343903280515141
93 109 0.9704807634116208
93 112 0.052266523178310376
93 122 0.13275618564034564
93 127 -0.5423762612764313
93 132 -0.041669033314611914
93 133 -0.8972582369777873
94 101 0.8224371256637053
94 105 0.19247862184218434
94 106 0.8085720758590897
94 108 0.7752387474929283
94 113 0.15033141877993783
94 116 -0.4662800857799283
94 117 0.15079048048721666
94 120 -0.15343515412140585
94 123 0.9669320998836584
94 125 0.3126863951284231
94 126 0.5173249277431518
94 130 0.6280389703307621
95 96 0.7551627380873864
95 104 -0.7635057387554123
95 107 0.6984759989091953
95 108 0.5711735698794513
95 110 0.17989502193206164
95 114 0.5625579358311905
95 115 0.5807322300315807
95 117 0.4518023708910188
95 118 0.5469505379049016
95 119 -0.09531524985400375
95 122 -0.634189758256501
95 125 -0.6611077118200661
96 99 0.6000194818558071
96 101 -0.35599640435137436
96 102 -0.7510324747468515
96 105 -0.040210467752315404
96 106 -0.8792783899163259
96 109 0.8541824291647189
96 112 0.7259294238047076
96 113 -0.42188335748388206
96 114 0.39984917747358195
96 115 0.09446524048243043
96 118 0.812810072127985
96 120 -0.406327173596122
96 124 -0.9130799833290288
96 128 0.8245787852233708
97 99 0.7595776830876411
97 101 0.08123619742656829
97 104 0.5231988457206498
97 107 0.971096332154934
97 108 -0.7175610415554563
97 109 -0.926825740720572
97 110 0.9062907344851652
97 111 0.5724662159637626
97 112 0.8644131910002653
97 119 0.22383369490682803
97 124 -0.8544821232183493
97 126 -0.25275778731620213
97 128 -0.5989770690555838
98 99 -0.7582761235681188
98 116 -0.01803674736860561
98 117 0.664876667004763
98 120 -0.34709491076838184
98 123 -0.5662037830166713
98 124 -0.41123013477841885
98 127 -0.7503561225831479
98 131 0.6339822539779547
98 133 0.29776406143962086
99 114 0.6008520532095698
99 116 -0.739705100912684
99 128 -0.8041337772223045
99 130 0.485736085566024
99 131 0.3423672673331979
100 101 -0.8384467326272802
100 103 -0.1266218234845382
100 104 -0.3776117020448926
100 109 0.47921562420782093
100 110 0.2868490152583212
100 113 -0.7438065946781576
100 120 0.12809943395548307
100 124 0.4576555168329137
100 127 -0.47102107225921674
100 134 0.712206831158305
101 104 -0.0325661248265976
101 106 -0.6696252808096239
101 111 0.24014029725664576
101 112 0.6743635847308589
101 116 0.8480020029165596
101 119 0.7835193768924429
101 123 0.4783018453794612
101 125 0.21687365113938184
101 127 0.7867510345037034
101 132 -0.6620620515721043
102 104 0.5679027038451365
102 106 -0.946394947310865
102 107 -0.09598653715528349
102 109 -0.6364247608847675
102 115 -0.310898820557715
102 116 0.07833902559656214
102 119 0.021886219264773965
102 121 0.6141780059493365
102 122 -0.00178389442107596
102 124 0.11895893239239785
102 125 0.11921979753878498
102 128 0.3328991443083398
102 133 0.544621617800414
103 107 0.4150273563677995
103 110 -0.3925718750661278
103 115 0.46959855460232447
103 121 -0.1176929045546875
103 125 0.6641592006566917
103 127 -0.017783783605894055
103 130 -0.5221471445842967
103 131 -0.5533519325563923
103 132 -0.08236800494798913
103 133 0.23013051295545695
103 134 -0.6423428083884044
104 106 -0.5519093175389063
104 108 0.8885224565883227
104 110 0.2593192969004776
104 113 -0.9086829648031276
104 114 -0.3497237152329409
104 122 -0.85456273626487
104 123 -0.2194718388626895
104 129 0.9105096296665072
104 130 -0.7690972226589305
104 131 0.4530187456873238
104 133 -0.07573077875796419
105 110 0.5961345656401906
105 112 -0.44560422322706805
105 113 -0.55979857497009
105 114 0.7608776288675287
105 116 0.6226971405414614
105 119 0.20761774624969975
105 122 -0.27789472237811674
105 123 -0.38916482966049015
105 129 0.6699971789672956
105 133 0.9530654367557185
105 134 0.7662896614795898
106 109 -0.30614216815351325
106 111 -0.6483822992410073
106 112 -0.6037788910971056
106 115 -0.4306871964826804
106 116 -0.5326808568710983
106 121 0.05293202718707524
106 124 -0.34232934206202636
106 129 -0.5549309410345904
106 130 0.920181123881967
106 131 0.2736413121178405
106 134 0.477462840220543
107 108 -0.39961247072785966
107 109 0.729981361880353
107 110 -0.39202255507860695
107 112 0.8860601907255372
107 118 0.7521897028584481
107 124 -0.8821815698003093
107 127 0.38509942843962275
107 128 0.8322018368941162
107 131 -0.6739406515191166
108 111 -0.8154102311046203
108 116 -0.2710713166614709
108 118 0.3670877472440628
108 123 -0.601915950454653
108 124 -0.6421321409646645
108 125 -0.356558853542448
108 126 -0.39623693874960697
108 128 -0.3607183024544014
108 130 0.8509306236950851
108 131 0.8154638343802576
109 112 0.7781251156634459
109 116 -0.7744297060694334
109 117 0.339959076196356
109 120 0.3737099036705138
109 127 -0.8422862155871189
109 131 0.4949918800305291
109 132 -0.9942391931351271
110 112 0.9927573506304965
110 113 0.9818524563989086
110 116 0.8225749219547276
110 117 -0.5099149435675898
110 118 0.9793543734638537
110 126 0.49545269437049777
110 128 -0.844209952651515
110 131 -0.37059869361069153
110 133 -0.34399118995506406
111 113 -0.7177692389435768
111 118 0.16595610462967936
111 119 0.04318252442560877
111 125 0.18500745583321865
111 129 0.6790510382394721
111 130 0.5663146698895349
111 133 0.12850169907348663
111 134 0.3784866652390968
112 113 0.4001737455564005
112 115 0.10828113378633031
112 116 -0.512071876934334
112 118 0.4913956928864527
112 120 -0.42307019701419635
112 123 -0.07511405418332973
112 127 -0.4889896362770967
112 129 -0.809205738588084
112 131 -0.8654802872900023
112 134 0.05442456659428263
113 116 -0.8666327469165451
113 124 -0.9794481909358232
113 131 -0.5300315741602508
113 132 0.5793215883760754
113 133 -0.2647486732279756
113 134 0.48244543735968115
114 116 0.9758283560839807
114 117 -0.545608000062699
114 123 -0.3327539189551296
114 125 0.4835632875121971
114 130 -0.005301440110434985
115 116 0.1750387829970832
115 119 0.3953943958104491
115 120 0.6205312095984314
115 127 0.3076255954769489
115 130 0.38368616306472836
116 119 0.27175122037869226
116 120 0.6972293869363939
116 128 0.10111323910338466
116 131 0.12393150157600807
116 133 -0.7413138880728742
117 120 -0.6135012365730885
117 121 0.630717187451471
117 126 0.978255963057836
117 129 -0.888763729740214
117 131 -0.8511128451861876
118 120 0.7522762307190085
118 121 0.46913438199873436
118 126 -0.43724823115073663
118 130 0.24714156325760572
118 131 0.39525309649043683
118 132 -0.8027635611157344
119 120 -0.5273798613591938
119 123 -0.14028358181265754
119 125 -0.8076959329849229
119 131 0.7704428222037178
119 133 0.08887562813868444
119 134 0.031254822222687384
120 129 -0.3301868165335249
120 130 -0.22150353834979986
120 133 -0.970963463407367
121 125 -0.8275108638278033
121 127 -0.16017824471143283
121 132 -0.4823908936567356
121 134 0.2630795098485894
122 124 0.6586004931115854
122 128 0.7282986101492666
122 130 0.616014840031911
123 124 0.2830950832234116
123 126 -0.9685552657334686
123 127 -0.8673177026231884
124 127 0.7889233567898386
124 129 -0.9822950993512052
124 130 -0.35003307736182965
124 133 -0.7884161201055453
125 131 0.46982643081345166
125 134 -0.1475402546725153
126 128 -0.4559855152467307
126 130 -0.7369862504778735
127 129 0.0935881705254833
127 131 -0.7896675513823253
127 134 -0.19772803776983494
128 131 -0.36046394895336964
128 132 0.5647651347842313
128 133 -0.24076189486463462
129 130 -0.3024680141437073
130 131 -0.1358871436652911
131 132 -0.40444026462622107
132 133 -0.1677933475200406
