175 747
0 -0.01336171930043939
1 0.3208535710998577
2 0.04686411650896183
3 -0.05117639928267237
4 -0.33611462423132044
5 -0.2128219182418265
6 -0.88321501218579
7 0.7179456459429234
8 0.2064832829358103
9 -0.5144842057974539
10 0.5862086554841881
11 0.005403991129027119
12 -0.6807438190883304
13 0.4498908611723853
14 0.4670506725479171
15 0.24729122644475376
16 -0.4342615410986388
17 -0.9631669278060404
18 -0.565276057213435
19 -0.8752838286554334
20 -0.5005717489371098
21 0.531579042529873
22 0.7148659742960022
23 -0.4637868907329943
24 0.571143679431322
25 -0.9124697825146488
26 0.46380229036405396
27 -0.4900721031069182
28 0.7169159563083614
29 -0.36158570754294317
30 -0.20341170350735793
31 -0.17250606985794525
32 -0.8416009531735531
33 -0.8937831782608723
34 -0.941078372010909
35 -0.6578968208988905
36 -0.35195222746724397
37 -0.7302290279698616
38 -0.14055768157630166
39 -0.6488628716867348
40 -0.48806273515755083
41 0.6141123091992009
42 -0.8808546055820565
43 -0.9189974731047834
44 -0.8751648829834826
45 0.1850782369050914
46 -0.9646600836061363
47 -0.7033552640850043
48 0.32535620209061267
49 0.8323747781035586
50 -0.35365428870402993
51 -0.6296902697272997
52 -0.4476822574533974
53 0.501617841146063
54 -0.7431785363255718
55 -0.701835700392009
56 -0.843651304533029
57 -0.8350488892722467
58 0.8526513410879943
59 -0.22843181661880685
60 -0.5852885249010653
61 0.595453514461812
62 0.9831680436183681
63 0.6127868398720788
64 0.9836302970642081
65 -0.570820959169372
66 -0.4244517242389134
67 0.7437808121131713
68 0.5459513037846886
69 0.8760379949742736
70 0.053339682459312865
71 0.5960054705245259
72 -0.4941355336910078
73 0.35625729119769756
74 -0.9015080556910733
75 -0.4672415296334098
76 -0.7804956722768095
77 0.49277696267385385
78 -0.00453223988343554
79 0.12658057216486363
80 0.11961630892838837
81 -0.6521048502938847
82 -0.32860591304506315
83 -0.08693918705585535
84 0.11729207648754358
85 -0.7527892292106177
86 -0.7197232472866615
87 -0.454665637267718
88 0.5367878729071094
89 -0.16751912481113962
90 0.7090770417315277
91 0.1458215938000853
92 -0.4794302665896497
93 -0.9171299364014116
94 -0.38789924322134306
95 -0.9778597914582414
96 0.18628059583019518
97 -0.2932259656743901
98 0.8623701026214936
99 0.14675099780689815
100 0.5159319850073272
101 0.02625038233301935
102 -0.9886623995718804
103 -0.6406965251264418
104 0.08236464070866645
105 -0.36839877305820923
106 -0.4782114456696098
107 0.8240771821242254
108 0.45366032316551674
109 0.045888700310343644
110 0.9827281708644229
111 0.5986957801058803
112 0.8474450977265764
113 0.27546714602793143
114 -0.9831697333696758
115 -0.5899327530465264
116 0.4060580651540757
117 0.1277182482414243
118 -0.6082883197637732
119 -0.9277585874029348
120 0.484581354449541
121 0.40081029163938897
122 0.712600444571339
123 0.11668936224899107
124 0.8842203615120661
125 -0.19086933699934283
126 0.6794531763077296
127 -0.7195910648141086
128 0.9110665446748865
129 -0.05316514034136732
130 -0.7971245796483433
131 -0.43380863965412164
132 0.6214027899430057
133 -0.5869639892478162
134 -0.0067611256982682555
135 -0.198604635044338
136 -0.6811649162299842
137 0.5345709882339109
138 0.5385618933436349
139 0.7881372324378071
140 0.3544692097238995
141 0.08450880603902533
142 0.6352100124087114
143 0.07441229963703466
144 -0.3259772737440372
145 -0.005257247836626178
146 -0.13399633226487673
147 0.5228374055898035
148 0.0605165299421202
149 -0.7676066228482488
150 0.9396934375812365
151 0.4854090729960838
152 -0.5333578755643755
153 0.35361405248410027
154 -0.29736642129931146
155 -0.15771371671237477
156 -0.2903112485548318
157 -0.08418698214795972
158 -0.08986345091230086
159 -0.30155502882706253
160 -0.08186224897974093
161 0.5282746051918397
162 0.0412798688216387
163 0.8145134766954707
164 -0.6030267003035001
165 0.9915863307542381
166 0.7915415154825629
167 -0.7852796185894273
168 -0.7421966124028347
169 0.4538669856661677
170 -0.7915829407558197
171 0.16650361394701174
172 -0.4037132853112255
173 0.4628356403999083
174 -0.11630185873420351
0 5 -0.03550388903821422
0 6 -0.5557582337165334
0 11 -0.6303961591073723
0 110 0.10275172923235831
0 127 0.010889318792454805
0 151 0.7537833663538456
0 159 -0.953828116010903
0 164 -0.7823048003717421
1 61 0.09080400502880037
1 75 0.6626096595167992
1 114 0.20348502951178826
1 138 -0.017298502780318747
1 144 0.8561548978294695
2 22 -0.1958648070161293
2 28 0.5398538033678544
2 38 -0.8803507475450716
2 63 -0.8065753553531274
2 144 0.1915666839403254
3 15 -0.46420435514147407
3 38 0.21173508930754004
3 92 -0.0574304982349203
3 105 0.7144144669249604
3 114 -0.7712191801847628
3 135 0.07907434886029119
3 147 0.12234626948431382
3 166 -0.8217507859768818
4 16 -0.7259078559425396
4 36 -0.35630379863333617
4 58 0.1648280587541464
4 77 0.29514285947519237
4 87 0.6420515245766198
4 90 -0.7312888163185951
4 118 0.616926490883992
4 122 0.6341859340864486
4 126 -0.1115243618259365
4 134 -0.4213523617477086
4 162 0.10078060946161371
5 10 -0.5942381370679157
5 13 -0.9690472243940882
5 51 0.02546164503540882
5 75 0.38347393719324074
5 89 0.7529670534786106
5 98 0.6994107381748875
5 102 0.5593764720400325
5 115 0.21742063435049697
5 136 0.049134422938473366
5 142 -0.853947394803982
6 22 -0.2579326508736193
6 61 0.6679028020739994
6 119 -0.5928254205139567
6 143 0.5727128105230872
6 158 0.14679417436216147
6 173 -0.9803509518332705
7 44 0.3789908498824508
7 55 -0.8423535612649393
7 62 0.2901274232814426
7 83 0.921504824738606
7 143 0.05042321598713695
7 161 0.1587660921161107
7 164 0.08908935248454308
8 11 -0.44485212104702243
8 16 0.6155581974692472
8 18 0.6308644385625906
8 52 0.5473606196474332
8 107 -0.6743886366439891
8 114 -0.516829287586485
8 133 0.2922252110530388
8 144 -0.7807255448873041
9 26 0.9879985024110065
9 89 0.32965885887009727
9 108 -0.38551486497879406
9 123 0.9435786290594022
9 129 0.849588100797773
9 162 0.40273847991728373
10 36 -0.1887753829128982
10 61 0.07221379502041225
10 64 -0.46462625489176146
10 65 -0.4825106365053744
10 71 0.4290922835878619
10 72 -0.9521963038112315
10 85 0.6617639226735368
10 98 0.18461800308712872
10 143 0.05320591785807394
10 157 -0.8695024752678802
10 165 0.2038235845291878
10 172 -0.7483467750961064
11 21 0.9713090809704201
11 23 -0.06789874790041162
11 30 -0.11057516160628866
11 45 0.5928434958343691
11 61 -0.8247437890496798
11 85 -0.6363529020039427
11 106 -0.5071790378098249
11 130 -0.20332133822374954
12 13 -0.5712840647272042
12 18 0.6577137240954896
12 54 0.044022582543106425
12 134 -0.2823880008387598
12 136 -0.5464121618667412
12 147 0.6975221168087979
12 173 -0.7579487178582209
13 16 -0.972390071471402
13 37 0.015628487947128678
13 65 -0.28740997780315714
13 69 0.44705843055723404
13 98 0.1443899062551417
13 99 -0.49226082904936774
13 106 0.1229454482535266
13 108 -0.49750246838028667
13 162 -0.8992943028752001
13 171 0.9325638419690578
14 54 -0.7559873291514936
14 58 0.6556808132968102
14 62 -0.17307395866567732
14 72 0.49633922340089054
14 86 -0.4625987904143418
14 89 -0.5991603590814063
14 94 0.4381899603666446
14 96 -0.8499618413611278
14 97 -0.9982232126393995
14 98 0.8525160618323686
14 129 0.8302009045562972
15 28 0.5795436909220817
15 32 -0.008482256340730077
15 113 0.29340904595509576
15 136 -0.6542671796516957
15 142 -0.7253198523453515
15 170 -0.08143460251471835
16 22 -0.661396111785741
16 34 -0.45756018551876654
16 41 -0.4010940779768666
16 113 -0.3966424347108173
16 159 0.22176663789311135
17 37 0.5380622834756967
17 45 -0.03738469687489521
17 46 0.2829534478790754
17 49 -0.7224161091047174
17 58 -0.6418253874801498
17 92 0.17883450391716949
17 93 -0.723157801890643
17 118 0.7960369948676664
17 125 -0.6309815596321695
17 131 -0.1670165016079308
17 142 0.8525578836626282
17 145 0.8552246625227624
17 173 -0.13420827605493701
18 20 -0.4789875993474546
18 37 -0.47178216257112315
18 51 -0.2929059114010577
18 61 0.44860838990823226
18 66 -0.24840177174061284
18 79 0.3615230375527434
18 92 -0.5529036851230253
18 95 -0.9264147010781263
18 96 -0.8251771673524588
18 109 0.08464566599815337
18 140 0.9065394669205316
18 147 -0.29423296887681816
18 149 -0.2973773653053653
18 161 -0.8019601576301891
18 169 -0.9472606614670347
18 170 -0.8933064675046478
19 26 -0.08846600627185786
19 41 -0.23594058965163378
19 106 -0.7566567602750693
19 118 -0.41117774075418567
19 129 -0.8007342221625009
19 167 -0.4983147986294765
19 169 -0.9412337611683725
20 45 -0.6679024640724971
20 71 0.9668109884100384
20 87 0.1613789737707667
20 104 0.9849171509599011
20 116 0.4156489030982293
20 127 0.1294172748617286
20 158 -0.8232476569389384
20 162 0.37061807982087314
20 173 -0.11791631643217149
21 26 -0.1535803695797937
21 28 -0.03979638386011697
21 29 0.7561736516231152
21 39 -0.38476998710642385
21 60 -0.30621512107700743
21 81 -0.5240572417409195
21 97 -0.12164940931922952
21 104 -0.25431832251545927
21 113 -0.11878105990778587
21 155 0.7880412933464365
22 49 0.09058991899796665
22 61 -0.4341785236266327
22 62 -0.09425531245139673
22 81 -0.5283624070098145
22 84 -0.31135621938332014
22 147 0.6045909795121496
22 155 -0.6626087170172756
22 168 -0.004233887794006019
22 173 -0.2327338623805184
23 24 0.6737194264926387
23 28 -0.03574836931780978
23 42 0.399656621091675
23 109 -0.3471523051903964
23 114 0.9874729332512311
23 153 0.21323925578231862
23 155 -0.5101908477494035
23 174 0.28575541920619174
24 47 -0.4197202728271976
24 55 -0.4618941071569447
24 61 -0.5418586753815557
24 92 0.16455479050561328
24 131 -0.35480354691164795
24 140 -0.14079712396207422
24 161 0.870354966800406
24 167 -0.11040793325334497
25 35 0.8047562675180024
25 49 -0.16644592718939544
25 57 -0.04694969987338826
25 59 0.5022724955850255
25 75 0.7169004331581286
25 80 0.44375980189577713
25 83 -0.6782114781308279
25 90 -0.8298741763395485
25 108 -0.059373483905954316
25 118 -0.741465433598713
25 136 -0.16157648560425897
25 147 -0.3559697832678419
25 167 -0.32145110497884066
26 42 -0.5035683936134767
26 43 0.32047869137657936
26 59 0.010473006660580708
26 74 0.19660197634029752
26 108 -0.04484718206265814
26 148 0.07355208676417724
26 152 -0.07101554026714996
26 164 -0.46034067453754823
27 28 -0.780904293418105
27 38 0.9287671204758949
27 60 0.22520380016296215
27 81 -0.6233420192568011
27 96 0.624328310878965
27 128 -0.3886087646505989
27 138 -0.8384071190003872
27 141 0.43588051039852127
27 149 -0.13659059919450844
27 170 -0.3710476273038077
28 32 -0.12688520865446895
28 68 0.7499251307399382
28 73 -0.2967967342519353
28 83 0.38873835169290616
28 108 -0.9195272002674466
28 156 -0.841474770386563
28 170 0.38727354275499226
29 48 0.8093519579013984
29 64 0.0727153958459077
29 78 -0.09478436069937901
29 87 -0.6003707516244827
29 117 -0.6008138959330493
30 57 -0.7013709241870243
30 58 0.49943423285183064
30 119 0.057758123299664677
30 144 -0.19670376035696302
31 34 0.341836350727835
31 45 -0.20175431556642387
31 61 0.40015428416921006
31 89 0.4329160339164273
31 150 0.9641580278349888
31 151 0.5123084645444387
32 43 0.4711362576582738
32 60 0.8731233434772709
32 69 0.0970640658945654
32 73 -0.7948347311206025
32 105 0.9908637756577927
32 155 -0.28705961554616377
32 156 0.06543701441152017
32 162 -0.8180692828525908
32 168 -0.5989344727171355
32 174 -0.7492297223096345
33 69 0.4639234004119386
33 81 -0.22342371283646822
33 111 -0.29211661611912265
33 127 0.9524482935112364
33 130 -0.4642528572100424
33 134 0.2663088505311695
33 143 -0.8005042553861752
33 153 0.030196107792084925
33 161 0.48708301983724644
34 62 -0.2024350037055458
34 79 0.655786581152451
34 104 -0.2832497510596028
34 107 -0.11107192484578521
34 114 -0.1797085480537246
34 115 -0.8694676784328135
34 142 0.04849993300117261
34 164 0.7862675943382804
35 91 -0.3395076773670098
35 107 -0.94617966627081
35 110 -0.0807351680860311
35 134 -0.10382096952821329
35 148 -0.8775708520208316
36 72 0.5456380832789525
36 94 -0.42199001295915783
36 104 -0.054635766866118374
36 115 0.29440288891118493
37 65 0.20300250570500022
37 66 0.6869964837980505
37 68 -0.9374131708443516
37 94 0.18729062360428816
37 96 -0.4334119908311218
37 126 0.2803828217512341
37 129 0.3694348710909787
37 134 -0.13581481777170734
37 148 -0.3938548604050185
38 41 -0.1202259373158232
38 46 -0.9018965514096622
38 67 0.22088906327219449
38 87 -0.34700504625021833
38 104 -0.6985240672529529
38 173 -0.1527430146233193
39 77 0.6441019876824132
39 80 -0.7506325716542745
39 119 0.586835275613202
39 147 -0.5226513239544439
39 161 0.7174578186795169
39 166 0.7307059195681262
39 172 -0.07043056628032884
39 174 0.9822096302044767
40 54 -0.4969742772802648
40 56 0.10254278764063351
40 85 -0.9711258031650225
40 94 -0.6013319202902179
40 123 -0.0071974149117206565
40 125 -0.2749051031626959
40 136 0.769867405836967
40 147 -0.5369637146078381
40 151 -0.5157749396487412
40 159 0.7651339298991993
41 46 0.4721295149958211
41 47 0.6874912347159863
41 80 -0.2522763263556267
41 96 0.6058176678656937
41 104 0.0024815653256393677
41 112 -0.8227781073015665
41 134 0.9147259730183361
41 164 0.851692562659923
42 72 0.959269022776307
42 115 0.5344460670136857
42 118 0.20371216945476833
42 126 -0.5449877903596125
43 51 0.1838093262180336
43 55 -0.4749119758814966
43 89 -0.6555249015958042
43 126 0.1920409738515938
43 138 0.2734473019020234
43 165 0.6845034312590583
44 55 0.4891907108496436
44 100 0.23938088968137938
44 129 -0.32693818345150705
45 75 0.27309567491311193
45 81 0.5273064418413387
45 94 -0.48932950616447535
45 103 0.9455858627113349
46 75 -0.6642569488128047
46 109 -0.225217552071741
46 138 0.7686031322726374
47 56 0.8602178232592517
47 80 0.3322632956801066
47 109 0.6702557608342135
47 110 -0.5736061017287226
47 147 0.6977770573898892
48 91 -0.02333116891025
48 94 0.7567469349686133
48 160 0.7240574927644139
48 163 -0.1412905272158398
49 72 -0.415928852207208
49 86 0.015887483852751405
49 96 0.30170135142871257
49 101 -0.24183413022072364
49 124 0.9516048458434658
49 156 -0.8368969522863741
50 55 -0.3040077043513125
50 56 0.48372495552939365
50 68 0.6743805807423298
50 153 -0.7770676302137698
51 57 0.15012478129609375
51 62 -0.37919064758540855
51 70 0.1542792291226336
51 76 -0.35200141705929555
51 85 -0.7027643618963602
51 98 -0.24439780358065022
51 121 0.7076291780235637
51 139 0.573094834717937
51 173 0.7840416379579811
52 56 -0.8616605611807242
52 62 -0.8773263106912035
52 63 -0.8149633095354458
52 66 0.3018911238652575
52 80 -0.979737230310334
52 102 -0.7616455042799568
52 118 0.938779852310631
52 167 -0.5159883461657886
53 65 0.6807630349064762
53 106 -0.04272151660557566
53 135 0.7344623956822345
53 148 0.5297584751004762
54 74 -0.054956890708673045
54 95 0.4971481148234169
54 135 0.21786621935353656
54 145 -0.7750365342670358
54 158 -0.7152633050878425
54 164 -0.8760466399726072
54 169 0.15785903907005938
55 65 0.8897453659137569
55 66 -0.9079092635830217
55 68 0.843301651016602
55 98 -0.10607033637864416
55 123 0.16523120286973203
55 142 0.19948607122362794
55 143 -0.70468339157624
55 145 0.7677040354381479
55 147 0.9418050583243809
55 149 -0.032205801042581195
56 112 -0.2123302302340584
56 116 -0.8256423509057922
56 142 -0.04905078211876002
56 152 -0.3027562839020719
57 63 0.7254021582740282
57 65 0.7369968015431707
57 86 0.10082632759545818
57 129 0.12429775168052748
57 136 0.24072077805174308
58 59 0.9632652425458808
58 116 -0.03161325919909452
58 122 -0.8009244497764267
58 143 -0.02790808893397112
58 146 -0.5840684966550451
58 151 -0.9929585588156953
59 75 -0.6433078959348153
59 80 -0.4127265514323326
59 98 -0.24926268446654065
59 120 0.746466688890655
60 74 0.7153513799471296
60 77 0.12989906441856824
60 93 0.8831874605788317
60 117 0.48759923600451716
60 153 0.800268750809616
60 164 -0.9837002422120822
60 174 0.8259800925924712
61 84 0.9492779046480806
61 111 -0.48973461531603957
61 152 0.6384047380842397
61 161 -0.1951225107118999
62 88 0.2375066992536372
62 106 0.8190659747289326
62 109 -0.9414163936926685
62 120 -0.4418542201980029
62 125 -0.1131027404113436
62 146 -0.32787975028788297
62 147 -0.9815539369492281
63 75 0.9564766828482396
63 107 -0.8056289093502063
63 115 0.912236220615261
63 121 0.888348678342906
63 127 0.7583860861325615
63 139 0.681127055793791
64 69 -0.13348078074557246
64 74 -0.7137253795829832
64 105 -0.490284454280282
64 139 -0.026773894106387752
65 100 -0.5559181973274145
65 105 0.6334907522990945
65 116 0.22392449460396469
65 132 0.7044401022072739
65 133 -0.9203285446002625
65 167 0.5966460874703252
66 86 -0.19708500957057207
66 91 0.28750946655426923
66 109 0.6349258223918128
66 110 -0.5524500737520739
66 145 -0.36416314838351305
66 153 -0.1055909641024364
66 157 0.07035129197730372
67 71 -0.24395913426996851
67 82 -0.07235210331171871
68 118 0.41247119274408894
68 132 -0.39740606682123136
68 134 -0.7831092556342101
68 145 0.9592681917711343
68 157 -0.7835224093705495
68 168 -0.8752909621439964
68 174 0.3557271395575985
69 154 -0.5211226643360631
69 157 0.148589273620793
69 158 -0.5362087102145159
69 166 0.5752811726186922
70 77 -0.36606529164083357
70 133 0.6152539311420306
71 106 -0.493461000140496
71 121 -0.1501519673167997
71 171 -0.6647392100003857
72 116 0.6709971419274254
72 123 -0.48272272698235774
72 132 0.08862028823731305
73 92 -0.4594184552540781
73 94 0.34699095195681484
73 102 0.8489100875235307
73 145 0.8794473867967052
73 148 -0.7130657025552791
74 97 -0.7583794251165423
74 103 0.15808479280064014
75 89 0.16273350697181277
75 93 -0.6163010468869938
75 107 -0.2709470749806475
75 173 0.7443597867784062
76 81 -0.7404803464792273
76 82 -0.5646832978179701
76 117 0.9758818853679971
76 139 -0.018657262257539164
77 80 -0.8740502062144284
77 105 0.9962970062437915
77 116 -0.3765873378478952
77 140 -0.41705506563576367
77 156 0.41326303325476355
78 122 0.36613756819703314
78 127 0.34849439684450734
78 131 -0.9933215575607421
78 167 -0.4724612046911403
78 174 -0.28914643688004404
79 102 0.6891620084838033
79 108 -0.5684271676562518
79 111 0.4789265865606578
79 162 -0.7637496660725249
80 100 -0.14956814118042816
80 112 0.6910850759169924
80 118 -0.80905031760405
80 120 -0.08929461220685209
80 121 0.49682358508651836
80 128 0.5545623466841676
80 136 -0.34656339407823644
80 138 0.164705684223049
80 141 0.2236848059643508
80 156 0.9744576469858655
81 85 -0.3295501880153404
81 97 0.021459319247359776
81 100 0.22036237420213922
81 161 -0.5850114456768687
81 162 0.020169863918849673
82 110 -0.4440228290066437
82 118 -0.8805332521403364
82 155 0.49606774929494657
82 172 -0.9529364546530841
83 99 0.6661976583604674
83 107 0.09301984176317135
83 165 -0.021953466208392447
84 118 0.051028521185605635
85 86 0.2579028465560298
85 106 -0.050619620838142865
85 115 -0.5316995183031965
85 170 -0.19469702736234806
86 107 -0.2086400644414459
86 108 -0.479772912143581
86 154 0.9742101738859845
86 155 -0.378733311426773
87 93 0.29726991838220096
87 143 -0.7463181400580075
87 174 0.8037579612909851
88 106 -0.846538296456421
88 125 0.10341182710520402
88 142 0.20639719398964518
88 155 0.04833078796022128
89 93 0.09061548239005535
89 120 -0.9729634632083968
91 109 -0.2954773806599311
91 119 0.028539911625151237
92 156 0.0018764279372114334
93 110 0.21309522202091813
93 114 -0.13345142019839984
93 152 0.7315934942788318
93 158 0.5757064910406897
93 173 0.9312942464557163
94 124 0.808307606404356
94 136 -0.3901301901029435
94 150 -0.6720741765908893
94 158 0.6585691840215948
95 106 0.9358680909659907
95 110 -0.2814149899463789
95 116 -0.7710045106965853
95 122 -0.18495927087925623
95 141 -0.9768225173935989
95 148 0.19580923424526575
95 162 0.9525820175882009
95 168 0.26731192555801764
96 124 -0.04253071038321177
96 146 -0.7374402196681786
96 170 0.31679189769290805
97 98 -0.11119701811796845
97 109 -0.008135863790021736
97 173 0.7406914789674675
98 161 0.18951632472214452
98 168 0.975034770623318
99 103 -0.756328364363773
99 105 -0.7773619048698495
99 110 0.1732828841128089
100 102 -0.8587400911654337
100 124 0.9467099072162519
100 143 -0.11334421754790402
100 173 0.6122071715844841
101 103 0.9862444756755679
101 106 -0.2687048156128513
101 158 -0.22446827140989845
102 113 -0.6365602445938963
102 152 0.8907770074902897
102 171 0.36505987031551945
102 172 -0.6219095809964288
103 107 -0.4505511006771188
103 117 0.3966054784867552
103 137 -0.7272498062166048
103 142 0.04015803266077422
103 151 0.18373592836010721
103 160 0.6181632938251544
103 164 -0.4471202263235756
104 105 -0.8901000200078719
104 129 -0.26420069744855246
104 165 -0.022951925850563493
105 132 -0.8366154698630757
105 143 -0.7792830578667345
106 109 -0.7844475495676877
106 135 -0.966647312463919
106 150 -0.7602740411868854
106 159 0.011630779578075678
107 135 -0.036974570943849594
107 158 0.8057933283073033
107 159 0.216959776586243
108 126 -0.9086187259950524
108 167 0.6480473532378219
109 112 0.8318979263044839
109 126 -0.5844694607567036
109 133 0.08010153021957245
109 153 0.5184200819526492
109 171 -0.6190356655399027
110 135 0.11418551580062841
110 136 -0.38847907350053634
110 148 -0.8784854371779669
110 160 -0.45946094285229555
110 165 -0.46066089300655233
110 168 -0.22335019309912973
111 145 0.7507509083591015
111 146 0.0700568620919435
111 166 -0.052790492839771774
112 125 0.043049982170430434
113 148 0.03214008739539587
114 119 -0.2339382142755082
114 126 -0.7532840380475136
114 131 -0.585518578876159
114 151 -0.6066880239435684
115 121 -0.8258334062701642
115 139 0.6073516373833654
115 171 0.5557491974014523
116 120 0.5519563025607557
116 123 -0.3146304651772862
116 169 -0.6698626054260053
117 133 0.7192244129628298
117 157 -0.25624265220892317
117 173 0.25636088714730243
118 140 0.8099931621847436
118 154 -0.6664656239229263
119 134 0.1276676302347748
119 137 -0.23948964094235636
119 151 -0.48175992894311914
119 158 -0.6016501734013135
120 125 -0.8940471669891763
120 152 0.5989271485834602
120 153 -0.14791768125628968
121 152 0.5694635976847029
122 132 0.1281353318091647
122 143 0.43351604811709965
122 146 0.6804632838870692
122 162 0.1962945706962591
122 168 -0.12781526522556508
123 144 0.38484341454421234
124 155 0.9207613789487867
124 164 -0.9074433625947487
126 144 0.468700747053183
127 135 -0.2958133731495092
128 137 0.296931974427038
128 141 0.10633415784951827
128 147 0.6025541985024103
131 132 -0.3603533747779495
131 155 0.5318174823543578
131 168 0.9549879740269602
131 170 -0.384990223076213
132 141 -0.029239326825060363
132 142 -0.27168612509496115
132 152 -0.8658923846810722
132 153 0.22093614934788852
132 154 0.26232958477281176
132 159 -0.02819818984099287
132 166 0.060301763506515504
132 168 -0.6110607859521078
133 151 0.8868563772807605
134 163 -0.13350301212697802
134 170 -0.8163941561177459
134 171 0.2226201082516135
134 173 -0.9465030656719906
136 154 -0.8367448342537691
136 161 0.010536699098420588
137 162 -0.6623539500403874
137 163 0.30006256612822235
138 145 -0.9290596177369537
139 144 0.5511308684303922
139 151 0.9701696062417722
139 171 0.5327447610396872
140 142 0.32039818697597866
140 148 -0.04076095223002629
140 151 0.08092392469885623
140 154 0.6969261279121888
141 170 -0.8351899033267818
142 143 -0.9748856624512587
142 147 -0.8222821016911879
142 154 0.2514261650107199
144 151 -0.059637166485278836
144 155 0.6391333468969564
144 166 0.8242599026525577
145 146 0.6174207237567892
145 166 -0.12095168619901653
147 150 0.9450645693842845
148 151 -0.06184061385020767
148 155 0.4310076743071287
148 157 -0.47129758604777616
148 161 -0.9722602703084737
151 166 -0.4907323491320592
152 160 -0.013450144885604587
154 157 -0.869749452240659
154 161 -0.2998552657724223
155 168 0.7778929519022073
156 166 -0.5374611541407903
157 163 -0.7497415074130065
157 169 0.9750344658886052
158 167 -0.5552100747776152
158 171 0.35842311508947056
158 173 -0.5546963580390734
159 160 0.8040303935587634
159 173 -0.27692342117845237
160 163 -0.17473138673778532
164 170 0.15867814629691468
165 167 0.27008865887944267
165 174 -0.36192256402078327
166 168 -0.474787749366135
169 172 0.9043563116791242
