105 3069
0 0.9098878737266818
1 -0.4762483870937726
2 0.4667559315684586
3 0.8533834528645228
4 -0.27293301420919036
5 -0.14175590849944975
6 -0.8242888247051299
7 -0.17683588254473537
8 0.66683665571708
9 0.5767471576034531
10 -0.007705379167539661
11 0.4630952751370312
12 -0.10536079499563589
13 -0.2405448630093665
14 0.39041473262060755
15 -0.24019251605616843
16 0.022281705288538678
17 0.3357723612004191
18 -0.20843648325061714
19 -0.4097193702181414
20 0.4759483250255363
21 0.501722636740144
22 -0.5762124169027962
23 0.38906247545505535
24 0.20962708007917485
25 0.9588060888036107
26 -0.7177629428326735
27 0.07789534650131857
28 -0.2011022882712612
29 -0.9281028866440197
30 0.7630484841550578
31 -0.30174355630492133
32 -0.3088386208490146
33 -0.5125519753959606
34 0.9501936645058338
35 -0.7897696342918017
36 0.4604516053876184
37 0.5783300932756901
38 0.53820004827831
39 -0.4838218986150056
40 -0.808103883354051
41 -0.04440459088717552
42 -0.7444589193921747
43 -0.14391468101025118
44 -0.8972809903742687
45 -0.7061684007893445
46 -0.8501529037979045
47 0.545400926495385
48 0.17425892074527516
49 -0.00040110440401908143
50 0.9741068336769954
51 -0.7571325742698958
52 -0.9307876355079994
53 -0.06491255209039726
54 -0.26159013083758476
55 0.8508434548985788
56 0.8270009915152616
57 -0.3276332818353771
58 -0.41350043151360816
59 0.09859585021852824
60 -0.24520643785118645
61 0.9939805134169599
62 -0.36926107515293727
63 -0.9990292934468528
64 -0.7299283042008524
65 0.708286344470467
66 0.8504141579623385
67 -0.0011400203281959342
68 0.9018442705193794
69 -0.07473842317551616
70 0.5046200581131086
71 -0.6821954314789411
72 -0.9738216567831683
73 -0.9063695430182397
74 0.9036381962022875
75 0.2693007078733265
76 -0.26627927747719116
77 0.9883810447900432
78 0.43989183538290866
79 -0.3755599321405383
80 0.6185524700581229
81 -0.23834814337557497
82 -0.36167306129993637
83 -0.4102263094706311
84 -0.7372425556539117
85 -0.36668544017364724
86 0.3646350224753654
87 -0.22355805155065345
88 -0.8280225046077274
89 -0.9651265357577008
90 -0.487732934665452
91 0.3158082391181263
92 0.667544332902883
93 0.8855968024931868
94 -0.9033968551155749
95 -0.13006128470873168
96 -0.5200993678582198
97 0.9193012050802671
98 -0.9290724288247607
99 0.7529314529685778
100 -0.4726220303196451
101 0.8937926800007585
102 0.62060929697465
103 0.3531194775617308
104 0.8177770984474884
0 4 -0.9529099049931449
0 5 -0.010067701657676897
0 6 -0.8086350855257249
0 7 -0.614804936197511
0 8 0.32563929254053403
0 10 -0.28159189755060066
0 11 -0.30110859771057963
0 14 -0.7990952655850216
0 17 0.5872183368249324
0 18 -0.6153090413259972
0 19 -0.8077038277715569
0 20 0.8609000577660808
0 21 0.02069576052906008
0 23 0.2435671988681587
0 25 0.7496248996018837
0 26 0.9871220520706365
0 29 0.2367190930835914
0 32 -0.43775750818588977
0 33 -0.35413647512005686
0 34 0.7157830286099423
0 35 -0.23394960061790826
0 36 0.9833279344062145
0 37 0.23298918391846501
0 38 -0.33899613704135745
0 41 -0.14019187433712577
0 43 0.5764360763710958
0 44 0.8998835908094869
0 46 -0.4834602347328427
0 47 -0.5873947934763712
0 49 0.7025335212697308
0 50 0.48524836399474003
0 51 0.2892914173051466
0 53 0.16736879255224246
0 55 -0.4349543346616156
0 56 0.577530015303158
0 58 0.14434694196059605
0 60 -0.5082312965801601
0 64 0.32080779611638577
0 65 -0.04616511617083252
0 66 -0.32609851719381866
0 67 0.7899873501040293
0 68 0.13671331791766184
0 69 0.8251495885003997
0 70 0.9814886014373287
0 71 0.5332396465661502
0 72 -0.2171669050000875
0 73 0.032770564264507085
0 74 -0.9920068575381848
0 75 -0.36251163759258964
0 77 -0.6098297962749923
0 78 -0.6217691646669754
0 79 0.6692627189099196
0 80 -0.9221749984025256
0 81 -0.593857742371126
0 82 0.5592681581251151
0 86 0.49247741380426024
0 88 0.19993527111328802
0 91 0.6074034613054538
0 93 -0.7565080282622838
0 95 -0.8906133259453244
0 96 0.4444459201091784
0 97 -0.031242209110266206
0 100 -0.679672656535038
0 101 -0.20097715290599472
0 102 0.7523654109830495
1 5 0.472623442954927
1 6 0.7089306635676418
1 7 -0.9870740745966382
1 8 0.7966603611995886
1 10 -0.8815412201881572
1 13 -0.5317649095527435
1 14 0.5128373329994678
1 15 -0.25569619894892015
1 19 0.8774703693967558
1 20 -0.8071901974088536
1 21 -0.32105343625230875
1 22 0.2675966383922461
1 23 -0.6307649107051008
1 24 -0.39295641383328395
1 26 -0.07433191555369922
1 27 -0.5691410935050867
1 28 -0.11379128417458628
1 30 -0.18028935400528345
1 33 -0.7225335651001983
1 35 -0.08580125285398821
1 36 -0.6158554699179772
1 39 0.540213248077781
1 44 -0.054762948844909065
1 46 -0.824563190085015
1 47 -0.7640771464059957
1 53 -0.8276524448027585
1 54 0.5074972933435791
1 55 0.32030889993046485
1 58 0.91460005756662
1 59 -0.3181353376487932
1 60 0.963188859106108
1 61 0.9822937012913204
1 64 0.4707080033917257
1 66 0.9595439628734321
1 68 0.6125242554186059
1 70 0.2250676881851914
1 72 0.12201395367260215
1 73 -0.029427578719330105
1 75 0.6717582126637738
1 76 0.6266386972771409
1 77 -0.7480745247991059
1 78 -0.9085379686039223
1 79 -0.7526731107257256
1 81 -0.3727582740629152
1 82 -0.1953435496146998
1 83 0.970528097556022
1 85 -0.9951133084469819
1 87 -0.667672084123131
1 88 -0.8852415016890014
1 90 0.14668902966055675
1 97 -0.3101150448000829
1 99 0.3291185078001784
1 100 -0.34644747129612696
1 103 -0.8968849405857446
2 3 -0.07521820167245252
2 4 0.15709114747859987
2 6 0.681674215130915
2 9 -0.8676982369865285
2 10 -0.8458330205843567
2 12 -0.6060000272159172
2 13 0.20724805089500675
2 14 -0.20044061160249727
2 23 0.6394982955549955
2 24 0.6876934306094027
2 26 0.42004967054764086
2 28 0.6758653556896208
2 29 -0.6455540284439412
2 31 -0.08907146040803937
2 32 -0.9661632117725636
2 35 -0.02123540588275974
2 39 -0.7890952523633439
2 40 -0.16119355883074915
2 41 -0.40163727791138704
2 42 0.1601379500716047
2 44 -0.22529757539680895
2 47 -0.4111609606262119
2 48 0.8603700483106396
2 49 0.3770287505614076
2 52 0.7637974275047281
2 54 -0.7474147919625109
2 61 -0.33035757614204675
2 62 0.027318804521347717
2 64 -0.958257516505554
2 67 -0.665726823013137
2 68 0.6985354406058177
2 69 0.02366878740470435
2 71 -0.8752818934111719
2 75 -0.7836040727435776
2 76 0.4231933036416393
2 77 0.8914660714798033
2 78 0.7965535437310975
2 80 0.5534463684865394
2 81 0.9188969237418168
2 82 0.06489517727868122
2 84 0.5771208106725916
2 85 -0.7826120527951754
2 86 0.812146907264103
2 88 -0.9335105399686252
2 92 0.19209533524253364
2 93 -0.43565169004648285
2 95 0.1551958122595125
2 96 0.17777739686404925
2 97 0.42058926469068547
2 100 -0.611326592043056
2 101 0.9159114779147812
2 104 0.675036210847483
3 5 0.5604927665623003
3 6 -0.21380628095853216
3 7 -0.8922453291321064
3 8 0.6023627278568642
3 9 0.6336951385681464
3 10 0.3067444542832214
3 11 0.8654351050373432
3 13 -0.4133270513729943
3 14 -0.5330969283184352
3 15 -0.7459922981735387
3 19 0.9524301012011491
3 21 0.4218546518838371
3 22 -0.892957274086047
3 23 -0.3095636608090566
3 24 -0.35030319311699776
3 26 0.571615526528416
3 27 -0.6923306749602471
3 31 0.44713260138256006
3 32 -0.1096928951544125
3 33 -0.7735353333019006
3 34 0.8775403036319627
3 35 -0.732110645716334
3 36 -0.5295036958327599
3 39 -0.5703914474992866
3 41 0.6946501859035661
3 42 -0.972417490946144
3 43 -0.6718531047679093
3 49 0.1106402097110144
3 50 0.7335928562442793
3 51 0.33719707108586383
3 52 -0.08302229249689819
3 55 0.5034850999109413
3 56 -0.8517294948779894
3 57 -0.1997990965873
3 59 -0.1994980669810602
3 64 -0.2240872116796817
3 65 -0.9502820939361731
3 67 0.4133459287338659
3 68 0.38151520035709785
3 69 0.23459194579990594
3 70 0.5035805706306828
3 71 0.9401603566714252
3 76 0.40354845989312893
3 77 -0.3787262624525407
3 80 -0.016120781401192774
3 81 0.20288203919002457
3 82 -0.0034277498588859423
3 83 0.35221138874256774
3 84 0.5060489214504378
3 86 0.3905077283152132
3 87 0.9054137577045964
3 88 -0.11312322077076442
3 89 -0.7798828308280736
3 91 -0.28533962898388343
3 93 0.31351133821636634
3 94 0.22661111296313008
3 96 -0.07109263507732844
3 98 -0.5070204069017894
3 99 -0.4078858049548184
3 100 -0.509881560830963
3 102 -0.38175495437387474
3 103 0.2867143906293541
3 104 -0.35239533861992434
4 5 -0.008564358812047201
4 6 0.9445664173902693
4 8 -0.459901825558207
4 10 0.7057114550676895
4 11 -0.9316857310966815
4 13 -0.825326202024314
4 14 -0.1106796868609139
4 15 -0.26349595982430674
4 21 0.6054115531293454
4 23 -0.43508184818543927
4 25 -0.6420611695433307
4 26 -0.9303158578038986
4 28 0.9772892708590446
4 30 0.6074053419399006
4 32 -0.0908568479381835
4 35 -0.48742256151707
4 36 -0.9860906868589512
4 37 0.07326440451636751
4 39 0.029858461115948032
4 40 -0.3724796154751939
4 42 0.5060792697788898
4 43 -0.26043109639107276
4 44 0.8468420618621335
4 46 -0.060574044831493756
4 49 -0.5045692093218554
4 50 0.4722300852267236
4 51 -0.2951275392700461
4 52 0.9788805819409667
4 55 0.6412304355634051
4 56 0.9145613913435067
4 57 0.07173163882650457
4 59 0.6160505062454114
4 60 0.6922940654348464
4 61 -0.10308110856333386
4 62 -0.5462499390533804
4 64 -0.04220183390623844
4 65 0.4637708079153424
4 66 -0.28180029851159705
4 68 -0.9872922077603958
4 70 -0.5984683641822037
4 72 -0.4706103130717396
4 73 0.6121804132361914
4 74 0.7471363644359255
4 77 0.8441625673196587
4 79 0.18406773077452776
4 81 -0.8996606032941827
4 84 0.17219885837502225
4 85 0.8781939299420127
4 90 -0.832293723476188
4 91 0.10491454302877612
4 92 -0.31748589511673964
4 95 0.38900971396510164
4 96 -0.28148369299439135
4 97 0.20451333793104753
4 98 -0.02855017397242987
4 99 -0.19028455979139713
4 100 -0.4164498293834591
4 101 0.2226375379365213
4 102 0.2649707971755555
5 6 0.8717574218453308
5 7 0.6907802068792683
5 10 -0.9648496745819035
5 11 0.16588724694734536
5 12 -0.8219822871376126
5 13 -0.44608861257705
5 14 -0.6020425511806484
5 15 0.26919022442534546
5 18 -0.23044292107037245
5 20 -0.5796703964906502
5 21 -0.8462018997176664
5 22 0.3398514108587334
5 26 -0.7415910661102112
5 28 -0.3099898097559983
5 30 -0.759099695517865
5 31 -0.9139926895375539
5 34 0.08424144479308504
5 35 -0.589437895661858
5 36 -0.6946784839030704
5 38 0.1776920738619221
5 43 -0.5163118659212971
5 45 0.1916128123703893
5 46 -0.5532750931557062
5 48 0.030249463824971734
5 49 -0.24322529513982594
5 51 0.9935731674185879
5 52 -0.6973935927709296
5 54 0.16941310681342103
5 56 0.08643849142245541
5 58 -0.7305728742924102
5 60 0.34257283326875076
5 61 -0.5497163801485325
5 63 -0.9148941351119624
5 65 0.1362285926414215
5 67 0.16082966548178845
5 69 -0.28268073236358426
5 70 -0.07450269408785637
5 71 0.7534613040782763
5 72 0.3086242381076836
5 76 -0.20919761367710188
5 77 -0.4948507112041505
5 80 0.3428418615370765
5 85 0.34538306735722535
5 88 0.06625130271905832
5 91 -0.5264391239194872
5 93 0.9887001010715648
5 94 -0.8435547666687939
5 95 0.7215554831908297
5 96 0.3088535535952224
5 97 0.2949415565651361
5 98 -0.7177474123736405
5 99 -0.012296922675995026
5 102 0.1463991991419651
5 103 0.5376869129170447
5 104 0.03827574648296861
6 7 0.19570030583990827
6 8 0.22224215883069354
6 9 0.16560840379235975
6 10 -0.12583895600126493
6 14 0.1805566992461276
6 15 -0.005088061038604819
6 18 -0.564874003154942
6 19 -0.48010283116521646
6 20 -0.9427894943861552
6 23 -0.04433096757913613
6 24 -0.9564832372995342
6 28 0.8896578765334016
6 29 0.9084868507520474
6 30 -0.972284826761056
6 31 -0.7272654144265323
6 32 -0.415004955921104
6 35 -0.5136991096113677
6 36 -0.7466469972731611
6 37 0.09347043528406918
6 38 -0.5804309195934916
6 39 0.22321923700067625
6 40 0.9677000838877301
6 41 0.40983908673910574
6 42 -0.3162504821175527
6 43 0.31548480772895515
6 44 0.6485620543343127
6 45 0.4298072016511849
6 46 -0.3327807006314636
6 47 0.49222250086948716
6 49 -0.6005219548944882
6 51 -0.7069480284087688
6 52 -0.9898925200044435
6 53 0.3980467278491391
6 55 -0.637434941423711
6 57 -0.040282516296339166
6 59 0.4953644831543993
6 60 -0.20332333551635084
6 61 -0.17635690070804322
6 63 -0.5401665824200061
6 66 -0.8067480878323794
6 70 0.6408230557764365
6 73 -0.11566456858805307
6 74 -0.27920647103965357
6 75 -0.3250833303657519
6 76 -0.2720228380439569
6 77 0.1479895536511806
6 78 -0.9093384126775164
6 81 -0.10999176544566258
6 82 0.886037512051542
6 83 0.7125173290095761
6 84 -0.6064395872917523
6 85 -0.022671315485979893
6 87 0.8952568434263981
6 90 -0.08893471085306803
6 93 0.2941114571068604
6 94 -0.4119930847426436
6 95 -0.8814349599671167
6 96 0.3621066385558891
6 97 -0.7567389203494104
6 98 0.5310130861710827
6 99 -0.5798224938455117
6 100 -0.3184868984972584
7 8 0.38112263711530736
7 9 -0.6924071085780248
7 10 -0.1383561035252423
7 11 -0.6151986755958676
7 13 -0.4661361889984488
7 14 -0.8359423799407262
7 16 -0.6332306629844862
7 17 0.3709660226251321
7 18 -0.9183993761544347
7 19 0.1291993411790029
7 20 0.19469785123683137
7 21 0.9994384336633215
7 24 -0.8955001809190011
7 31 -0.3296637802818845
7 32 0.18613943877648076
7 35 -0.22565722696731205
7 36 0.968362271452043
7 38 0.011147520532280852
7 41 -0.6039926937318432
7 42 -0.9533730881116909
7 46 0.06282284031054486
7 48 -0.011573686391630478
7 49 -0.01997676031410789
7 50 0.6129040559981025
7 52 -0.40078949262007724
7 55 0.6421389028064879
7 57 -0.49812222919790683
7 58 -0.7248848139224391
7 60 -0.13397600814799038
7 61 -0.24687143206698736
7 62 0.10880841069689007
7 63 0.23473786036184996
7 66 -0.7343809385308226
7 67 0.2521489307873066
7 68 -0.2726441306019938
7 70 -0.5845948958679128
7 72 -0.682832700173372
7 74 0.44190209344111975
7 75 0.23805612239943907
7 76 -0.7862508267093933
7 79 -0.3896693334464978
7 84 -0.5225097222907982
7 85 0.12553703416124518
7 88 -0.7537838918050415
7 90 -0.4891249847942998
7 91 0.8022770304432887
7 93 -0.6817504360069504
7 94 0.9967935033414026
7 95 0.8242129409771788
7 96 -0.04118147188911636
7 97 -0.11826070746671324
7 98 0.8332924482265649
7 100 0.9426302190508768
7 102 -0.8346100202302118
7 103 -0.38362354600710646
7 104 -0.16336184067943615
8 10 -0.31063722210500155
8 11 0.441697024930505
8 12 0.45322095050220845
8 13 -0.6349405227874452
8 16 -0.03377862295417211
8 17 -0.8086192040882032
8 18 0.4011811026917551
8 19 -0.964459533366542
8 20 0.931477600066831
8 21 -0.27626227650499136
8 23 -0.5059096257329658
8 24 0.19037105115897734
8 25 -0.9920756201157157
8 28 0.7197241928569662
8 30 -0.831761193486936
8 31 0.7469112239034337
8 32 0.5035375330177914
8 34 0.7991948392272759
8 39 0.8607620686737729
8 40 0.3753435952418709
8 42 0.41040132699032994
8 46 -0.5760733859163574
8 49 0.7893568840362115
8 50 0.555409224824061
8 51 0.9730186200477873
8 56 -0.7832787547581412
8 57 -0.08003808075637342
8 59 0.9842110143964766
8 61 0.10395062320813708
8 62 0.9358882576036016
8 63 -0.043599063763625656
8 64 0.19157903073296811
8 65 -0.03282842050432655
8 71 -0.07971262073964058
8 72 0.6427002508616242
8 76 0.9033648139378883
8 77 0.09577644100912908
8 78 -0.05061316828790141
8 80 -0.2604977211530102
8 82 -0.013041252539621517
8 83 -0.02645905476668009
8 86 0.711880159489255
8 87 -0.7781587946233492
8 91 -0.02029655174767231
8 92 -0.9873286284456728
8 93 -0.2501845087207306
8 94 0.06846692639593188
8 98 0.627665896956414
8 100 -0.6524432148548642
8 102 -0.8099754691244558
8 103 -0.8923831918201495
9 10 -0.9799361966875058
9 11 0.3790091970008136
9 12 0.8215299639648665
9 13 -0.8302294287530785
9 14 0.29102419395421486
9 15 0.1562928641105794
9 16 -0.8035721737275545
9 20 0.8448193620891591
9 22 -0.3514153065595087
9 23 0.2608095801277899
9 24 0.18552520705251618
9 27 0.14131120813581388
9 28 -0.1775587135785912
9 30 -0.05423765595692798
9 32 -0.6228874600451857
9 34 0.6416710086715987
9 36 -0.6740242650590633
9 37 -0.8830136592921616
9 38 0.809960904101275
9 39 0.7832002255954031
9 40 -0.9568730589570897
9 42 -0.4047159561537126
9 43 0.059816633057974355
9 44 0.30274413710502657
9 45 0.323655661365692
9 48 0.9779805810802362
9 50 -0.5776440676919152
9 51 -0.9076344005280585
9 52 -0.44472461465302837
9 53 0.5406279008273893
9 55 0.6576884382072714
9 57 -0.0804265238567965
9 58 -0.13520365188369277
9 61 -0.6400275217546192
9 62 0.6879189426244765
9 63 -0.7033570571668013
9 64 -0.44353821138247906
9 65 0.6377454642360179
9 66 0.40403491267294567
9 67 0.6387284563798556
9 69 0.5472362378118891
9 70 -0.25734488885382656
9 73 0.5822473632621028
9 74 -0.2184084292942723
9 76 -0.5604021696533812
9 77 -0.7253588166535025
9 82 0.76809419861117
9 83 -0.9128308688811464
9 85 -0.3601556973840483
9 87 0.6646657737828163
9 88 -0.8656831720005769
9 89 0.3486991295644213
9 92 0.308648837234478
9 93 -0.3810580192494686
9 95 -0.21189501251383902
9 96 -0.3370838824348521
9 98 0.6558361090105302
9 100 0.2766815220447534
9 103 0.889470723552036
10 12 0.6666105604765025
10 13 0.4289756027525857
10 15 -0.8764570716080058
10 16 0.4932115583200696
10 17 -0.6839008234161421
10 18 -0.8523991698075288
10 19 -0.41696348069168576
10 25 0.006142782845395933
10 26 0.13822597864689445
10 28 0.2686138371926232
10 29 0.922067328712717
10 32 0.3828633777415602
10 33 0.8616617483081657
10 34 0.9385665859840531
10 35 -0.4130366107495449
10 37 -0.08827255045678473
10 41 -0.9158804349378931
10 42 -0.7617747479522745
10 45 -0.18678682542074787
10 52 0.07139065621730545
10 55 0.7916547915922894
10 56 -0.3934530017880695
10 57 0.23586920165067715
10 58 0.06859913355471337
10 59 0.19488460681301722
10 60 -0.7094400520662874
10 61 -0.09292393871322369
10 63 0.9708381120684582
10 64 -0.5077840258121651
10 65 -0.14510573684570205
10 66 -0.854750085830956
10 70 -0.5576312600759379
10 73 0.07580220216460054
10 76 0.9566318669808922
10 78 -0.4401395222671225
10 84 -0.33276245469461485
10 86 0.249986847224823
10 87 0.21381711760490574
10 88 -0.3706761339642386
10 89 0.6579960968453742
10 90 0.0700938920524321
10 91 -0.32463648580017734
10 92 -0.4116190511889031
10 94 -0.5659333008207832
10 96 0.4029275905594738
10 99 -0.5306119739869117
10 100 -0.059556556777872194
10 102 -0.18484566169902372
10 103 -0.22443115317914653
10 104 -0.6346832632201613
11 12 -0.27541109983434775
11 13 0.8755352488585375
11 14 0.5820097180669714
11 15 -0.10572807967646414
11 16 -0.7263149511389277
11 20 -0.8183178448531994
11 22 0.5142613115211485
11 23 0.029875592504392756
11 24 0.09625186046596124
11 26 -0.43768121348485356
11 27 -0.5893445977852578
11 28 -0.3119026117781094
11 30 0.15257932976267385
11 32 0.5314055768491408
11 34 0.1572559452011093
11 35 0.5354661198271331
11 36 0.23950726170778536
11 38 0.16187661033785083
11 39 0.2905984514324238
11 41 -0.2793873003161538
11 43 0.36243690844516974
11 44 0.9095737769566581
11 45 -0.3972271592849157
11 49 0.5484109497256993
11 50 -0.29049237022644414
11 51 0.5070006557968638
11 52 0.8515270311278884
11 54 0.7605581989498047
11 55 0.995829785926234
11 64 0.07632442926743344
11 65 -0.11025407262073017
11 66 0.5317434434542598
11 67 -0.06754040254778859
11 69 -0.9257973958788965
11 70 0.6549024685102058
11 71 0.034575031797764444
11 72 -0.21267823373613015
11 76 -0.6496036067159165
11 77 -0.8886882144158894
11 78 -0.5905021972195419
11 79 0.8728998539635409
11 80 -0.7738552669496086
11 81 0.28153062941798
11 83 -0.048422917634408424
11 86 -0.6065537769922553
11 87 0.11710967304555364
11 88 -0.5180939352082328
11 92 0.15524741806200115
11 94 0.6119322266247609
11 95 0.05560320915144401
11 96 -0.623195405953046
11 97 -0.5659824675034637
11 100 -0.07713193092602655
11 101 0.39191003832572613
11 103 -0.3324281205483983
11 104 0.4925391354601871
12 13 -0.5197835398590358
12 16 -0.05876467420589204
12 17 -0.5279162636893859
12 18 0.47974475025772034
12 23 0.43952182025212294
12 24 0.3864112795945396
12 25 -0.24942802549613563
12 27 -0.10907772952371886
12 28 0.0016093310404678984
12 30 0.7060553734068793
12 31 0.4112153181153233
12 32 0.2469509567131809
12 34 0.37627829445566996
12 36 0.8708987974177764
12 39 -0.7623393869715003
12 40 0.4413568664872265
12 41 0.8847854860718947
12 42 0.9859763878570993
12 44 -0.3876660866995507
12 45 -0.9241679030575993
12 46 -0.9730858794069015
12 47 0.7374078485588698
12 48 -0.4053356891519049
12 50 -0.14127321005140314
12 52 -0.858330165705943
12 53 0.3827367906582251
12 55 -0.41421902517627585
12 56 -0.06915966905510351
12 57 -0.05685827909326768
12 59 0.9353330526654535
12 63 0.49146138907526016
12 65 -0.21203454966207635
12 67 0.29880123769795564
12 68 -0.8591052396320322
12 69 -0.4097575865897578
12 71 0.18421220617856648
12 72 0.8506891779503154
12 73 0.13482824299257112
12 74 0.4034560237092466
12 78 0.4793562022812363
12 79 0.5696374919616594
12 80 -0.41697318213397305
12 85 0.7440934120791671
12 86 0.2011236298263115
12 91 0.7918035256068339
12 92 -0.10882083702409662
12 93 0.32587376120868083
12 94 0.771860197427104
12 95 -0.4140152724360908
12 96 -0.6418625652807279
12 98 -0.9413844777807252
12 99 0.7338104342659704
12 101 0.5538132892340699
12 102 0.9660661805013042
12 103 -0.4954688858283782
13 16 0.40332204317435494
13 18 -0.5316288630260007
13 19 0.7341057437073952
13 20 0.6866094221391108
13 21 0.22522692027384328
13 23 -0.2472644067822869
13 24 -0.5691329501941809
13 26 0.38230709107237426
13 27 -0.6342906608805419
13 28 0.8067208463655449
13 30 0.3825680447634261
13 33 0.8181341681025818
13 34 0.5217632905651559
13 37 0.6306026304230918
13 38 -0.38034122517270097
13 39 -0.13288023972930074
13 41 0.17374796949164062
13 43 -0.22441984070227283
13 45 0.570645596097892
13 48 -0.4009377747469898
13 51 0.842768924580166
13 52 0.27014025489934235
13 53 -0.31284469224367006
13 55 0.641782072867791
13 57 -0.5673992381281849
13 60 0.404862393468427
13 63 0.5328368278426734
13 65 0.9555134310295768
13 66 0.7676764498943676
13 68 0.3042493213977173
13 74 -0.9529603747612985
13 75 -0.13542891985312688
13 76 -0.27192293803436707
13 77 -0.9059722506952446
13 78 0.6319568123616144
13 79 -0.785648122958297
13 81 0.7450646259345195
13 82 -0.6339359169992993
13 86 0.4612279121436704
13 88 -0.6373381431003029
13 89 0.9988061790843292
13 90 0.2908012291341855
13 91 0.9934038747561988
13 92 -0.24149775835592013
13 94 0.9859218932583182
13 95 -0.6902626002242322
13 96 0.4493232094792996
13 98 0.16314023256895815
13 99 0.6586166649498575
13 100 0.21382930106296905
13 101 -0.5873380013100344
13 102 -0.6820692224937226
13 104 -0.9573161650072568
14 16 -0.7313719342443941
14 17 0.37646321052138254
14 18 -0.004993800380635793
14 19 0.7825734662752935
14 20 -0.5741828647585054
14 22 0.8235110743537111
14 24 -0.832021499671934
14 25 0.9103892473023467
14 27 0.29530258114993946
14 29 -0.1341282580500418
14 33 -0.6551486409981704
14 34 -0.7068955339386396
14 35 0.3394667130348261
14 36 0.45647895895713986
14 37 -0.5207987505314926
14 39 -0.8597789284016537
14 40 0.5227387809916808
14 42 0.9305639771348757
14 43 0.04927264246576413
14 48 0.03571258907364916
14 49 -0.0975186591400401
14 50 -0.4156098468375993
14 51 0.8484237973810673
14 52 0.760287484072401
14 53 -0.7302615482488575
14 54 0.5229737505761312
14 56 -0.8317300339104889
14 57 -0.5750257280550579
14 58 -0.3915307628165705
14 60 -0.7403113645103812
14 62 -0.950486041015923
14 64 -0.7563029474093077
14 65 -0.060266299016895175
14 68 -0.2615528377218319
14 69 -0.11506734174998456
14 70 0.6479647664780375
14 71 -0.4813347179374079
14 77 -0.8347651884277998
14 78 -0.09270197209596631
14 79 -0.5608426917429956
14 82 -0.18307148416266683
14 84 -0.7844865821001652
14 89 0.7302489371130989
14 92 -0.504508111229425
14 93 0.3313211052369278
14 94 -0.537645316707211
14 97 0.16290325763458613
14 98 0.20303775952908576
14 101 0.19315437710136152
14 102 0.5524426872169219
14 104 0.3061002953439407
15 17 0.38992824674636783
15 18 -0.8189356991558625
15 19 -0.859204014304991
15 23 -0.12287456941101582
15 24 0.9217707236458823
15 28 -0.681328737915339
15 29 -0.6692167605417862
15 31 -0.9522311590116925
15 33 -0.1772089053282826
15 35 -0.9065087339496267
15 36 0.6592283254765201
15 39 0.2560377704194552
15 41 -0.9110103358115296
15 42 0.4031955040596076
15 43 -0.3486967637546017
15 44 0.9975039041244191
15 46 -0.11378263466264382
15 47 -0.6151364599911597
15 48 0.7592702247943883
15 50 -0.04452148642663434
15 53 -0.4970656698445939
15 55 0.4512902686567879
15 56 -0.4846459180538951
15 57 -0.31053510302611675
15 60 0.9704682689810058
15 64 -0.6892472112101438
15 65 -0.4559285229149417
15 66 -0.14044396270515414
15 67 -0.7723058028317402
15 68 -0.3597351667955142
15 69 -0.25588010007749595
15 70 -0.23805230165984992
15 73 0.9419756193754376
15 74 0.9612603087994853
15 75 -0.13828350798779399
15 77 0.9735588280558343
15 79 -0.5214020248496121
15 82 -0.4898549169416946
15 83 -0.02084850738284616
15 90 0.4994547876510673
15 92 0.022321162552586316
15 95 -0.8399447333173424
15 96 0.21079571337605274
15 97 -0.9971362606586955
15 99 0.6228116858821264
15 101 0.7318836773497743
15 102 -0.9420113405460029
15 103 0.1375051573298487
16 17 0.2693406137835086
16 18 0.5322422960866522
16 20 0.34934735496980274
16 24 0.31064275860440294
16 25 0.34386394611261717
16 26 -0.22772229390707932
16 27 -0.9344091994846866
16 28 0.3987190148898072
16 32 -0.8631091066199723
16 33 0.7968199263029903
16 34 0.07689441705339473
16 35 0.1403037070183777
16 40 0.8950538743010448
16 41 -0.07704445984497021
16 42 0.26661985569311497
16 43 0.48973854667348515
16 45 0.8215242717219267
16 46 0.7588817515158537
16 47 0.3196952472496781
16 49 -0.9853784488882709
16 50 0.9643365686940335
16 51 -0.7859715022011178
16 52 -0.2593999272466989
16 54 0.8465381218861543
16 55 -0.41637439336059257
16 57 -0.1331720428170493
16 58 -0.8493474620259258
16 59 0.36445203830736794
16 60 0.1317754059966707
16 61 0.8312991471924855
16 64 0.021262274294397754
16 65 0.2280824064281035
16 67 -0.406990834798973
16 68 0.6880605211962958
16 70 -0.8207910942798762
16 71 -0.3372977554615282
16 72 -0.08546786407370388
16 73 -0.9043337598637566
16 78 -0.1134757089992906
16 80 0.6480731112602869
16 81 -0.46849547600093966
16 83 0.21028695638200046
16 85 -0.9722391174869296
16 87 0.4283064258398588
16 89 -0.27041483078147266
16 91 0.8910229472598159
16 93 0.2058962763324359
16 94 -0.5487048873559686
16 95 0.9568042010362849
16 97 -0.8658091203007399
16 99 -0.809390906968344
16 100 -0.9043813654725539
16 102 -0.8591602912906688
16 103 0.8226338014446146
16 104 -0.2897597001166323
17 18 0.30142790716534607
17 19 0.6673574627526495
17 21 0.8247772574131191
17 22 -0.1496742328832512
17 23 -0.8701429147446151
17 24 -0.9518414538914861
17 25 -0.07637785272085384
17 26 0.39351285746283526
17 27 -0.9396192692047876
17 28 -0.03854168886069931
17 29 0.4139492992467999
17 30 -0.2873318444652202
17 32 0.32768584741623163
17 33 0.022297110684067478
17 36 -0.5714907882898463
17 39 -0.931670953668958
17 42 -0.9756785099359793
17 44 0.0831764758896325
17 46 0.8440525892453012
17 47 -0.1376287122079849
17 48 -0.7745233738193611
17 50 0.8574876468262771
17 51 0.469184963229061
17 52 -0.8239274684547355
17 53 -0.6169918489283701
17 56 -0.39864595023667304
17 57 -0.2598071177365744
17 59 0.5270849550998209
17 60 -0.8774340139398671
17 61 -0.32534159114939976
17 63 -0.4098996327325666
17 66 0.4492386968038653
17 69 -0.7322872202496018
17 70 -0.7315094918864411
17 73 0.6639061022960424
17 74 0.24837105412492955
17 76 -0.8881318684937585
17 79 -0.890987551274091
17 81 -0.1181662630975917
17 83 -0.5174094538644207
17 85 0.9024098788990136
17 87 -0.6191668603578242
17 88 -0.32301947521672303
17 90 0.012363042287450554
17 91 -0.3177949354488734
17 92 -0.2023244986415278
17 95 0.809477321894069
17 96 0.2951889601336948
17 97 -0.802764162827553
17 98 0.8525623814625183
17 102 0.16401881432350818
18 26 -0.3434218277994625
18 29 0.6618481592123728
18 30 0.6851829886768341
18 31 0.9590527488164036
18 32 -0.10666497593696977
18 35 0.9897510026853464
18 39 -0.6766888489357787
18 40 0.9333995252610756
18 42 0.6690168427149386
18 43 -0.20081553240504202
18 45 0.3129044810710664
18 46 -0.6276734441063927
18 47 0.024241467252659854
18 49 0.6653579698342076
18 53 -0.1730677112514809
18 54 0.8197963594013011
18 58 0.34939823711554574
18 59 0.9316798664561614
18 63 -0.07835429591808163
18 66 -0.7827368366258634
18 67 -0.9070464548385371
18 70 0.9453995786057727
18 71 0.6447891928633778
18 73 -0.6037134765401746
18 79 0.6028073666371916
18 80 0.1702112846130024
18 81 -0.12060736234365455
18 82 -0.09435167812854095
18 83 -0.3191763333894517
18 84 0.9542040313737372
18 85 0.04293012049781075
18 86 0.7496017731787541
18 87 0.23260441594819792
18 88 -0.7873619945840664
18 90 -0.9527701245891826
18 94 -0.3043254114996896
18 97 -0.04351236657356261
19 20 0.9416466504705456
19 21 0.16379962755958566
19 22 -0.6890982635183709
19 23 0.7439304097326611
19 24 0.0051092933245140415
19 31 -0.3115795479089547
19 33 0.41176594957007984
19 35 -0.6397899767765161
19 36 -0.14671125392779705
19 39 0.023880954592298664
19 42 0.5317821959990432
19 43 -0.49856161515522057
19 45 0.34325346083632424
19 46 -0.3740603187650564
19 48 0.6907482531238065
19 50 0.14854864899959153
19 54 -0.8764852414125326
19 55 -0.04654610078588206
19 56 -0.2646840677405258
19 57 -0.18623788098097882
19 58 -0.3073173548663817
19 59 -0.7466241266168638
19 61 -0.04262268985033302
19 65 -0.7051191875023233
19 67 0.7253224996455849
19 70 0.10111069497283598
19 73 0.25100850354912385
19 74 -0.13066296930059274
19 76 0.13845157314772671
19 78 -0.744966240151439
19 84 0.5281883507892531
19 85 -0.33612148173448375
19 89 -0.9979675275043416
19 90 -0.06545403361346458
19 91 -0.8150614414874411
19 93 -0.7141510863125249
19 94 0.5199424542534055
19 96 0.1363933674555522
19 97 -0.8195269370162297
19 98 -0.9602417116582123
19 99 -0.4253449455040732
19 100 0.96477616702467
19 103 -0.9493834764265374
19 104 -0.9984133806908289
20 21 0.016809290430511492
20 22 0.04663485718216176
20 24 -0.833669516135292
20 25 0.10545836594654223
20 33 -0.44896123617437556
20 35 -0.6758924149157934
20 37 0.8524181626887908
20 42 0.20238534064904412
20 47 -0.13894130726060627
20 49 0.3966873301556819
20 51 0.9883573796413709
20 52 0.2773228540544168
20 54 0.7468910863756482
20 57 0.3712167343906798
20 58 -0.6297097114283849
20 60 -0.7416918351429851
20 68 -0.8683912846286044
20 73 0.5503934455045147
20 75 -0.9063195287601886
20 76 -0.6467366322505816
20 77 0.10931123097609774
20 82 -0.7882231416275374
20 83 -0.9205321427373117
20 87 0.041924159367240144
20 89 0.8405900541346034
20 90 0.13511446409783012
20 92 -0.7491425300305994
20 93 0.3827779877286619
20 94 0.7937345144010832
20 95 0.42125741594746
20 96 -0.9344705877748463
20 97 0.15061132175111247
20 98 -0.2667393668512228
20 100 0.6582856593113489
20 101 0.23333371203701536
20 103 0.09981763255722531
20 104 0.22110142140794475
21 23 0.0527780457794067
21 25 0.011465958011730892
21 26 -0.10231118892780056
21 27 -0.3174535135808272
21 28 0.04806380721698589
21 29 0.4785257093572053
21 30 0.8737523891581969
21 34 -0.24713643391166507
21 35 -0.3857942612322798
21 37 0.5389954470746798
21 38 0.654352373563599
21 41 -0.043272337220918944
21 43 0.4224932823472851
21 48 -0.7545541265622879
21 50 -0.12905043757340007
21 52 0.623508024312456
21 53 0.06278026554229754
21 55 -0.14891320090756976
21 59 0.3399065711642686
21 60 0.23237447112003995
21 61 -0.331774422805309
21 62 0.5280390123628718
21 63 0.4294726651751566
21 66 -0.36044380868140347
21 67 -0.1850327584929523
21 69 -0.8530840730673093
21 70 -0.465691545101647
21 71 0.4453653826641557
21 72 -0.6833347653350523
21 73 -0.621272780425244
21 75 0.4383191654581262
21 76 -0.5687732079073802
21 77 -0.12275364501978525
21 78 -0.0804336810110613
21 80 0.8652438197211476
21 83 -0.564252619283198
21 84 0.5761187769319298
21 85 -0.18111730660696734
21 87 0.960590533231132
21 88 0.6580693912075373
21 90 0.8239561910028421
21 91 -0.03185164909407723
21 92 -0.14166503031329802
21 94 -0.994886732135358
21 95 -0.5154780624872395
21 96 0.6401418027095958
21 98 -0.6464369439033479
21 99 0.8781191514581121
21 100 -0.6078250088999821
21 101 -0.4792500787781757
21 102 0.9261170995143186
22 23 -0.4565086144162396
22 25 -0.2582176636954294
22 27 0.8423201184853855
22 29 0.8354059288667666
22 30 0.23782991063461312
22 32 -0.6222263610257763
22 34 0.019829655759109333
22 37 -0.8213396474077315
22 40 0.36997393306470516
22 41 -0.3186857569409973
22 43 -0.5328768567990843
22 44 0.5115436859762785
22 45 -0.033815465742955464
22 46 0.4862631710637091
22 47 0.4990388856280361
22 49 0.8893286879665783
22 50 -0.5881460740716815
22 51 -0.8265425696309341
22 52 -0.7358574317668976
22 53 -0.08189756451477037
22 56 0.9329631071149325
22 58 0.6273664505213556
22 64 -0.9676616779087213
22 65 0.9808206010661289
22 68 -0.06237238795401656
22 70 0.4628164291031067
22 71 -0.25747910008717545
22 72 -0.347874854753738
22 73 -0.18266080685113795
22 74 0.6450169346769405
22 76 0.41436778159132515
22 77 -0.015333004543260031
22 78 -0.6086078802553794
22 82 0.9909658890859365
22 83 0.9433435551295337
22 84 -0.20267601767577204
22 85 -0.45394675839102283
22 88 0.5003350321371678
22 89 0.22830076151783363
22 91 -0.6852473509915262
22 93 -0.7126143213150598
22 95 0.16488380331698194
22 96 0.927218837689658
22 98 -0.6926506490969693
22 99 0.5139837036852593
22 101 0.5615558267254139
22 102 -0.38024033133437407
22 104 -0.9283772421680325
23 24 -0.8898291653260759
23 29 -0.46446849726238204
23 30 -0.21942871617737758
23 31 0.8929067341031098
23 34 0.5238105439704821
23 36 0.5510656364020992
23 37 0.24806676100419556
23 38 -0.5940381257507978
23 39 -0.5416534906264252
23 41 -0.9758595152653653
23 42 0.3861451145274557
23 43 -0.6651629455738199
23 44 -0.6076538625705432
23 45 -0.4240650646651174
23 47 -0.8209191641514013
23 48 0.13988981552627022
23 49 0.9241345310448466
23 51 -0.5818191254283824
23 54 0.14197802176055707
23 55 -0.6719022599129525
23 60 -0.8639413654063137
23 61 0.9614922339166203
23 62 0.3277654546575084
23 63 -0.6327460008647807
23 65 0.2886344750637502
23 66 -0.948377091041978
23 67 0.2883189275260416
23 68 0.19278401043983062
23 70 -0.32674305776414103
23 71 0.04231692368939055
23 72 -0.005093972380240563
23 73 -0.3630733238510997
23 74 0.30521528406980836
23 75 0.5097656116526907
23 76 0.6920920793121852
23 77 0.5376679408692229
23 78 0.0030916861650682748
23 80 0.6630549801010113
23 81 0.4955980789058161
23 82 0.48229577121908673
23 84 0.5164115698425755
23 88 0.8775513430293094
23 89 -0.9308981665971365
23 91 0.6213241749045533
23 96 -0.85977980641268
23 97 -0.1761957752291219
23 98 -0.03051684050653103
23 102 0.8637169039922414
23 104 0.6982100470160233
24 26 -0.7019751095809883
24 27 0.6284839844805765
24 28 -0.6165007662252429
24 30 0.36903405232832176
24 31 0.32687176862716427
24 32 -0.1011958317167092
24 34 -0.545276942641183
24 39 -0.5844267439129445
24 40 -0.020088528430854957
24 43 0.7331312343517975
24 45 0.8606682868218416
24 46 0.7626440802154293
24 48 0.3338357851004645
24 49 -0.25566550048031744
24 50 -0.44843082880166585
24 53 -0.25682871765758786
24 56 0.6165486362011809
24 57 -0.06133250072636853
24 58 -0.4441445650294469
24 59 0.801012212318085
24 60 0.5715472454250623
24 61 -0.250808421120686
24 64 -0.9892663268983626
24 67 -0.8512437056683222
24 69 0.47280740335759486
24 70 -0.41249622287922727
24 71 0.4118641961968774
24 72 0.6926261864960823
24 73 0.5143278236851394
24 77 -0.9647886712481781
24 79 -0.421149181360462
24 80 -0.5777565843185137
24 81 0.1730502000489642
24 83 -0.7766854220223638
24 84 0.29237422113349254
24 87 -0.5091697972126326
24 89 -0.2712161586206294
24 90 -0.8181021715260854
24 91 -0.8407836250430432
24 92 -0.4058895542923946
24 93 -0.6100642205672535
24 94 -0.21631425928078785
24 97 -0.4930612854706504
24 98 0.5959552194649913
24 102 -0.6975099668160396
24 104 0.7159296648528524
25 26 -0.6614368988375396
25 27 -0.0527098417489309
25 30 0.4947424744407156
25 31 0.5025184913117682
25 32 -0.41134189238242014
25 34 -0.9215528526348997
25 35 -0.06407693088166933
25 36 -0.023687313293709433
25 38 -0.3433505857092194
25 39 0.7155323873719746
25 40 0.8262882207236342
25 43 -0.9201909169602944
25 48 0.29837917110380374
25 49 0.07510867391805309
25 51 -0.7093840923664216
25 52 -0.35758162388123593
25 53 -0.6176647908216522
25 54 0.04005003891254666
25 56 -0.37639950660374843
25 57 0.047045616804888724
25 59 -0.9787440827493463
25 61 -0.2946372587946928
25 63 0.11763890114854614
25 67 0.4447362766859084
25 69 -0.38798464409497435
25 70 0.30371756959343643
25 71 -0.7237536004163683
25 72 0.42805651875579387
25 74 -0.9838111718559652
25 75 -0.2788006001425716
25 79 0.5828117266817241
25 80 -0.04743915745542182
25 82 -0.38610477749932004
25 83 -0.5101601414343229
25 86 -0.49284930730521315
25 89 0.7006697595494544
25 90 0.21964806886339683
25 92 0.09548769804022395
25 96 0.5482655777698136
25 97 -0.9139906786782164
25 98 0.2513225294123529
25 100 0.3009560734124934
25 102 0.5261614705400794
25 103 -0.9438467097096086
26 28 -0.9146886547684936
26 29 -0.39691663778859976
26 32 -0.4570099329854782
26 34 -0.9240591723689691
26 35 -0.40155089925014864
26 36 0.32381526433086405
26 38 0.9143964305741423
26 39 -0.4565518099156658
26 40 0.14508365252247568
26 46 0.5441942046416668
26 48 -0.10380544435235373
26 49 -0.4155113208896477
26 51 -0.34547239380931005
26 52 0.4217263025083451
26 53 -0.8378575744334498
26 54 -0.7054687034981881
26 56 0.5843607701021556
26 63 0.562997743273536
26 65 0.3808754067069309
26 67 -0.6460828747846754
26 69 -0.3847848028072134
26 70 0.5170964253294819
26 72 -0.8928751352880073
26 73 0.8924402988350746
26 75 -0.2416633859956756
26 77 0.10267087385585705
26 79 -0.9108404956265195
26 80 -0.13365182360241556
26 82 0.6192264274555019
26 83 -0.6227859539402918
26 85 0.7537612212160101
26 86 -0.8307478666818018
26 87 0.7236946839750802
26 89 -0.26940837509907567
26 90 0.4472890065912265
26 92 -0.38718468687681695
26 96 0.4924324130288813
26 98 -0.005427774120166928
26 100 -0.24084264929828292
26 101 0.5946918430089725
26 103 0.2759174700689857
27 30 -0.11390701034128803
27 31 0.7107347987519959
27 32 -0.02435233980556073
27 33 0.357176823513335
27 36 -0.47047788926297573
27 38 -0.7630756933849838
27 39 -0.3423685159509726
27 40 -0.34150345432165374
27 43 -0.5285756351204483
27 44 -0.5568268557755238
27 46 -0.20189883709212775
27 47 0.13167221743139357
27 48 -0.6734076234630058
27 49 -0.6151301121781858
27 50 0.3342384035520536
27 51 0.07097847689421966
27 52 -0.7862476854126765
27 53 0.6457645650542922
27 54 -0.941926290778506
27 55 0.8690601618395299
27 56 -0.18316360152821654
27 58 0.2509518062591778
27 59 -0.202094466201598
27 62 -0.8922596736503225
27 64 -0.20971413293203378
27 65 -0.19626593563503625
27 66 -0.6580772006476949
27 68 0.5462834808159409
27 69 0.7591282755734055
27 70 0.8760900360669912
27 74 0.7298111020452751
27 77 -0.4103735293431383
27 79 -0.02007570276262105
27 81 -0.11090922661703462
27 82 -0.4702656957865796
27 83 -0.8288371331551769
27 87 0.40158809362961323
27 89 0.7692912136641241
27 91 0.665250291879135
27 93 0.7922008368326496
27 94 0.2947876390491255
27 95 -0.21282802002585766
27 98 -0.946423412451423
27 99 -0.5031153149210954
27 100 0.35883212800731545
27 101 -0.9907948397511281
27 103 0.9908932330792408
28 30 0.11580652830311577
28 32 -0.2859560238029075
28 36 -0.4271453119030544
28 37 -0.3339470544788623
28 38 -0.43400037772356104
28 39 0.7577870668053601
28 40 0.1820147040726936
28 41 0.6614786201439455
28 44 0.7683346661759307
28 45 -0.8945045222948145
28 46 0.6570808949656868
28 47 0.9346931235783695
28 48 0.9494395746953392
28 50 0.2292813134141618
28 52 -0.6893770704901081
28 53 -0.9481274482251003
28 54 -0.45973030974103013
28 55 0.13427032501291314
28 58 -0.07580636229069282
28 59 -0.8375647934462924
28 60 -0.0658174959826856
28 62 -0.21191186692167774
28 67 -0.994469523514734
28 68 -0.13666503005595243
28 69 -0.4206093672106197
28 70 0.3366628772308582
28 74 -0.2010457333050948
28 76 -0.07926413345279881
28 77 -0.2808311847891043
28 79 -0.2972908377130137
28 81 -0.21410026158202244
28 82 -0.7124759713746505
28 84 0.7786477783501973
28 85 -0.45130307164505834
28 86 -0.6982644344139526
28 87 0.9931180460549518
28 91 -0.4864868560407729
28 92 0.4617924711877657
28 94 0.31653277486235676
28 95 0.20248177512243104
28 97 -0.568621306585245
28 98 -0.18271859748390962
28 100 0.8580511682714405
28 102 0.397565252019048
28 104 -0.8871904649615425
29 30 -0.13259884151484846
29 32 0.6070907657141764
29 33 -0.02031307277643668
29 35 -0.39593064564444314
29 38 0.3723563065150226
29 39 -0.21660517190239736
29 40 -0.05651152813642568
29 41 -0.3738231194401691
29 42 0.7250887871465055
29 44 0.5651658869230105
29 48 -0.7055218819614879
29 49 -0.062497438374005565
29 50 0.9688595044604611
29 51 -0.6472431473703848
29 55 -0.021961695289327787
29 62 -0.06961684991312933
29 67 0.8533237909924927
29 68 -0.8653926148498607
29 69 -0.6903793670315854
29 71 -0.25476199438691793
29 73 0.13361782511246156
29 74 0.42550087629344935
29 80 -0.33303308171378765
29 83 0.6551363134875112
29 84 -0.6373606382875421
29 85 -0.6804107113104603
29 87 0.5646016086944823
29 88 -0.938612516149639
29 90 0.5925656368671903
29 93 -0.2862350317585798
29 94 0.4757716143101849
29 95 -0.9176339334476191
29 97 -0.9670100502386862
29 99 -0.5986420848706295
29 100 0.07027865459526117
30 31 0.7316167504617004
30 33 -0.993077765030185
30 37 0.8597279624818892
30 38 -0.5775103461076192
30 39 -0.121165684585965
30 41 -0.5024278379406049
30 44 0.2635313046012886
30 48 0.6389344280030491
30 50 0.9815097718776671
30 52 -0.5541013392345513
30 54 -0.6413468891679928
30 55 -0.2163412235199187
30 56 0.9815797165909066
30 59 -0.012583721932178937
30 60 0.15400523995222315
30 61 -0.12936721438250598
30 62 -0.375224667032779
30 64 -0.8430816627126256
30 65 0.42230661603077335
30 67 0.304310201836236
30 69 0.1650921636156093
30 70 -0.9539896547697919
30 71 0.36117616878381087
30 74 -0.24314701135914385
30 75 0.5082550836342414
30 76 -0.7140137860673093
30 77 -0.17010002680380798
30 78 -0.5078665905131694
30 82 -0.33672725295355144
30 85 -0.0800991298997793
30 87 0.018598197866260602
30 89 -0.47936737439895927
30 90 -0.5708241717672082
30 91 0.48777817866606843
30 94 0.853322707182167
30 97 -0.4401195722804092
30 98 -0.41050743965974057
30 99 0.1862122711246068
30 100 -0.3525886465406971
30 101 -0.7124140113529769
30 102 0.1357263003834166
30 103 -0.6024738396891403
30 104 -0.041349158679597986
31 33 -0.4644891862592828
31 38 -0.044424413272994734
31 39 0.5194896391894921
31 40 0.9492358695803895
31 41 -0.7860526257826788
31 43 0.20429701704200065
31 45 0.7217141508736571
31 46 -0.5329443686214086
31 48 -0.8403556680275832
31 49 -0.44660051413746915
31 50 -0.06544957362365733
31 51 0.4334151103984225
31 52 -0.046040919573671735
31 53 0.2838891541869981
31 55 0.9463021793620521
31 56 0.6396821847628404
31 58 0.22492959059152806
31 60 0.34539731843729893
31 62 0.9581230104081551
31 65 -0.13011191273394473
31 68 -0.16391891519122925
31 70 -0.42066267628099485
31 71 0.3911937337434608
31 76 0.7532020016071748
31 80 0.06679133326092024
31 83 -0.6549781718369636
31 84 0.8180757659043203
31 85 0.9739341201063485
31 87 0.769565671931133
31 89 -0.915139720410493
31 91 0.6166972281447269
31 94 -0.27827780854090256
31 96 -0.751771612470536
31 97 0.0732659693171418
31 98 -0.3242458356025084
31 99 0.2852361214367436
31 101 -0.2817852343186624
31 104 0.40092473088709135
32 33 -0.21024256033380118
32 35 -0.23078562439463313
32 36 0.7007501217779362
32 37 0.5832977775460204
32 38 -0.13798813062109083
32 40 0.5533414274085284
32 41 -0.4590075547035426
32 45 -0.10951015884982374
32 47 -0.9678902936087876
32 51 -0.7539047340651415
32 52 0.2606987163064296
32 54 -0.7389600491578263
32 55 -0.807760197387829
32 57 0.287711081983419
32 59 -0.11707724033300626
32 60 -0.11715640190253573
32 62 0.5500212358918561
32 64 -0.42247476093367897
32 65 0.5745671727885342
32 68 -0.1403305775859338
32 69 0.961902890770254
32 72 -0.1585552645582684
32 73 -0.19295346356481313
32 75 -0.6255748631194902
32 81 -0.41299145627831857
32 82 -0.4611480734989932
32 83 -0.9441304777278363
32 89 -0.38211055194719146
32 92 0.2953406887136494
32 93 0.6533532524230492
32 94 0.5755814074417649
32 95 0.2863603322564048
32 101 -0.6185413569112355
32 103 -0.38962858864382954
33 34 -0.2026721483835845
33 36 -0.24442194361389702
33 37 -0.7784258408861913
33 38 -0.25212045611963796
33 43 0.43155489483982135
33 45 0.5972992883107786
33 46 0.9181760255812721
33 47 -0.3495294548508667
33 52 0.23926510850637506
33 55 0.3333183120211567
33 56 0.4481794821309484
33 60 -0.27803382101421903
33 61 -0.4986973795004208
33 64 -0.9032120174269487
33 65 0.2947133446940806
33 69 0.1984492768243853
33 71 -0.8084814407775691
33 74 0.7645438546841186
33 75 -0.0717748323980798
33 77 -0.27366277072999745
33 78 0.17344304542998001
33 81 -0.5837609239672139
33 82 0.5237321480979527
33 83 0.3672350448927606
33 84 0.11780609298949418
33 87 0.9340207280591215
33 90 -0.3222277576668382
33 91 -0.08838826085535079
33 94 -0.41808541886153683
33 95 -0.9136819058009475
33 98 0.32791473810101057
33 100 0.8106694601369393
33 102 -0.3986299249999321
33 103 0.7357370397507084
33 104 0.4265059189945011
34 36 0.16496992241290864
34 37 -0.28540673741853206
34 38 0.5124767716759566
34 39 0.7626950875229968
34 40 0.8191066337595854
34 42 -0.3530162105271524
34 44 -0.996400110395744
34 45 -0.9413901149114439
34 47 0.20192622125332838
34 50 0.1132794194040947
34 51 -0.5815566809578951
34 52 0.1511621683473947
34 53 -0.42181798863122766
34 54 0.341917813468416
34 55 -0.520687246969125
34 56 -0.14762568506516804
34 60 0.24120820267229748
34 62 -0.6704272187798292
34 63 -0.5647061319462543
34 65 -0.6149211872096378
34 66 -0.6568297860635512
34 67 -0.9890154946202276
34 68 0.4886150267306477
34 70 0.17991194126964127
34 72 -0.3650805380471074
34 74 0.020765740076700512
34 76 -0.16239458330670353
34 77 -0.9170483515597845
34 78 -0.5777001877793604
34 80 -0.5739093520395944
34 82 0.06941626595736161
34 84 0.8852209668142492
34 85 0.25858203650294165
34 87 -0.8329220622582938
34 88 0.3772705138797161
34 89 -0.4202408988565187
34 90 -0.3020171452271274
34 91 -0.011046036095454514
34 93 -0.49913228747925187
34 94 0.5266034640105794
34 95 -0.7388570026201564
34 97 -0.05504420410647115
34 101 0.280238890518965
34 102 -0.26100549895228364
34 104 -0.2866354588785842
35 36 0.30302245808428374
35 37 -0.33537707005280226
35 41 -0.8444859353547689
35 42 -0.990748250203489
35 43 -0.8185607206482834
35 44 -0.5014528308252282
35 45 -0.6306011891656498
35 47 -0.529795561464198
35 49 0.34045627824814173
35 51 -0.3676178177842129
35 54 0.7629870511576067
35 56 0.6273343797327484
35 59 0.14475042820546125
35 60 -0.2888169076571754
35 63 -0.3719929008436731
35 69 -0.7654736472843922
35 70 -0.8610510925924675
35 72 -0.4985734341619317
35 75 0.7381487145347612
35 77 -0.1651352116667295
35 78 -0.6157782984261
35 80 -0.9446656144013734
35 81 -0.6476875416272312
35 82 -0.36938542854637
35 87 -0.654077641491525
35 91 -0.2546983409201249
35 92 -0.6358828515824946
35 93 -0.39101719623387465
35 94 0.317960444982748
35 95 -0.7011987479649031
35 96 0.7611850159373468
35 98 0.33607130040641
35 99 0.1918230660170266
35 100 -0.1183686390619818
35 101 0.7732085790672278
35 102 -0.6668137390519684
35 104 -0.22189416704004183
36 37 -0.5200831048230004
36 39 0.48206708436579904
36 41 0.7840793215055899
36 45 0.09086031518716142
36 46 0.06815986739147784
36 47 -0.6384705459100297
36 48 -0.7067016053244906
36 51 0.6791717280413248
36 53 0.0073702496599554745
36 54 -0.4063532382476098
36 55 0.43769552055567584
36 56 0.19678677636405983
36 57 -0.015517207863005256
36 58 0.5139119448644851
36 59 0.5286532617249393
36 62 -0.7254424484570925
36 63 0.9451229525958229
36 66 0.13912093347343513
36 67 -0.13272316331082412
36 68 0.7228008627279325
36 70 -0.0019782453079046913
36 74 -0.9378429166599742
36 75 -0.2657224751736158
36 77 0.17230995189982723
36 78 -0.16854845778243677
36 79 0.26002064021689986
36 80 -0.4879440257684271
36 81 0.8740839503506785
36 82 -0.6847264598019638
36 83 -0.28107035421637216
36 84 0.8158211381807801
36 86 -0.42880773895478796
36 88 0.5823325453000465
36 92 0.8713989594271163
36 93 0.21153240098742354
36 94 -0.8715495139684057
36 96 -0.27246506851695984
36 97 -0.15072983923173622
36 98 0.8895561820662641
36 99 -0.019366459477327957
36 100 -0.34304233906607395
36 101 0.13450623424359232
36 102 -0.37302432479892356
36 103 -0.18041623700648746
37 39 -0.49049404773507344
37 41 0.5156010550535841
37 43 -0.6899186245498661
37 45 0.44984357508413964
37 46 0.3036830133776107
37 47 -0.6991320303092838
37 48 -0.02750593277454949
37 49 0.3021206286368201
37 53 0.3830654635506894
37 54 0.6289933187727124
37 57 -0.8800729712893549
37 58 -0.7123452468803273
37 59 0.488093450750984
37 60 -0.819958017050209
37 61 0.12027828387206996
37 62 0.3917767312900322
37 68 0.5909839624498523
37 69 -0.8759381694550579
37 73 0.53542146531861
37 74 0.24208301093259665
37 75 -0.5172690897612842
37 76 0.059665618939370724
37 78 -0.5841232670053254
37 79 0.8753872046779472
37 83 0.42768388014717007
37 86 -0.11404297950944686
37 89 -0.21788921832521413
37 90 0.6019548928048384
37 91 0.1373322826994814
37 92 0.6808995253430385
37 93 0.2758860437694355
37 97 0.676558769728099
37 99 0.5787738992384643
37 100 -0.2938390094662715
37 101 0.33089679919618287
37 102 -0.7290441011159776
37 103 -0.22274167324757554
38 39 -0.07876570718847042
38 40 0.614840479656281
38 42 0.05077978337180089
38 43 -0.6445194533089351
38 46 0.20872185940757437
38 51 0.6029935777504585
38 54 -0.985015377397175
38 56 0.7990459381622075
38 57 -0.9908109524502164
38 61 -0.4950649181435567
38 62 0.5512628912983986
38 63 -0.35844966584538396
38 64 -0.0784777489007833
38 65 0.9063840855534042
38 67 0.8194498263324768
38 68 -0.874334119719917
38 69 0.7411132008762491
38 71 0.7322339298615708
38 72 0.6697029816181648
38 73 -0.4022471111791439
38 74 -0.4429385990564785
38 75 -0.030585133202678083
38 77 0.16911300857699385
38 79 0.08605073982089184
38 81 -0.854845646039345
38 82 0.031681321125899276
38 85 0.008221856256843019
38 87 0.7107742589422286
38 90 -0.13247252017078748
38 92 0.1729197816605179
38 97 0.6215915589562608
38 98 -0.6417437069476464
38 100 -0.8579340991167224
38 101 0.31562902419841876
38 102 0.3914154249640791
38 103 -0.1994538507652499
38 104 -0.9326162260941466
39 40 0.37786889689953895
39 43 0.5643924266329363
39 44 -0.998611172895211
39 45 0.42692215833843195
39 46 -0.836759297174944
39 47 0.9416431660583084
39 49 0.8542455382068508
39 51 -0.11144277165346117
39 53 -0.4168357174294126
39 54 0.8318775662691877
39 55 0.2450042802802863
39 57 -0.4158052758310762
39 58 0.9644426276032338
39 61 -0.47080385794136337
39 63 -0.8210417679533675
39 65 0.7158551366759147
39 66 0.6699373061507012
39 68 0.46777664411226194
39 69 -0.16675751874254274
39 70 0.2964817258150212
39 71 0.8234307491158079
39 73 0.5301598237399174
39 74 0.5338092532353473
39 75 0.005114879704341657
39 76 0.702187359904205
39 78 -0.9594613508016236
39 84 0.6587796282576754
39 85 0.8955383056168345
39 87 0.08667343573246056
39 88 -0.15285438710752652
39 90 -0.07006548792970779
39 91 -0.5456076594330175
39 94 0.6254724484338798
39 95 -0.5502974604348578
39 97 -0.10974636440252206
39 98 -0.10878027454240224
39 100 -0.4343288238651821
39 101 0.9356781710996216
39 102 0.3690633198497453
39 104 -0.8068018106436381
40 41 -0.8863371932025847
40 42 0.28378931980945965
40 43 0.3754191803960507
40 44 -0.4184106097544926
40 46 -0.6149104828659466
40 47 -0.22351215959862292
40 48 0.49504625838340854
40 50 -0.6587087001936891
40 52 0.3335056718327001
40 53 -0.15328698409465624
40 56 0.5497392052468366
40 58 0.9691859727799177
40 59 -0.19270395219879966
40 61 -0.5761579335222817
40 63 0.4740723790794885
40 64 0.2070485634548589
40 67 -0.2318306983991516
40 68 -0.8672263715103974
40 69 0.5185630292336829
40 70 0.04138256708595889
40 72 -0.3102607860485904
40 74 -0.7600200635529442
40 77 0.9225192283433667
40 79 -0.6798659158149345
40 81 0.9548454673045004
40 84 0.3731903865289383
40 85 0.6433060136397506
40 86 0.4791091467125361
40 89 -0.22531959017639158
40 91 -0.41002645815667615
40 92 0.9599770724155008
40 93 0.06362062183124206
40 95 0.33450023973799237
40 96 -0.26656676237943566
40 97 -0.35505456181476447
40 101 0.015507303241193426
41 43 0.7330698908936206
41 45 -0.9110892270782764
41 46 -0.20430748196997084
41 47 -0.8287633444598412
41 48 0.6319462505283622
41 50 0.4671221028469352
41 51 0.6120366793245067
41 52 -0.6912049978256734
41 55 -0.25709500829194787
41 57 -0.935561392920262
41 59 -0.9039908324641612
41 60 0.019776676557653472
41 62 0.777784419209228
41 64 0.8308155155852008
41 65 -0.4550128369915165
41 67 -0.17720493955848005
41 68 -0.658855168241421
41 69 0.22154904147932997
41 70 0.46700870945189243
41 73 -0.51527828503694
41 75 -0.7469716003301103
41 78 0.413990015207228
41 79 0.7883695079930473
41 88 -0.37380272855705776
41 89 0.4080391216743089
41 90 -0.7966596088380826
41 91 0.7727282591826887
41 94 0.5487280563476573
41 96 0.15966297717335776
41 97 -0.6755522206417233
41 98 -0.40057589245339
41 99 0.5050013708419843
41 104 -0.2664752519777074
42 43 -0.14694095818634811
42 44 -0.1882885080120471
42 48 0.159441842728286
42 50 0.24447630205724358
42 54 -0.9859252003404235
42 59 0.9635208433534845
42 61 -0.9267979244152951
42 64 0.06374171764012515
42 66 -0.5344455043715024
42 67 0.3431772685844632
42 68 0.4477174993111943
42 70 0.20628667704797476
42 72 0.7660198859891216
42 73 -0.20895008876681231
42 74 0.6371034622661294
42 75 0.6575275105726288
42 79 0.5199696779169474
42 81 -0.8389034096737087
42 82 -0.15890488280511939
42 83 0.9278015768291878
42 86 0.6880320474488288
42 90 0.4673055484145785
42 91 0.2847525604880794
42 92 -0.14239231596475777
42 93 -0.44820906529463844
42 95 -0.6770538100384345
42 99 0.47746697548646
42 100 0.8195233598774505
42 101 -0.9003330787240655
42 102 -0.41957033986530967
42 103 0.06690114920897106
43 44 0.8562288468514794
43 45 -0.2719622275075828
43 47 -0.44491446316779015
43 50 -0.04268856428248147
43 51 -0.6816104695326852
43 52 -0.6641695772424339
43 53 -0.6552561067187377
43 54 -0.4292937868087199
43 55 0.41606409249501763
43 56 0.02966963300853065
43 60 0.4457262148859593
43 62 -0.5908636389336683
43 63 0.5918056125606359
43 64 0.6553676795446473
43 65 -0.8530412863768051
43 66 -0.9927250529616289
43 67 -0.34148137285040914
43 68 -0.1287151304474352
43 71 0.7238565153798289
43 72 -0.4450164185488268
43 73 0.712927558852118
43 74 0.6522856028390642
43 75 0.08898248927629071
43 76 -0.19242954984710026
43 77 0.38429209957256294
43 79 -0.13367520559485024
43 80 -0.5613511864721041
43 81 -0.0742654155320015
43 83 0.7935596689527273
43 87 0.028154556400438846
43 88 0.7899748283557697
43 89 -0.14896745590327876
43 90 0.45688647094445556
43 91 0.8548757971811056
43 94 0.8965960872367613
43 95 0.057981153301911226
43 96 0.7927333133723986
43 99 -0.7678844500429949
43 101 -0.23527660536659534
43 102 0.7874054352871671
43 103 0.7989594044368702
44 47 0.33428814830802356
44 48 -0.14138105322358818
44 49 0.04047268089028311
44 50 -0.6714079332536373
44 51 0.4961185678713229
44 52 0.776881235724326
44 53 -0.8052745031208737
44 54 0.8028428064236119
44 56 0.9588795221014721
44 57 -0.10502432921517868
44 58 0.1671176873934579
44 59 0.24426278194818507
44 60 -0.27858908679852656
44 61 0.32584617947076233
44 62 -0.3816115951068213
44 64 -0.3914993736170478
44 65 -0.12155927302027814
44 69 -0.3491349489487945
44 73 0.4176140008109759
44 76 0.809007377225684
44 77 -0.08687798662793611
44 80 0.7252686112490283
44 81 0.54928203885378
44 82 0.982651311753703
44 83 -0.6672548594800125
44 86 -0.3411334936504882
44 87 0.3698587759226333
44 89 0.0838801403091447
44 90 -0.35346512189423773
44 93 -0.3887114890515744
44 94 -0.7280500558995437
44 101 0.5978267993402309
45 48 0.3386704551447608
45 49 -0.35685706922529725
45 50 -0.9331140592326244
45 52 0.5071752018803555
45 54 0.004243126391387353
45 56 0.2159193532685213
45 57 0.23057522210442039
45 58 -0.22326965544090238
45 59 -0.6341565326366838
45 60 -0.45630826400568636
45 61 -0.7001920142460218
45 62 -0.908626890753498
45 63 0.42107115689018837
45 64 -0.1980347437167007
45 65 -0.46450622449520473
45 66 0.7653015345826668
45 67 0.6097892992417497
45 69 -0.8354996921427373
45 70 0.704284432459954
45 71 0.4022744340020701
45 73 0.9454710725651045
45 75 0.8812558227691729
45 76 -0.5508204099389584
45 79 0.7454072941702508
45 80 0.2518624800690048
45 81 -0.2718951505982876
45 83 -0.7862629215856964
45 88 -0.810258103256855
45 92 -0.5897613308376826
45 96 0.8627084675665162
45 97 0.3743123961831816
45 98 -0.6932243961797462
45 99 0.09962525540305234
45 100 0.35252250820381437
45 101 -0.8989484388934925
45 102 -0.45326684432882347
46 47 -0.037623156003270264
46 48 0.16931121170457897
46 49 0.822325555999077
46 51 0.6008187263817752
46 52 0.6401389538952382
46 53 0.027897325152877128
46 57 -0.12986836323620254
46 60 -0.7525550128390526
46 61 -0.6656141041522554
46 62 0.5291739845012282
46 68 -0.5459888662139147
46 70 0.8452877097553582
46 71 0.6866504371444688
46 73 0.5365785816121851
46 75 0.5767193918767544
46 77 -0.8410629830002483
46 79 -0.4810931652933099
46 81 -0.6106137522496644
46 82 -0.007770888557572686
46 83 0.38048425023743904
46 84 -0.30903574266257783
46 85 0.505520471710956
46 87 -0.767487188707374
46 88 0.1129502187976934
46 91 0.2524890725345781
46 92 0.29762031820979407
46 95 0.5077779892356757
46 97 0.2938433104662046
46 98 0.9747570034591997
46 102 -0.6421532669435255
46 104 0.2679134748991949
47 50 0.6810203950394274
47 53 -0.5922160951598141
47 54 0.5836551119112352
47 55 0.18843565679882102
47 56 -0.541368844141334
47 58 -0.19792869688276338
47 59 0.8890340191686272
47 60 -0.022500358411321253
47 63 0.23499555418030083
47 66 0.5077403098109576
47 67 0.018142596907625208
47 69 0.41878129351284077
47 70 0.6308384028543419
47 73 -0.4816626974864784
47 74 -0.8230114396399131
47 76 0.5635782396282158
47 77 0.2018732172988018
47 78 -0.15918977698830683
47 80 0.034191047415415454
47 81 -0.24905238300759103
47 82 0.3807956341259806
47 84 0.7077625632737983
47 87 -0.8695373961669421
47 88 -0.9607698942604546
47 89 0.3865382699042079
47 90 0.01107299324727995
47 92 -0.4786223659722608
47 94 -0.8207690508607925
47 95 -0.08178007455642788
47 97 -0.32065132936774554
47 98 0.2412537642535315
47 99 -0.13992638395202905
47 100 0.6094196384677786
47 104 -0.7930481416534634
48 50 0.0901500812255629
48 51 0.7887876968931533
48 52 -0.3164428187788362
48 54 -0.007991540077893156
48 55 0.07046181974696242
48 60 -0.6126302702992694
48 61 -0.06503500745113477
48 63 0.8220933015358289
48 64 0.017748096918966727
48 65 0.9655504943777526
48 67 0.35110753224284275
48 68 0.8215941398823188
48 69 -0.9572432271796303
48 70 -0.7175691666293362
48 72 -0.9093529083272824
48 75 0.2101579264357527
48 77 0.08255570193257289
48 80 0.4086627445437987
48 81 0.3179050837862927
48 82 0.11088198938204052
48 84 -0.7071878127010522
48 85 0.31278725604192337
48 88 0.2722536714410255
48 89 0.8828360820634875
48 90 0.44562274524964796
48 93 0.6719552278381755
48 97 -0.7071672706816463
48 101 -0.7163757201169862
49 50 -0.7368469308746755
49 53 -0.9683671378311922
49 57 0.23044643509356044
49 58 -0.357811512113988
49 59 0.8449547114439622
49 60 -0.7827907845074085
49 62 0.4470071155695763
49 63 -0.7537153604784208
49 64 -0.4887183286275423
49 67 0.5879115550629124
49 69 0.6822765121200098
49 71 -0.08231568591785998
49 73 0.25164691824988616
49 74 -0.47340911803565566
49 77 -0.7011991116654162
49 80 0.40520902214744003
49 81 -0.576749949157948
49 84 -0.5264994192730252
49 85 0.3854415042854722
49 86 -0.584425855328992
49 88 -0.7480923689694132
49 90 -0.695247738809327
49 91 0.10861353554093856
49 93 0.9015972665630951
49 95 -0.3439353176133999
49 98 0.8378887533722268
49 99 0.0011933309470446574
49 101 0.5378321735273304
49 102 -0.643481909893636
49 104 0.871678347309838
50 52 0.5879803218646875
50 53 0.9323069578083183
50 57 -0.17346411475203105
50 58 0.9626774982441224
50 60 -0.7208103781431332
50 62 -0.1237355542482308
50 63 -0.9815217699862158
50 64 -0.6444400519876095
50 68 0.5100888066862594
50 69 0.687803044823438
50 70 0.13466311829727862
50 71 -0.4388373406325792
50 76 -0.8832475880171782
50 78 -0.036276896696899374
50 79 -0.9415450817210815
50 81 0.6070301967860137
50 85 0.394231354842417
50 87 0.6815228015520376
50 88 0.9214318737151075
50 91 0.9960237653884609
50 92 -0.4732751390665686
50 94 -0.4958570699769995
50 97 0.6810269240042137
50 99 -0.8925539134515306
51 53 -0.6136029877324571
51 54 -0.023938506609981314
51 55 0.2628609313124606
51 57 -0.2564734311386163
51 58 0.3379125206570428
51 59 0.32982564378053136
51 61 0.3067885713053111
51 68 -0.2933717061616601
51 69 0.7831973149391129
51 72 0.773398001026856
51 73 0.267951424703039
51 76 0.09048332433407413
51 81 0.908178246768663
51 82 -0.7498865978576248
51 83 0.8483123889056086
51 85 0.9417889698512938
51 86 0.7156560387064381
51 88 -0.09919339926199844
51 90 -0.7752314918832832
51 91 0.5653924496895699
51 92 0.5606548846307711
51 93 0.30865986709779714
51 96 0.3323565890977682
51 97 0.5465274349390088
51 98 -0.5000642326389348
51 101 -0.8141754957211571
51 103 0.5059892867991649
52 53 0.8849910300253383
52 55 -0.8514045422141188
52 60 -0.8857662378935278
52 63 -0.5522376858255931
52 64 -0.4484034484019219
52 68 -0.7151285296022916
52 72 0.7769166497453084
52 76 -0.9095285279405325
52 77 -0.44724711686875995
52 79 0.18126136266137283
52 80 -0.16655812944626458
52 81 0.7309276673268696
52 84 0.43199655091235134
52 85 0.34186158064138494
52 86 -0.3480069247870743
52 87 -0.3907314366535839
52 88 -0.6349197666674418
52 90 0.9874920416074779
52 92 0.3322404460121766
52 93 -0.3598662095636356
52 94 0.7618385673633867
52 95 0.6011894411395642
52 97 0.2037633555693792
52 98 0.8528366791187534
52 100 0.330415120134141
52 102 0.6908895177606635
52 103 -0.41188084384269397
53 55 -0.17825133383983993
53 58 0.6809098113447465
53 62 -0.6092332849444968
53 64 0.6963226496095478
53 69 0.7266570457106498
53 71 -0.14652567479617518
53 73 -0.2067639928572027
53 78 -0.2913206230158858
53 79 -0.2263909638040975
53 80 -0.3342116288725323
53 81 0.24723096932396738
53 82 0.06352086656250511
53 83 -0.20539807637754293
53 86 -0.7632353686627775
53 89 0.18216659965903337
53 90 0.021648873134164637
53 92 -0.01154798439096627
53 94 0.7115137075929616
53 96 -0.4894472647914061
53 97 0.6083291507682314
53 99 0.20544432663281986
53 101 0.21262785091002057
53 102 -0.4648142321148869
53 103 -0.8631332365578466
54 55 -0.9764896909457768
54 56 0.14399427082950722
54 59 0.5203701042390321
54 60 0.12493013441447309
54 61 0.5950715901947412
54 62 -0.4712800989152688
54 63 0.1828119507504713
54 64 -0.26212637034582476
54 65 0.9999643580909128
54 67 -0.22789799408870826
54 68 -0.9833727980135614
54 71 -0.23730329319212262
54 76 -0.6945495801457697
54 77 0.9890259835270334
54 78 0.35320832081448117
54 79 -0.40883178809668674
54 80 0.7540398169167244
54 81 0.611306519194281
54 82 0.38527706671689876
54 83 0.393552870323683
54 86 -0.5865284134606283
54 88 0.5746227234139809
54 89 0.07386802263970438
54 90 -0.0011460054525143093
54 91 0.04021515688681032
54 92 -0.31345569931300776
54 93 -0.3326517117481158
54 94 -0.37410191359081657
54 96 0.7392966585469982
54 98 0.7716764829042189
54 100 0.2984939081139326
54 101 0.19597367615174877
54 103 -0.3770491410172623
55 57 0.16353600783176625
55 60 -0.46755011966531024
55 62 0.7030376053027898
55 63 0.3591702351099022
55 64 -0.14650451667275965
55 66 -0.7775768988593228
55 67 0.99063067196919
55 68 0.4553098313209234
55 69 0.8244479763733787
55 70 0.43467196089610227
55 71 0.3084544651134635
55 72 -0.6094673692367683
55 74 0.4949345145997728
55 75 -0.6128030672600444
55 77 0.28979367254166455
55 78 0.6490275208071998
55 79 -0.3424106870768784
55 81 -0.6152666692911382
55 82 -0.11521042405630033
55 83 -0.23194155954839135
55 84 0.23849174980236887
55 85 -0.7158119957600559
55 86 -0.3685974243991188
55 87 0.285011936675553
55 88 0.1892216886980671
55 96 0.575603596484416
55 100 0.08963009128627797
55 101 -0.06732714814582619
55 102 -0.19790787011280297
55 103 -0.5972562244935868
56 58 0.5419989863869259
56 59 0.13850115409946362
56 60 0.10058026149293808
56 62 -0.6774483737180539
56 65 -0.8891172920230315
56 69 -0.08951476029720151
56 70 0.5581626220044651
56 72 0.8073932509378572
56 75 -0.17706973291168748
56 77 0.8829573763147682
56 79 -0.21997880154955607
56 80 0.0524499982603468
56 81 -0.7297080288950857
56 86 -0.07157370740203062
56 87 0.8941116343017015
56 88 0.07796873082759959
56 90 0.006882209973524178
56 92 -0.12813970420106524
56 93 -0.5477597098486002
56 94 0.7769393349902494
56 97 0.2496971139547508
56 99 0.15762343380809818
56 102 0.9103634605315394
56 104 -0.69031967494083
57 58 0.5116614023224872
57 59 -0.9815415235324387
57 61 0.9089865153677663
57 62 -0.05210450375445186
57 63 -0.7309372468475992
57 64 0.009409474882482671
57 66 0.37949833324926474
57 67 -0.4483244199743004
57 69 -0.5227030992286217
57 70 -0.19043096226899192
57 71 -0.2708232645487627
57 73 0.7099809504446679
57 74 0.7723082684384672
57 75 0.5542107980412265
57 76 -0.6292294222529529
57 77 0.9974961821550623
57 78 0.9654730617283174
57 79 0.41597440802241903
57 80 0.17506347074713902
57 81 0.9920325247408734
57 82 0.7053662285886786
57 84 -0.6273193526063168
57 86 0.7534600025715672
57 88 -0.4883743912026428
57 92 -0.8523968595412685
57 93 -0.31191811361065414
57 94 -0.17317466090437383
57 95 -0.17490237541072906
57 96 0.3187098470775189
57 100 -0.17633995109986778
57 101 0.5356499483798962
57 102 0.2335710977389227
58 59 -0.5245411975745187
58 61 -0.24267099468556674
58 62 -0.020619466604047343
58 65 0.5209827334064863
58 66 -0.6060584872247088
58 67 0.3617018325972572
58 70 -0.6377853401766538
58 73 0.49080745316421215
58 74 0.5141114473135688
58 75 0.3284748217744222
58 77 -0.9676216354305291
58 78 0.7487028716149211
58 84 -0.456555896274351
58 87 -0.054943232502522976
58 90 0.3425603000143116
58 91 0.21752034462436765
58 92 -0.13512225443194126
58 96 -0.3896437251759812
58 97 0.9502023321863116
58 101 0.901620035039769
58 102 0.8812812474699736
58 103 0.6577376498773386
59 61 -0.05199796712729343
59 63 -0.6035415549635235
59 65 -0.21523515345609479
59 66 0.6520579903173818
59 67 0.1938565665662657
59 70 -0.3474231359709967
59 71 -0.5142954646691302
59 74 0.5412209486718011
59 77 0.6259161145523755
59 79 0.5705220510400983
59 81 -0.5332322135740208
59 82 -0.08234498061235196
59 83 -0.42839764022745475
59 84 0.9414770284660088
59 88 0.3247936827204272
59 89 0.5206662742019121
59 90 -0.0017795864036433962
59 91 -0.7627043311235453
59 94 -0.8914092648271372
59 95 0.9532677573662771
59 100 -0.8902214357950664
59 102 -0.17440071237340082
59 104 -0.08330424900700661
60 62 0.5989201094406942
60 64 0.28537948376219235
60 65 -0.3413308192541784
60 66 -0.5795037298836707
60 67 0.6287624812928823
60 68 -0.42524474180698735
60 69 0.13165146295345398
60 70 -0.26393030153522434
60 71 0.7225919950872954
60 72 -0.4871634976265016
60 74 -0.47172890347596286
60 75 -0.7055214332727804
60 76 0.8455840237923493
60 78 -0.9694054081526693
60 80 -0.15628843607261178
60 81 -0.7669944800918935
60 85 0.34342290657772234
60 87 -0.749366856089267
60 88 0.7074836270365477
60 89 0.09090918404196224
60 91 -0.4592208902896766
60 93 0.4693956145735829
60 94 0.991794459772831
60 95 0.25399500435974853
60 97 -0.4321660603412205
60 98 -0.15950495731397973
60 102 -0.03338424654337757
60 104 0.4498193223275866
61 62 -0.33579396374562864
61 66 -0.813439377478349
61 68 -0.8575391698003489
61 69 0.016066864485232868
61 70 0.1348456326990981
61 71 -0.14643179571178
61 74 0.8955744265775905
61 78 -0.8987848556973439
61 80 0.9842019498648571
61 81 0.5762581437491148
61 83 0.6591506172338975
61 84 0.8505577432429263
61 85 0.6208162447162293
61 86 0.9534617024492686
61 87 0.13754791370462494
61 88 -0.3304295092260323
61 90 -0.7687990112647374
61 91 0.014944183160235047
61 93 -0.2556550048592139
61 95 0.6420604113907342
61 96 0.5380108098357401
61 99 0.43530841208976834
61 101 -0.41788645040601313
61 102 0.5174306046660018
61 103 0.6383443873680297
61 104 0.744518360293122
62 64 -0.272416223532149
62 65 -0.09963634814727107
62 66 -0.15887147250946798
62 67 -0.5894851954518658
62 69 -0.6092646249701785
62 72 0.002801158330053344
62 73 0.6297537635543895
62 75 -0.8198138446185366
62 76 -0.5563658305149246
62 77 -0.5425053785186897
62 78 -0.6320231040986999
62 79 0.716446425280072
62 82 -0.4648234838427703
62 84 -0.6266129701899239
62 85 -0.08119122323013994
62 88 0.8353339542252916
62 94 0.399712293783558
62 95 0.19616246091295664
62 96 0.6806684298350265
62 97 -0.10646899672048726
62 98 -0.5611721498735025
62 99 0.9050678286524532
62 104 -0.30712224796940846
63 65 0.2493176681286402
63 67 0.501764141468233
63 68 -0.8608352532544872
63 74 0.26988180588364363
63 76 0.5829088146927552
63 83 0.10828174004809688
63 87 0.4249862013592496
63 88 -0.5658316813577642
63 89 -0.9547251826498526
63 93 0.14206033233363202
63 94 0.2799116948041467
63 95 0.11893954786329242
63 102 0.776354199212453
63 103 -0.4103038971161552
64 65 0.5420794722535969
64 67 0.6319289934650953
64 71 -0.38356879246793896
64 72 0.490839603286783
64 75 0.559353746785004
64 76 0.2470386176196877
64 79 0.4889728659147772
64 83 -0.454050799843289
64 85 0.56862186822125
64 86 -0.8013764157509022
64 88 -0.11782727670976323
64 89 0.519502079871832
64 90 0.8555380994922461
64 91 -0.02006667963361597
64 92 -0.2989200626054631
64 93 0.6898450793976272
64 95 -0.25303832591286324
64 97 0.10793180457113927
64 98 0.12757789314332912
64 99 0.7107963912875179
64 100 -0.7354563480931458
64 101 -0.11063224937288108
64 102 -0.9051848840951782
64 104 0.19162628768782097
65 66 -0.28520769716259586
65 68 -0.7790783873006244
65 69 -0.22257642339586847
65 70 0.6608403557536189
65 73 -0.48517674326904614
65 75 0.7881249675792019
65 78 -0.658296346300939
65 80 -0.6924330188138119
65 81 -0.5048236276635556
65 86 0.26877386897905686
65 88 -0.4060557464107757
65 90 -0.1336557099139053
65 91 -0.39748554376854583
65 92 0.7216056592856757
65 95 0.36843640757935536
65 96 -0.36782725643775915
65 99 0.9739385604240398
65 103 0.38339287975820113
66 70 0.13225632220287564
66 71 -0.9145252524120229
66 72 0.3763051982265433
66 73 -0.9660130402822442
66 75 0.3720842731294851
66 80 0.8857140068435041
66 82 0.948077358875745
66 84 -0.28774033853369274
66 88 0.6495259101889714
66 89 0.6794983161246408
66 92 0.7849725121935625
66 93 0.42090225667016434
66 95 -0.741519006377114
66 96 -0.8361617342101317
66 97 0.5015601085650487
66 99 0.8901942839867125
66 100 -0.73403719999131
66 102 -0.6215312888958195
66 104 0.10756043794564674
67 69 0.7215340660793488
67 70 0.44395764192783793
67 71 -0.2632029449312714
67 73 -0.22381293609558717
67 74 -0.15805907483942083
67 75 -0.667472199623909
67 76 -0.16578153771792592
67 79 0.6865106838176638
67 81 -0.9585593621018924
67 84 -0.1391785033755253
67 85 0.3550893775861439
67 86 0.7172512018509765
67 88 -0.08129902670715317
67 89 -0.5063255651760679
67 90 0.9679212133901369
67 93 -0.2778875021283169
67 94 -0.33256370510565336
67 96 -0.666580491666718
67 97 0.830879779979874
67 99 -0.3979512766692106
67 100 -0.4763283697324756
67 101 -0.7377587475223926
67 102 0.07389371348710005
67 103 0.9386271143866087
67 104 -0.07534324022685612
68 69 0.7750850813387045
68 72 -0.7607281835312434
68 73 -0.7880844685765915
68 75 0.8873224444828667
68 76 -0.006373934688485905
68 78 -0.03956006388515321
68 79 -0.6925684056446781
68 81 0.6223222464679325
68 82 0.1929127317085535
68 83 0.7711456386932716
68 84 -0.07960266126946314
68 86 0.17906944283106796
68 90 0.6478402140926345
68 91 0.46295992619633086
68 92 0.06379998590317326
68 93 0.7883961137154878
68 96 -0.600914138230473
68 99 0.9816420917858597
68 100 -0.20964289258785485
68 101 0.228202971646847
68 102 -0.9325643922786451
68 103 0.0015917014632174098
68 104 0.4345783785253823
69 71 -0.9845195632602903
69 72 -0.9923756332744134
69 73 0.633687912185209
69 74 0.05592122678527467
69 75 0.755956127982043
69 76 -0.46055775913754804
69 81 0.4202547253636375
69 82 0.9782801292115295
69 84 -0.2246334337855953
69 85 0.1751155687491095
69 86 0.9731101298195342
69 89 -0.19553798683417023
69 92 -0.5378510781723813
69 94 -0.8743468077235714
69 98 -0.33242470900959464
69 101 -0.3545052291461299
69 102 -0.44587716642688946
69 103 0.6410340023905008
69 104 0.6877876852551501
70 71 0.07096947650600915
70 75 -0.8813899293531047
70 78 -0.6550980267929667
70 79 0.9130639615171601
70 80 0.36002631619931336
70 81 -0.2953114512932902
70 82 -0.7732364516188144
70 83 -0.9697543504816168
70 87 0.6397290494937731
70 88 -0.636786241134214
70 91 -0.7667739453245923
70 92 0.16321228264521737
70 93 0.9100376013613789
70 94 0.8544609116868562
70 96 0.7576731926476121
70 97 -0.7113322192025975
70 98 -0.9361064173868654
70 101 -0.4704217210510653
70 103 -0.5336264838136799
70 104 0.8919499216121562
71 72 -0.8016369953857678
71 74 -0.8452339673190175
71 75 -0.8129583998264798
71 76 0.2857265415319581
71 78 -0.2905335557058313
71 80 0.325478803537832
71 81 0.20911588984273388
71 83 -0.7295214001694379
71 84 -0.14106818336613114
71 85 -0.3602944347533945
71 90 -0.5897284691003895
71 92 0.7074891159758367
71 93 0.19421872279500607
71 94 0.4429785249632381
71 95 0.6676720926098654
71 96 -0.22767490053712636
71 103 0.12304897409213966
71 104 0.899598145135247
72 73 0.591323988347427
72 74 0.568080645318163
72 75 -0.8458641062148238
72 77 0.6885863636427347
72 78 0.22634843537052385
72 79 -0.7991913866277831
72 85 -0.4297352860152597
72 86 0.8617317238096407
72 88 0.45429530113667926
72 89 -0.0822346495193198
72 90 0.5714710166857713
72 91 0.6075735539076768
72 96 -0.8725052151046326
72 98 -0.7467160365323209
72 100 0.4718172991474223
72 101 0.6553475221626077
72 104 0.8373465931425628
73 76 -0.8130358257043637
73 78 0.5305578973346361
73 79 -0.9490780641541536
73 80 0.7852287565072256
73 81 -0.7992975398195246
73 82 0.2510930885754519
73 83 0.8642774850647323
73 84 0.08632207359639055
73 86 0.7374339668633725
73 87 0.6282953062759498
73 88 0.4542788226046104
73 91 0.08494011242548938
73 92 -0.7041029310869593
73 94 -0.31147912270026046
73 96 -0.09290898309611562
73 99 0.6156228038077534
73 100 -0.46214925089763237
73 104 -0.703998499234513
74 75 -0.06716070017796039
74 77 -0.8340357476254958
74 85 0.2748817615078383
74 86 -0.43090829929492847
74 89 -0.36508352258739163
74 90 -0.12102727478688324
74 92 -0.3707696502242446
74 93 -0.9925546069761717
74 95 -0.5511899163854312
74 97 0.19672627888464556
74 98 -0.41726266112756827
74 99 -0.1599794617934951
74 101 0.14803012560497186
74 103 -0.5500285156765283
75 78 0.04502317401061684
75 79 0.7459288059597875
75 82 -0.3346571135898222
75 83 0.5786727912855538
75 85 -0.46309948685161495
75 87 -0.36556385981314254
75 88 0.35618362114380453
75 89 -0.5853339300267808
75 90 -0.7012447923506455
75 91 -0.4211566701726961
75 92 -0.9445305228290195
75 94 -0.18072812640841418
75 96 -0.1994272102530148
75 98 0.11081658446539433
75 99 -0.6082775332610186
75 100 -0.33037457397117476
75 101 -0.556372520154991
76 78 -0.26250685063365053
76 79 0.33372594182101745
76 84 0.672203104084506
76 88 -0.3195389061982532
76 89 -0.3449824130319734
76 90 -0.9903231141311735
76 92 -0.9059248237459245
76 93 -0.15336012639927432
76 94 -0.10885572615803052
76 95 0.575237214035609
76 96 -0.7309850226357537
76 97 0.8976704524072281
76 98 -0.7330901672591394
76 101 0.8863613923985514
76 103 -0.880522855789519
76 104 0.6629778136987818
77 79 0.8196671450717117
77 80 -0.05283037214429753
77 81 0.4246066769687198
77 83 0.36417140487734345
77 84 0.31735385151323303
77 86 -0.8736375060778525
77 87 0.3719878370405494
77 88 0.003799120392762756
77 90 -0.999878433690027
77 91 0.22999286328284274
77 92 -0.9320620470731773
77 94 -0.004094590133378206
77 96 -0.7467908728527191
77 97 0.2858539814355501
77 98 0.4579715245567111
77 99 0.12341914651717545
77 104 0.40418696031749923
78 79 -0.037076276304288225
78 80 0.5037931419936326
78 81 -0.7068727070142251
78 82 -0.0006793453387299309
78 83 -0.5688328484082781
78 84 -0.5673242621739105
78 85 -0.7197598353598658
78 89 0.04495129235536588
78 90 0.7892105749005718
78 91 0.5475002275166347
78 93 0.7305667174908257
78 94 -0.8330694729864765
78 95 0.013527335536247742
78 96 0.2146928464401776
78 98 -0.07716917938291012
78 100 -0.7184310805421368
78 101 0.6002775320937568
78 102 -0.22598477630087954
79 81 -0.09154069278310462
79 82 -0.28319694712187116
79 83 -0.05869744592563686
79 84 0.3198902026973689
79 85 0.6240695876259299
79 87 0.42732353583758953
79 88 0.38153399640586994
79 89 -0.5740771144348169
79 91 0.8846270025512879
79 92 -0.9385132815991459
79 93 -0.28584938766964774
79 95 -0.4113932289595379
79 97 0.732550071496632
79 98 0.6249108693693406
79 99 0.05144864495239876
79 100 0.30115279187671584
79 102 0.41236882599303004
79 104 0.44559033283692395
80 81 0.8745376165505114
80 82 -0.3003093493991078
80 85 -0.5999347758643914
80 86 -0.17324658716992203
80 87 0.8539358896433209
80 91 -0.6705504156674049
80 96 -0.28163392053399017
80 98 0.18816836623409539
80 99 -0.3744012128836418
80 100 -0.3861575323031312
80 102 0.1283071514957117
80 103 -0.873058665567322
80 104 -0.8578798831391059
81 82 -0.25661143495632555
81 85 -0.42516166971005176
81 86 0.12827842288143132
81 87 0.808682629803805
81 88 0.03514926953747599
81 89 0.4113770035241595
81 90 0.8751289410143361
81 93 0.022298617522615194
81 94 0.8558148343314735
81 95 -0.85133548260438
81 98 0.17243437334812128
81 99 -0.5746303797493519
81 100 0.860634317524946
81 101 0.09894546489563028
81 102 0.6850948674283359
81 104 0.7840349011644125
82 83 0.9802006246031809
82 86 -0.7798463418645685
82 87 0.5678834969711444
82 90 -0.10081684847671091
82 92 0.94122494786157
82 94 0.581734932737364
82 101 0.8547762844504858
82 103 -0.19212271969384975
82 104 -0.8680542720006377
83 84 0.5461150732287177
83 85 -0.4285099645218322
83 86 -0.8575133272715554
83 87 -0.4521509059702451
83 88 -0.8794837207578992
83 93 -0.34118184986649913
83 97 -0.46948500789111014
83 98 0.5269422957471324
83 99 0.8371460173688088
83 100 -0.29664392847261567
83 101 -0.8244451406687452
83 102 0.7851956713897192
83 103 0.20412065062699436
83 104 -0.29027885116206686
84 86 0.01750498380650556
84 87 0.971467258551306
84 90 0.36377820952733364
84 91 -0.05565260730568178
84 92 0.16507389399710926
84 94 -0.04816285995500946
84 95 0.10070421689236153
84 99 0.7154775351153775
84 100 0.7813265402414478
84 101 0.18674991543055564
84 102 0.3835025139712056
85 86 0.8815426565746043
85 87 0.07139627055459763
85 89 -0.283286386840528
85 91 0.40450519000762064
85 92 -0.3562062560152015
85 94 -0.35889019687268275
85 96 -0.8500650751363501
85 97 -0.2858828799710662
85 98 -0.6800423681652379
85 101 -0.47965404885200424
85 102 -0.497648575977117
85 103 -0.8677427356516898
85 104 0.5505372642400905
86 87 0.5344818796014521
86 92 0.3767701904386658
86 93 -0.916032809804141
86 94 -0.8427390746550325
86 95 -0.7094643421060467
86 99 0.9184606582830059
86 100 0.1616558927268663
86 101 -0.02098924713268424
86 103 0.06531552017676368
87 88 0.184449290336679
87 90 0.9487342411628652
87 92 -0.2643878904921235
87 93 -0.48788239011111467
87 94 -0.45735351128444357
87 95 -0.4841361520523728
87 97 0.7307624804781512
87 103 0.24684727880385093
87 104 -0.15623904149095647
88 89 0.008371105074562735
88 90 0.5309166186752383
88 91 -0.005606829234228394
88 92 -0.1084764149427413
88 93 0.2658219159535966
88 94 0.6831226519235287
88 95 0.36554045286295267
88 97 -0.41057131109656386
88 100 -0.3242958053485796
88 101 0.7886022465646505
88 102 0.38428603374214587
88 103 0.7027593446338674
88 104 0.3059052859506828
89 91 0.22943028547281497
89 92 0.7153172615581174
89 94 0.2083401644078473
89 97 0.20026707212638328
89 99 0.50797930576831
89 101 0.18017465730666493
89 102 0.9142610738014632
89 104 0.47352760055393506
90 92 0.10465479306806591
90 96 -0.2137816623210118
90 98 0.5926451113130566
90 101 -0.38165227979036276
90 102 -0.5624958520185985
90 104 0.5568452842745812
91 93 0.7852905798255316
91 96 -0.33818934126979516
91 97 -0.6006482780133222
91 99 -0.38679996068851175
91 100 0.04172346008846639
91 104 0.8403799578592515
92 94 -0.7774553610249282
92 96 0.8882833275597977
92 97 0.03266453616396592
92 100 -0.5829438119733339
92 103 -0.16183573667954176
93 94 -0.5224993602695092
93 95 -0.6101596963527092
93 96 -0.5712306877876756
93 99 -0.9521915553317417
93 101 -0.6134126507951658
94 95 -0.7716488980097338
94 97 -0.5494195450533166
94 99 -0.1300187441751115
94 100 0.11063526243281574
94 102 -0.5526349768411711
94 104 -0.5439036926375143
95 96 -0.38392354682529395
95 97 -0.6541855900462323
95 98 -0.16407027583056366
95 100 -0.28831456815712864
95 101 -0.2884605734538128
95 102 0.03355757551971328
95 103 -0.20744681462611436
95 104 0.6628894345696923
96 98 -0.5335976915246075
96 102 0.3725963630045852
96 103 0.2802453368929001
97 98 -0.3769789077056904
97 99 0.5296359327258051
97 100 0.41261068492849895
97 102 -0.22752457137903614
98 100 0.11379575008194887
98 102 -0.07663042695092082
98 103 -0.05965951292773641
99 101 -0.5533480199597598
99 104 -0.6261240021916832
100 101 0.3717457316315942
100 103 -0.8899575745967094
101 102 0.421341577094986
101 103 0.948692313781772
101 104 0.5870161967961569
102 103 -0.5102511402618237
102 104 -0.47332714209505244
