25 19
0 -0.8767121362670514
1 0.24450594079934262
2 -0.7556724206107712
3 -0.7413262475916744
4 0.10850183235745625
5 0.90856906795201
6 0.6225668241104629
7 0.9234747423025025
8 -0.8084276890705906
9 0.8881247824619884
10 -0.8785529724523724
11 -0.751874804635644
12 -0.9940112463588062
13 -0.04953481976329921
14 -0.557159384488136
15 -0.2886780876592756
16 0.4476616476751454
17 -0.3816866057775665
18 -0.8596019080461839
19 -0.4017589237629693
20 0.7498414429670439
21 -0.2711450063502745
22 0.1473239086324869
23 -0.5926643092442143
24 -0.3932767345053938
0 14 0.4910082040546784
3 10 0.8892072169685941
3 12 0.8099093406397391
3 14 -0.5475434694013557
3 22 0.3566985247905372
5 6 0.27773712573079923
5 20 -0.8845857203384637
5 24 -0.4173115887972976
6 24 0.537634872071975
7 10 -0.7989985045780594
7 21 0.15579609326402521
8 13 -0.43010160011789567
8 16 -0.32709813783985764
8 24 0.8712591180120062
9 12 0.6730585453882758
9 13 -0.7697866015818919
18 23 -0.9891471262755003
19 22 -0.7797089364436491
22 23 -0.6489485291234103
