35 20
0 -0.18044142744207248
1 -0.3014514793821328
2 -0.8527265633766898
3 0.5399358619809609
4 0.7326651049419746
5 -0.9577914262831988
6 -0.3552392721084532
7 0.965645958948705
8 -0.2812539939337946
9 -0.2545642909935566
10 0.7688036833190868
11 0.5529991042223998
12 0.7280475803845363
13 0.027078999815093097
14 -0.373447253316888
15 -0.1636618965447818
16 0.6659895960760478
17 -0.33532573529243037
18 -0.45711651428658917
19 0.4966406277674589
20 -0.8147449761949817
21 0.5877826360457017
22 0.7523367381076098
23 -0.8702098486332253
24 0.6744244475613741
25 -0.5484822538207594
26 -0.10126716413293746
27 0.3544506586666283
28 0.8221151435157876
29 -0.9518692165545075
30 0.25539394773984303
31 -0.3502985398499181
32 -0.012316742015340054
33 -0.7803536692364186
34 -0.694664438653176
0 16 0.9561706718720171
1 6 -0.12063128867262951
1 17 -0.31504342135098873
1 21 -0.26366155226987376
3 30 0.6306487335078423
4 24 -0.5893304197922995
4 31 -0.09261829318343784
5 9 -0.4492503421968934
5 12 -0.386531946918522
6 10 -0.978259993516335
6 25 0.8756732089221695
7 26 0.41995599314067
8 17 0.8146418302033105
8 27 -0.5915292458264081
8 33 0.9124238144801631
10 26 -0.7308390960322537
16 31 -0.9839417945454645
25 33 0.34930529709081526
29 33 -0.37482321611961655
32 33 0.9672846822918302
