45 45
0 0.03600335387992071
1 0.7617378649638387
2 0.7734203594915949
3 -0.3208171863152023
4 -0.8517897023040808
5 -0.4747713847860291
6 0.4889386140613834
7 0.5923462117805456
8 -0.6656246564880148
9 -0.4456123901452864
10 -0.5699331990160632
11 0.1860125422166512
12 0.6026535617181088
13 -0.8294161818957382
14 -0.527130431094649
15 0.9619751504396217
16 -0.6346394385930434
17 -0.9867525427770822
18 -0.6690143124691679
19 -0.47465898119865013
20 -0.486424611885212
21 0.9963413038214113
22 -0.6957584400385446
23 0.8091358850457437
24 0.09136014885583466
25 -0.7886967922390602
26 0.23190957329370754
27 -0.19977910907248853
28 -0.676535605092081
29 -0.5032863817600504
30 0.1701289962331387
31 -0.6578506068189531
32 -0.7067290954041232
33 -0.6485450794213623
34 -0.7764774820220319
35 -0.9655101841556046
36 0.9110973331676406
37 -0.8982239039947844
38 0.08724531273346803
39 0.521860360169081
40 0.8398570207557652
41 0.31999468691342137
42 0.35904998558547896
43 0.46748862277155445
44 -0.9267583926352696
0 31 -0.3087694597084363
2 5 -0.9480950633054652
2 16 0.29662571847003827
2 23 0.6034963496031245
2 33 0.3059465667700605
2 36 -0.8281605644785406
4 33 -0.5348464707199683
5 9 0.9771678334730887
5 32 -0.7989506557780968
5 35 0.35012603298542655
6 21 -0.9534121794772816
6 31 -0.9015401278333275
6 36 -0.5412817792383158
7 24 -0.00027211134201166054
7 33 0.5895645336541493
7 40 0.8392537804744309
10 16 -0.05195521127019065
11 26 0.795893645581389
11 29 -0.6839549732700281
11 39 -0.4735515281486715
13 25 -0.22624916471890044
14 23 -0.9295771557427563
14 28 -0.7918646306914499
15 16 -0.12581261122721177
15 35 0.7974043118668577
15 40 -0.5536077739124816
15 43 0.9626385325085796
16 18 0.3128605563262268
16 21 0.6239810477219794
16 38 -0.586274201835457
17 18 0.4309842953395362
17 29 -0.8371721879137455
17 35 -0.3636015142243134
18 23 -0.464021434126759
18 30 0.7849258257474752
19 29 0.9667851638778466
20 24 -0.8055003334305237
20 30 -0.07255408877547787
23 38 -0.8700852984051681
24 31 0.4793759211456279
24 41 -0.953278451787086
27 30 0.24271519194152646
28 35 0.9896974877058966
33 40 -0.9652136412616419
39 40 -0.5117807715240774
