65 1646
0 0.7055451089813916
1 -0.025092226503964588
2 -0.7019325653488817
3 -0.21091496531030418
4 -0.47616571370002836
5 -0.12901984899228713
6 0.2070055780783493
7 -0.9124852147181401
8 0.2943450078294134
9 -0.6863007468904667
10 -0.10797350967258379
11 0.9592589506472424
12 -0.14328107744187646
13 -0.8790403023793811
14 0.6588385947654094
15 0.09292678602756599
16 -0.9809019262963667
17 -0.47057115674079886
18 -0.4793588675623588
19 0.8911285359329553
20 -0.8875718135209518
21 0.44180940154964343
22 -0.37097028618410754
23 -0.9889886210923797
24 -0.9219372298864505
25 0.1520114408157376
26 0.5723131964921877
27 0.6182720235749883
28 0.8696654167580593
29 -0.6736614809830692
30 -0.8991164241539702
31 0.637791295462893
32 0.3831146840499686
33 -0.954052148703477
34 0.026221878108912522
35 -0.6193824416863805
36 0.09716103407690935
37 0.27988587398913767
38 -0.6736172327786663
39 0.9725168180873767
40 -0.06226357869113919
41 0.3298928313541549
42 0.9207793434054237
43 0.7479544854233673
44 -0.7520845411144284
45 -0.20443331434992285
46 -0.9202179437303515
47 0.7556333161877111
48 0.638369158718129
49 -0.6795321053621315
50 -0.10134450905594905
51 0.12514408368133223
52 -0.3200988050410769
53 -0.013089905937511359
54 0.13292902870221002
55 0.8973546841579818
56 0.39513425033281147
57 0.9723773160090825
58 -0.1609887245666366
59 -0.3458129437244122
60 -0.036652044093810066
61 0.8110526152354933
62 0.9079877416278881
63 -0.20197339689240734
64 0.00029279990398323186
0 1 0.9875430515814723
0 2 -0.5008982763198369
0 3 0.05562166717868933
0 4 0.12447537947934939
0 6 -0.5178425428782776
0 7 -0.24025706446558237
0 8 0.08997167808662643
0 9 -0.9860917204160229
0 10 -0.6189047239733472
0 11 -0.9328286073884433
0 12 0.6333588310337759
0 13 0.9085921888187674
0 14 -0.3566013252801221
0 16 0.5550856623726279
0 17 -0.11707669695758849
0 18 0.9001906700074567
0 19 -0.8722970120314295
0 20 0.9235284632826553
0 22 -0.7293568083657764
0 24 -0.4355591787124984
0 26 -0.54120008683075
0 27 0.8073452121516482
0 28 -0.3991846161782542
0 29 -0.7619750381453263
0 30 0.7909354193571292
0 31 0.9444661277485509
0 33 0.5509385172841768
0 34 0.920988457691692
0 35 0.025129963954689583
0 36 -0.9847304742505409
0 37 0.24964220040418517
0 38 0.5741864049110919
0 40 -0.915504695199099
0 41 0.01918263742266091
0 42 0.9151688461438003
0 43 0.7969555706112255
0 46 -0.9945220957221474
0 47 -0.605145697561245
0 48 0.8964706612676208
0 49 -0.44454837353190624
0 50 0.3869376289288
0 51 -0.3551962796548831
0 53 0.927174402706541
0 54 -0.054955015546773955
0 55 0.5015807994664199
0 58 -0.6259367000779612
0 59 0.1646181710872956
0 61 -0.9580055350189984
0 62 -0.9005797005666394
0 63 -0.9112233006370964
0 64 0.730633452606207
1 3 0.6474757411167926
1 4 0.10917858751748577
1 5 -0.6622207331927616
1 6 0.1270061017169506
1 7 -0.5421800427314882
1 8 -0.2922206213203353
1 9 0.4784906896959882
1 11 -0.6331338663712034
1 14 -0.43535898433150244
1 16 -0.36928934291164905
1 17 0.0997389572510492
1 19 0.8164636707204991
1 20 0.3329400695911904
1 23 0.30489971890693957
1 24 -0.5121161841325514
1 25 -0.7916303010760137
1 26 -0.7665938701373318
1 27 -0.8574834998500904
1 28 -0.04971710204541302
1 30 -0.6940350019703447
1 31 -0.6979175838909946
1 32 -0.703346077207009
1 34 -0.7579961993348101
1 35 -0.20419513671129508
1 37 0.9504536083610211
1 38 0.969185439315891
1 40 0.2873125235309446
1 42 -0.06030087847916499
1 43 0.4655667173070688
1 44 -0.25508289094063064
1 46 0.8932512212830062
1 47 0.8951283521129665
1 48 -0.705108733931193
1 50 0.344153051216765
1 51 -0.6755340399287821
1 52 0.13087057625658094
1 55 -0.9152624945410381
1 56 0.5671873231902003
1 57 0.38447088147748065
1 58 -0.6872888341791799
1 59 -0.7183671602577837
1 60 -0.29829304401924484
1 61 -0.15408158204411038
1 63 0.9825530232698945
1 64 0.9253263686332551
2 3 -0.9044852894164872
2 4 -0.04866281013071028
2 7 -0.8967014193077816
2 8 -0.14033832135180546
2 9 0.12799323765210602
2 10 -0.08489874522377328
2 11 -0.9910994059596834
2 12 0.2331460750402803
2 13 0.3249006877665028
2 14 0.24603679692968372
2 15 0.17235616856390945
2 16 0.3152377840267886
2 17 0.06935498235847892
2 18 -0.8476846843089907
2 19 -0.09099428870946924
2 20 -0.3161073343703493
2 21 0.5801335235208205
2 22 0.8411761008149246
2 24 0.46699972481439045
2 25 0.2512799721697756
2 26 -0.8553866963873273
2 27 -0.9895640153435867
2 28 -0.09014600240912674
2 29 0.06755821232284731
2 31 0.6489991007173621
2 32 0.03392456455216242
2 33 0.88206118438076
2 34 0.21798269048287033
2 36 -0.3490917193305938
2 37 -0.24326134807992683
2 38 -0.4176210248817471
2 39 0.06391762545326563
2 40 -0.2005393643480009
2 41 0.7207437648098884
2 42 0.03141371711121144
2 44 0.7475252331498168
2 45 -0.6504290639335515
2 46 0.39320779528842364
2 47 -0.6306924385480297
2 48 0.703868847337741
2 49 0.24543516867380544
2 50 -0.7057615570601934
2 51 0.6330035520553605
2 52 0.6766383760704144
2 53 0.47732222598116403
2 54 0.6092024419213158
2 55 0.25660258811136516
2 57 0.7612736882841036
2 58 -0.4329653026786029
2 59 0.32431589564257424
2 60 0.6949074779624114
2 61 0.1354557449566134
2 63 -0.4214276295236701
2 64 -0.017591357016889964
3 4 -0.2990551114772695
3 7 0.8853657798295518
3 8 0.8139267388203986
3 9 0.8267614925974269
3 11 -0.1811161760629434
3 13 0.7447382488420942
3 14 -0.24888918179075903
3 15 0.21160013594709626
3 16 -0.23775410126788254
3 17 -0.008063579000843868
3 18 -0.3501589588188352
3 19 0.7379569575990264
3 20 0.18876212321875885
3 21 -0.09068605339522118
3 22 -0.01101451313510915
3 24 -0.997522853507643
3 25 0.3824456502591407
3 26 0.8473865253127695
3 27 0.9511108684135987
3 29 -0.6435810425547761
3 31 -0.6486509580680437
3 33 0.9757331801230122
3 34 -0.14634152985475302
3 35 -0.754806679665563
3 37 0.6945921007831148
3 38 0.3883918790241767
3 40 -0.7126291410180476
3 41 -0.9171282096846336
3 42 0.31285157760163407
3 43 -0.009278055626628312
3 44 -0.5829838205624229
3 45 -0.6403522510749944
3 46 -0.4387630220180674
3 47 0.6240075920674508
3 48 -0.8278401005075688
3 50 0.31636158477604615
3 51 -0.5257246354446958
3 52 -0.23678330340095366
3 53 -0.16654848757762664
3 54 0.3753140350380595
3 55 0.40057029125263766
3 56 0.21252835491698674
3 57 -0.8226337517435796
3 58 0.17221720531011742
3 59 -0.3871049719630606
3 61 0.754850260744113
3 62 0.11357818613999493
4 5 -0.6054612949137683
4 6 -0.20799622356588987
4 7 0.2019636587022673
4 8 0.04462223631764073
4 9 -0.465283572152307
4 10 0.08383410637830968
4 11 0.338234387307504
4 12 0.07462796987791931
4 13 0.6997267056113727
4 14 0.2819905865638235
4 16 -0.33551745890916984
4 17 0.4529094608208184
4 18 -0.35706688781773566
4 19 -0.7061805816484639
4 20 -0.5919969285305227
4 21 0.0195227970300611
4 22 -0.9925630942865129
4 23 -0.21040804705240412
4 24 0.6689363348589008
4 26 -0.3252871534080797
4 28 -0.33534492579224073
4 30 -0.23192269869119797
4 31 -0.4521309444347361
4 32 -0.36019259158371786
4 33 -0.5360471021818976
4 34 0.954203231875556
4 35 -0.9309462207876962
4 36 0.9177877190918178
4 37 -0.941545417294646
4 39 0.3420604480839604
4 40 0.491062251990656
4 41 -0.13283229803792151
4 42 -0.8082474979753753
4 43 0.3482858983624362
4 44 -0.41775446586091913
4 45 -0.30635411277810376
4 46 0.4931161120022409
4 47 -0.31906844250943367
4 48 -0.7963462643936687
4 49 0.9424254527489768
4 50 -0.9442608221957882
4 52 -0.8051798576990585
4 53 -0.9088717049819106
4 54 -0.8427312757044381
4 55 -0.6415217314490613
4 56 0.7927664618178671
4 57 -0.9939281084593208
4 58 -0.36686564439258196
4 59 0.10234639706090531
4 60 -0.5398474112534559
4 62 -0.7285376377065864
4 63 -0.4031375814308844
4 64 0.25261665400491373
5 7 0.333483175089915
5 8 -0.4808661838244137
5 9 0.2768860836511353
5 10 0.33807020656037756
5 11 0.9606145963259851
5 12 -0.1432494783828191
5 13 0.4531766617871362
5 14 0.7951464701386057
5 15 -0.5569315077888204
5 16 0.7776954456463929
5 19 -0.7312533395114629
5 20 -0.4424301672989184
5 21 -0.7758387615582274
5 22 0.537698022507088
5 23 -0.3382184336234497
5 25 -0.5907368634885448
5 26 0.6278687206930422
5 28 -0.2574334740338813
5 29 0.7062452175627487
5 30 0.018170385621754326
5 32 -0.6015064629561202
5 33 -0.8750510529941642
5 34 0.9805621665994395
5 35 -0.6999749919792657
5 36 0.16882447003495327
5 37 -0.9953491747221963
5 39 -0.5455436245484842
5 41 0.6893783562401647
5 42 0.7682860499420605
5 43 0.8062524200392396
5 45 -0.9853656373401807
5 46 0.9438970743688133
5 48 0.4393469127166314
5 49 0.9617584749332084
5 50 0.1434620594745224
5 52 -0.6326370736053015
5 53 0.12011424437029983
5 54 0.1681941388835686
5 55 0.2836979083577864
5 56 0.6473888139317892
5 57 0.3487749795688797
5 58 -0.18000964491998395
5 59 -0.41173578699243585
5 60 0.1821093391538593
5 61 -0.9477063193970388
5 62 -0.7355291406181115
5 63 -0.1608783847312647
5 64 0.051049428010972786
6 8 -0.3579271508520905
6 9 0.8463110446346573
6 10 -0.3232494648698987
6 12 0.3046692410896181
6 13 0.4217431150417472
6 14 -0.8891005768377154
6 17 0.43039165509034727
6 19 0.5844598869779256
6 20 0.991003835844581
6 23 0.4144267403634856
6 24 -0.26471650082989684
6 26 0.8209166960727656
6 27 -0.8436629051245335
6 28 -0.06132180190481096
6 29 -0.3961209341485936
6 30 -0.32217502009648435
6 31 -0.7737209311165569
6 32 -0.8421894832349754
6 33 0.7259348576420885
6 34 -0.4774973716662869
6 35 -0.533496085975899
6 36 0.9511533978870002
6 38 -0.9223157860401778
6 40 -0.9017668814610895
6 41 -0.9896513009841754
6 42 -0.38730217109773624
6 44 0.2380960604558613
6 45 -0.22106740000775948
6 46 -0.6689181870778125
6 49 0.39632083098573023
6 50 0.38829347616875576
6 51 -0.7710553986293787
6 52 -0.0022317913510601084
6 53 -0.42666402493051536
6 54 -0.9177465107424998
6 55 -0.38939956537648657
6 57 0.16181680873706683
6 58 -0.22040109876160296
6 59 -0.9256179749001698
6 60 -0.873804244290028
6 61 0.38008619452909786
6 62 -0.7035049411142587
6 63 0.17793280126469324
6 64 -0.2678025796410939
7 8 -0.8665726419101321
7 9 -0.7776835863637506
7 10 0.371470108089629
7 11 -0.4757353198459964
7 12 -0.7714560112125299
7 13 0.13767645213443247
7 14 -0.6330827138550557
7 16 0.2677786580668817
7 17 0.038285353200803174
7 18 0.626717906018996
7 19 -0.4554268269813928
7 20 0.7002705587670819
7 22 0.009430795479440146
7 23 0.054817301671507446
7 24 -0.23435565826143945
7 25 0.6623395380999924
7 27 0.14256087680908203
7 29 -0.40686096995796284
7 30 -0.29219365619283555
7 31 0.4366637691570008
7 32 -0.5646453595197558
7 34 -0.38025494395928705
7 36 -0.24408256014225183
7 38 -0.32073377622750776
7 39 0.035132317095681875
7 40 0.46369035770378986
7 41 -0.8527668057629993
7 42 -0.7982618202342602
7 43 -0.25401618755569655
7 45 -0.5703356946720644
7 46 0.32539807356326245
7 48 -0.31167176512509864
7 49 -0.2735798815323487
7 50 -0.08205840747111903
7 51 0.6607733417614401
7 52 -0.43312308896925944
7 53 -0.3587431345600609
7 56 0.0456122479296206
7 57 -0.027867078808543555
7 59 -0.9034425362085674
7 60 0.7586373997572251
7 62 0.3981607481304925
7 63 0.3075745311947642
8 9 -0.701249198448062
8 10 -0.03009780251129701
8 12 0.6561801240621161
8 13 0.04701772098265189
8 14 -0.8635959262190569
8 15 0.5500254016446116
8 16 -0.6322759240242086
8 17 0.8803164435327051
8 18 -0.5001321402008334
8 19 -0.3894716726110019
8 20 -0.2937493434526741
8 21 -0.10134076244565615
8 22 0.6815441230955785
8 24 -0.6733641429094486
8 25 -0.6413361837505656
8 27 -0.9927418763003197
8 29 0.8256525690763454
8 30 -0.5936274488851512
8 31 0.9788743238622177
8 32 -0.0655042259502625
8 33 -0.8744679931999297
8 34 -0.942597789125613
8 36 -0.5620691916209135
8 37 -0.6602241213922702
8 38 0.9634838680007529
8 40 0.7133678442394689
8 42 -0.5520597385026709
8 43 0.3489390371911196
8 44 0.08067446292156477
8 45 -0.0744697386498665
8 46 -0.5960958432327241
8 48 0.5688771590908139
8 49 0.36630847800100885
8 50 0.28976552807783196
8 52 -0.9770949289479922
8 53 -0.3085602919701247
8 54 -0.9057221011062924
8 56 0.9994400483922796
8 59 -0.6719606776697293
8 62 0.4754429613343252
8 63 -0.7033381066934989
8 64 0.29392287230714276
9 10 -0.6171671906118954
9 11 -0.46348921762515527
9 12 -0.4613075622429479
9 13 -0.7283760948252718
9 14 0.7266070797068576
9 15 -0.9131614801254306
9 17 0.7034619041000596
9 18 -0.3549756795673875
9 19 -0.810000027555436
9 20 0.03139984881569968
9 21 0.4281586161666324
9 22 -0.9283507038651622
9 24 0.48429586914844047
9 26 0.19775191859667385
9 27 0.7932199361687602
9 28 0.5019399987655337
9 29 0.5174281920446004
9 30 -0.4961010788562512
9 31 0.12611899177619912
9 33 0.8004726174802987
9 34 -0.6942278337102685
9 35 0.350944286878919
9 36 0.2575061886743215
9 37 -0.9151721918313451
9 38 -0.25366186983337946
9 39 -0.9749059392911994
9 40 -0.2035144430907616
9 41 0.2329182483716603
9 43 0.03871069444084618
9 44 -0.23376690058213034
9 46 0.33270231159140473
9 47 -0.5114179359897402
9 48 -0.15666924244363178
9 49 -0.7620545982174682
9 51 -0.9148405538577553
9 52 0.6614008736403552
9 53 -0.3046671441635409
9 56 0.1928427024215209
9 57 -0.7220780068452155
9 59 0.164959687994372
9 60 0.9549356725569391
9 62 0.45292892278446906
9 63 0.24587800673175497
9 64 -0.9956229386782831
10 13 -0.9072338959083632
10 14 0.1312633083776602
10 15 0.2822813075335908
10 19 0.10375814159399455
10 20 -0.2956105435532044
10 21 -0.37972848540781334
10 22 -0.8041879412297794
10 23 -0.1791483286140796
10 25 -0.21774557317395415
10 27 0.7544890933990422
10 28 0.5441663803536647
10 29 -0.28375467218905137
10 31 -0.7487207679384755
10 33 0.09114274965186797
10 34 -0.2757045158838858
10 35 -0.6330424029115158
10 36 0.07005528328464616
10 37 -0.5623596275095779
10 38 0.2477018693029267
10 39 -0.3365422844979431
10 41 0.9897110481349107
10 43 -0.10773908620172867
10 44 -0.05824861597964115
10 45 0.16292764619080002
10 46 -0.31482061567420594
10 47 0.9499494632636434
10 48 0.5826222233207166
10 49 -0.6362252438306912
10 50 0.8011383001489272
10 52 -0.3213721004507133
10 55 -0.804399689717225
10 57 0.7499060742218755
10 58 -0.27989031575512735
10 60 -0.599593881546385
10 61 0.9042869320556268
10 62 0.6441115050914086
10 63 -0.22304427374801739
10 64 -0.048281159152039343
11 12 -0.6189552366278361
11 13 -0.9471256677973228
11 14 0.7847692370212442
11 16 0.9072871953154826
11 17 0.9570932532571212
11 18 0.4962998026440444
11 19 0.9774794856697668
11 20 0.8006248716134925
11 21 -0.4290153364417213
11 23 0.39001619326713866
11 25 -0.27397411780789316
11 26 -0.8579193948609121
11 27 0.5470006542383592
11 28 0.376142818867756
11 30 -0.7175300459746938
11 31 -0.3020419671950334
11 32 -0.3410222894059258
11 33 0.05619713618569078
11 34 0.410491086400963
11 35 -0.44656883718648865
11 36 -0.8251450025750482
11 37 -0.2906754540186658
11 38 -0.024415097478337033
11 39 0.8604234217815698
11 40 0.464347978771414
11 41 0.8526473105600592
11 42 0.4863958373712409
11 43 0.7535549440489189
11 45 0.48737502318049697
11 46 -0.35874201206848655
11 47 0.6916377458954137
11 48 -0.76200132327371
11 50 0.5148798554400231
11 51 0.11000891404007551
11 53 0.8205858507836936
11 55 0.2247115363367247
11 56 -0.8295480108046398
11 57 -0.7901404202795304
11 58 0.34554522891367134
11 59 0.5116595306449025
11 60 0.5325591602459305
11 62 0.07684051555524452
11 63 0.7167820639434823
11 64 0.39725793839702583
12 14 0.2682331947777976
12 15 0.31857078445440234
12 17 -0.3432621815862633
12 18 -0.08362579531329328
12 20 -0.8355684167972646
12 22 0.9168624640673442
12 23 0.32184760805999857
12 24 -0.9684626653010087
12 25 0.1725348300363645
12 26 -0.570533657261572
12 27 -0.9271929263142058
12 28 -0.7065856108038211
12 29 0.9507843588324687
12 30 0.4857155568952707
12 31 -0.8958183108818703
12 33 0.1035424288541078
12 34 -0.07703440279132501
12 35 -0.8951891837086152
12 36 -0.7475875005219217
12 37 -0.05285227694029171
12 38 0.9422359024176254
12 39 -0.9305737066462478
12 40 -0.9958401075008017
12 41 -0.9540644804451024
12 44 -0.10411345868815358
12 45 -0.7295202683025845
12 46 0.8074929103161068
12 47 0.8511645949560458
12 49 0.9395228480196112
12 51 -0.3442302429366666
12 52 0.18790495629637505
12 53 -0.849623128137154
12 54 -0.10984011067635202
12 55 -0.013945877889275371
12 57 -0.19752435868995244
12 58 0.09125196857477458
12 59 -0.1693516596324285
12 60 0.3087787728442053
12 63 -0.6854247798919235
12 64 0.45145644962842457
13 14 -0.035381354532445064
13 15 -0.3461658832029899
13 16 0.6124320067234961
13 17 -0.44188732999067803
13 19 0.9170315857401496
13 20 0.37853245883195097
13 22 0.32387358173606784
13 23 -0.2069324072034413
13 25 0.11183673485367462
13 26 0.11685635677701334
13 27 -0.5436088200529734
13 28 0.041102216171409856
13 31 -0.041149031216744625
13 32 -0.37484292713094525
13 33 -0.6052416934640055
13 34 -0.6439119529179647
13 35 0.42591009392934454
13 36 0.8455000884062984
13 37 0.769333762049879
13 41 0.6920587386700741
13 42 0.8530726584746584
13 43 -0.8033978237423045
13 45 -0.12871690561942128
13 46 -0.5549663324284639
13 47 0.06735176168201717
13 48 -0.8308364652758786
13 49 -0.8334385061383931
13 50 0.11381075764453041
13 51 -0.5581050822829019
13 52 -0.3636145203275243
13 53 -0.7296600702102545
13 55 -0.4905841432625022
13 59 0.1628727339742866
13 60 0.7887312970524067
13 61 -0.09884442612995215
13 62 0.8491187204415291
13 63 0.2260338249515348
13 64 -0.17867744735592161
14 15 0.040439739698426624
14 16 0.03555599279055999
14 17 0.8194648225200796
14 18 0.24874073139219433
14 19 -0.25219780296207306
14 20 0.9957490869642953
14 21 0.42935749332388706
14 22 -0.9487889022352005
14 24 0.645527690522967
14 25 -0.22242928316478028
14 27 0.7264691778487025
14 28 0.8434399486947717
14 29 0.1619146384441581
14 30 -0.4115922284492719
14 31 0.8083088496976829
14 33 -0.8503112993614919
14 34 0.44468995691613133
14 35 -0.8745585077705453
14 36 0.6308580643104327
14 37 -0.3274585385365738
14 38 0.5077981073639486
14 39 -0.3260449260120273
14 40 -0.11644576110271965
14 41 0.22778357012521466
14 42 0.09413917237849834
14 43 0.6691712168525339
14 45 0.7267704050384425
14 46 0.7896426136634391
14 47 0.8799121836203845
14 48 0.3866573362092376
14 49 -0.378836244870947
14 50 -0.18636268304950265
14 51 -0.970580559238198
14 52 -0.30387400062864445
14 53 0.2570820044143629
14 55 -0.2916382256149199
14 59 0.5422137217796685
14 60 0.8971233624455364
14 61 0.8273872624187493
14 62 -0.45642007193279643
14 63 0.6617829989717849
14 64 -0.7500406225689888
15 16 0.7600420893850137
15 17 0.3341416995726352
15 18 0.4943179348060118
15 19 0.8361310839105867
15 20 0.523321745235098
15 22 0.09208225496615019
15 23 0.15840706120941062
15 24 0.029146242601228778
15 25 0.651583334249259
15 27 0.3916915037221582
15 29 -0.855180942421337
15 30 -0.8848774107538513
15 33 0.9296045034316724
15 35 0.7666501934881447
15 36 -0.48053301231752377
15 37 0.4531502211297014
15 38 -0.40010129385614546
15 39 0.8654430460111311
15 40 -0.29666909642729067
15 41 -0.1355592734555735
15 42 -0.4270481622269371
15 43 -0.3752677717578312
15 45 0.46083403337108897
15 46 -0.6046912835625566
15 47 -0.40991719831990414
15 48 -0.25323547739145935
15 50 0.5083160079209934
15 52 0.17709023682480418
15 53 0.5428456988333648
15 54 -0.08666686396698453
15 55 0.4612827655113949
15 56 -0.5292758541610969
15 57 -0.17308106779186105
15 58 -0.7438516313011192
15 59 0.03627917770510369
15 61 -0.6894208653509146
15 62 0.6385424847274617
15 63 -0.08845686184672319
16 17 0.20638028212262194
16 18 -0.8219216439812582
16 19 0.7961836048822009
16 20 0.38524275947167186
16 21 0.8230340175311279
16 22 -0.6291582529780875
16 23 -0.8246371946274287
16 24 -0.2479265118014513
16 25 -0.42984480660259305
16 26 -0.5711754492834349
16 27 0.707276989649477
16 28 -0.23154443610967546
16 29 -0.9008489228877437
16 31 -0.07643150917506558
16 32 -0.09090713665042416
16 33 0.7707339674522877
16 34 0.3082928529455715
16 35 0.130969031879538
16 36 0.3230981534603714
16 37 -0.4568026350226526
16 38 0.768013443348754
16 39 0.44012806684764305
16 40 0.921945867708742
16 41 -0.4847482647616628
16 42 0.39777392367745623
16 43 0.798625974663286
16 44 -0.32801388149112976
16 45 -0.4035120078226304
16 46 -0.30857064928109446
16 47 -0.3967179247953634
16 48 -0.9115997913059182
16 49 -0.011620391932720464
16 51 -0.4552696367610143
16 52 0.760794394389547
16 53 0.7265121573107314
16 54 0.6711824419882157
16 55 -0.16378714689331364
16 56 -0.11202225664715293
16 57 -0.23852231413074754
16 58 -0.46594880746638356
16 59 -0.19575626284158298
16 60 0.6859694832519876
16 61 0.3396351539662621
16 62 -0.9659053222887932
16 63 0.7886979183639222
16 64 -0.543990783968916
17 19 0.21123331006148027
17 20 0.9803640321841367
17 22 -0.800810388268232
17 23 -0.26366979737521734
17 24 -0.7623001060789201
17 25 -0.3751214514337984
17 26 -0.9105730253721209
17 27 0.7734786192179739
17 28 0.8327426267876537
17 29 -0.9357045867310811
17 30 -0.19064220375966534
17 31 0.2138241664476319
17 33 0.6108605135467153
17 34 0.9373429583849238
17 35 0.29529115632169467
17 36 -0.7244490324206314
17 37 0.1858402091882818
17 38 0.36551846824838896
17 39 0.1328510280387678
17 41 0.3463645569482414
17 42 -0.8990650879168471
17 43 0.7978213589748755
17 44 -0.46089436134002026
17 45 0.5611595781679648
17 46 -0.947968027309166
17 47 0.4846387743956504
17 48 0.5964210868610018
17 49 -0.21434424195201696
17 50 0.7040506049716411
17 52 -0.4264649891848462
17 53 0.18652643222497112
17 54 -0.07512252026051391
17 55 -0.5971396643033884
17 56 0.09212251703342678
17 58 0.6088406391201711
17 60 -0.4422449493238032
17 61 0.7190392596973987
17 62 0.8344867099439082
18 20 0.8403525443151589
18 21 0.14633157612515868
18 22 -0.7628832264122554
18 24 0.3431818918258325
18 25 -0.12298472636681157
18 26 -0.835882648589382
18 28 0.19637202442611423
18 29 -0.5785912372079001
18 30 0.774203273299628
18 31 -0.8585981660241575
18 32 0.6600018377113432
18 33 -0.7724039663256299
18 34 0.03592442826068254
18 35 0.1184837379455832
18 36 -0.9022220689695502
18 37 0.23747007317482072
18 38 -0.01005210455935468
18 42 0.6227145415013833
18 43 -0.2705013009017547
18 44 0.5914603098022349
18 45 -0.8508381337052524
18 46 -0.495970781739723
18 47 -0.5450610485199372
18 48 -0.37084818401974684
18 49 0.3523646585052711
18 50 -0.9042951029871729
18 51 0.028442538658606464
18 52 -0.3263681170248498
18 53 -0.008506185133062338
18 54 -0.2799791058096044
18 55 -0.08576298351505662
18 58 0.16581851237907475
18 59 -0.7482042305967134
18 61 -0.21902961829375367
18 62 -0.09539145828054019
18 64 -0.702836770664989
19 21 -0.9534767888597275
19 23 0.9336062722542802
19 25 -0.5082686057021772
19 28 0.3346162352156008
19 29 -0.6115259639966808
19 30 -0.41268244514319297
19 32 0.7320340968969419
19 33 0.2846412196240862
19 34 0.4020142911312665
19 35 0.797822594821455
19 36 0.48718091604005487
19 38 -0.2539635803277658
19 39 -0.8964788177702108
19 40 0.2744394477676202
19 41 -0.09803793495749624
19 42 -0.9920770803816379
19 43 0.7376123476356298
19 44 0.6634306838681192
19 45 -0.49618921056478604
19 47 -0.7789184755054746
19 48 0.5268458560986657
19 49 -0.6336831895818613
19 50 -0.9116804019742657
19 51 0.6929757072525569
19 53 0.020638692736694608
19 54 0.49757957257058694
19 55 -0.834826844373195
19 56 0.2316353274084495
19 58 0.3022759977897693
19 60 0.7319512454288624
19 61 -0.06719049304301805
19 63 0.9996412864812112
20 21 0.33262028200177696
20 22 -0.9562062837041332
20 23 -0.5083343749240015
20 24 0.8041232553223214
20 25 0.04306789120251353
20 26 0.9027299189804345
20 27 -0.30606892456018975
20 28 -0.3164910494219728
20 30 0.40086087013734994
20 31 -0.3170626267112342
20 32 0.8120674486763992
20 33 -0.241909091113228
20 35 0.08535684729433823
20 36 -0.18916865981837105
20 37 -0.629881693124583
20 38 0.1841852789173366
20 40 -0.6527476656165232
20 41 -0.19274823089184934
20 43 0.9006192139107485
20 44 -0.39493299850325836
20 46 -0.7051302251659353
20 47 -0.6364588733537162
20 49 -0.8865668303528003
20 50 0.617058054559738
20 51 0.8060662860446908
20 52 0.6310838218552455
20 53 -0.6309136740769294
20 54 -0.9256953132124146
20 55 -0.3421950329666883
20 56 -0.5092014826924642
20 57 0.588582033365042
20 58 0.6829342165916785
20 59 -0.5702974836634607
20 60 0.41192570545635543
20 62 0.6527805217187934
20 63 0.4469159427150826
20 64 0.5324431162279899
21 22 -0.5294757250367006
21 23 0.46515340782464665
21 24 -0.2801255012674686
21 26 -0.07123656082761398
21 27 0.8519942626580139
21 29 0.47091377624263164
21 30 -0.5593650895298004
21 31 0.01692170918666691
21 32 0.04661458132169849
21 33 -0.5861450791863427
21 34 -0.7052214133477961
21 35 0.3969055842479583
21 36 -0.7365123267767872
21 38 -0.58196629734578
21 39 0.7883607033859046
21 40 0.916821663925486
21 41 0.9140409626801822
21 42 0.8536335500482526
21 43 0.7504035371730162
21 44 0.9826459456063372
21 45 -0.8369826492310066
21 47 0.8166244793348905
21 48 -0.07891608461602906
21 49 -0.8698430242375084
21 50 -0.21564052926779254
21 51 -0.21371046629251644
21 52 -0.03857128875982907
21 53 0.9343904979333488
21 54 -0.5910541193201133
21 55 0.9670387072996238
21 57 -0.5538434720187804
21 58 -0.9428446264335661
21 59 0.06115334340951306
21 61 -0.8454210292545816
21 62 -0.6616962179021664
21 63 0.5829580360478273
21 64 0.3013132803717451
22 25 -0.4504815668538511
22 26 -0.7932775042304152
22 28 -0.69677687132579
22 29 0.3424237092098221
22 30 -0.007854694606234336
22 33 -0.7108098759921286
22 34 0.7309147837714625
22 35 -0.9929372378492394
22 36 -0.7849735649906249
22 37 -0.7801772189356824
22 38 0.242882270947391
22 40 0.10668464270803524
22 41 -0.37999108894996425
22 42 0.909081728131643
22 44 0.2730165500660162
22 45 -0.7003478714034459
22 46 -0.8475909835759252
22 47 0.592438927483943
22 48 -0.9019138064872154
22 49 -0.872836276570591
22 50 -0.30136518080465113
22 51 0.4530529415678848
22 52 0.6266721615687094
22 53 0.5171331815254534
22 54 -0.6838750169687404
22 57 0.5954139062485557
22 58 -0.10930189693130044
22 59 0.7704634151700558
22 62 -0.6649743790649185
22 63 -0.11187519000599977
23 24 0.984612161588206
23 26 0.29910562989739176
23 27 0.1423330118817825
23 29 0.03181903542523523
23 30 -0.09290314930268928
23 31 -0.37807202819055763
23 32 -0.5240367507433328
23 33 0.9918140689736992
23 34 0.24953855529640712
23 35 -0.25261840884123554
23 38 0.9803253809061621
23 39 0.7929150482939755
23 40 -0.2905279065127113
23 41 -0.4511085504312271
23 42 0.7773805261100555
23 44 0.47250580399043973
23 46 -0.1448732451260013
23 47 -0.490252379216356
23 48 -0.6809133954313507
23 49 -0.6422524952748185
23 50 0.35740056941265386
23 51 -0.8196491964875918
23 53 -0.9285249002817295
23 54 0.547933759596068
23 55 0.13742349789816122
23 57 -0.5912683147871303
23 58 0.02220004260697439
23 59 -0.4623060864290336
23 60 0.3030737377568937
23 61 0.92228284343817
23 62 -0.8767654395903548
23 63 -0.6200046679023805
23 64 0.13188220707416964
24 26 0.6270716785526473
24 27 -0.4716038362140176
24 28 -0.7038714805026793
24 29 0.276203159813869
24 31 -0.33058144432319403
24 32 -0.22302576231693183
24 33 0.009824865554210138
24 34 -0.0008713483347797535
24 35 0.9491811737987412
24 36 0.8321261103918001
24 37 0.5402871773039855
24 38 -0.29461166252681803
24 39 -0.03930734059335306
24 40 -0.45629296268055763
24 41 -0.3270868221622256
24 43 -0.7528668059484465
24 44 0.2766292022135928
24 45 -0.8750677147274193
24 48 -0.47941740492251284
24 50 0.4796691466681604
24 51 0.718699381469164
24 53 0.7559777718250125
24 54 0.42486190516835287
24 55 -0.41375591017358637
24 56 -0.5194199243702144
24 57 -0.5853466895048118
24 58 0.2774841076364001
24 59 -0.3761592847753328
24 60 -0.12840319941169898
24 61 0.7645785894055932
24 62 -0.27914174310899376
24 64 -0.10527775383070304
25 26 0.8880217444017966
25 27 -0.363899912385496
25 29 -0.35981814915561605
25 30 0.010086176304654693
25 31 -0.20965643794459932
25 32 -0.2315042196474697
25 33 0.32917648439534
25 34 -0.5043708291757252
25 35 0.07441238425869301
25 36 0.7087727126705399
25 37 0.8549466829230674
25 38 -0.39259423179989494
25 39 0.4324747870851007
25 40 0.712201803061437
25 42 0.08449970174905341
25 44 -0.07124010475915177
25 45 -0.01947843491297485
25 46 -0.5965993273821626
25 47 0.24605652400129485
25 48 -0.06843658427303723
25 49 -0.17335897628198604
25 50 0.8325825593145235
25 51 -0.702340642867695
25 53 0.00036745280890282395
25 57 0.09515664585405115
25 59 -0.05848507712508999
25 60 0.9980955004562548
25 62 0.5380673659090551
25 63 0.5183217938180706
25 64 0.02192695510755871
26 27 -0.9758912033228038
26 28 -0.5936997854219368
26 29 0.04253667665975058
26 30 0.5523928196721009
26 33 0.36829318257091614
26 34 -0.9210306819200722
26 35 -0.6158669070391078
26 36 -0.10093900164756153
26 37 0.9152580765019178
26 39 -0.5908074013159228
26 41 -0.6364125127896489
26 42 0.47323518644408114
26 43 -0.49960134436805337
26 44 -0.6732430943454375
26 45 0.5405436589608741
26 46 -0.483020421182941
26 47 0.7504174957405727
26 48 0.6472697765693889
26 49 -0.5671722875486589
26 50 -0.21842721406620202
26 51 -0.5991023013617127
26 53 0.7998699377525529
26 54 -0.9398280346699079
26 55 -0.4217301866014911
26 56 -0.6012462977286039
26 58 -0.629800008799742
26 60 -0.07297649519563465
26 61 -0.31859394496078997
26 62 -0.9248364614556133
26 64 0.950733350532476
27 28 0.9419560120580117
27 30 0.6874587021596328
27 31 0.9670283594173434
27 32 0.19917036576152225
27 33 0.538368193722693
27 34 0.8157756886336771
27 35 -0.498189533763022
27 36 -0.9526625746840562
27 38 -0.43611860370241584
27 39 0.4854686096797125
27 44 -0.04051719464183012
27 45 -0.5474436071376394
27 46 -0.19032273948535683
27 47 0.6265647045074041
27 48 -0.7521928200695538
27 50 -0.15779056056155016
27 51 -0.37131134497468343
27 52 -0.8438060690200211
27 55 -0.6865937696679991
27 56 -0.43518958165478216
27 57 0.67355417522288
27 58 0.03334645987835816
27 59 -0.22026879671297261
27 60 -0.14444543627801765
27 61 -0.6521409394694611
27 62 -0.34649800592301205
27 63 -0.593285730501554
28 29 -0.1652982315662057
28 30 -0.6605999612970173
28 31 -0.3558315496575122
28 32 0.3173160535158801
28 33 0.13936466167269934
28 34 0.6015365280966831
28 35 0.38705220660350204
28 36 0.07753401497375112
28 37 -0.05943172481622527
28 38 -0.3227477995122081
28 39 0.39866761957073127
28 40 -0.2825490771253203
28 42 0.8714252668224607
28 43 0.2047183354882831
28 44 0.723579736527961
28 45 -0.9841157457097502
28 46 -0.033810291707700335
28 47 -0.7559935728022424
28 48 0.04624003483800543
28 49 -0.9867883058570237
28 50 -0.3884083194263517
28 51 0.8462070453372712
28 52 -0.7660987367740817
28 54 -0.13892268944016672
28 55 0.2048007096578226
28 56 -0.6335415987925179
28 57 0.6316501817564775
28 59 -0.5575957328461238
28 60 0.38294129032809354
28 61 0.8305490103547355
28 63 0.9126561154248465
28 64 -0.2127769496025953
29 30 -0.37896700243620995
29 31 0.4574273047260504
29 32 -0.3678263368540795
29 33 0.22298759908761068
29 34 -0.48794937712016373
29 35 0.8823208895813555
29 36 0.8002228175818054
29 37 -0.328552099970582
29 38 0.30204863123566517
29 39 0.5333956222861931
29 40 -0.5892701042364081
29 41 0.5050132592766261
29 42 -0.767638015946732
29 43 0.3384378549754934
29 44 0.14128655333672513
29 45 -0.8916247003945625
29 46 -0.9508862305622365
29 47 -0.2419936307179169
29 48 -0.22549962646057864
29 50 -0.3094811124639987
29 51 0.18384140014466577
29 53 0.6927041782981109
29 54 -0.6783614713170765
29 57 0.12676204174999617
29 58 0.6275207229281115
29 59 0.7552472823416401
29 60 0.6993347130384762
29 61 -0.1525671207721755
29 62 0.33422167167479055
29 63 -0.46288151560045065
30 31 0.7582614644312395
30 32 0.9859264064295514
30 33 -0.15591797003452967
30 34 -0.4308526589390038
30 35 -0.7130595810961295
30 37 0.18463364969992435
30 39 -0.53990232250432
30 40 0.0019250267961108403
30 42 0.7223943340724068
30 43 0.13350934668243308
30 44 -0.36086279925064146
30 45 0.18956895841826737
30 46 0.0005904313463376276
30 47 -0.16874528017665646
30 52 0.9616557142483102
30 53 0.2908466443697366
30 54 -0.847831090816386
30 55 -0.873387383515583
30 56 0.13800352312698894
30 59 0.7319462915630521
30 60 -0.6380981035066109
30 62 -0.8425774651637035
30 63 0.7162924107703794
30 64 -0.445527597608393
31 32 -0.04349889272451968
31 33 -0.46849256577428267
31 34 0.8866221919178925
31 35 0.757706570159997
31 36 -0.1516147411822868
31 41 -0.18424044143334228
31 43 0.7893595251523275
31 45 -0.7527460318754491
31 48 0.10484795136433345
31 51 0.6245269528818962
31 52 -0.6145464418772153
31 54 0.182358719277248
31 55 0.18763154569738894
31 56 0.9078389184665663
31 57 0.7393419989962595
31 58 -0.8544737227200976
31 59 0.1842874686175393
31 61 0.34480017894861503
31 62 -0.19058902340758976
31 63 -0.3261167970131862
31 64 0.3604549786313571
32 33 -0.3353830179418329
32 34 -0.5579856829428234
32 35 0.37106940640561126
32 36 0.2904883084296994
32 37 -0.9187473744120165
32 38 0.3726413829754083
32 39 -0.04437327705647842
32 41 -0.9516304560155433
32 42 -0.8158101978410068
32 44 -0.9304283495516157
32 46 0.8563526617334127
32 47 -0.9685983611274807
32 48 -0.5241792298808603
32 50 0.2779595255017724
32 51 -0.5183997667047269
32 54 -0.14223037771203462
32 55 -0.758205772874819
32 56 0.4312391782858864
32 57 -0.3945390654301135
32 58 -0.1388373463237691
32 59 0.38842733963124654
32 60 -0.7449616111813744
32 61 0.9119731334580388
32 62 -0.31335104070226594
32 63 0.6309501315400756
33 34 0.4773769038685389
33 35 -0.9955444124880626
33 36 0.6883035723167998
33 37 0.14879039558763196
33 38 -0.06440167216031178
33 39 0.3119907420937278
33 41 0.4243924379249826
33 42 0.6644184040374486
33 43 -0.6552816617349662
33 44 0.46572192296375325
33 45 0.9382646212328851
33 46 0.03197474750782314
33 47 -0.4027154689626127
33 48 0.7075425287127401
33 50 -0.32016847500784107
33 51 0.10234383565376892
33 52 0.6261399317522394
33 53 0.4000028147254666
33 54 -0.20308514666661814
33 55 0.5519821239002871
33 56 -0.42809272128025677
33 58 0.5235424303998091
33 59 0.08291738763894596
33 60 -0.8731527254157734
33 61 -0.9901069030293981
33 62 0.4869148230785101
33 63 -0.2616527117466467
33 64 -0.16974075746369244
34 35 -0.6746820710193864
34 36 -0.8716169718231739
34 37 -0.026921813698330244
34 38 -0.4320301755793481
34 39 0.5750589429969473
34 41 -0.5413989281690126
34 42 0.15602982875907867
34 44 0.5539032370177759
34 45 0.3354813907491878
34 46 -0.08918080832305164
34 47 0.15955644311243167
34 48 0.1909530049544863
34 49 -0.10485801448329624
34 50 0.7681125559530451
34 51 0.7645139557602598
34 52 0.716876559494241
34 53 -0.39344710590177256
34 54 0.1876131075656582
34 55 -0.5652805582318519
34 56 -0.21075541295189248
34 58 0.3606305557919762
34 60 -0.23184086214385125
34 61 -0.03199960855309936
34 62 0.8507434068759023
34 63 -0.9590188115914451
34 64 -0.4413101004603903
35 37 0.8944143189722398
35 39 0.9789340036963137
35 42 0.13434373104753194
35 43 0.5318208172480863
35 44 -0.9211517769924249
35 46 -0.08696842536465588
35 47 0.4367510215879429
35 49 -0.5553285493414495
35 50 0.2694423489346063
35 51 -0.8605459004634091
35 52 0.46258117734649673
35 53 -0.09619126282833412
35 54 -0.5692644709469357
35 56 0.4864805018434104
35 57 0.3184377776336431
35 58 -0.45833760003140167
35 59 -0.19112324800952707
35 60 0.11724556755202009
35 61 0.48990779703900955
35 62 0.37898540997225205
35 63 0.25463937461801267
35 64 0.35763004991853276
36 37 0.8788298489040696
36 38 0.8436161045113386
36 40 0.35864069938604715
36 41 0.8746429795422896
36 42 0.18265552047239209
36 44 -0.9026488700623279
36 45 0.6936828458770365
36 46 -0.9222492537552558
36 47 0.06816886039078796
36 50 0.19555693327434787
36 52 -0.9457810419272121
36 54 -0.3178633767457246
36 55 0.4721536075959698
36 56 -0.6120264321208082
36 57 -0.6924006162430403
36 58 -0.9930789477542772
36 59 0.3678923192064978
36 60 -0.7391692617821446
36 61 0.5757062544370173
36 62 0.059862963404639036
36 63 -0.5543858057764965
36 64 -0.24434305540587742
37 38 0.2603136079195192
37 39 -0.5526395605060164
37 40 0.6937135102909997
37 41 -0.97612113641143
37 42 -0.03973346112262632
37 43 0.24665063570607426
37 44 0.6246105352753046
37 45 -0.9626455716701074
37 46 0.7499022128852761
37 47 -0.16864280368901774
37 50 0.20544176697930294
37 52 0.4022587594986997
37 53 0.6545082228860053
37 54 -0.6291467778415063
37 57 -0.5494665474612845
37 58 0.45005376005098796
37 59 0.6595953406339192
37 62 0.8052934769583213
37 63 -0.5325466052100594
37 64 0.07455417961660471
38 39 -0.6581587372142466
38 40 0.6958758903759763
38 41 -0.10283852470608879
38 43 -0.5085245354570349
38 44 -0.5797029131367815
38 46 -0.6014696197992007
38 47 -0.6923841648942994
38 48 0.2828964919660024
38 51 -0.6571779609797366
38 52 -0.8312628945740648
38 53 -0.2542520952378744
38 54 0.1561801157357401
38 55 0.7012462765618339
38 56 -0.36376096164685356
38 57 -0.3337498770009477
38 59 0.8432309079546989
38 60 -0.8962019006141593
38 61 0.5107409581567921
38 62 -0.6702173493969203
38 63 -0.44443129709201545
38 64 0.2216563918006902
39 40 0.9914589971999535
39 41 -0.24696521464709353
39 42 -0.42787905206555976
39 43 -0.4708466598789538
39 44 0.3414408305318306
39 47 -0.22504970633808852
39 48 -0.030587157024241085
39 49 -0.02144563628730478
39 50 0.1865120742285893
39 51 -0.5788326951489673
39 52 -0.7685317924482424
39 53 -0.4760300160222999
39 54 0.25246905833533995
39 55 -0.7564644485305583
39 56 0.589216753616755
39 57 -0.5493301228727767
39 58 0.3361316317068168
39 59 -0.4035428333202986
39 60 0.0015349789702889804
39 62 -0.1782007492949269
39 63 0.6157866613526761
39 64 0.46133300280717426
40 42 -0.801098396548201
40 44 0.6305020193191946
40 45 0.7002101063265704
40 46 -0.16692416308046765
40 50 -0.3676039937736171
40 51 -0.2469396713893406
40 53 -0.5604265712731455
40 54 0.865887204662793
40 55 -0.4373856467639232
40 56 0.9557352954549656
40 57 0.4414592307740328
40 58 0.44944671213842713
40 59 0.8951557795939797
40 60 0.20537575467636326
40 61 -0.8781634561578049
40 62 0.9257796367448676
40 63 0.254156257884149
40 64 0.19259592872969522
41 45 -0.45984447084743185
41 47 -0.2633454963280748
41 48 -0.9687990902449151
41 49 -0.5707470121312321
41 50 -0.35430439304727357
41 51 -0.9844031354340474
41 52 0.7582995426994763
41 53 0.29060720485566094
41 55 -0.9301166146152762
41 56 0.031273002827051144
41 57 0.34453918037690623
41 58 -0.27565142509154894
41 63 -0.4136964231984026
41 64 -0.9297023485045279
42 45 -0.997143578177242
42 46 -0.876801516575648
42 48 0.90337458572355
42 49 -0.19341520150388525
42 51 0.6943092409030691
42 52 0.08739565376077274
42 53 0.08905947949533277
42 54 0.2733061608350311
42 55 0.43958851687572564
42 56 -0.5717865925771528
42 59 -0.6139291737985662
42 60 0.25849606279676696
42 61 -0.6389665395645066
42 63 -0.8043435971987369
42 64 0.48105631345676825
43 44 -0.7733379103061739
43 45 0.5405352303837212
43 47 -0.3971648539484993
43 48 -0.7941574328864072
43 49 0.9558038504333888
43 50 -0.5088436759655464
43 53 0.6108005417050448
43 54 0.10158689418716405
43 56 -0.47126461959542265
43 57 -0.23125831748312642
43 58 -0.790604987311776
43 60 -0.033114125370715675
43 63 0.5139319303106809
43 64 0.6861791712566223
44 45 0.946811060866483
44 47 -0.4116862812272688
44 48 0.35284278046251005
44 50 0.3406158490590714
44 51 -0.25103015976398724
44 52 0.8512372576146692
44 54 -0.15433869714493853
44 55 0.8539102431288583
44 57 0.9608430187014039
44 58 0.8545028162090262
44 59 0.6539194557033297
44 60 -0.3117078578936825
44 61 -0.5546808918528776
44 63 0.8038644647189441
44 64 -0.6481063004851215
45 46 -0.44228494665991724
45 48 0.6177987853217275
45 49 0.6869728900305847
45 50 0.7198746166695502
45 51 -0.7012786002071907
45 54 0.23596316168170928
45 55 -0.2551295645697267
45 56 0.9358720414287605
45 61 0.572357026447005
45 62 -0.781444050114658
45 63 0.9969999135418319
45 64 0.539871702953661
46 47 0.14366782530137745
46 48 -0.21870603211989237
46 49 0.30920983554445836
46 50 0.5985489886932369
46 51 0.08794081219439986
46 52 -0.9815883091448407
46 53 0.3271020463677563
46 54 -0.5199317736616655
46 55 -0.84140897454717
46 56 0.9984770008808432
46 57 0.004371395711330273
46 59 -0.3362653094329351
46 60 0.01157172978841503
46 61 -0.05077138368240064
46 62 -0.4271488113330195
46 63 -0.0366268089136399
46 64 -0.09029844985227697
47 48 0.4299312873668315
47 49 -0.7071469897169027
47 53 -0.4949872729109941
47 54 -0.14597753375723355
47 55 0.2404103073338828
47 56 0.5476404164041495
47 57 0.9444543383615964
47 58 -0.655938194033014
47 59 -0.1689629790320737
47 60 0.14543819659649282
47 61 -0.4413311277553844
47 62 -0.10443035988475224
47 63 -0.11697017313207847
48 49 -0.6762121082538226
48 50 -0.2889069895505634
48 51 0.7102459205951999
48 52 0.8545954536479741
48 53 -0.9182106955758516
48 55 0.08492892215196046
48 56 0.5004210870021404
48 57 0.02017201618396469
48 58 -0.045120606940641794
48 59 -0.7547926128650402
48 60 0.5329199692068232
48 61 0.6756397775373799
48 62 -0.7385312539977573
48 63 -0.06536865819780746
48 64 0.7191243292204261
49 50 0.7358890776196514
49 51 0.8795003578537344
49 52 -0.838384119960512
49 53 -0.5039651975911994
49 54 -0.9913092229735545
49 55 -0.16730898458204213
49 57 0.34275511332523867
49 58 -0.587712604198398
49 59 0.10767825651211105
49 60 -0.604087400876411
49 61 0.3270522005879801
49 62 -0.4323183921641469
49 63 -0.9131652206582106
49 64 0.915062564815704
50 51 0.7562072377592617
50 52 0.20547045542020048
50 53 0.5490376720724799
50 54 0.8182832504115054
50 55 0.5971196515772719
50 56 0.37763422926848156
50 57 -0.24050928712755337
50 59 0.36729176405530417
50 60 -0.5462555668920352
50 61 -0.1437666739307053
50 62 -0.2394593881135838
50 64 0.9855517048206635
51 53 0.3633847835354822
51 54 0.28078154358963037
51 55 0.3762873346242084
51 56 0.8862828556556017
51 57 0.16573296629106427
51 58 0.5406184044580593
51 59 0.5109573225559596
51 60 -0.5879526639054069
51 62 0.46686615315826563
51 64 -0.7941196458147466
52 53 0.22603049771793127
52 54 0.6893607301589366
52 55 -0.17678310827121324
52 59 -0.5526712524347237
52 60 -0.5549168162075009
52 61 0.7932588919416119
52 62 -0.956105071974787
52 63 0.6285834028238222
52 64 0.009282292278249837
53 54 0.674105476201976
53 55 0.7894484580497207
53 56 -0.11648481255888088
53 58 0.6289420509860488
53 59 0.9151413628566667
53 60 -0.4648814011814808
53 61 0.48283252637922947
53 62 -0.7307323737905058
53 63 0.18852083225434457
53 64 -0.21483027916764064
54 55 0.22452228814565167
54 56 0.7308420996409437
54 57 -0.1649074360689602
54 58 0.7649273576274938
54 59 -0.11905859562006782
54 60 -0.5783750936312608
54 61 -0.6290562927538486
54 62 -0.1716672605142937
54 63 -0.3200641629157144
54 64 0.05061473643401482
55 57 -0.043791421003076536
55 58 0.6906056218773486
55 59 -0.4632085613932835
55 60 -0.7960212478348849
55 61 0.0324075029302755
55 62 -0.0601188804218431
55 63 -0.10214750517320725
55 64 -0.3504979879267969
56 57 -0.5198841634640068
56 58 -0.02792218689345982
56 60 0.0394593304493176
56 61 -0.6841581820439537
56 62 0.29647586027129
56 63 0.437354729701223
56 64 0.7477982591374455
57 58 -0.5489202617117062
57 59 0.28412034728420266
57 60 0.36280366802033215
57 61 0.5751825186546669
57 64 -0.2106413576862134
58 60 0.6485026280016062
58 61 0.78814716638124
58 62 0.5810123297653
58 63 -0.9666776612002419
58 64 -0.5276979641289261
59 61 -0.6270413898813954
59 62 0.3027795990448128
59 63 -0.5618556240926282
59 64 0.48996580723311056
60 61 -0.9867063439364956
60 62 0.5819498230288953
60 63 -0.5257009998396025
61 62 -0.49665315588569947
61 63 0.2469942490267556
61 64 0.31353984494803555
62 63 0.8221832407214349
