75 1930
0 -0.5665822851362485
1 0.8668275280576814
2 -0.055399991061783505
3 -0.014702207776046583
4 -0.3956000565336153
5 -0.892311859575035
6 -0.52586211787082
7 -0.7396501360248098
8 0.5271505687535987
9 -0.9204212818769866
10 0.8780327940029831
11 0.3726649253746155
12 0.08781889707710455
13 0.04482119699688769
14 -0.13569175233045683
15 -0.5387430475582842
16 0.8493136014779668
17 0.3913267405031893
18 -0.6912703239380718
19 -0.8490843796562455
20 -0.5205146432857799
21 -0.16476737365777616
22 -0.06908535074583932
23 -0.2677103005927979
24 0.1950915139742968
25 -0.1527174050658222
26 -0.5386020780331167
27 0.1942715319124384
28 0.981165735640178
29 -0.8714646971498148
30 -0.06658328279214953
31 -0.9639499726052188
32 -0.16606183517177286
33 0.1073384171932994
34 0.597156531483281
35 -0.5399734966920497
36 -0.10289293934037302
37 -0.2666995928062812
38 -0.35813687901341584
39 0.7229930054269256
40 0.010035586164264032
41 0.3782797251172496
42 0.06200145554837566
43 -0.5499105024520505
44 -0.9801142843742823
45 0.6943661259513598
46 0.4818172251855466
47 -0.9896269298218128
48 -0.3059305970004347
49 0.7137590860668532
50 -0.7221383290871877
51 -0.8668305671037282
52 -0.6271658911420506
53 -0.03695746896909591
54 -0.4600418458666813
55 0.6825047868789995
56 -0.10361738137203846
57 -0.0955520543545545
58 -0.32686007343075696
59 -0.3656407693362942
60 0.5268657735976852
61 0.33331818342491637
62 -0.23279021299589764
63 -0.5169848474628103
64 -0.3229390336708251
65 0.5051470929344317
66 0.2782612042498167
67 0.30833027447238015
68 0.2123447903951332
69 0.37472969017127755
70 0.6191166023578201
71 -0.0632640333360508
72 -0.986814034368763
73 0.9848201952853983
74 -0.19767767362467037
0 2 -0.2885469202999813
0 4 -0.25103117161274935
0 5 -0.7099073406105569
0 6 -0.673993613576745
0 7 0.14343877793631998
0 8 0.35485888376535146
0 9 -0.5365693115894759
0 11 -0.18024526507024108
0 12 0.4607232069057585
0 13 -0.316300673818551
0 14 0.8959463884141279
0 15 -0.10768406875237013
0 16 -0.9317704284895858
0 17 -0.2632086029969687
0 18 0.5831483899750194
0 19 0.09367197972951691
0 20 -0.5483779408558591
0 21 0.7973234428868434
0 22 0.026758684491194007
0 23 -0.8413730343458223
0 24 -0.3508316502610105
0 25 0.09563266954533245
0 27 0.8923752935640452
0 28 -0.933922502817516
0 30 0.42800696952683026
0 31 -0.9402652039921147
0 32 -0.14506018455149805
0 33 -0.6638083490006805
0 34 -0.957984621742298
0 37 -0.6056467683439841
0 39 -0.2547394379753001
0 40 0.35412072822039176
0 41 -0.4046337346123525
0 43 0.7896949742278636
0 44 0.4927455711874231
0 47 0.9977661891708567
0 49 -0.4515693733645052
0 50 -0.8120679344162383
0 52 0.578816581582734
0 53 -0.16862402233225948
0 54 -0.2857689130048229
0 56 0.03435023271900972
0 57 0.890838611434716
0 58 0.1261644049785169
0 59 0.202071283941049
0 60 0.8853928384564493
0 62 -0.8717565488525774
0 63 -0.6236677972581386
0 64 0.43849032442679836
0 65 -0.9383977697154309
0 66 0.24944422871828698
0 67 0.05346003107180186
0 68 0.2012605929259601
0 69 0.03760131992349969
0 70 -0.87635374871357
0 71 -0.14041275910166928
0 72 0.40815003065310096
0 73 0.4673414048933675
1 3 -0.19254734149521546
1 4 -0.7429967687387067
1 7 -0.08340210314713858
1 9 0.5016658776192127
1 10 -0.12237662654050374
1 11 0.05722119511356727
1 13 -0.6255949693052001
1 14 -0.8987256042702616
1 15 0.002152294399075272
1 17 0.41568990257576965
1 18 -0.24214235439442056
1 19 0.0522532755434697
1 20 -0.5890138626076802
1 21 -0.9903683427147134
1 22 -0.7303472901341042
1 24 0.1579531233481839
1 25 -0.07456548365170179
1 26 -0.37531002228071486
1 27 -0.0332015237289065
1 28 -0.14535237282289004
1 29 0.10347131584675662
1 30 0.5816538357144303
1 32 0.17995653336020334
1 34 -0.06302346978085915
1 35 -0.5786597126659292
1 36 0.9224163049839358
1 38 0.5606122047262649
1 39 -0.8525066480925163
1 40 -0.045654816965307043
1 42 -0.8698007833547332
1 44 -0.864257996143317
1 45 -0.6301823734909755
1 47 0.8408348369352134
1 48 0.2142202864711491
1 49 0.1427281096497912
1 50 -0.1506310199166525
1 53 0.7318485197075484
1 54 0.16561434969960742
1 55 0.6629708526081921
1 56 -0.6084391538869187
1 58 -0.47107094102953706
1 59 -0.3299483698977379
1 60 -0.3810522272337433
1 63 -0.5988790852115462
1 64 0.39358973785639706
1 65 -0.009469087564911938
1 66 0.6063302547019491
1 67 -0.7079311264986059
1 68 -0.6556534749211407
1 69 -0.9302551095829932
1 70 0.5860742946368551
1 72 0.5700389656291911
1 73 0.8388451806402126
2 3 0.946349316046887
2 4 -0.8435793354714634
2 5 -0.8998287942508298
2 8 -0.6762956302750256
2 9 0.7947506275147249
2 10 0.9342780976738958
2 11 -0.5739293971696127
2 12 0.7938518832159889
2 13 -0.9172406606924424
2 14 -0.4384349624071584
2 16 0.14111707134826168
2 17 0.29241395607239773
2 20 -0.7007302543890483
2 21 0.877870138498589
2 22 -0.9328469158948427
2 23 -0.868367726982854
2 24 -0.05486195062364918
2 25 -0.5644803022421345
2 26 0.6756718771591421
2 28 0.1950553682174594
2 29 0.4011581239627846
2 31 -0.5307534218307861
2 32 -0.5698686596135802
2 33 0.5528600653132498
2 35 0.9075616283142212
2 36 -0.011670757942500387
2 39 -0.07406478033333119
2 40 0.16565725315999957
2 41 0.09479032848511659
2 42 -0.19206414451138554
2 43 -0.8882596623470229
2 44 0.8848435082949688
2 45 -0.1973121517956915
2 46 -0.7895203828310251
2 47 -0.3268598162327907
2 48 0.6026850843766272
2 49 -0.7836911394669173
2 51 -0.639802691936252
2 52 0.09544932605727907
2 54 0.1457682797772204
2 55 -0.2958903302866944
2 56 -0.20290872410306848
2 59 -0.7598503556533875
2 60 0.18272928010763012
2 62 0.45728774254490157
2 64 -0.13127265353600248
2 65 -0.05344458538624308
2 66 -0.010346063227117064
2 69 0.9595952009859503
2 70 0.11405440587952587
2 71 0.9516680184003679
2 72 -0.6918005437634445
2 74 -0.4466889699823453
3 4 -0.692446901158609
3 6 -0.20923665194485253
3 7 0.8688090588449353
3 10 -0.49444067341052245
3 11 0.6468461050301999
3 12 0.7278515557114735
3 14 0.7113395232245487
3 16 -0.7010560087000801
3 17 0.3106801420552847
3 18 -0.568210875705548
3 20 0.09514219745060881
3 21 0.21436912578938672
3 23 -0.22593454099773447
3 25 -0.26764180951651584
3 26 0.207327360632503
3 27 0.08523510466993511
3 29 0.05429623583044707
3 30 0.9510863298304242
3 31 -0.15730488386981967
3 32 -0.3545844771470612
3 36 0.2965159352962614
3 39 -0.9001686110342069
3 40 -0.9010042349816325
3 42 -0.573100574613546
3 44 -0.1239445282214966
3 46 0.8586204498640972
3 48 0.8249953533546523
3 49 0.5577203804891737
3 50 0.07399545745857261
3 51 0.8110725622324311
3 52 0.02949275196968948
3 53 -0.2554119618524744
3 55 -0.014920367467039952
3 56 0.01813082836721036
3 57 0.7996553057886975
3 58 0.23338798512655434
3 60 0.1614151763034526
3 61 0.6335540758612728
3 62 -0.8060549400905872
3 63 0.011258810696791466
3 64 -0.018470071653816422
3 69 -0.009381210603191414
3 70 0.3742185977770516
3 71 -0.6139051278909309
3 72 0.5792248552533896
3 73 0.34742038887720605
3 74 0.7601799757939085
4 5 -0.8837095281003993
4 6 -0.2039456750935209
4 7 -0.24385716840955807
4 8 0.4701556136126821
4 9 0.22689982713528112
4 11 -0.5865079386932854
4 12 -0.14296425588651895
4 13 0.07322434633758479
4 14 -0.026543178994840044
4 17 0.34796083720026716
4 19 0.8761159459577688
4 21 -0.2085095903789993
4 22 0.16761211181662006
4 23 -0.7271411402698964
4 25 0.10102274506747633
4 27 -0.37400693847875677
4 28 -0.6826968578193393
4 29 0.7742848758082683
4 31 0.9262910344707391
4 33 0.22488990320275937
4 34 -0.051227740419073076
4 35 -0.2865792715681168
4 38 0.7561507858811196
4 39 0.735749052683123
4 40 -0.9166432178333728
4 43 -0.13914313563265823
4 45 0.9313898490522055
4 46 -0.13154588101127418
4 47 0.7459441468904158
4 50 -0.14614082070913836
4 51 -0.7776483853835066
4 52 -0.27901294223376927
4 53 -0.577633913257084
4 54 0.9912198447803502
4 56 0.7457352280834637
4 58 0.8072923468617927
4 59 0.14972562308578574
4 60 0.9212675014868146
4 63 -0.8735704045553525
4 64 -0.08696125611131444
4 66 0.6306457784469992
4 69 0.3035662301680788
4 70 -0.06828318266459843
4 71 0.3611025751940451
4 72 0.6298908846851565
4 73 0.24782711989101536
4 74 0.7693536023408143
5 6 0.055737599811806815
5 9 -0.8551841133444811
5 10 -0.11934562508686852
5 12 0.5838044762381054
5 15 0.6755596618800841
5 16 -0.42409420946067433
5 19 -0.5419035587558303
5 20 0.7576412594362802
5 21 -0.2558959482802323
5 22 0.5538131332546741
5 23 -0.2515305068643907
5 24 -0.6526189245369249
5 25 0.14324171419385467
5 27 0.3789266239303919
5 29 0.9067921591498733
5 31 -0.6563113882152134
5 32 0.03138101545999561
5 33 0.08216900109983816
5 34 -0.24117572583455837
5 36 0.4839374243364114
5 37 0.7832096298802949
5 38 0.17346570402122974
5 39 -0.24785438683921357
5 40 0.9471590877774307
5 41 -0.18305814098726914
5 42 0.5958930292291134
5 44 0.6898101691373983
5 45 0.8198660187476856
5 47 -0.34186188657650374
5 49 -0.5197461728724959
5 50 0.8343705484249337
5 51 -0.4626221565600841
5 52 0.5839391627896566
5 57 0.7806177045695217
5 58 -0.7125524366057037
5 59 0.19283778582478428
5 60 -0.12860643887719125
5 63 0.1227515761097826
5 64 -0.2899899447670109
5 65 0.5929217604757953
5 66 -0.7877980650851752
5 67 -0.7918782700252478
5 68 0.009614350356400791
5 71 -0.7093363000417308
5 72 -0.436870428845219
5 73 -0.319914755123343
6 7 -0.4022061563911179
6 8 0.8669055485631623
6 9 0.4901156083786118
6 10 0.41436778067317026
6 11 -0.1829619501545583
6 12 -0.3712020507662903
6 13 0.22706573194114932
6 15 0.07207399064924602
6 16 -0.9065457085368589
6 17 -0.708165033926226
6 18 -0.10080539214587891
6 20 -0.9066467729348342
6 21 0.9582360678416864
6 23 -0.5905634067134375
6 24 0.06784829211744081
6 27 0.25719351370489396
6 32 -0.11136914135460185
6 34 0.6773768933051132
6 35 0.051726649785197365
6 38 -0.1270998725964274
6 39 -0.3926033218134892
6 40 0.2801728778952448
6 42 0.6854749382270113
6 44 -0.8296185797095683
6 45 -0.28756149145672905
6 46 -0.013352785422820368
6 49 -0.9720625480385325
6 50 -0.3431920005028475
6 51 0.08474789476433453
6 53 0.7349013776355409
6 54 0.24272089486053838
6 55 -0.6541230221860324
6 57 -0.1709635826931113
6 58 -0.053140044748142046
6 60 0.07144276932804661
6 61 0.4909607644319218
6 65 0.17004261332386594
6 66 0.9803546046348948
6 67 -0.029494575852967664
6 68 0.8459739368464771
6 69 0.26124698906133026
6 70 0.1955733670782649
6 71 0.34465412881608004
6 72 -0.8452811587088127
6 73 0.38226074315123504
6 74 0.003585783772699802
7 9 -0.05415201116480839
7 10 0.6847130834149304
7 11 -0.42482215937383816
7 12 0.672955444588786
7 13 0.8912753027496649
7 14 -0.9288000195920034
7 15 -0.09991640853627382
7 17 -0.6877409837001809
7 20 0.4042816824884956
7 21 0.9216533443494244
7 22 -0.5906249485360406
7 23 -0.5992091092849834
7 24 0.7399335902503796
7 25 -0.3348268282186193
7 26 0.46373657566088533
7 27 0.4695216195112537
7 28 -0.11962651412989467
7 30 0.8661727375703814
7 32 0.780711830078646
7 33 0.16786233998621203
7 34 -0.6563808693729578
7 35 -0.8677029681058077
7 36 0.5418281007517243
7 41 -0.5986624792060014
7 42 0.5709622723390284
7 43 0.07832832646468146
7 44 -0.12985023847095345
7 45 0.6934838973835593
7 46 0.32422923420912175
7 47 -0.47572031401664727
7 48 0.9159432958645708
7 49 0.19388008225966358
7 50 -0.4322559901528573
7 54 0.37042407098748775
7 55 0.989513613183856
7 56 0.19342448327847306
7 58 -0.66682896110024
7 59 0.7966199873093811
7 61 0.310063121894844
7 64 0.9942851502287335
7 65 -0.7310569436887613
7 67 0.5054201597113113
7 68 0.9491362698481793
7 69 -0.43123813323515514
7 71 -0.9057163391238638
7 72 0.14782220490969644
7 73 0.5071393916161664
8 9 0.555707482764503
8 10 0.7770195058485272
8 12 0.0860290000288475
8 13 -0.003971822243606482
8 14 0.4860763779612278
8 15 -0.8221363577387473
8 16 0.5855898781160296
8 19 -0.18217077016235916
8 20 0.5840962848146556
8 21 0.9008916092990829
8 22 0.2956121662388569
8 23 0.6624527388279053
8 24 -0.991905249083239
8 25 -0.19588422549429962
8 26 0.30720517649111123
8 27 0.1904861097725834
8 28 0.5385547626814673
8 29 0.48956566847633765
8 31 -0.9096635598965872
8 33 0.256467168112829
8 35 0.6855805759331846
8 36 -0.7018042731988945
8 37 0.5862962301118049
8 38 -0.04920574864114746
8 39 0.40926078078006434
8 40 -0.3102203017807741
8 42 0.8167002857958658
8 43 -0.539436573841048
8 45 0.41797505716769945
8 46 -0.6960115915527343
8 50 0.5062097586767218
8 53 -0.574213142864991
8 58 -0.01770791702363983
8 60 -0.29216888761381954
8 61 0.8193366912245765
8 63 0.51740826654597
8 65 -0.08929192163413768
8 66 -0.47766745105680375
8 67 0.36649362662745877
8 68 0.6022812832328805
8 69 0.42139492026425973
8 71 -0.7760923317213761
8 72 0.21924797925608397
8 73 -0.8409259621314131
8 74 -0.5084180917665393
9 10 -0.9505841277068627
9 11 0.9392808431141664
9 13 -0.3247622854248047
9 14 0.40274463958856255
9 16 0.22897394205900556
9 17 -0.5325854131757466
9 18 -0.9882797291895349
9 20 0.12300348209287004
9 22 0.8678497248541412
9 23 -0.9477318346027643
9 24 -0.0257037858781084
9 25 0.8019187066991225
9 27 -0.974855795444755
9 29 0.4014654111654903
9 30 -0.9061590520427423
9 31 -0.6068074031607196
9 33 0.8155927263333964
9 34 -0.6076147752511751
9 35 0.35692821098994654
9 36 -0.6153902930839028
9 39 0.6476110373519504
9 40 0.23144988563928415
9 41 0.6090885429727317
9 42 0.32674193541892205
9 43 -0.9739104480876681
9 44 0.10928925630429909
9 47 -0.3749914523081077
9 50 0.949279948500668
9 51 0.8957280989003831
9 53 -0.8188267376548872
9 54 -0.9361806563037263
9 55 -0.5816684001488595
9 56 0.9523636062048881
9 57 -0.5432975002805829
9 58 0.2960256423161378
9 59 0.40191437541181907
9 60 -0.9543891911852738
9 61 -0.016879558206642775
9 62 0.12443261623267698
9 63 -0.14301917783962836
9 65 -0.5194251821329614
9 66 0.9339610150219189
9 68 0.8266274777016895
9 70 0.6594119486822758
9 71 0.9069836598249903
10 11 -0.23422093285205592
10 13 0.9540872401244067
10 14 -0.9287020721498995
10 15 -0.1492939790197958
10 16 -0.8735632814748764
10 17 0.6078242923528807
10 18 0.40121542036479774
10 20 -0.8374547508850272
10 21 0.356225804697915
10 22 0.49346069840045415
10 24 -0.40876120437747043
10 25 -0.22578529747646403
10 26 -0.23670130694533964
10 27 0.4963944214370579
10 28 -0.8169684560264403
10 29 0.005588462892832435
10 30 -0.31882031172039116
10 31 -0.7540154810987449
10 32 0.5612617865657523
10 33 -0.5215720362406036
10 34 -0.06203627195184547
10 35 -0.2181211537770007
10 36 0.6500232082775146
10 37 0.7969119332180579
10 39 -0.8404806577497996
10 40 -0.06542624297311828
10 41 -0.8193967769199617
10 43 0.8931164970399352
10 45 0.04862711969058919
10 47 0.9783473575332104
10 48 -0.8955820858384362
10 49 -0.14740887287925286
10 52 0.870380809284393
10 53 0.00343508504625345
10 55 0.8390905067972199
10 58 0.5977900127161151
10 59 -0.5634457453520341
10 60 -0.6572600507503479
10 62 -0.8435841171396019
10 63 -0.5278783824112596
10 65 0.9251303612478554
10 66 -0.5267361645817998
10 68 -0.07114094829099926
10 69 0.8070612397819941
10 70 -0.8743227272434206
10 71 -0.9303938147860815
10 72 -0.9532549793665261
10 74 -0.5425113683549285
11 13 -0.7860082399133739
11 14 -0.31493229426264024
11 16 0.8113599552456856
11 19 0.5176977794746476
11 20 0.7273175498893254
11 21 -0.8117484865254998
11 22 0.9192284888390259
11 23 0.8298702370278508
11 24 -0.016634066320178276
11 25 0.7959722053969658
11 27 -0.7430196863891341
11 28 0.033852098983637946
11 29 0.7481135892849804
11 31 -0.7498093091757436
11 32 0.4516378399352985
11 34 -0.4806149845310159
11 35 -0.9027783779887164
11 36 -0.4244406603268567
11 37 -0.003014200147862134
11 38 0.9662952887923446
11 39 0.33483793643903526
11 40 -0.8950831929041347
11 41 0.04737255157838538
11 43 -0.8733292123448149
11 45 -0.17247939207713592
11 47 0.4136876201493358
11 48 -0.2111660865961269
11 49 0.82055044707171
11 50 -0.7097782692254735
11 52 -0.46377434230928904
11 55 0.46155682236178874
11 56 0.21927548851627954
11 57 0.30859328742662284
11 58 -0.07565364766087401
11 60 0.6059546053754816
11 61 0.1006544854658098
11 62 0.3554895924701307
11 64 -0.13995338769261223
11 65 -0.03911294454316616
11 67 -0.4257633102859919
11 68 0.4043713759023748
11 69 0.20396675160834699
11 70 0.5121698439687954
11 72 -0.9069461565059778
11 74 0.8902757761716873
12 14 0.19336583726571055
12 15 0.039387026950100434
12 17 0.7551365479615144
12 18 -0.15000618693097478
12 20 -0.5304236585328126
12 21 -0.6059312971102888
12 23 -0.020535000354398703
12 24 -0.3417169338398556
12 25 0.028608535889756093
12 27 -0.7648317549638586
12 28 0.9176461307808159
12 29 0.10217494593079124
12 30 0.2875322278377983
12 31 -0.5751952512909122
12 33 0.8823587360444207
12 34 0.6882977823421412
12 36 0.15941076970275248
12 38 -0.5156046552510978
12 39 -0.44497186319347803
12 40 -0.806423166898216
12 41 0.6417048674637702
12 42 0.7284474511630783
12 44 0.8699700641422472
12 46 -0.4778250350873532
12 48 -0.5792293488347919
12 49 0.6124195774648109
12 51 0.39590675590360824
12 52 0.2956129332812589
12 53 -0.6792888561457582
12 54 0.9114975885441561
12 55 0.22068745937903622
12 59 -0.44839762835408026
12 60 -0.430032577809474
12 61 -0.7976388656393796
12 62 -0.9921290520617188
12 64 0.9149816815658944
12 66 -0.018216364280746022
12 67 -0.5942086503987438
12 69 -0.8453557595263834
12 70 0.00046697763324399233
12 71 -0.42164079580831415
12 72 -0.7148730946176414
12 73 -0.2949810870167382
12 74 0.4890522384630527
13 14 -0.937958182120832
13 15 0.641327705176217
13 16 -0.7420454904478442
13 17 0.42862020907569875
13 18 -0.32806279344002487
13 19 -0.0387193147606717
13 21 -0.49213935563012634
13 22 -0.18739881756426224
13 23 0.13568123943772492
13 25 0.1321637642508191
13 26 0.5214666388246054
13 27 -0.007000068260321957
13 28 -0.18208265026172699
13 30 0.8655297062001681
13 31 -0.681917736633604
13 33 -0.45088599927742634
13 35 -0.14407217529337135
13 36 0.9945548771139248
13 37 -0.900935648972119
13 41 -0.39790589988010416
13 42 -0.5152141553138028
13 43 -0.5780075432039162
13 44 -0.16640519795469566
13 46 -0.17928231486653345
13 48 0.9883141007138816
13 49 0.7967554593415549
13 50 -0.7771053121982736
13 51 0.31830782420843007
13 57 -0.8760218373300153
13 58 0.3731412456115406
13 59 0.7617592497439691
13 60 0.6231877827663341
13 61 0.771270081384289
13 62 -0.5484479058914902
13 63 -0.6254692429386939
13 64 0.29317412611394245
13 65 0.8593673158416482
13 66 0.6029442287501332
13 67 -0.8748608819814834
13 71 0.8984238954690922
13 72 -0.007162020637467403
13 74 -0.332401376613233
14 15 -0.16136708789861398
14 16 -0.7477716987655931
14 17 0.8719913080645576
14 18 0.05512516058690076
14 20 0.822994271087802
14 21 -0.567390328878931
14 22 0.7081936870212628
14 23 0.9497385954029547
14 26 0.9602110564668409
14 27 0.014630683894051977
14 28 0.4582706062286348
14 29 -0.589214562737119
14 30 0.4558852526322452
14 32 -0.5240047833427761
14 33 0.5082156149635892
14 34 -0.6648047322462614
14 35 -0.982995802061313
14 36 0.8900490440679651
14 37 -0.29409219815193954
14 38 -0.24685370416614094
14 39 -0.5833819846935828
14 42 -0.7141191509987803
14 43 0.9034666546581784
14 44 -0.8366262446935369
14 45 0.7132216539939848
14 46 -0.8497997038058562
14 47 0.9023880569567364
14 48 -0.5542208195460017
14 50 -0.8165606404437722
14 52 0.5433774338238124
14 53 0.9187673961742087
14 54 0.0223755172750022
14 55 0.4802268657757156
14 57 -0.6970687730244514
14 60 0.22528822595036857
14 61 -0.6860771193685344
14 62 0.7935367462401188
14 64 -0.19028208317402617
14 65 0.9975725283396295
14 66 -0.10973630915405352
14 68 -0.05875228468917326
14 69 -0.6775331833737215
14 70 0.20537276056393772
14 71 -0.3360721344491704
14 72 0.5100074433917166
14 74 0.8368289010505829
15 16 0.2816508862032614
15 17 0.2767976055062016
15 19 0.7346493309564002
15 20 -0.03947183990775027
15 21 -0.3103645530189052
15 22 0.7170233365691356
15 23 0.18868607974110363
15 25 -0.6203197931847262
15 27 -0.9634486636145505
15 28 0.8361860100221326
15 29 -0.9761649155537355
15 30 -0.3857899165080234
15 31 0.03535447454624108
15 32 0.7725114185190627
15 33 -0.8050938585868126
15 34 0.3910916913491327
15 35 -0.17549002218497467
15 36 -0.7056806419873298
15 40 0.2547638560046488
15 42 -0.9822414023491259
15 44 0.8420599895926284
15 45 0.23684188046638877
15 47 0.7350976204722517
15 48 -0.058534587295965945
15 49 0.007481561302540296
15 50 -0.9226030156879919
15 51 0.09629205726712065
15 52 -0.5374854729655774
15 53 0.06867358048732686
15 55 0.6139443080561167
15 57 0.8934480489500649
15 58 -0.7912407734369475
15 59 -0.3294890024481312
15 60 0.3683921913096988
15 61 0.7116938888548106
15 63 -0.5943416964198531
15 64 -0.1040343303746667
15 65 0.5364038649691545
15 67 -0.8856044714357376
15 69 -0.9863055247893693
15 70 -0.2175777842291038
15 71 0.6274428327029153
15 73 0.7536402293615552
15 74 0.1766410123190434
16 17 0.6789595041244092
16 18 -0.8701422200718598
16 19 -0.16719744993180674
16 20 -0.2614892744840742
16 22 -0.7655130923720568
16 23 -0.14975638435816774
16 25 -0.4679069742047499
16 26 -0.6435318699667631
16 27 0.17722190626678702
16 28 0.4200145566994047
16 29 -0.27359555999681673
16 31 0.3900893772933811
16 32 -0.2698794840844647
16 33 -0.566985709322904
16 34 0.7291782523437715
16 35 0.8500787480342966
16 36 0.7503444604039915
16 37 -0.4225279937952138
16 42 0.4115208536039352
16 44 -0.3613625415364645
16 45 0.9210714924606407
16 46 0.574546539585715
16 47 -0.14026609098005616
16 48 -0.4120934383049857
16 51 0.135436308868621
16 57 -0.25498609810728845
16 58 0.708282627257873
16 60 0.998578947078341
16 62 0.4350218075749184
16 63 0.807497780248192
16 64 -0.11926825063929747
16 67 -0.23228211300423207
16 68 0.9552516315831636
16 71 0.25774736375790597
16 73 -0.30896619752154497
16 74 -0.09648290091621159
17 18 -0.8574590957811488
17 19 -0.034441506180644677
17 20 0.6481206394157553
17 21 -0.7452928807890735
17 22 0.022979161903894152
17 23 0.48864709711374754
17 24 -0.4047421268251816
17 25 0.2821639517065506
17 30 0.5085038773462829
17 31 0.9535019221650116
17 32 -0.8173294590570686
17 36 -0.42730358302838667
17 37 0.13056718126386446
17 39 -0.21303044036740193
17 40 -0.09492613093834557
17 41 -0.7161129312857335
17 42 0.44696856971435417
17 43 0.9418074735460775
17 45 0.5229613652368181
17 47 -0.5879214880394525
17 48 -0.028368120766180116
17 50 -0.3814546542455397
17 52 0.42429666231417973
17 54 -0.8060563409970689
17 55 -0.22448207094034012
17 56 0.5821501085327192
17 60 -0.04776590047889062
17 61 0.888897591620043
17 63 -0.3599401971973659
17 64 -0.4903445948405418
17 65 0.9237842275634176
17 68 0.7668209591620554
17 70 0.8802802719808938
17 72 0.0034769009474098223
17 74 0.8994643780589024
18 20 -0.08556348408408398
18 22 0.004953708390906808
18 23 0.5703644799299967
18 25 0.5369469595574838
18 26 -0.6674140145552581
18 28 0.7945022850214722
18 29 0.09717510911994887
18 30 -0.8277694108900648
18 32 -0.24523939176406984
18 33 -0.8304827597161681
18 34 0.23705427379916943
18 35 -0.466661971159829
18 36 0.9668541103045813
18 38 -0.5595011706658006
18 39 0.852677674191215
18 40 -0.2778104880712706
18 41 -0.22077928720555207
18 43 0.44273920677644885
18 45 -0.055395469050160795
18 46 -0.1251619590663431
18 47 0.9908619273202188
18 48 0.386842680957038
18 49 0.6989087731281345
18 51 -0.6324663410397899
18 52 -0.17319286714535131
18 53 -0.08607476980630269
18 54 -0.011702269453674141
18 55 -0.5147377525978494
18 56 -0.03255595554940527
18 57 0.6345382213402171
18 59 0.013352203498235404
18 63 -0.7830127125459052
18 64 0.10731941237021592
18 68 -0.08233510811145295
18 69 0.3748711133475928
18 70 0.8981350094048379
18 71 0.13651447271448203
18 72 -0.32223959903894994
18 74 0.08660836334387656
19 20 0.6169081984679534
19 21 0.9520944930455846
19 23 -0.9821201210901145
19 24 0.5935851749286889
19 26 0.0064794790992332985
19 27 0.357459134637901
19 28 -0.20164796928175766
19 29 -0.7489540374542183
19 31 -0.16030760962765034
19 34 0.10383024803196372
19 35 -0.4322308482097865
19 36 -0.27083044891598096
19 38 -0.7170910832204609
19 40 -0.16395789478107958
19 43 0.774159903533701
19 44 0.5587433353285793
19 45 -0.3614031963114406
19 47 -0.41034569523701636
19 48 -0.10866583925145457
19 49 -0.00650295771883358
19 50 -0.8539751173041681
19 52 -0.922617149582659
19 53 -0.6725960127509305
19 55 0.7597648086854889
19 56 -0.6511708359513235
19 57 -0.37087111263726946
19 59 0.16930468041200042
19 60 0.25653461084651474
19 61 0.7370474626581571
19 62 -0.4042324374558992
19 63 0.663865449906369
19 64 -0.33967947817894784
19 65 0.4277176708202435
19 67 -0.18721719318173835
19 68 0.7794949705528544
19 69 0.7039997715181663
19 70 0.2998549341142056
19 72 0.8995390071265799
19 74 -0.3355221630682801
20 22 0.4807442387814229
20 26 0.723805172381697
20 27 -0.00978069097716161
20 28 -0.17529531199070592
20 29 -0.06418003990380283
20 30 0.8986676257887403
20 31 -0.9612211613649717
20 32 -0.5787729969077664
20 33 0.873238685401261
20 34 0.14481317053906073
20 35 0.656497062331419
20 37 -0.7706457316334818
20 38 0.38976726808168416
20 40 0.5972922709772879
20 41 -0.7066496046140429
20 43 0.2108238241550826
20 46 -0.47730979927761674
20 47 -0.3314604165601678
20 48 -0.9668684288507159
20 53 0.02096565653156368
20 56 -0.017055153298557224
20 58 -0.5301038035833543
20 59 -0.06157938682417141
20 60 -0.8741427810542852
20 61 -0.8754416489083647
20 62 0.28066127543340635
20 63 0.07830633734947123
20 64 -0.0031039954218650134
20 65 -0.39048146869350875
20 66 -0.29054446570190406
20 68 -0.20969130188400964
20 70 0.4059013893766168
20 72 -0.336781650516053
20 73 -0.9971930487255911
21 22 -0.6101192410070475
21 23 -0.21948814389100457
21 24 -0.7292628183539787
21 25 -0.9474815541469257
21 26 -0.3622612213573879
21 27 -0.7549610670203184
21 29 -0.7066205607878782
21 30 -0.10699369481493748
21 31 0.4914644099142078
21 32 -0.5834160577319147
21 33 0.7318228559164905
21 37 -0.7016822948634118
21 38 0.31322387805879726
21 39 0.8462608895149621
21 40 -0.5994415535129856
21 41 -0.8549483610680506
21 42 0.2618163523683321
21 43 -0.17738556484333934
21 46 0.6110534297293992
21 47 -0.038353255963598176
21 50 0.4808784543820208
21 52 -0.779918925526013
21 53 -0.08146242351100019
21 54 -0.07306251407307185
21 55 -0.02976718443112869
21 56 0.2708010229231572
21 57 -0.1809697814364113
21 58 -0.337646169088901
21 59 0.6449698917334314
21 62 0.9031406470437429
21 64 0.2801346903242923
21 66 -0.7812051287657193
21 67 -0.5602936514993675
21 68 0.04869471218732935
21 70 -0.04865671523842541
21 74 0.7258446066585218
22 23 -0.03597926662971518
22 24 0.4294708896242918
22 25 -0.2586043373847662
22 26 -0.9214320783750332
22 28 -0.18106712805303982
22 31 -0.2724493424997454
22 32 -0.0018495542677070542
22 33 0.5975430556177164
22 34 -0.14503972944285537
22 36 -0.37917668157950946
22 37 -0.37268084706679905
22 40 -0.9324697797362251
22 41 -0.6272671122578144
22 42 -0.36742527754510856
22 43 0.4183877071358457
22 48 0.0677014721111815
22 50 -0.5663410058043052
22 51 -0.0311071451862579
22 52 0.15378711065641193
22 55 -0.012231472550254807
22 56 -0.23773978938298623
22 57 -0.37321113372497283
22 58 0.6972051374464843
22 60 0.7751976548168171
22 61 -0.11346030421545206
22 62 -0.16603988074215414
22 63 -0.9152588040527483
22 64 -0.5649616475929484
22 65 -0.3214766148434218
22 66 -0.6332688248860285
22 68 0.41475195617270577
22 69 0.965659821637944
22 72 0.41781471163692196
22 73 0.4325138476952941
23 25 0.36360743370272286
23 26 -0.47373811120793663
23 27 0.6540429925956466
23 28 0.7700267483187613
23 29 0.9170809723230655
23 30 -0.5147489935966727
23 31 0.9962041204741516
23 33 0.16399014734328987
23 34 -0.5807004159072309
23 35 0.3237340336815928
23 37 -0.5014394616169209
23 39 0.9454493116096654
23 43 -0.5619953550811969
23 44 -0.8873422960845276
23 47 0.3192260450984399
23 49 0.8968446474664862
23 50 -0.3646255733561343
23 51 0.2181425076263379
23 52 -0.3802839640056963
23 53 -0.05826615761769549
23 54 0.06602737197542607
23 58 0.5234334646682766
23 59 0.03804735795449554
23 60 0.1270776627832615
23 61 0.5090540216250732
23 62 0.03291247314006762
23 63 -0.5093561393298236
23 64 0.5478127177783396
23 65 -0.1580824801389431
23 67 -0.06212868036799968
23 68 -0.8863780371943846
23 69 -0.6184308954506899
23 71 -0.8290417196851254
23 73 -0.5669187415899164
23 74 0.7298076819698489
24 25 -0.8509307935067099
24 26 -0.4128713956810106
24 27 0.8862133771294065
24 28 -0.7351803143702076
24 30 -0.17814659726546145
24 32 -0.3430455115137625
24 33 -0.3412590095141179
24 34 -0.9507410730882124
24 35 0.5074240233790652
24 36 -0.08272253186220069
24 38 -0.9835012630371214
24 40 -0.6809631542831116
24 42 0.6898563311113484
24 43 0.34026499987863
24 45 0.25715932995644364
24 47 -0.9217704066600181
24 48 -0.9205730099015248
24 49 -0.8930104585574927
24 51 -0.48996699969052093
24 54 -0.17751969487117814
24 55 -0.5649247559653876
24 56 -0.6690459173679901
24 58 0.5911222494575734
24 61 0.4243404811294633
24 64 0.46599174390121134
24 65 -0.23829739150263363
24 66 -0.808423595265493
24 67 0.22857589482927576
24 68 0.5158431999437181
24 69 -0.6752701902382945
24 70 0.516008841416359
24 72 -0.146131688878403
25 27 -0.5722607500920407
25 28 0.32083819128565483
25 29 -0.4117666075518016
25 30 0.852383623339257
25 31 0.5553261632422584
25 32 -0.7576343705403268
25 34 -0.5951777139898831
25 35 0.756317643263521
25 36 -0.9608198202957186
25 37 0.7655514743542571
25 38 0.2392643309439233
25 39 -0.143956500433432
25 40 0.37652409659151864
25 42 -0.9066808962275215
25 43 -0.3907915296405937
25 44 -0.8241800945447013
25 46 0.35523419927575506
25 47 -0.8612728931528799
25 48 -0.7782179135024467
25 49 0.20583661810374876
25 50 -0.6966131377915308
25 51 -0.21579201485463395
25 52 -0.9780484987116589
25 54 -0.1860027353191711
25 55 0.4701256816936472
25 56 -0.7710967421109933
25 61 0.11500823089979706
25 62 -0.5357086993469977
25 63 0.8659956969986431
25 66 0.0586246786044482
25 67 0.08694467343221057
25 68 0.28939287822606374
25 69 0.18033887533164128
25 70 -0.7023345483757533
25 71 -0.0465765783002392
25 74 -0.10640135036216214
26 27 -0.34162890158264214
26 28 -0.14462778496345607
26 30 0.8600242004056247
26 31 0.7004060609137723
26 33 0.2752400471398708
26 34 0.4140008664496839
26 35 -0.012225984088001018
26 36 -0.44054142934312956
26 38 -0.3615204338838178
26 39 -0.9483721398639171
26 40 -0.33135853064185095
26 41 -0.12463692060580978
26 42 -0.35973590344838824
26 43 0.6112384357689236
26 45 -0.49907515534804947
26 46 0.5305325345442513
26 47 0.7403163088568283
26 48 0.8930232765715937
26 50 -0.5490257187838119
26 51 -0.9201759843677924
26 52 -0.3769071037795624
26 53 0.8426321663156366
26 54 0.6659633446460906
26 58 -0.831441241590666
26 60 0.8049973128788706
26 61 0.07851580030859306
26 62 0.7927427169209089
26 63 0.23822241200261796
26 64 -0.7181775948634457
26 66 0.13737898781947733
26 68 0.9908063988890032
26 69 0.5443519794592713
26 70 -0.8165463176734797
26 72 0.9377499572005268
26 74 -0.8322751260152119
27 28 -0.8923547218224783
27 29 -0.39683961847173
27 30 -0.1260116832519047
27 31 -0.6816895306779778
27 34 -0.29149674351630983
27 35 -0.9068412688072767
27 36 -0.7314909292847978
27 38 -0.657117356212805
27 39 0.03988904777879587
27 40 0.8377549429901188
27 41 0.09233507340827996
27 42 0.8414117118441637
27 43 -0.5586745645065123
27 45 0.8588975085393924
27 46 0.65564804640348
27 47 0.03705403123051809
27 48 -0.9301202242345672
27 50 -0.5964318148407055
27 52 0.12479093502787664
27 55 0.9282363729439846
27 56 0.5788103139683916
27 57 -0.8903587154744734
27 60 -0.55024173058593
27 63 0.11717493013984837
27 65 -0.11019129088043367
27 66 -0.09386643429593411
27 67 0.5037089151424823
27 68 0.9606911250512375
27 74 0.05622278465193631
28 29 -0.17821600450820285
28 32 -0.7306322367509255
28 33 -0.21453767292752746
28 34 -0.5046436027408427
28 35 0.5890711834787827
28 37 0.9020677267361854
28 38 0.19018676378554966
28 40 -0.706363012864234
28 41 0.6975653661110286
28 42 -0.6990136512769278
28 43 0.9237238353713231
28 45 0.897902474949196
28 48 -0.09822525271146088
28 49 0.8076166579995916
28 50 0.7432798894888759
28 51 -0.7394757913923939
28 53 0.030643239273223877
28 55 0.36900755881878866
28 56 0.4655384230142916
28 57 0.2095925072406417
28 59 -0.6035877232883149
28 61 -0.15112769053391517
28 62 0.3436536677527391
28 63 0.9504203308104648
28 64 0.1559952571864811
28 65 -0.6113165785731636
28 66 -0.0016219522193550162
28 68 -0.9590912063169756
28 69 -0.0104948459329115
28 71 0.027761652306280915
28 72 -0.6213037954974354
28 73 0.3688381289328224
28 74 0.3745495818632887
29 30 0.08597123129381368
29 33 0.40900751061922613
29 35 0.9816184879483147
29 38 0.7778096659706863
29 39 0.45555407194263564
29 42 -0.9713466318786486
29 43 -0.7431735051816035
29 44 -0.47642365231649353
29 45 0.9797923339535333
29 48 -0.05512956806620273
29 49 0.438472584405589
29 50 0.7003479817420091
29 51 0.7625539849872076
29 52 -0.4192783427582729
29 54 -0.05327454790127373
29 56 -0.6887515575625489
29 57 0.501746885191432
29 58 0.22621365534988414
29 59 -0.13350755417130977
29 60 0.9934485185446993
29 62 0.336743380121582
29 64 0.14805468153263845
29 65 0.12466816845946904
29 66 0.11152840672016895
29 69 -0.02002155658209892
29 72 0.300447705613198
29 74 0.06221968810365852
30 31 -0.3955727642180933
30 33 0.14807973977299582
30 34 -0.09369215103720263
30 35 -0.04545489429405203
30 37 -0.21329293770515223
30 38 0.5429652805712863
30 39 0.039993089308673735
30 40 -0.45591838325965495
30 41 -0.0346795240589195
30 44 0.2890873849413478
30 46 0.4227887052511068
30 47 0.7207344881756939
30 49 0.30956066669919213
30 50 -0.6081579744721699
30 53 0.5233829163647234
30 56 0.8215274243669217
30 58 -0.5532539675800543
30 59 -0.6860707105577644
30 60 -0.16844460951629858
30 62 0.7209844486420314
30 63 -0.18192621589192748
30 65 0.6838184131990597
30 69 -0.5311508685080839
30 70 0.19284845504146775
30 72 -0.5097264725568154
31 32 0.2175983762290452
31 33 -0.5847854480680346
31 35 -0.45618730625645987
31 36 0.8100116601771585
31 38 -0.4166636109103927
31 40 0.8080103461382795
31 41 0.6009653607679777
31 42 -0.6419593357172471
31 43 -0.5251256890598439
31 44 0.5552361566276189
31 46 -0.29473911300342603
31 47 0.5588854741362574
31 48 0.0811461702143661
31 50 0.8811843048132635
31 52 0.28156920577863387
31 54 0.06554727611213584
31 55 0.14200309922849863
31 56 0.626450912371354
31 57 -0.1930435721275392
31 58 -0.4503419739688006
31 61 0.15897639242352013
31 62 0.6673840170975303
31 64 -0.409435835272812
31 66 0.5969269087707627
31 67 -0.8262259300692143
31 69 -0.13320893260768218
31 70 -0.40798067565235474
31 72 0.9011703812128731
32 33 0.859603517456615
32 34 0.09051867493282861
32 35 0.800656560594692
32 37 0.30792595834445513
32 39 0.17755192366456307
32 40 -0.5959567771829832
32 41 -0.19523655646978488
32 42 0.5018786033473299
32 43 0.239968502267776
32 44 -0.4794618507665338
32 45 0.3836559397521442
32 46 -0.25109259323912214
32 47 -0.3506274577260198
32 49 -0.8681676430357188
32 52 -0.7938084149486127
32 53 -0.5832436762112612
32 54 -0.7712860908866657
32 58 -0.1729023906915872
32 59 -0.6424047509855253
32 61 -0.22635414940390897
32 62 -0.05313948735218954
32 63 -0.44623249874974746
32 64 -0.11664284803592118
32 66 -0.0649604828786512
32 67 0.7757592464579057
32 69 0.6373472196080552
32 70 -0.23100321479593267
32 72 0.2634964922690808
32 74 0.09848516589234668
33 34 -0.986422874198776
33 35 -0.9114378529844869
33 36 0.6792588216396387
33 38 -0.5650803840253422
33 39 -0.4178436158934078
33 40 -0.7605361084517481
33 41 0.44868817059966526
33 43 -0.1138618997706955
33 44 -0.945383572228659
33 45 -0.6595696137692426
33 46 0.4131547823365742
33 47 0.8903148509237242
33 48 0.37216446226170063
33 53 -0.9273824591447104
33 54 0.325716396914949
33 56 -0.06472604522387271
33 57 0.39939796335445243
33 58 0.37544406949922826
33 60 0.8017985271332062
33 61 -0.09709999168141259
33 62 0.08482861659957908
33 63 0.7844100117395625
33 64 0.5353088835389432
33 65 0.8267377192316121
33 68 -0.6497096564775153
33 69 -0.10727114256492953
33 70 0.9862804675997996
33 73 -0.8014080179725751
33 74 0.14311447422298706
34 35 -0.2521743962926366
34 36 0.4054885633644758
34 39 -0.5216417559279496
34 40 0.09766204648779064
34 41 0.577224251304072
34 42 0.9346607734385572
34 43 0.708794398614262
34 44 -0.8553119528903717
34 45 0.8874797558511813
34 46 0.04930073441347749
34 47 0.689175459837619
34 48 0.4939341876594603
34 49 -0.1016303612634375
34 50 0.7697668681931358
34 51 0.7745801986352907
34 52 0.044244276093049484
34 53 -0.9008003177241499
34 54 -0.0037912776751962696
34 56 0.37426693778755293
34 57 -0.600178072716891
34 58 0.46426194913626095
34 59 -0.26668216415006585
34 61 -0.09668992594296255
34 62 -0.03426582083035301
34 63 -0.09910003891691987
34 64 0.27419972838044915
34 65 0.5762170630620025
34 66 -0.5036199327750206
34 68 -0.9631535960613127
34 70 -0.04850230448514692
34 71 0.7522070688626752
34 72 -0.7351729351244327
34 74 0.9077436190600296
35 36 0.06034790539900725
35 37 0.9122385272686253
35 38 -0.6420069035427416
35 39 0.41745389899685725
35 40 -0.5555026956482223
35 41 -0.7006614657632548
35 42 -0.252766213451312
35 43 0.2664949208956777
35 44 0.6941573481900782
35 45 0.5543445601757175
35 46 0.8490722486831124
35 47 -0.7289893385588562
35 49 0.7791056867506294
35 50 0.5404030982288839
35 51 -0.2842605999828045
35 55 0.46278444563127263
35 57 -0.3973716041963007
35 58 -0.8466543715239334
35 59 -0.4718592848185106
35 60 0.8365563899212376
35 61 0.522270340215889
35 62 -0.4912148784036361
35 64 0.14969330441633066
35 66 0.413319398168128
35 67 0.592600738204685
35 68 -0.8526313283015177
35 73 0.6873001480781318
35 74 -0.6093956944788688
36 37 0.12689718585053233
36 38 0.8167413791671696
36 39 0.22881838782093356
36 40 0.34332747865945
36 42 -0.4402090486722703
36 43 0.3841038579768332
36 46 0.9449414680510997
36 48 -0.003918956524143091
36 49 0.573354062805461
36 50 0.7022841234732498
36 51 -0.0578602840334026
36 52 -0.05805104908896719
36 53 0.8252599958174891
36 54 0.6203039149375766
36 55 -0.2708826995771252
36 56 0.9844531865680697
36 57 0.6327666197360402
36 58 -0.0850082094637723
36 60 -0.6505430657665581
36 62 -0.6458699476186649
36 63 -0.3563454863766027
36 65 0.45646646404937163
36 66 0.17921735114191173
36 68 0.22838318937720858
36 71 -0.4077661875970675
36 72 0.9519537801204829
36 73 -0.5590949054560337
36 74 -0.6710321296614667
37 38 0.023599225060946916
37 39 0.7978238061120011
37 40 0.012085891821645545
37 41 0.6564420299163649
37 43 -0.58236865338933
37 45 0.6936626234873129
37 46 -0.755936520894487
37 47 0.8299366811841256
37 48 0.4399642358525311
37 49 -0.7888597934611734
37 50 0.6800075894127773
37 54 0.352701086531356
37 55 0.5624759770633951
37 56 0.6951615792951666
37 57 0.13117983574647885
37 58 0.8137122168664888
37 59 0.6187140869597763
37 64 0.38052420137771703
37 65 -0.2819739341977521
37 66 0.08813953676303488
37 67 0.7879797778144471
37 68 0.3445324970719321
37 70 -0.7863188908835219
37 71 0.8709702054748869
37 73 -0.9699177730471431
37 74 0.16639458394755335
38 40 0.20121491062947316
38 43 0.19156553552890832
38 44 -0.24471859957156195
38 45 -0.09634996574395438
38 46 -0.2088657131485283
38 48 -0.7961814861607135
38 50 -0.6743431884066098
38 52 0.06222422917757675
38 54 0.3745834834382469
38 57 -0.3853639367852999
38 58 0.9598617233941111
38 59 -0.3354522219567464
38 60 0.09960122339530253
38 61 0.3367869295625392
38 63 -0.2577217980574791
38 64 -0.5653591921700711
38 65 0.3687178615743951
38 66 0.8972529997383556
38 69 0.21406636064221662
38 70 0.9156376466650746
38 71 -0.5511375175068092
38 73 0.1847442183354937
38 74 0.07837768394514888
39 41 -0.7211993982664198
39 42 0.918995842233252
39 43 -0.9316831787459927
39 46 -0.1080954781872554
39 47 -0.13836628459769806
39 48 -0.046836512230663985
39 49 0.04763482215726644
39 50 0.6945073702860498
39 51 0.07699682027082422
39 52 -0.49542796707853687
39 53 -0.6413529743853474
39 55 0.9839614721542349
39 57 0.8439284602480486
39 58 0.19164052115575658
39 60 -0.11454234779169359
39 61 0.8985616876521711
39 62 0.34715360319240607
39 64 0.9282888401718532
39 65 0.8595429681977271
39 66 0.6109425381910836
39 67 0.3872623574652294
39 69 -0.3533425367242393
39 71 -0.18994082510305055
39 72 0.3691081236304554
39 73 0.37673195991787534
40 41 0.31662432935876317
40 42 -0.5127880271991918
40 43 -0.19378544710352763
40 45 0.9203103532003292
40 47 0.4466293903915166
40 48 -0.5573994546193477
40 50 -0.46813807200781676
40 51 0.7364028975079393
40 52 -0.5700091321711476
40 54 -0.8146206415253681
40 57 0.6814859958503015
40 59 -0.03606008428068619
40 60 0.8117149479051537
40 61 -0.7202926600356414
40 62 0.869873620199193
40 64 0.30173823305305736
40 67 0.9045195962624051
40 68 0.4958186520530554
40 69 0.969298666288344
40 71 -0.058919928330435134
40 74 -0.5154215307069876
41 42 -0.308317718140269
41 44 -0.5964714505306323
41 45 0.7605467130675099
41 46 -0.35252313310503736
41 47 0.1563505457621377
41 48 0.4178974114366991
41 50 0.11260809431291507
41 51 0.424081147415976
41 52 -0.5789627080936115
41 53 0.9453494845367418
41 54 0.6682722682832405
41 55 -0.47723942936589436
41 56 -0.526248840493748
41 60 -0.9467792333616349
41 61 -0.16544360874856823
41 62 0.46847606508582107
41 63 0.646312081107437
41 64 -0.5936290241019813
41 65 0.15440205207101587
41 66 -0.2865365195195899
41 68 -0.17932026876886242
41 70 0.2316914264298846
41 72 0.5311260639283353
41 73 -0.49757156936324765
42 43 -0.8455188983795299
42 47 -0.08955405429380092
42 50 -0.5189885714804479
42 51 -0.984015423138453
42 53 -0.17978300714516204
42 54 0.9030095912726099
42 58 0.11103278740177647
42 59 -0.28172343023105273
42 60 0.3706738060032857
42 61 -0.8248787920512692
42 62 0.8421106216666847
42 64 0.43434510413566074
42 66 -0.5941579965746497
42 68 -0.3083794836500411
42 69 0.8889221226307193
42 71 0.9304894328777407
42 73 -0.3151467154726757
43 44 -0.9464758997915732
43 46 -0.9628330990255907
43 47 -0.5690505366734462
43 48 0.09915398933067365
43 49 0.559692396707181
43 52 -0.14294524525288388
43 54 0.5154199096050094
43 55 -0.8514246554013662
43 56 -0.5606574357848975
43 57 0.16148793916949877
43 58 -0.9054999018954049
43 59 -0.48809414885703095
43 60 0.2503912248616582
43 63 -0.9996350948653139
43 65 -0.5281459938391808
43 66 -0.26051380034786575
43 68 -0.775774030452909
43 69 -0.15851721184138245
43 71 -0.6803183309963008
43 73 -0.6844518238465931
44 46 0.3338579720152204
44 47 -0.9171387393886044
44 50 0.1170554681696907
44 53 -0.14075853338877575
44 54 -0.409164875337658
44 56 -0.8063927301867448
44 57 0.43850707054061533
44 58 0.7455767297477067
44 59 0.3751094732794764
44 60 0.26527433181721305
44 61 -0.7162087873184835
44 62 0.3960982086280924
44 64 -0.5123591606124194
44 65 -0.2348766102178499
44 67 0.2955488827524104
44 68 -0.06004204484008935
44 70 -0.8329874581560901
44 71 -0.021219257056204865
44 73 -0.29176048577363756
44 74 0.3819920110950539
45 48 -0.763661241804354
45 49 0.11866105742397548
45 51 0.1458110832072792
45 53 -0.06516093188218886
45 54 0.19881654092296408
45 55 -0.17369028971790934
45 56 0.8673121248115732
45 57 0.7081711555959764
45 58 0.08480934857870204
45 59 0.23362794465604142
45 60 0.40536335496184317
45 61 -0.5870596984209289
45 62 0.5421251734933785
45 63 -0.8652507787572539
45 64 -0.19479160878757118
45 65 -0.1074569962468157
45 66 0.4734825304759718
45 69 0.415636467489769
45 70 0.8731469708477122
45 71 0.5638736587603261
45 73 0.015699043999480855
45 74 0.9071858025999293
46 47 0.41837535449085284
46 48 0.9517257084728354
46 49 0.5402970015476518
46 50 0.5963979777712134
46 52 -0.9067646617419478
46 53 0.5822374428583816
46 54 -0.18610332475969438
46 55 0.925136803901754
46 56 -0.4997974652394708
46 57 -0.1531915607118277
46 59 -0.40114564406997255
46 60 -0.2788166178380411
46 61 -0.4451307029101208
46 63 0.7055561715900383
46 64 0.4522264009860326
46 65 -0.5887571502765228
46 68 0.41374855682355904
46 69 -0.6468958331510428
46 70 -0.48906636916846025
46 72 0.8987735788229774
46 73 -0.16410683332233278
46 74 -0.7563602571942012
47 50 -0.3555782190582193
47 51 -0.12034997178381146
47 52 -0.06419220866596187
47 53 -0.3044902380221186
47 54 -0.37695522723421737
47 55 -0.754463359692293
47 57 0.47838023536766117
47 58 -0.20322339402181466
47 59 0.5865011349555387
47 61 0.32279437171136505
47 62 0.18005387044617205
47 63 -0.5361805467903273
47 64 0.10296723262738006
47 65 -0.9563862817065774
47 66 0.47627882769582275
47 68 0.3644061807599448
47 69 0.5963997328954138
47 70 0.6545020455785522
47 72 0.3746048709261054
47 73 -0.8347064367482215
47 74 0.5724078590482815
48 49 0.6307438365383486
48 50 0.5234661303307184
48 51 -0.0092496418792547
48 52 0.834452208334564
48 53 -0.001054371488056205
48 54 -0.20615408503081145
48 55 0.7362582626517378
48 56 -0.47841741688412953
48 59 0.4470739121856042
48 62 -0.49263626205001687
48 63 0.2813187609160701
48 64 -0.8737523838530314
48 65 0.18263819447896257
48 66 0.4817705275980486
48 68 0.9268254025427454
48 69 -0.703773059843793
48 71 0.2890242328539103
48 72 0.15867010889640598
48 73 0.6725086372013502
48 74 -0.31864560873156944
49 50 0.7709470806901118
49 51 0.5689993083591638
49 53 -0.06489453940958811
49 54 0.38415490490919013
49 55 0.6652066474969591
49 56 0.8374970111891855
49 57 -0.0675271474683119
49 59 0.7021659576732693
49 60 0.45228125256582463
49 61 0.14200119138397138
49 62 -0.7379242384429929
49 63 -0.7314002001559188
49 65 -0.6669829360632835
49 66 0.036953727144814374
49 67 -0.7215962491776333
49 68 0.46775803262977145
49 69 0.30719497512656746
49 70 -0.03733082123718723
49 71 -0.7902498382237884
49 72 -0.5580887605354192
49 73 0.4193164018236517
49 74 0.9272265566993161
50 51 0.5758307829163898
50 53 0.505325816051508
50 57 0.5596163065608042
50 58 0.35319116564158937
50 60 -0.15164238645592598
50 61 -0.22690686165099905
50 62 0.34954514802404235
50 63 0.6314758271553316
50 64 -0.6572462298978636
50 65 -0.5934733465444149
50 67 -0.5154992643676461
50 68 0.8751777078062501
50 69 -0.15912989663965238
50 70 0.45699127840937437
50 71 0.695005551408066
50 72 -0.24460384443719962
50 73 0.37195793850017944
50 74 0.8431061544040592
51 53 -0.36396073887319313
51 54 -0.705883874566926
51 55 0.748445487213449
51 56 -0.18767186513937228
51 57 -0.2370965683773203
51 59 0.8119034857495457
51 60 0.652961991484232
51 62 -0.6623304082797525
51 64 0.5940824916837208
51 68 0.6809869996039195
51 70 -0.9819161138891956
51 71 0.5764645806438562
51 72 -0.6531567582693456
51 73 -0.6148418374729807
52 53 0.8238709409413993
52 54 0.3242768441675268
52 55 -0.20804800958725989
52 56 -0.8819752786757669
52 57 0.7271792645421338
52 58 0.021294412716202915
52 59 -0.11563602300281506
52 60 0.7600777613717664
52 61 0.8900698301736536
52 62 0.30916015667784524
52 63 0.9136987712188758
52 64 -0.3857697302556933
52 66 0.4158267843785899
52 67 0.8879500245275243
52 68 -0.4591390856165738
52 69 0.004625059214189431
52 70 0.48652231099728827
52 71 -0.8076846101282811
52 74 -0.04158199751023117
53 55 0.2689965060783137
53 56 0.8266156602683143
53 57 0.04878795603791408
53 58 -0.4590231131584015
53 59 -0.8664804426106953
53 61 0.2614606440088878
53 65 -0.32074478261245165
53 66 -0.8444477463116136
53 67 0.8883357870090085
53 68 0.6345637494295626
53 69 0.1182047123033183
53 70 0.7570916159278167
53 72 -0.20366983517688175
53 73 0.627645535596395
54 55 -0.8668775724046949
54 56 -0.8352671196663377
54 57 -0.4157495410132146
54 60 -0.8240345226190404
54 61 0.8015565178518882
54 65 -0.8189574974579314
54 66 -0.6338817913432875
54 68 0.6978096830926055
54 69 0.653274609145484
54 71 -0.0795381053341786
54 72 0.13438131670679598
54 74 0.6464868931603016
55 56 -0.4635398482172326
55 57 0.09764032669253497
55 59 0.9723461805138998
55 60 0.45701799576205704
55 61 0.7691613822382422
55 62 0.9097408043261779
55 63 0.008374151443619748
55 66 -0.6226663447832839
55 67 0.9646316040187688
55 68 0.1593418830390947
55 69 -0.681261055918913
55 72 0.1597152964499422
55 73 0.21857514536703104
56 57 0.6428131313961032
56 59 0.10006017526735489
56 60 -0.7837957200744461
56 61 -0.5387216418551448
56 62 0.519492549302381
56 63 0.6242748686267261
56 64 0.5544248354605879
56 65 0.6227230755161837
56 67 -0.38509576659959577
56 69 -0.6118128360555071
56 70 -0.010433825055161439
56 71 -0.5364174028154203
56 72 -0.2445126848303072
56 73 0.12127476542577909
56 74 -0.16441842644110283
57 58 0.5041976956283465
57 59 -0.5810797653082735
57 61 -0.6502158852879456
57 62 -0.19621632377502896
57 63 -0.4155063974076958
57 64 0.5071794580926652
57 65 0.9720490462575588
57 66 -0.20355326308598265
57 67 -0.07158770023650529
57 68 -0.5480019891526502
57 70 -0.4350294401909496
57 72 -0.5852432402761265
57 73 -0.7306851251871469
58 59 0.8802568116643608
58 60 0.36337000453412815
58 61 0.18673619680582476
58 64 -0.34948702435656465
58 65 0.05174418186889462
58 66 -0.9946813653282354
58 68 -0.6277368103113803
58 69 -0.1198530867924743
58 71 0.421599034786142
58 72 0.3265751263269534
58 73 0.16993164456954601
58 74 0.32397748190400466
59 60 -0.4983486363984808
59 63 0.27504819549598913
59 67 -0.40923790371491564
59 68 -0.08744830920899038
59 69 0.5587314735561975
59 70 0.8498294856723863
59 71 0.0940636552422327
59 72 0.6031973510931419
59 74 -0.8648330757859028
60 62 -0.07360261825098124
60 63 0.8508028411242481
60 65 0.19717467782204157
60 66 0.26006086026753183
60 67 -0.36185821307179133
60 71 -0.44665663318766224
60 72 0.9804201442916125
60 73 -0.1445290383845501
61 65 -0.7096973020642983
61 67 -0.35624311021025945
61 69 -0.3139075891656786
61 70 -0.10275140974131802
61 71 0.11777049570348486
61 72 -0.35926832863985725
61 73 0.6184463914704683
61 74 -0.42396629312245215
62 64 0.5073969890263292
62 65 -0.41577715459596676
62 66 0.07704348162420227
62 67 0.9402316904843593
62 69 -0.722814843221073
62 70 0.3723870542183094
62 72 -0.5537715260687435
62 74 0.5176546196148661
63 64 -0.24041895399866564
63 65 0.04109263375988381
63 66 0.4587262931382605
63 67 0.4742959124736601
63 70 -0.9221431401972573
63 72 0.20874198610312433
63 74 0.4983450016651787
64 65 0.32389766941151876
64 66 0.5462864699038192
64 68 0.7640960195002255
64 69 0.30544752895621063
64 70 0.6188241513689599
64 71 0.20988222482779206
64 72 0.29240533743325536
64 73 -0.8074084090751696
64 74 -0.138008375375001
65 69 -0.3312130064716894
65 70 -0.4808263590787405
65 71 -0.8743542812163578
65 72 -0.047355593344934555
65 73 -0.18002404455710908
65 74 -0.8051426704872604
66 68 -0.4625187517204552
66 70 -0.2676376636138893
66 71 -0.3357680093974815
66 72 0.08399583190164073
66 74 0.2250978171183402
67 68 0.7168653577520026
67 69 0.8245963633632925
67 71 -0.9595308752675138
67 72 -0.17916195779130772
67 73 -0.9374067777957347
67 74 0.03866520708430099
68 69 -0.5961458624280314
68 70 0.9624678537573099
68 71 0.21810051919508644
68 73 -0.9826382584042122
69 70 -0.39201224609824625
69 73 -0.7422491562201814
69 74 0.09000329721149547
70 71 0.9817404395488474
70 72 -0.9912234527363413
70 73 0.5695543419013536
70 74 -0.33669977589213684
71 72 0.6673082967383561
71 74 0.4597803523310171
72 73 -0.13260907823866397
72 74 0.3438555758659543
