75 564
0 -0.5223345784762963
1 0.28911827942064816
2 -0.4650539438963679
3 -0.09450969478586302
4 0.03572802019532961
5 0.1604379260788955
6 -0.7451192347648183
7 -0.4961060274162925
8 -0.7293186269166554
9 -0.17625275071566748
10 0.3891950857341877
11 -0.9859249437235318
12 0.08312838536420664
13 -0.8648631561690792
14 -0.15957307739861082
15 0.7821198282589874
16 -0.12595728323860067
17 -0.06096177926721125
18 0.6557729381903308
19 0.8269434146808492
20 -0.523441231734511
21 -0.6830721919100484
22 -0.7385436479488223
23 -0.6356990962230618
24 0.2064366406715732
25 -0.8808835946448756
26 -0.5809419975493253
27 -0.7140900217361237
28 0.6799389172139145
29 0.04595158210314132
30 -0.9513697900193143
31 -0.6473781465981145
32 0.8880323700443133
33 0.5356151855046154
34 0.29699529517997414
35 0.7779035624668218
36 0.5306261057157653
37 -0.562114961056883
38 0.7313520567238452
39 -0.6466129074583475
40 0.7844224979780028
41 -0.1330021405254358
42 0.9729828853431217
43 0.438381673477638
44 -0.29912266988981906
45 0.8599408257179935
46 -0.3438252707681826
47 -0.41876391103139476
48 0.49061942509113976
49 -0.14344637163110718
50 0.9492621076704242
51 0.06790487655713617
52 -0.24527706472801025
53 0.5292518841129279
54 0.5319547674625908
55 -0.303867724331512
56 -0.1442181624338441
57 -0.2818662272881962
58 0.5380768472360016
59 0.5581700419660218
60 0.2610428344929785
61 -0.9844923193540287
62 0.6216347087921605
63 -0.17347302059960956
64 -0.1513074924264206
65 -0.3144632833384291
66 -0.3142398755990248
67 0.7766094690811156
68 0.49926828854141525
69 -0.7914725603523387
70 0.9245495677694489
71 0.04515212730106999
72 0.19118720558949676
73 0.5558789676940095
74 -0.07103681288352393
0 5 0.9374427230708235
0 7 0.18604408036211928
0 14 -0.5808481711923226
0 17 0.7642779158227133
0 26 -0.3713601156002724
0 36 -0.288654373330246
0 43 -0.16303977086701948
0 50 0.7522672636238525
0 58 0.6172946693571975
0 59 0.41354941781795884
0 61 -0.699888325090545
1 3 -0.6376144330656508
1 15 0.6283116496536201
1 22 -0.6907627589434562
1 33 0.05196810579069777
1 38 -0.9567229330477283
1 43 -0.7841509501056254
1 46 0.7788596470378317
1 49 0.7444535194986643
1 62 -0.5102156004398652
1 67 0.6685645088224423
1 73 0.6127335205657485
1 74 0.36401553394534303
2 11 -0.6848865087427918
2 13 -0.5740121834818883
2 14 -0.10621319503689208
2 17 0.33700498925384315
2 21 0.8744187759688391
2 24 -0.02088807159105377
2 25 -0.6722815933351118
2 28 -0.36156613300931273
2 37 -0.4880471563686539
2 41 0.7897782099156379
2 47 -0.27890758579486685
2 49 -0.0724451292146906
2 55 -0.4980735969573653
2 68 -0.3945104146210696
2 73 -0.32703935830607755
2 74 0.2918071175029666
3 5 -0.6676037212916297
3 16 0.18545981666523015
3 18 -0.4494220554819546
3 30 -0.831788015225585
3 32 0.1985886945937727
3 39 0.5613727583236354
3 50 -0.46459180842696135
3 52 0.7190838253864087
3 54 -0.09051614506359407
3 56 0.4594874393489896
3 65 -0.13544319608749755
3 68 0.8149677339917063
3 69 -0.6890567016368796
4 5 -0.5853044854087397
4 7 -0.7629095898210039
4 8 -0.19889878373794656
4 24 -0.006572204482592214
4 25 -0.35937032308847106
4 31 -0.13758866423897942
4 33 0.6885063485158449
4 37 0.09469970119190241
4 39 -0.15561683099565693
4 48 -0.6530068784311174
4 50 0.36628173244757223
4 53 -0.5058317519003821
4 58 0.5801671267021866
4 59 0.8213183033471647
4 62 -0.5519270665203404
4 63 0.42211336799967847
4 67 0.09893991018871984
5 32 -0.8664341182517301
5 33 -0.34140763277665265
5 35 0.8074228583711371
5 45 0.8119716715875058
5 49 -0.85525183103911
5 51 -0.4493862991940025
5 55 -0.7136811152059008
5 57 0.6716188667886362
5 59 0.4072728607842402
5 61 0.8293525573460228
6 8 -0.04219098859521919
6 9 -0.6106599149153327
6 20 -0.3291194996257032
6 21 0.12977287088108014
6 22 0.7980290811278392
6 24 -0.27466378729038543
6 26 -0.19547575572857734
6 27 -0.6567811723863111
6 37 -0.9697393361489501
6 38 0.5788745839195182
6 39 0.4164815655363363
6 46 0.3021887805780177
6 49 -0.8893494438943808
6 51 0.44073505099476873
6 56 0.8477031911150215
6 72 -0.46158197608430207
6 73 -0.5263162248560755
7 10 0.29895347301131947
7 15 -0.16191770276206463
7 18 0.7908642655825664
7 23 -0.8817257533499976
7 29 -0.3908395845933934
7 35 -0.8232208197540261
7 40 -0.7251119595675464
7 53 0.823985754497359
7 57 -0.5814488563671139
7 61 -0.08300401918993039
7 66 0.40396082137253386
7 70 0.3300065782806203
7 71 0.2919594445261615
7 73 0.7578161402794632
8 12 0.7604962982772989
8 15 0.8254086710575248
8 27 -0.7565849723865667
8 32 0.17617929535995547
8 39 0.023136630068430364
8 41 0.7370521262536034
8 42 -0.7730615561164484
8 45 0.9925343159672975
8 48 -0.27293816102845514
8 52 -0.8602389137171653
8 60 -0.9893611911391684
8 72 -0.6265115039200673
9 10 0.8123946260574371
9 12 0.15325210368955244
9 15 0.20070201609973948
9 18 0.3816498270934634
9 24 0.19501352255328475
9 25 -0.1933851174592376
9 26 -0.5204937536802634
9 39 0.34559079684662164
9 42 -0.3793772032742966
9 46 -0.8389101870508049
9 48 0.5368117075832213
9 57 -0.1754960822502296
9 62 -0.953164993220528
9 66 -0.5845021040110392
9 74 -0.8177995587298383
10 11 0.6341626462803014
10 13 0.5606595938279775
10 14 -0.19855350369287184
10 22 -0.13757962689627945
10 44 0.8292509644798038
10 60 -0.45475599041391135
10 65 0.6430594301754344
11 15 0.711235506712895
11 17 -0.6448096660141753
11 18 -0.16061005327667477
11 19 0.34971871196964965
11 21 0.9138555569888547
11 22 -0.7166805369333891
11 26 -0.49461414657442204
11 33 -0.2433017951380696
11 36 -0.8733647154381508
11 38 0.31093914574737647
11 48 -0.7756076519177868
11 55 0.969537215216324
11 62 0.250535405393693
11 69 0.4371062609885077
11 72 -0.31751587098769485
12 13 0.8541018827243425
12 17 -0.15843939960388287
12 25 -0.9149990459278288
12 32 -0.27375586978359534
12 34 -0.5253628415539442
12 37 -0.8773115066133752
12 40 -0.9422248335388572
12 56 0.3295747943588101
12 57 0.6024054085729413
12 62 -0.6521692357034714
12 64 0.7804184187855989
12 66 -0.8125197540221054
12 67 -0.10850859088930798
12 69 0.42623718672194877
12 70 0.4180311446427667
13 23 -0.5573668193568473
13 24 -0.05896097066961237
13 30 -0.42066725027287744
13 32 0.33829561392718377
13 34 0.4197792390866235
13 36 0.11747404218507662
13 38 0.46259071290008147
13 49 -0.17411614475493864
13 51 -0.3458018838442465
13 58 0.3660433641191869
13 61 0.5473402320985279
13 62 -0.10043219163998751
13 72 0.45203849384803063
14 16 -0.558018863364607
14 25 -0.37566827617989484
14 26 0.7155606540953923
14 31 0.9830682556538104
14 32 0.3189614558772633
14 33 -0.255935911293391
14 34 -0.03555502709340108
14 36 -0.8128838860294099
14 43 -0.12983810225777326
14 44 0.36711517954839445
14 46 0.48249668734109585
14 62 0.5339948608338394
14 70 -0.24237430104782653
15 17 -0.1474320314899551
15 19 0.4026348837282041
15 22 -0.5648525195456378
15 38 -0.9442783888859088
15 42 -0.1971772257160569
15 59 0.5578004701025887
15 63 -0.36021122348296863
15 68 -0.7904822953750725
16 22 0.5424749563032794
16 24 -0.8083402185248998
16 29 0.03483253057531499
16 30 -0.5208149688336445
16 31 -0.3130128166263937
16 40 -0.7080918158743181
16 47 -0.3925693206581584
16 51 -0.09197400545394951
16 55 0.4519514976921588
16 59 0.8378699982159148
16 72 -0.7972511578724208
16 74 0.25396864722377743
17 18 -0.24477254108620983
17 21 0.9631528767094562
17 30 -0.4440595098916549
17 36 0.23524829590654894
17 43 0.3186626038823075
17 54 0.48630843372971744
17 62 -0.23822645593542857
17 67 0.6796585776834163
17 74 0.17561545592519678
18 19 -0.8870196407563695
18 23 0.5290372276134581
18 25 0.1257874933041705
18 26 -0.12605017927354778
18 27 -0.5612721363816915
18 32 -0.3665571727230843
18 34 0.4702638523995675
18 40 -0.41146156415106927
18 45 0.10390893881087027
18 52 0.31778877981744613
18 66 0.6335774848339006
18 67 0.8418929075575814
19 26 -0.8818679007604735
19 32 0.29365037539900696
19 33 0.3415652547004491
19 40 -0.09763626977945328
19 41 -0.018233013938167453
19 43 -0.20044426052298636
19 57 0.9735505552814505
19 62 0.8924847646526004
19 65 -0.409484046882002
20 29 0.13667362485916001
20 43 -0.12867748592540407
20 47 -0.8221843621311777
20 48 0.4625927613027434
20 50 -0.11568127449577581
20 55 0.3458966818742626
20 56 0.4330002352664062
20 57 0.20202176717034748
20 58 0.6970929661745875
20 61 -0.7487676119312605
20 66 0.05203533802479621
20 68 -0.298510996859612
21 22 -0.15543191186249739
21 24 0.8302891724564543
21 31 0.38080428230405605
21 33 0.45638938404211027
21 38 -0.15510560501562032
21 42 0.5763679173956129
21 45 0.25016837216002563
21 47 0.16847228753113952
21 49 0.36261035219168924
21 50 0.47868954590583024
21 54 -0.14109702256212753
21 56 0.1856930346620973
21 65 -0.6476575050333622
22 24 0.08545224989721811
22 31 -0.10903297630795494
22 35 0.33978167493242184
22 37 0.9965150245115657
22 38 0.09571086389084216
22 41 -0.5767905280516579
22 44 -0.32362109218896085
22 47 0.33209105086046575
22 51 -0.9988342640887058
22 60 0.8702661266785912
22 61 -0.45407288743453167
22 67 0.8973109061293747
22 70 -0.9808294935336763
23 25 -0.225300612794604
23 30 -0.7382373512852012
23 35 0.8509921986411191
23 37 -0.03895904371948444
23 38 0.7675271674087818
23 42 0.2347022341072944
23 52 -0.03140449886579266
23 53 -0.5672230213608846
23 54 -0.22414544112431356
23 63 -0.2930024344480737
24 29 0.24984209991377626
24 30 -0.7874130626671485
24 42 -0.3166028539103707
24 52 0.03546711357971133
24 55 -0.21019132507258753
24 61 0.0014104771115674986
24 62 0.9284866935261855
24 64 0.9207191178619425
24 66 -0.5449883656137813
24 69 -0.5178374072428868
25 32 -0.9968223773781342
25 34 0.0700634044458579
25 35 0.718010060947935
25 37 -0.42872979691809143
25 44 -0.29571447548801233
25 46 0.6747254484170315
25 66 0.7863627755499567
25 68 0.6106165363520242
26 27 -0.3247432434806854
26 34 -0.10518641872119194
26 38 -0.9729337094339201
26 39 0.4791862607693629
26 43 -0.19711199026777426
26 50 -0.9433245483510266
26 54 -0.9833244778128587
26 57 -0.15861123456914128
26 58 -0.3447017714498164
26 59 -0.9987897036185469
26 72 0.38656057684214384
26 74 0.2621770216349555
27 31 -0.7160623439250751
27 34 0.9974353462183176
27 37 0.7172981740701836
27 41 0.9701645817160642
27 43 0.060660265750761555
27 50 0.1316532732264728
27 59 0.2211024863168738
27 66 -0.6542930160520377
27 70 -0.8839477679974057
28 48 0.5118093058578008
28 61 -0.046177088355968454
28 62 -0.636192608917389
28 65 -0.48558481339647597
28 66 0.4940562771952983
28 70 -0.1318609425490278
29 30 0.9897265101719879
29 34 0.4649037007219785
29 38 -0.7186192953791013
29 41 0.24351673478265168
29 45 -0.6717421059289215
29 54 -0.463032353446176
29 67 0.6296599874984701
29 69 0.43913521523680066
30 33 0.07127808604841546
30 36 -0.677326328806878
30 37 0.8508465226173996
30 38 0.020587716349371288
30 40 -0.40013164711342575
30 41 0.9503406198808995
30 43 -0.2110044419221626
30 48 -0.2734707885708265
30 51 -0.07716154498852301
30 52 0.423738537247796
30 56 0.33714500011087556
30 65 0.756828041831326
30 73 -0.3543765641166783
30 74 -0.9594024883470456
31 33 0.0539221791967639
31 37 -0.15701395151694109
31 48 -0.6493016352338226
31 54 0.7835669524019826
31 55 -0.6806912876771753
31 59 -0.22999295943872955
31 67 0.8147735189485652
31 69 0.22704836327516387
32 34 -0.7282176031682714
32 37 -0.04152312959743498
32 40 0.5999395876829186
32 41 -0.9788319935341541
32 46 -0.09613644918354902
32 49 0.0016507437526465107
32 52 0.056492271705352426
32 58 -0.8689648930143434
32 65 0.9814275845385714
32 73 0.9756216977942338
32 74 0.8839022799348368
33 36 -0.7019440923713565
33 38 0.6405418185431315
33 39 -0.9916469906571599
33 42 0.2383641260741951
33 43 -0.1585211763484502
33 47 -0.44719933545664614
33 59 0.23090774045944085
33 63 0.8555850059109542
33 73 0.6135141034747436
34 37 0.7538110231666932
35 42 -0.6420632086296305
35 43 0.0960103447437819
35 45 0.09125300926482538
35 46 -0.09931826295786039
35 50 0.8117543631930695
35 55 0.2758544037607584
35 56 0.35746564763466937
35 60 -0.7707017135577685
35 64 -0.7712310322624634
35 69 0.5200270891022007
35 74 -0.8709105685939391
36 37 0.2169850732586236
36 38 -0.22337442751106718
36 39 0.22119099975255407
36 43 -0.26805368122964923
36 49 -0.49761032211505274
36 54 -0.2873442329746294
36 55 0.32386051292359075
36 61 0.01125024137327335
36 65 0.38276544542507884
36 66 -0.7488460544516342
37 45 -0.5119803397914355
37 55 -0.4771808269703284
37 71 0.8901673712336686
38 41 -0.8575223392593054
38 42 -0.3025515675004613
38 50 0.7992896891360088
38 56 0.859875604994224
38 60 -0.5820456979132211
38 65 -0.06382981830998657
38 68 -0.454799143503239
39 43 0.9646039605603116
39 44 0.482936237916201
39 45 -0.09509318141424794
39 49 -0.8108867471295782
39 50 0.9909525948672813
39 51 -0.8474937602936459
39 61 -0.15763793989746544
39 66 0.7938470092292254
39 67 -0.9877520017795665
39 68 0.5205178184109516
39 71 -0.5255966376208907
39 74 0.710967475539612
40 42 -0.590460045667786
40 43 0.11975021964382004
40 45 0.962171579060888
40 46 0.6733048053745541
40 47 0.4877038502666602
40 55 -0.4159613894698375
40 57 -0.41552747691997705
40 61 -0.7896912062426971
40 69 -0.4372518972995323
40 70 -0.19022665871346423
40 74 -0.6182500248837406
41 43 0.8565947088543038
41 51 0.39376114919072114
41 56 -0.03879093080035889
41 60 0.5403443017761786
41 67 -0.9468265328822947
41 68 -0.1994798004151488
41 71 0.7766829375177777
42 55 0.9439811719785407
42 65 0.7060329472879676
42 68 -0.8291010339980767
43 54 0.44322254952569096
43 55 0.39038052163380743
43 62 -0.9618964703096549
43 73 -0.6935358507799003
44 52 0.12231971662152485
44 53 -0.4796938382765439
44 60 -0.42570501665599103
44 63 0.8006051610552847
44 64 -0.9459104702095162
44 72 0.9438673121043333
45 47 -0.6998163946655258
45 49 0.06596029046974539
45 51 0.5234826063747346
45 56 0.6427274449552687
46 53 -0.7082023520169607
46 65 0.3423571435852617
46 67 -0.014458296545454052
46 71 -0.3360727641239214
47 52 0.7308475686888238
47 58 0.6333085045841791
47 60 0.3918812184648046
47 65 -0.7774151737293964
47 71 0.8548229897321162
47 72 -0.8731409515061106
47 73 0.9386539214019249
48 49 -0.7545350303611131
48 54 -0.3726620341265532
48 56 -0.34102815814270904
48 57 0.3477200544826815
48 62 0.564480821506746
48 63 -0.6489728762684603
48 65 0.7954639372725807
48 66 0.44266729811076866
48 69 -0.7031894040043303
48 73 0.4996702586055848
49 54 0.8445886000901897
49 55 -0.7489561705080527
49 64 0.8624701211461305
50 61 -0.6247797439241782
50 63 0.979282155974748
50 66 -0.4511065340220939
50 69 0.2751634128783671
50 72 -0.7055479833500433
50 73 -0.528948600977174
51 64 -0.2750144470976268
51 68 0.3325349262945534
51 70 0.9154030478477717
52 66 0.04268681806521046
52 73 0.5304869332474775
53 55 -0.07585617079777629
53 57 0.8755475813657145
53 59 0.9873455148883503
53 65 -0.41955499981307787
53 66 -0.7124843093811875
53 67 -0.3573429789939553
53 70 -0.5944705660965903
54 57 -0.9471593609101769
54 64 0.3862402972439227
54 72 0.2967867739889536
54 74 -0.3675220588018189
55 58 0.1335072908976389
55 60 0.06153987651980897
55 62 0.8521662517515625
55 67 0.9592773216973043
55 68 -0.21127010020917059
55 74 -0.5273611883642606
56 61 -0.8185068744484203
56 65 -0.5067533794572876
56 68 0.750348899583503
57 60 -0.4554788588110177
57 62 -0.9289153350956862
57 64 0.009741809128989587
57 69 0.6259596072943563
57 71 -0.9471364244149338
57 72 0.8668560238410725
58 61 0.45880225697801036
58 63 0.9682012541054172
58 71 -0.1301767791892776
58 73 -0.5277240349135863
58 74 0.4748707889541455
59 65 -0.00810120136486736
59 68 -0.6609641494634684
59 69 0.942265630142221
59 72 0.7631700431932837
60 70 -0.9407007884200234
60 73 -0.4437120132194945
61 63 -0.26116272902232196
61 64 -0.8824592951799155
61 68 -0.2100422119505707
61 71 -0.7269505836262637
61 72 -0.4493802022258617
62 64 -0.39566860245146596
62 66 -0.8722783945353303
62 67 -0.30944070069226925
62 72 0.783596755433688
63 64 -0.7869728980470256
63 68 -0.07625901198757057
63 71 -0.09167348686336463
64 74 -0.860752028831844
65 69 0.3454411871708609
65 71 -0.7401172044734565
67 68 -0.23567704238819398
68 69 0.23453136650729656
69 70 -0.9986779469038334
70 71 -0.9772509818191508
73 74 0.8874598745926705
