75 1811
0 0.743933170169135
1 -0.771248027725512
2 -0.8621141531416401
3 -0.7591676051950826
4 0.030672201732231175
5 -0.8919572138684717
6 0.12024132181469493
7 -0.04034298308119699
8 0.26266910295429446
9 0.07248302412570573
10 -0.19236541927421746
11 -0.15820272776773292
12 0.269421833064563
13 0.54793864778898
14 0.960053170317593
15 -0.5670535866007731
16 -0.9905563726267794
17 0.05392231789218793
18 0.2654694563088782
19 -0.49770196735108896
20 -0.7908789580467486
21 -0.6658597111594513
22 -0.12873524094143285
23 0.27963271120364186
24 -0.2543253461722046
25 -0.15466550011353242
26 0.7679237652176027
27 -0.34905538619274723
28 -0.7681577056860411
29 -0.30607645385923576
30 -0.7694489467509837
31 0.014198893663597278
32 0.35271510548168084
33 0.5513224979046341
34 -0.3101505275489329
35 -0.8183361019742887
36 -0.05634745900705629
37 -0.7643349097450161
38 -0.2922000524053501
39 -0.22398869562029122
40 0.2881349602005887
41 -0.34543555449471186
42 -0.42026976797316173
43 0.9599891132296501
44 -0.7645765038861811
45 -0.622547691527934
46 0.91443841692638
47 0.8965019902758289
48 0.704103270478877
49 0.9609121457877985
50 -0.08013789366561475
51 -0.7901013638303003
52 0.37014303075405186
53 0.08161745438743506
54 0.7752747165324032
55 -0.2770626185507896
56 0.9968856978314597
57 -0.2391080550187208
58 0.9894203413580995
59 0.7519177848021994
60 0.46358180787427483
61 0.9023847206053994
62 0.6100442469119896
63 0.2791738129170305
64 -0.9942589062537068
65 -0.5125698864560755
66 0.5276330430215284
67 0.683816628729202
68 -0.09258194090341365
69 -0.8606453655365591
70 0.583720104053318
71 -0.3842635045230596
72 -0.6347453696664498
73 -0.28529813907080337
74 -0.46903653306236426
0 1 0.5427373116665302
0 2 0.2789439811574539
0 3 -0.7984584376991364
0 5 0.45734121908671677
0 8 -0.45132492372256094
0 9 0.8097464331268662
0 11 0.6528816699294826
0 14 -0.17837424205810892
0 16 0.877496361435216
0 17 0.18635664712055888
0 19 0.653779115517813
0 22 0.7457051979133846
0 23 0.11982862673253214
0 24 0.6041450367487937
0 26 -0.8751588820556484
0 28 0.7359793458413477
0 29 -0.49075069987712205
0 30 0.156237770425393
0 34 0.04606986375508604
0 35 0.6433362198887658
0 38 0.8848089821821312
0 39 0.43626631763352486
0 40 -0.7647341012963969
0 41 0.8752923715857555
0 42 0.34224700741598757
0 43 0.9325849327256581
0 44 0.7700165897138636
0 45 -0.6467799143218567
0 47 0.6481922390179116
0 48 0.2255442924977964
0 49 0.45735808257307364
0 50 0.9526389487609097
0 51 -0.4176803653187946
0 53 0.5837813352091428
0 54 -0.161449434109584
0 55 -0.35248109538833416
0 58 -0.16291024126453002
0 59 -0.6714856995640253
0 61 0.09737756072704129
0 64 0.3559583529616439
0 65 0.3940876754986353
0 66 -0.8456372669540622
0 67 -0.29671315209051374
0 68 -0.8591221846268229
0 69 0.8945710684105563
0 70 0.0021802587255566053
0 71 -0.7121467901943848
0 72 0.3676441499334746
0 74 -0.9570118999068089
1 2 0.30685873457362334
1 3 0.707146445180588
1 4 -0.67243305795303
1 5 -0.6162876285530419
1 6 0.5086296479891685
1 7 -0.936830641120385
1 9 0.9024805759975394
1 10 0.42554284282436083
1 11 0.5662136526418291
1 12 -0.5291523465442047
1 15 0.17907690575319846
1 16 0.2943071279473717
1 17 0.701163120382909
1 18 -0.04814734251833097
1 19 -0.8125796039138025
1 21 -0.535626415660118
1 22 0.8607559427733662
1 24 0.13403463047837794
1 25 -0.02600399590741964
1 26 -0.6401341039366222
1 27 -0.21505145312405682
1 29 0.9447617343978478
1 30 0.6583684773412326
1 31 0.9209145632481408
1 33 0.3739013819050643
1 34 -0.3976088808224345
1 35 -0.8958265518852602
1 36 -0.6127848022836393
1 40 -0.25266216185676593
1 41 -0.5702290723539898
1 42 0.2549226704327212
1 43 0.1637425508897048
1 45 0.680460778063382
1 46 -0.9745868520234027
1 47 -0.7225580042131763
1 48 0.29206796557100123
1 49 0.34729473217902496
1 50 0.8967372646142484
1 51 0.9583734834430764
1 52 -0.3284011297729956
1 54 0.2468078487290768
1 56 0.9754861834282631
1 60 -0.4084118308465059
1 64 -0.01112498752591451
1 66 0.7506008827866231
1 69 -0.9436626120970117
1 70 0.4684473626995287
1 72 -0.6251577015962115
1 73 0.3310077694717952
2 4 -0.013637790449989362
2 5 -0.4673054276628723
2 8 0.7730690678200374
2 9 -0.21637242288052594
2 11 -0.43546023007137746
2 14 0.6578503600758203
2 15 -0.8554775974108162
2 16 0.02563990425335083
2 19 -0.4968384428490842
2 21 0.5524072684813874
2 22 -0.29152384444629154
2 23 0.7488094004942776
2 26 -0.9904230998700114
2 27 0.9207525503010539
2 29 0.46211807030438523
2 30 0.3028192548879671
2 31 0.7619509476684947
2 34 0.6155239782753041
2 35 -0.9406232141338919
2 37 -0.09207822547722766
2 38 0.15790718551322303
2 39 0.0671121939757715
2 40 0.8769116006121291
2 41 -0.5335545612361077
2 42 0.8982720961406729
2 46 -0.8386262294637088
2 47 0.3807687099429773
2 50 -0.26597776788852534
2 52 -0.05243125431415718
2 53 -0.4347689146879514
2 55 -0.4264100677421916
2 56 -0.572446563021783
2 60 0.8361188415127845
2 61 0.5989628953973878
2 62 0.6545368473036397
2 63 0.8397630043556301
2 64 -0.01567605100247138
2 65 -0.6786377606087286
2 66 0.7893643148977849
2 67 -0.039645356064609505
2 69 -0.6132525927631163
2 70 0.3870554978727798
2 73 -0.2850650366772307
2 74 0.8306934302472657
3 4 0.8661091717036573
3 6 -0.5177697421775647
3 7 -0.5545189058109443
3 8 0.2986313408277248
3 9 -0.43161283899602365
3 10 0.5847240302391419
3 11 -0.6957099991310915
3 12 -0.8678168176453307
3 13 0.8290860517726242
3 15 -0.6735411017114243
3 16 -0.11993069374683896
3 19 -0.9874527333968943
3 20 0.007374679489661418
3 21 0.07747176193643623
3 22 0.31554255212878624
3 23 -0.6364568831679807
3 24 0.4108346684230506
3 25 0.950542982861422
3 26 -0.1430755004254205
3 27 -0.8489137193525489
3 28 -0.585512840155072
3 29 0.22798957582570023
3 31 -0.7078145101592603
3 33 0.6146647374242635
3 37 -0.5312894764135199
3 38 -0.6664710021725981
3 39 0.9313330830548538
3 40 -0.14969186883895214
3 41 -0.4145113244665024
3 43 -0.5880331820165852
3 44 0.7590203190319749
3 45 -0.7014208118998746
3 46 -0.5955712297068061
3 48 -0.40122439723700576
3 51 -0.9798729110817739
3 52 0.8256293215126294
3 54 0.3471840898476761
3 56 0.1623833431533872
3 57 -0.8279040324974565
3 58 0.43383192589401287
3 59 0.7945582968042941
3 60 0.09090929547427073
3 63 -0.40303312611692244
3 65 -0.032768637550264934
3 66 0.9663641699239285
3 71 -0.765363860140829
3 72 -0.9148151394277897
3 74 0.7075249864739674
4 5 -0.8806688117742603
4 7 0.3016505372087439
4 8 0.1823900212781242
4 11 -0.33420607258946267
4 13 0.11744525824482288
4 14 -0.8841981270687358
4 15 0.5809725199436446
4 16 0.9285912462331352
4 18 0.6921873842654549
4 19 -0.18065066880981862
4 21 0.5487680266017134
4 24 -0.16525621439701998
4 25 -0.665307952710521
4 28 -0.8708452182582818
4 30 -0.15287890621013278
4 31 0.19147928971565853
4 32 0.9747802929116689
4 34 0.08249099755619849
4 37 -0.5714376609713756
4 38 -0.06960037531741103
4 40 0.9204925378841098
4 42 0.5120571400576768
4 43 -0.10615692423058154
4 44 -0.9784160753100901
4 48 -0.28580282728088213
4 50 0.3156304635166889
4 51 0.9255201496790251
4 53 -0.3579164107296928
4 54 0.5463432863959172
4 55 -0.054940800630356
4 59 -0.46018624183721824
4 60 -0.30636134386313074
4 61 0.36982476321054025
4 62 0.8293133398410115
4 65 0.17533568446525805
4 66 -0.41307156963910296
4 67 -0.2272064271017189
4 69 0.7286711875687817
4 70 -0.9168668012898571
4 72 -0.44955092556771215
4 73 -0.6760642815587832
4 74 0.6063146390979397
5 7 0.7495167671265759
5 8 0.2267407669720809
5 9 0.01297986866825962
5 10 0.10469265946515605
5 13 -0.9857312137801117
5 14 -0.5987541912111203
5 15 -0.24429535809226244
5 17 0.834420693654947
5 19 0.31005995886403004
5 21 0.6305372435919845
5 22 -0.5172207326287268
5 23 -0.038715919485825756
5 24 0.9856987260755203
5 25 0.8912617608752187
5 26 0.8684967472575271
5 27 -0.8628664734592182
5 28 0.9978911270272626
5 29 0.7564320137631786
5 30 -0.7993441937416745
5 32 0.8408573909854244
5 33 0.6135530247964205
5 34 -0.2982670146506936
5 36 0.6834949387257665
5 37 -0.6856107272388499
5 41 -0.6040819035123344
5 43 -0.6515697754790031
5 44 -0.43450016201065456
5 45 -0.11378451772692211
5 47 -0.45919201063280446
5 49 0.29098597797181247
5 50 0.5889579086758678
5 51 -0.8873842269290493
5 52 0.46882956111605245
5 56 -0.7002960317660063
5 58 0.08336123993631417
5 59 -0.1795359927889817
5 62 0.28173632523597214
5 64 -0.39679013118853534
5 66 -0.1401667872877741
5 67 0.5148831131979048
5 68 0.08618496465005832
5 69 -0.8344566169408474
5 70 0.4353150345794574
5 71 0.04762751966846279
5 73 0.4005554922254848
6 7 0.4975790728508034
6 9 0.7455052353274647
6 15 -0.6652585729968896
6 18 0.21931230837035565
6 22 0.8745991854932076
6 23 -0.7578277230161199
6 26 -0.5877721197966357
6 27 -0.7758800861767685
6 30 0.3208868150826485
6 31 -0.1235141273885414
6 32 0.39362681061437943
6 35 0.0664949738359204
6 37 -0.5503035009833284
6 39 -0.8149077527647517
6 40 0.04794570016874933
6 41 -0.4157320527703283
6 43 0.008919550533922127
6 44 0.815542012109262
6 45 -0.8674932183424209
6 46 0.027648046644114688
6 48 -0.6184143420035071
6 49 -0.6196528552417992
6 51 0.8653510847699462
6 52 0.4576706681556797
6 53 0.5894231330436368
6 55 0.8063587909631127
6 56 -0.20938423421426333
6 57 -0.8708411110398511
6 58 -0.7079045557408747
6 59 0.10128912116937738
6 61 -0.20806006531925791
6 62 0.8125973772099415
6 64 0.8690903883243066
6 66 0.27261865540035446
6 68 -0.2932476292225912
6 69 -0.7316219397212724
6 70 -0.4123060176129174
6 73 -0.5932256428744862
6 74 0.8801168280188914
7 8 -0.02124248902645287
7 9 0.39622288537854744
7 10 0.7960049922250301
7 11 0.4858256626139068
7 12 0.5425666004062752
7 14 0.22924427214049592
7 15 0.2272417970788172
7 16 -0.16948256863000233
7 17 0.08376373534953352
7 21 -0.19192355839354724
7 26 -0.09238356486421395
7 27 0.35966793119464513
7 28 -0.09705700841048626
7 31 0.8440032424993673
7 34 0.8362093147831016
7 37 -0.30955056023495864
7 38 -0.01737555147626413
7 39 0.004179469488667209
7 41 0.18512687054928345
7 42 -0.082128340140039
7 43 0.5288865591081042
7 44 -0.6987720191548927
7 45 0.9343746758707987
7 46 0.36306036499170413
7 47 0.6907884626407035
7 49 -0.02274742842094435
7 51 0.38832274187667526
7 54 0.2825598096728792
7 55 -0.3331463352288626
7 56 -0.55415489988626
7 58 0.9521042244878046
7 60 -0.8238074485980089
7 61 -0.3724296878963167
7 62 -0.39372551816053525
7 63 0.07425317517767116
7 64 -0.6555142314602491
7 66 -0.7383998722429126
7 67 -0.9710431812597589
7 68 -0.1280172737108083
7 69 -0.559377985033991
7 71 -0.3993025615798995
7 73 -0.33010877717235587
8 9 0.764638394801354
8 11 0.9945360188643082
8 13 -0.3206743895642188
8 14 0.7358842220942698
8 15 -0.638605169013015
8 16 -0.020430367722592324
8 17 -0.4984821407527047
8 18 -0.8600777640438626
8 21 0.3803285295311989
8 22 0.5562413794095833
8 25 -0.46575639286078796
8 26 -0.05502406000106519
8 27 0.897950216991825
8 28 -0.6291717386270725
8 31 -0.0383623637048951
8 32 -0.8245812774263126
8 34 -0.8964774382810463
8 35 -0.3945687973772247
8 36 0.8328052380074378
8 37 0.7214436578241232
8 38 0.044242256772453636
8 40 -0.520845350980909
8 42 -0.7053772518338761
8 45 0.07730738250208424
8 47 -0.39548310188340774
8 48 0.9449002744223491
8 49 -0.2673276475316395
8 50 -0.6495224374945525
8 51 -0.21243341307673802
8 53 -0.6982353946292443
8 55 -0.9573985032942491
8 57 -0.5743073288310745
8 60 -0.45663330108502653
8 61 0.5409382580177804
8 62 -0.7824199165942063
8 63 0.18340432327404277
8 65 -0.060026609937607
8 67 -0.0036720775882097545
8 68 0.7771774879501692
8 69 -0.9315116043262763
8 70 0.8747199556421712
8 71 -0.24114234129327095
8 72 -0.5095290266211674
8 73 -0.8344884313015535
8 74 0.7619062517470645
9 11 0.6593735504675382
9 12 -0.8922675831169209
9 13 -0.6965960987487199
9 16 0.7939261199596743
9 17 -0.15433719262319756
9 18 -0.03948162031620317
9 22 0.8771348134993995
9 23 -0.8535015440039664
9 25 0.3537150313601256
9 27 -0.2867943174871923
9 28 -0.6896656675861244
9 29 -0.6307478921594123
9 30 -0.2611283311946484
9 32 -0.36329073457376926
9 33 0.736235331723025
9 34 -0.8674373653207543
9 35 -0.13786441650654413
9 36 -0.4766612919403035
9 37 0.10545774906217331
9 38 -0.5968960131523797
9 39 -0.4334878892478762
9 40 -0.7392390312370161
9 41 -0.16752203881654815
9 46 0.19021664771945201
9 47 -0.8929462136181157
9 48 -0.6506871810744621
9 49 0.3102594057063224
9 51 -0.24106961561414209
9 52 0.5555582082406991
9 53 0.15871702680093747
9 54 0.754552095109587
9 55 -0.8769989850208615
9 56 -0.8181350370039842
9 59 -0.33911367529356706
9 60 0.2495178187182765
9 61 0.08821161104803554
9 62 0.31728593407318284
9 65 -0.3651600994048596
9 66 -0.43316306965335594
9 67 -0.23737333813183015
9 69 -0.045891857775953726
9 72 0.41277119165531984
9 73 0.8199350962844236
10 11 -0.4704379926879976
10 12 -0.4335005270738501
10 14 -0.8339679492137431
10 15 -0.6496469674556791
10 17 0.19531240858802934
10 19 -0.50606489882918
10 20 -0.6595904831699004
10 23 0.27887061791191115
10 24 -0.428689771260679
10 25 0.8539722258616298
10 26 -0.15129399105197372
10 27 0.5213054160013977
10 29 -0.052804349514499194
10 30 -0.71036560121872
10 31 -0.3980984501852145
10 33 0.9508643513464725
10 37 -0.25008405058165306
10 38 0.8713556659694068
10 39 0.537736255379055
10 41 -0.9739139946050237
10 43 0.25761092424638443
10 44 -0.9371488118891809
10 45 0.8392716523669339
10 46 0.14997916878245876
10 48 -0.4950363303899843
10 53 -0.7534986578230425
10 56 0.4951993346138355
10 58 0.37502828070299543
10 59 -0.09328795925885314
10 61 0.6450563933622504
10 63 0.6307099215674508
10 64 0.7177747003089379
10 65 0.4494455056821356
10 66 0.8909284230782961
10 67 0.46562921989189454
10 68 0.04190423039053415
10 69 -0.7048430167758781
10 71 -0.6618608451962291
10 72 -0.4303588384385406
10 73 -0.10068762699467948
11 12 -0.5616008259802421
11 15 0.7914865667546775
11 16 -0.3779342177705738
11 18 0.35611360098096734
11 19 -0.26116916481446784
11 20 -0.7635696959566072
11 22 -0.917725536453371
11 23 -0.7225437032366482
11 24 0.37489928708479847
11 26 -0.958659825655052
11 28 0.850366627558234
11 29 -0.660681470187249
11 30 -0.7197319960877022
11 31 -0.13995146232226396
11 32 0.22085395714341982
11 33 -0.15507905643767828
11 35 0.594274118987761
11 36 -0.7004668614711484
11 38 0.06820619822018004
11 39 0.24985360871796214
11 40 -0.2596151004973084
11 41 -0.6058320895782883
11 42 0.2484790307284117
11 43 0.4633575141315469
11 44 -0.9289624491653403
11 46 0.826967789820541
11 47 0.8435438213582824
11 50 0.3572773806226053
11 51 0.054863483445761085
11 52 0.10801527679537348
11 53 0.28154653332611823
11 54 -0.5732536513686062
11 57 -0.8393003759368161
11 60 -0.6803527292019227
11 63 -0.34169901769792976
11 64 -0.1471476508804046
11 66 0.11868641312267281
11 67 0.03144159030028071
11 68 -0.6061445507066956
11 72 0.6766375797984383
11 74 -0.10095946969621838
12 13 -0.8423808079423525
12 17 0.276558952987481
12 18 0.6864101934107958
12 19 -0.8204912950173648
12 21 0.6197071359065458
12 22 -0.4177630150410445
12 23 -0.6430815508670402
12 24 0.6594609373647002
12 25 0.7687614424149947
12 27 -0.05976568735830412
12 28 0.8969287295703421
12 29 -0.6010355716692388
12 30 0.6004391523499797
12 32 0.3232024198036465
12 33 0.815837757815639
12 34 -0.8945791098572178
12 35 0.9795452958626554
12 37 -0.9453345677788001
12 38 -0.4387359844137484
12 39 0.6087889365142387
12 40 0.4040055431919851
12 41 0.08981993876586891
12 43 -0.9288241965403305
12 45 0.035863562057829146
12 47 0.5858071115306216
12 49 -0.508997331880457
12 50 -0.5392095728810473
12 53 0.8659457953479079
12 55 -0.7210623721402751
12 56 0.10263173663493652
12 61 0.9029475272810215
12 64 0.39787726661626244
12 65 0.4227618608599799
12 66 0.6955848652755201
12 67 0.1700966656957863
12 69 -0.3224351479084113
12 71 0.09030712283281472
12 73 0.4052643653474277
12 74 -0.3835227813738
13 14 0.08009523735203183
13 15 0.42038875696549804
13 16 -0.8675251673090589
13 17 0.36661466390458797
13 19 -0.9919612464032059
13 20 -0.34243856486020663
13 21 0.7804719070594697
13 22 0.7925247606343586
13 23 0.14941053735777676
13 24 0.7698619947202638
13 25 -0.526879938143576
13 26 -0.6169968469236056
13 27 0.020164411338841726
13 29 -0.972609836661509
13 36 0.6860193008955577
13 37 0.851482343449911
13 38 0.27547889261204395
13 39 -0.6158547299578003
13 40 0.4005726614515557
13 45 0.9639008558139444
13 47 0.1809145464976587
13 48 0.8039599960361181
13 49 -0.14056420890351262
13 50 -0.24653677969200194
13 53 0.8465084611859088
13 54 0.7181749512018996
13 56 -0.5014534944846478
13 57 -0.14142122628535336
13 60 0.4155233269403651
13 61 0.21076239513912287
13 63 0.7872585780600663
13 64 -0.8863346660233979
13 65 -0.31945311683486133
13 66 -0.9026589116474624
13 67 0.8075889314059332
13 69 -0.550484789252456
13 71 -0.914875201098148
13 72 0.9695226379812951
13 73 0.3524361208144551
13 74 -0.1616333761605273
14 15 -0.215903787917888
14 16 0.5318760409184184
14 17 0.5324746116914745
14 18 0.4922842461450616
14 19 0.7286099700477586
14 20 0.06189114011924879
14 21 0.4937481732934619
14 24 0.2846960346547174
14 25 -0.6685210996386866
14 26 -0.7886306517494792
14 27 -0.056821065232516954
14 28 0.5663282243596401
14 29 0.738150473776737
14 30 -0.5129797875774542
14 31 -0.14832811562742787
14 32 0.6444961884813902
14 33 -0.5454667011751979
14 34 -0.05096344474429926
14 35 0.6822118752380635
14 36 -0.9692440915782181
14 37 0.2587269467562998
14 38 0.7895308842767448
14 39 0.3918899950754955
14 40 0.4231402828796691
14 42 0.007491285990638863
14 43 0.5689404149436903
14 44 -0.5435881491866417
14 45 -0.3072045546852791
14 47 -0.993687605040547
14 48 0.17419205864409637
14 50 0.6383806804054111
14 51 -0.1928756978961128
14 56 0.037858000339387576
14 58 0.9444224161410224
14 60 -0.5562402898424756
14 61 -0.13936285287509964
14 64 0.3122591084512958
14 66 0.2486919312648299
14 67 -0.47232122276707034
14 68 0.45256293002241677
14 70 -0.80783051469923
14 71 -0.20784337175962664
14 73 0.7174571752984342
14 74 -0.11680244536020079
15 16 0.702316052772999
15 17 -0.6101894933407117
15 24 -0.7773849732993277
15 25 -0.6439877525830644
15 26 -0.37545143370700695
15 27 0.5945818811935211
15 29 -0.26078628045279384
15 31 0.4990221039195464
15 32 -0.9532357692020641
15 35 -0.3377359634512749
15 36 -0.46400955214499184
15 39 0.024115882945704215
15 40 0.47258334533075885
15 41 -0.1757115128531288
15 42 0.19517622191300532
15 44 -0.11032040875283444
15 45 0.029705693941036504
15 47 0.8657520891651578
15 51 0.8723702025799782
15 54 -0.35083675890841826
15 56 0.4269728815638416
15 58 0.08248001388731607
15 59 -0.2593745024984693
15 63 0.22246152137607345
15 65 -0.050258791298347205
15 66 -0.48675203284201296
15 67 -0.24180557592505347
15 69 -0.42994333781627825
15 73 0.30977252116509213
15 74 -0.5425806919182636
16 22 0.992407446586278
16 23 0.10411933768909898
16 24 0.2541335133696143
16 26 -0.09505153027772573
16 28 0.1121162048380826
16 29 0.5690002644204202
16 30 0.9007211714521866
16 32 -0.01498983949059518
16 33 -0.7059048543527404
16 35 -0.3630204575110596
16 36 -0.6139884186899862
16 37 0.8753612464496825
16 38 0.2528819550512067
16 39 0.805648372260706
16 41 0.8732804890903567
16 44 0.9497756637613213
16 46 0.2348611283448585
16 47 0.15169473120244503
16 48 0.7646176080422382
16 49 0.4380161535691294
16 50 -0.6975374228770488
16 51 -0.49053853275524695
16 53 0.5088584042500146
16 55 -0.2785141973610086
16 56 0.21143594630395346
16 57 -0.7086089577205243
16 59 -0.046380341999245234
16 60 0.49713003040392256
16 61 0.5878286350096458
16 62 -0.9228528919784333
16 63 -0.5760317462747959
16 64 0.7924420279423914
16 65 0.721764455184754
16 66 -0.5665178514715488
16 68 -0.26279745742836513
16 69 -0.8994603867331565
16 70 0.8618988491601427
16 71 0.058686957597839706
16 73 -0.10561733425027198
16 74 -0.059286283755114244
17 18 -0.6343122574377522
17 19 0.9796388228630741
17 20 0.09856663652853115
17 21 -0.298438214111062
17 23 -0.7217906392948794
17 24 0.13025362813809016
17 25 -0.29589332792111844
17 26 -0.7318536180073041
17 27 -0.838282175021378
17 29 -0.8442016443820128
17 30 -0.4525058486853162
17 31 0.2818660064936267
17 32 0.02320362309179136
17 33 -0.21860797642392238
17 35 0.7296876683096691
17 36 -0.47732908956668063
17 37 0.5717463136943963
17 39 -0.09166376724370418
17 41 0.8103414450064985
17 42 -0.308661720723054
17 43 -0.14876971126544603
17 45 -0.9692216758242327
17 46 0.7637563803149774
17 47 0.4040563061464686
17 48 0.859402039070756
17 49 0.525045132247576
17 50 -0.6909480591131334
17 51 -0.6480653223455883
17 53 0.35927739087883026
17 54 -0.2632477120533525
17 56 0.3127817941644242
17 57 0.16359120509192193
17 58 -0.2806654450952677
17 59 0.31363951184013317
17 60 -0.4361055973922896
17 61 -0.2847941928209514
17 62 0.9923948737023229
17 63 0.8984471424530445
17 64 0.8153649532693983
17 65 -0.8006213300409111
17 66 -0.6594798299907505
17 67 0.7712638628663342
17 69 -0.2978114916149788
17 70 0.536200087248706
17 71 0.19905907517054167
17 73 0.957392364243298
17 74 0.9594743142261262
18 19 -0.867406988748906
18 20 0.9767133913092909
18 21 0.3801087882536911
18 23 -0.46496944840551957
18 24 0.8557247898501308
18 25 -0.03351307998343023
18 26 0.8036369090975106
18 27 0.1800763975068076
18 28 -0.7288450565336542
18 30 0.7760918057787509
18 32 -0.48298693922045133
18 37 -0.9771790655856494
18 38 -0.9913464097484508
18 39 0.874698358065163
18 40 -0.910814939385757
18 41 -0.6375409091909656
18 42 -0.7419090363940475
18 43 0.46812471816045553
18 44 -0.3020988491761998
18 45 -0.708175130472942
18 46 0.09204278815548306
18 47 0.12953943032153536
18 48 0.702057288961087
18 51 -0.21054378124312434
18 53 0.5807503877714986
18 54 -0.013120055149846488
18 55 0.9309310373885817
18 57 0.05753885510588086
18 58 0.07678947041939677
18 59 0.4454278822188176
18 60 0.1562498059183719
18 62 0.5305631881276451
18 63 -0.1704679748444078
18 65 0.7880388012015589
18 66 0.6236020606426338
18 70 -0.3460988639382505
18 71 0.8260675281717766
18 72 0.6583053879575795
18 74 -0.986702538098728
19 20 -0.7525615030458277
19 21 -0.17469596019921907
19 24 0.5222843953284184
19 25 -0.5671226032064967
19 27 -0.7141547058434876
19 28 -0.5274014583725923
19 29 -0.3666318958661816
19 30 0.5267530625424615
19 32 -0.8445069853384168
19 33 -0.6788094722517619
19 35 -0.728463109133614
19 38 -0.1996968738122713
19 40 0.9705266752081767
19 41 0.47325876313928017
19 42 -0.4525713756433294
19 45 -0.6978814713542862
19 46 -0.6002362381489055
19 47 -0.5013018933487492
19 48 -0.5365700542875034
19 49 0.3063388194888681
19 50 0.9479756669332704
19 52 0.25445015536860494
19 53 -0.9396952846519346
19 55 -0.25929106195422813
19 56 0.02000704852663615
19 58 -0.1022639975509656
19 61 0.5330048655808124
19 62 -0.07350495689120362
19 64 -0.9559395915193958
19 70 0.8608655783537722
19 71 0.645452909068507
19 73 -0.4640799768597459
19 74 -0.039966259324329956
20 21 0.734390958871769
20 22 -0.019015859384846623
20 24 0.5567444071757202
20 27 -0.034412799129172056
20 28 0.7837484318109291
20 30 -0.7293755524062873
20 32 0.853742663793059
20 33 0.200692311672638
20 36 -0.1739592754299879
20 38 0.16909386177935892
20 39 0.268290567345578
20 40 0.46412181199809055
20 42 -0.4215605033924028
20 43 -0.5444594812839154
20 44 -0.0170851735013291
20 46 0.7362025920897513
20 47 -0.5951110840036742
20 49 -0.17829744739651
20 50 0.4276769751238434
20 51 0.7549998557737743
20 52 0.6168625309284199
20 53 0.35565811394043245
20 54 -0.3258802795727338
20 55 -0.4163293676076696
20 60 -0.21210347061964718
20 62 0.6366036850200258
20 63 0.5358191146511568
20 64 0.03099034692585456
20 65 0.025785518991671807
20 66 -0.24827715039084075
20 67 0.7514238105768545
20 68 0.24879857426066843
20 69 0.10967680067395102
20 71 -0.6197063031876724
20 72 0.17043873698256973
21 22 -0.5170287477688311
21 23 0.06412772644764764
21 25 0.37103852934149595
21 28 -0.7574308427631682
21 30 -0.2393133801894054
21 32 0.20153684204038913
21 34 -0.4611496091837557
21 35 0.06844859849860296
21 38 0.7861926787043292
21 41 0.7071216849145185
21 42 -0.7937062079932047
21 44 -0.46544513537516075
21 45 -0.39871375329260106
21 48 0.696725788631859
21 51 -0.08069649861123729
21 53 0.3564613293103964
21 59 -0.0478600290929978
21 60 -0.5228265684869469
21 61 -0.7259155567514677
21 62 0.023265900573316234
21 66 -0.9452616070421367
21 68 0.8669377443724107
21 69 0.5199820429259914
21 70 0.28687440364744266
21 72 0.8029523637519422
21 74 -0.6648485521297123
22 23 0.8419887980841154
22 25 0.8439796058991609
22 27 -0.33770200429816
22 28 -0.9593803742440361
22 30 -0.6770520401166393
22 31 0.87906189106348
22 33 0.6019222450996353
22 36 -0.9655826367397329
22 40 -0.42991002749654594
22 42 0.7778884290117047
22 46 -0.8165216785964913
22 47 -0.6945975875214858
22 48 0.42141411941698115
22 49 -0.056216364150856846
22 50 -0.8149433124000272
22 51 -0.04334750376375984
22 52 0.9914984661629473
22 53 0.2270334219535428
22 54 0.15468167551166556
22 58 0.6570636788084856
22 59 0.24790882321894658
22 62 -0.6736851761972209
22 63 -0.14735094895280598
22 64 -0.9528583808763285
22 65 0.3600216686979143
22 66 0.607654384650971
22 67 -0.4703850822488549
22 68 -0.5594694875060451
22 69 -0.3002985817449588
22 70 0.7853029995396492
22 71 0.042169717360341474
22 72 -0.32326691455374656
22 73 0.7837552504580789
22 74 0.5875566759216937
23 24 -0.9135066778267167
23 25 -0.5297334867245247
23 26 -0.6752378340035972
23 29 -0.1621605088169349
23 33 -0.32229044197337564
23 34 0.03517133083595558
23 35 0.9571505982583621
23 36 -0.17867456486826816
23 37 0.01582262882774743
23 39 -0.7767535217838251
23 40 0.9764475523958227
23 41 -0.5834716036670318
23 42 0.23652334605205705
23 43 -0.5776832693791543
23 45 0.7879771863908593
23 48 -0.8392406677461086
23 49 0.20632826933912396
23 51 -0.8334148506704269
23 53 0.8103722293575992
23 54 0.7818961363076395
23 57 0.7222000829602861
23 60 -0.7510347146155971
23 61 -0.37998174085433023
23 63 0.8795570110506772
23 65 -0.6455625668871514
23 68 0.803702256550989
23 69 -0.6995828447996522
23 70 0.01446343624857227
23 71 0.19522071574823685
23 72 -0.020777496925766803
23 73 0.5603636496224318
23 74 0.7493785577787224
24 25 -0.6779983878336042
24 27 0.9421023117178364
24 28 -0.4131900620997493
24 30 -0.6875112468776299
24 35 -0.5434939127514955
24 36 0.738391976860661
24 37 0.3124832548848535
24 38 -0.542325973741375
24 39 0.5473537130584856
24 42 0.4208938509681821
24 43 -0.5592457806796571
24 44 -0.8107569452565013
24 47 0.5186247098212067
24 48 -0.5665036423149181
24 50 -0.4340945887278711
24 51 -0.5076645247694362
24 53 0.11280667897123897
24 54 -0.26241761298952393
24 56 0.022143730446906984
24 57 0.8424771538446156
24 58 -0.6974728540798905
24 59 -0.36754151279013936
24 60 0.898981112993589
24 61 -0.38363480752592993
24 62 -0.00838982623090323
24 63 -0.10028215234032678
24 64 0.026747078480194864
24 65 -0.20946176326449994
24 66 -0.9300320234186881
24 68 -0.2991451372750582
24 69 0.2556462891631264
24 70 -0.8118410934699261
24 72 0.3222753505411293
25 26 0.9639627499225951
25 27 -0.6028509567412601
25 28 0.12764103139778604
25 29 -0.19601586287204475
25 30 -0.9871754276017
25 33 0.6832005031427322
25 34 -0.16522491209136736
25 35 0.909132006043351
25 36 -0.33543020514585953
25 37 -0.27295081769175944
25 38 0.46463961592188996
25 39 0.35876688905390397
25 40 0.574786607209963
25 41 0.41131695420421477
25 43 -0.14533296937881968
25 44 -0.6280648029848768
25 45 0.24638114356680574
25 47 -0.5470469648322451
25 48 -0.7361911435097181
25 49 0.4815456335529289
25 51 -0.7358677747299203
25 55 -0.24719735120465813
25 56 0.32145567613719184
25 58 0.9779925031060737
25 60 -0.6628864371676011
25 61 0.3359362784944555
25 65 -0.9187731572576183
25 66 -0.9986038693376773
25 68 0.9566552483247743
25 69 -0.014380059586220018
25 70 0.7858914091265572
25 71 0.9679539934952033
25 72 -0.48469187800637736
25 74 0.6656110271342417
26 27 -0.30959597874443134
26 29 0.19071803496593076
26 30 -0.41521649524086013
26 31 -0.3656259932356809
26 32 0.5647519337576632
26 35 0.03645266838124517
26 36 0.25186720594456946
26 37 0.8554707926674652
26 38 -0.4129658085058867
26 39 0.8948419030360977
26 43 0.19071067530787822
26 44 -0.17966793513411305
26 47 0.0044438229239160965
26 48 -0.46686789408420504
26 51 -0.4899866311476271
26 54 0.715091587852209
26 56 -0.5492797252737998
26 58 -0.08293849306815226
26 59 0.04223653759139778
26 60 0.9847664730793955
26 62 -0.7900846397175543
26 64 0.5794676550067843
26 65 0.7171472709701956
26 66 0.4741387216212014
26 67 -0.9038559272134372
26 69 0.34518070522776334
26 71 0.45058204955085945
26 72 0.4116444886773356
26 74 0.11661407050531558
27 29 0.19069273794521768
27 30 0.44240087973693054
27 31 0.6862061704671092
27 33 0.7605767502591247
27 36 0.9313408925942266
27 37 0.16641739287462176
27 38 -0.6709748966497036
27 39 0.7548008354476825
27 42 0.01914137602666588
27 43 0.6886528395271554
27 44 -0.9463047063857388
27 45 -0.35555527331995873
27 46 0.1107476541544199
27 49 0.019733771680766177
27 51 -0.5469435704456695
27 52 0.8817326870299795
27 53 -0.588844677284895
27 58 0.35298501208787525
27 60 0.7931355747902435
27 61 0.07072989127252027
27 62 0.6651728005402782
27 63 0.2168185548055206
27 64 0.7322437278331508
27 65 -0.35005777865681065
27 66 -0.8868680467720764
27 67 0.37062086140099626
27 68 -0.02775137283287532
27 69 -0.6470485457934139
27 70 0.4419414181459025
27 74 -0.8831314287732099
28 29 -0.3460384710715403
28 30 -0.5707979660831071
28 31 -0.6717077950081052
28 34 -0.32875724328810807
28 35 0.3068130213163507
28 38 0.16769479169913226
28 39 -0.9909371869644614
28 41 -0.473760342919336
28 42 0.27144572975939796
28 47 -0.943405960592363
28 49 -0.5721789853544894
28 51 0.43441522916903286
28 52 0.664498184834837
28 53 0.44369512239565934
28 55 -0.7812641535245601
28 56 -0.9499142042378859
28 57 -0.464251037595212
28 60 -0.14177463483206743
28 61 -0.10029784846427847
28 62 -0.8006255863724459
28 64 -0.027506333924212534
28 65 0.763107316754617
28 66 -0.1042947480172729
28 68 0.22052095830125862
28 69 -0.42670231408263204
28 72 0.15173137101151601
28 73 0.9402378073495823
29 31 -0.4531567778095791
29 34 -0.8101415105189096
29 35 -0.8354731945823335
29 38 -0.4111072200274011
29 39 0.2663600934665322
29 41 0.5659263472647065
29 42 0.6103235079765523
29 43 0.0034701319796790475
29 45 0.32578407843823354
29 47 -0.8309160209307418
29 48 -0.9258087978840741
29 49 -0.13093953797334112
29 50 0.9886078323981689
29 51 -0.016973078572007028
29 53 0.6677343237191717
29 59 0.6983438922062484
29 60 0.38985058101735426
29 62 -0.11495021646907055
29 63 0.6950653025886901
29 64 -0.8986606731472593
29 67 0.1138666208733683
29 68 0.3316951949604998
29 69 -0.2641182860693172
29 70 -0.8932797094102929
29 71 0.2414915595706706
29 72 -0.40974878451677554
29 73 -0.18433771657430364
29 74 -0.24138696427779616
30 32 -0.03959417432590562
30 36 0.1559066444756152
30 37 0.08478286298259174
30 38 -0.5673550836750132
30 39 -0.8647206456368355
30 41 0.7146281128510761
30 42 0.4745174020476379
30 44 0.25882655150515155
30 45 0.26420775226492466
30 46 0.1957972653172555
30 47 -0.2955090299823415
30 48 0.2966088536493341
30 49 0.7980960189724615
30 52 -0.5696156595812092
30 53 0.6333331836749079
30 54 0.8885067251125178
30 55 -0.09061677836919069
30 56 0.9643342031067343
30 58 -0.5520276117956715
30 61 0.374299515590641
30 62 0.7397342593091805
30 63 0.13703311954473674
30 66 0.23355964787843075
30 67 0.14521931600982563
30 68 -0.8499016786733107
30 70 -0.39000841194914093
30 71 0.07598243540077698
30 74 -0.30522329451854224
31 33 0.9593526694084911
31 34 0.37211438518478546
31 35 -0.4634130715743223
31 36 -0.8878886912518367
31 37 0.39106631916819246
31 38 -0.33827767982333534
31 40 -0.6408493054305087
31 41 0.7377742763728055
31 42 0.4113191657139088
31 45 0.21106027334183097
31 46 -0.20031513833978498
31 47 0.5728152360466139
31 49 0.46076461123855283
31 51 0.47039278081263536
31 52 0.04392099490188994
31 56 0.22134521771564497
31 57 0.6562412101710435
31 58 -0.9797251433301071
31 59 0.042151350597078974
31 60 -0.5967181300693805
31 62 -0.9072876309923099
31 64 0.0016431082006500564
31 65 0.3696470564150611
31 66 -0.28150907114328994
31 68 -0.40242243423108937
31 71 0.003673179368594015
31 73 -0.6450576331592135
31 74 -0.9203623101200837
32 35 -0.8802303362099702
32 36 0.5379003483189104
32 38 -0.13610237785401047
32 39 0.5534279862968265
32 40 -0.4193872000986776
32 43 -0.018039614210149546
32 47 0.6908307921368624
32 48 0.9259145593479265
32 49 -0.7892470912870644
32 50 0.5907699143872993
32 52 0.47476788005996085
32 53 -0.09805489861527805
32 54 0.13529369405067326
32 56 -0.0756067307546282
32 58 -0.46461782959256226
32 59 0.7189855664330598
32 60 -0.24849752366098232
32 62 0.40202286402811294
32 64 -0.3188592129221719
32 66 -0.47880402979330094
32 67 -0.07931103678867801
32 69 -0.433204855868085
32 71 -0.3831095850347652
32 72 -0.032383820967299526
33 34 0.2697008368031899
33 36 -0.47641774622111943
33 37 0.0826450759571693
33 38 0.6717471856179538
33 39 0.05367016582452844
33 40 0.6132021421023248
33 44 -0.47776396300912705
33 45 0.4906971086417431
33 46 0.7389689897613319
33 49 0.179255564139029
33 52 -0.3361988982174633
33 53 -0.8111807991603481
33 54 -0.5328003551457552
33 56 -0.3378104706628773
33 57 0.34132831515488826
33 58 -0.8954234878002778
33 59 -0.7343828126079166
33 63 0.7977897709301387
33 64 -0.5429052571114161
33 65 -0.39864336244388676
33 66 0.2564278171600993
33 67 -0.23817134489646574
33 69 0.405048634270047
33 70 0.960106089741988
33 71 -0.09265107914253679
33 73 -0.9127874311048201
34 35 0.279233156231659
34 36 0.9902115263590563
34 37 -0.8694481906574112
34 38 0.40046324980689185
34 39 -0.000515952480742099
34 40 0.15557602378391344
34 41 -0.4292330777518083
34 43 0.6481095075335288
34 44 -0.1837215377806567
34 45 -0.7471382878167339
34 46 0.03111916444911711
34 47 -0.3103643474868607
34 50 -0.4675331669162375
34 52 -0.9889878217067569
34 53 0.8031064026732497
34 54 -0.7520465492929596
34 55 0.13732182977869556
34 56 0.09272893488910294
34 58 -0.17351093204765045
34 59 0.2598273386736074
34 60 -0.3685812752627273
34 61 0.5755426747230215
34 63 -0.04685804561611495
34 64 0.27742080820225334
34 65 -0.5360908962977886
34 68 -0.483280568528603
34 69 0.0693953220207475
34 70 0.5269860689926698
34 72 0.0059103888400269255
34 73 -0.5578958239289697
34 74 -0.43279513629845634
35 36 0.7739118132975715
35 37 0.3841644677318312
35 38 0.410690139736569
35 40 -0.6726357320884746
35 41 -0.6070976707007607
35 42 0.6621016919393012
35 44 0.07359626479191173
35 45 -0.13053670643041726
35 46 -0.3264597887568321
35 48 -0.12592725831225837
35 50 -0.3895172505042217
35 53 -0.41842109752665735
35 54 -0.7655889022743301
35 57 -0.6368060404292217
35 58 0.1597794681243072
35 60 0.7540552429385421
35 61 -0.4530882789810866
35 62 -0.40770218323282026
35 63 0.35438131155179375
35 64 -0.6015373981857768
35 66 0.5221564893993638
35 67 0.39854829253323665
35 68 0.03478982492338223
35 69 0.4478375868245281
35 70 0.991363691197785
35 71 0.0007749337758879982
35 72 0.7238326412847162
35 73 0.14517669837014813
36 38 -0.5555495225715481
36 39 0.21063023366883793
36 42 0.638282063904793
36 44 -0.9591265134041551
36 45 0.3744824356586862
36 46 -0.4506876164524396
36 47 -0.18200982494919038
36 48 -0.3708645016456966
36 49 0.5326096005901622
36 50 0.038342621165805335
36 55 0.500895332621113
36 58 -0.18316827092279153
36 59 -0.7658302821272756
36 61 0.4516705756711126
36 63 -0.06020804107346911
36 65 -0.777974337359006
36 66 -0.4596914791717508
36 67 0.5522203254371087
36 69 0.09437278186028863
36 71 -0.5774420241356264
36 73 -0.06339168990927346
37 39 0.13749552338595517
37 42 -0.9226265617967893
37 43 -0.7478812768838434
37 44 0.13953050520309862
37 45 0.9442452128104897
37 46 0.40381530101955665
37 47 0.2826068729539255
37 48 0.670087901570471
37 49 -0.933633929340056
37 51 0.3664554064827228
37 52 -0.5292904259596893
37 53 -0.7443264331936783
37 54 0.7926783351268156
37 55 0.379581388395829
37 57 0.017610750371278794
37 59 -0.5388450323062233
37 61 0.3993286639498843
37 62 0.24982860068896628
37 63 0.09322827296937586
37 64 0.552099803373721
37 65 -0.8452719166104228
37 68 0.06231722192755451
37 69 -0.4177619550371663
37 70 0.4648672581971163
37 72 -0.8102411273234704
37 74 0.4591805864138432
38 39 0.5355828249132242
38 42 -0.771447395597936
38 43 -0.028904526600278757
38 44 0.5174927470164898
38 45 -0.3811978165258343
38 46 0.06673582980417558
38 47 0.0045377459510478335
38 48 0.8578192702675422
38 53 -0.48661319297968464
38 55 -0.9288818923395545
38 56 -0.6169781201515503
38 57 -0.9077731583295008
38 58 -0.46546279539811186
38 59 -0.6358633828752729
38 60 -0.09959427050824221
38 61 -0.8490698864611987
38 63 0.08753772074065269
38 64 -0.13177183609267584
38 66 -0.03195577783608283
38 67 -0.3531481994545742
38 68 0.3027390802159655
38 69 0.8641026823379268
38 70 0.3800123931648116
38 71 0.7692428141596697
38 74 -0.7315056141886653
39 40 -0.748953806356198
39 41 -0.7276543898403947
39 42 0.6853281213751488
39 43 0.9776436301125822
39 50 0.7508835634105802
39 51 0.3867483531630569
39 53 -0.4250647006890147
39 54 -0.5019249970552058
39 55 0.15156158039535228
39 59 -0.05328997398708579
39 60 0.7759910020822756
39 61 0.09124713799135109
39 62 0.3486788405529495
39 64 0.7696213562567884
39 65 0.15748528593129474
39 66 -0.4779819356502908
39 68 0.0939583861739004
39 69 0.10278313457982136
39 70 -0.43639847825348177
39 72 0.47663426873762527
39 73 -0.09882037834293134
40 41 0.7213912079676479
40 42 -0.5852969222481101
40 44 0.5835868496461751
40 45 -0.20211501154825529
40 47 -0.4923868640607414
40 48 0.41747564005017335
40 50 0.8513707056143904
40 51 0.23708422672967644
40 52 -0.370291576079401
40 53 0.12226070816439005
40 56 0.45550051166221506
40 57 0.8964397367928341
40 58 0.6243407182298009
40 59 -0.609831672587706
40 62 0.40337840448385576
40 63 0.042328097758544514
40 65 0.9676194875126456
40 66 -0.8890383990537276
40 67 -0.368717444970567
40 68 -0.49098904372979413
40 69 -0.7221592804262511
40 71 -0.6919729808433217
40 73 0.45686435398498215
40 74 0.49706509558448175
41 43 0.8071668632095281
41 44 -0.22992558523906403
41 45 0.3123573213663544
41 46 0.8621188403676032
41 48 -0.2527457437580649
41 50 0.728471075110902
41 51 -0.6816011861585531
41 54 -0.2221022390448244
41 56 0.4502829966925701
41 58 -0.5998212758926691
41 59 0.5002596351063868
41 61 -0.24835056020436164
41 62 -0.24538961059969577
41 63 0.9597861208927292
41 65 0.4342266273887534
41 67 -0.9357018340822534
41 68 -0.5092514713804479
41 69 -0.5882438736382594
41 70 -0.6434390326873656
41 72 -0.7224184375783722
42 43 -0.9773033162338727
42 44 -0.037080457094522457
42 45 0.38102860148707984
42 47 -0.10727794058362239
42 49 0.5834455907476443
42 52 0.7081129870218612
42 53 0.45018780512683065
42 55 0.861440899536511
42 56 -0.44813713035478697
42 58 0.8093815853657924
42 59 0.35016222630203053
42 60 -0.6057556131170194
42 62 -0.21520029061346047
42 63 -0.8525694419650105
42 64 -0.4485009080016711
42 66 0.5572322767584454
42 67 0.7243278536848092
42 71 0.38072693153899806
42 73 -0.17640654214671891
42 74 0.3716995214849321
43 45 0.49784271560579163
43 46 0.8168646284138978
43 49 -0.0773587120020709
43 51 -0.8352302547717627
43 52 0.024670803430486554
43 54 0.6307505588348177
43 55 -0.18685366921322966
43 56 0.5887601987088591
43 58 0.34626250554376603
43 59 -0.5352895504379447
43 60 0.603082810326113
43 61 0.8856460839952851
43 62 -0.26851826489548447
43 63 -0.7909346154018895
43 64 0.5293102050208409
43 65 0.7878116988637762
43 67 -0.7412685583311964
43 68 -0.08248413942191579
43 69 -0.7631965611892655
43 72 0.8015372801797485
43 74 -0.009590282115947923
44 45 -0.49773556704820776
44 46 -0.9942044380380946
44 48 -0.7523550212980123
44 49 -0.17357232098039654
44 50 -0.9830247296282277
44 51 0.8466512338490082
44 52 -0.18813059043599933
44 53 0.3986376775691882
44 54 -0.021998529578929782
44 55 0.6234442359698613
44 57 -0.9756400144785233
44 58 0.11994770108676556
44 59 0.18974717937033003
44 60 -0.28632679117107007
44 61 -0.3582630458655529
44 62 0.44802726313192465
44 63 -0.8103586567024392
44 65 -0.3078554475952242
44 66 -0.8639922871856345
44 69 0.8765806613277973
44 70 0.42285637055506187
44 71 0.2515474494949894
44 72 0.4576388793938526
44 73 0.8427510163243739
44 74 0.08814682046922573
45 46 0.47549042864092295
45 48 0.15534364018528635
45 50 -0.5613113332101667
45 51 -0.3441333078013855
45 52 -0.4638185809762103
45 54 0.24196537211324665
45 55 0.3020095956446569
45 57 0.965113022851515
45 58 0.8540257458903746
45 59 0.09896094367540487
45 61 0.6058919798749367
45 62 -0.6810460260138178
45 63 -0.7903037294283457
45 64 0.2816061875248499
45 66 -0.4747585678898216
45 68 -0.42668285575907294
45 70 -0.427285431526488
45 71 -0.5345292771982331
45 72 0.0714667436562606
45 73 0.8874437938947126
46 47 -0.05732237031215037
46 48 0.3681918282394576
46 49 -0.5739568367234471
46 50 -0.302545315888624
46 51 -0.07261372146412448
46 52 0.45979529244968376
46 53 0.31848373788239703
46 54 -0.34426917719997685
46 55 -0.36358789654933643
46 58 0.5692086527097848
46 59 -0.5534364143052881
46 62 0.06634649425314176
46 65 -0.047092334208039155
46 66 0.3309205215177795
46 68 -0.047217340795214335
46 69 0.7989811561097067
46 70 0.014154289236287143
46 71 0.26889917908637306
46 73 -0.4404033396414846
46 74 -0.3848768538571241
47 48 -0.37359059739511813
47 50 -0.9904742970974956
47 51 -0.5023314886798231
47 56 0.32540148346538045
47 57 -0.6535817645602167
47 59 0.33841276738485204
47 60 -0.3540746934628132
47 62 -0.16663157280427732
47 63 0.0345826786197827
47 64 -0.6344556585263774
47 65 0.1892258459366276
47 66 0.9640605963203286
47 68 -0.4491994851134571
47 70 -0.48427603446490974
47 71 0.9232007502665294
47 72 0.9146547235187319
47 73 0.9839482974709644
47 74 -0.10536717320966793
48 49 0.34543916448591094
48 50 0.4442248795604993
48 51 0.8084555721560538
48 52 -0.003441144746945346
48 53 0.8577218653418404
48 54 0.15406585694573227
48 55 -0.4167982373612267
48 56 0.5581309126362648
48 57 -0.29780225780599934
48 59 0.168725793429366
48 63 0.5639346103053311
48 64 0.306430533029598
48 65 -0.6141185936322393
48 66 0.3584976455798057
48 67 0.6559308038233891
48 70 -0.056727870374548184
48 71 0.19592079820226238
48 73 -0.3117342387172737
48 74 -0.7879066214210495
49 50 0.8592490890473388
49 51 0.641260968900186
49 52 -0.6523259143479987
49 54 -0.7585851653167588
49 55 0.43039197156672127
49 56 -0.354632979373219
49 57 -0.007890222602770613
49 58 -0.7359283181927712
49 63 -0.8835308941083782
49 64 0.8425096927478077
49 65 0.7301220991834689
49 66 0.11465611231956618
49 68 0.9809540339420877
49 70 0.39875581420309447
49 72 0.4419705080882823
49 73 -0.6626238468300196
49 74 0.6376533460959342
50 51 -0.6165035484693591
50 53 0.2551473151331676
50 54 -0.3338584976805006
50 56 0.4351458441484508
50 57 0.4402545864627241
50 59 0.5038046359126747
50 60 0.30051231235251863
50 62 -0.23122204826395998
50 63 0.8459862171081494
50 65 -0.4480158266874208
50 68 -0.5727421293337407
50 69 -0.03362450538084438
50 70 0.007387574693402454
50 72 -0.6596822684022139
50 74 -0.508387258980403
51 54 0.4812478410395775
51 55 0.9511675254525265
51 56 -0.737589214075028
51 57 0.07041216565000363
51 58 -0.8661798355519263
51 60 -0.8001689052689376
51 62 -0.44626398879836504
51 64 0.5019209745657671
51 65 0.2672785781931284
51 66 -0.27233860616238825
51 67 -0.6029819274920747
51 68 -0.5052475857564602
51 70 -0.152005896371882
51 73 -0.6394754304134493
52 53 0.7171500586278212
52 54 0.22961048014025054
52 55 -0.4167736068416843
52 56 0.1345763729310998
52 57 0.9165494416557558
52 58 -0.960066382667988
52 59 -0.5745685191372134
52 61 -0.6358867835776407
52 62 0.057516976522292707
52 63 0.4830676140038215
52 64 0.3007466244353336
52 65 -0.7666521667864188
52 67 -0.46713821062537386
52 73 -0.026690325837356088
52 74 0.46600358866212255
53 55 0.2541400617296887
53 56 -0.4718906419713764
53 58 0.7275933901491667
53 60 -0.07045133884403287
53 61 0.02105689358733298
53 62 -0.30485105358379627
53 63 0.7409574282546232
53 65 0.41336047201910997
53 66 -0.5835379442788227
53 68 -0.07353060656347599
53 70 -0.2270525906380838
53 73 -0.3121593355011416
54 55 -0.713772996424884
54 56 0.7394050718625214
54 58 -0.0808683821636278
54 59 0.2883219555127541
54 61 0.2737501021222466
54 62 -0.6068292681478005
54 63 0.7795549589900161
54 64 0.5097872622110213
54 65 0.05078781340236671
54 66 0.20710532141011395
54 67 -0.6634236252408832
54 68 0.6753955861264405
54 69 0.8465375326132956
54 70 0.11688546190272375
54 71 0.34815692276087895
54 72 -0.8120729803583013
54 73 -0.788222438283539
54 74 0.3249467534982946
55 57 -0.20828181662564305
55 62 -0.6735624925830637
55 63 -0.07396332700003261
55 65 -0.03030689445322121
55 66 0.7327911665144993
55 67 -0.3014289340845544
55 69 0.5855559178887433
55 70 -0.7196206555262372
55 71 0.02834358421719374
55 74 0.8493574151308685
56 57 -0.6469123915473121
56 58 -0.886829334700143
56 59 -0.9768957639089351
56 64 -0.9286851679440156
56 65 0.7691934035738832
56 66 -0.07408629740983841
56 67 -0.30460551327257623
56 68 -0.23026510050166782
56 69 -0.8976628377355071
56 70 -0.3715052764005442
56 71 0.7869227636068241
56 74 -0.9656829940687934
57 58 -0.006368415423149143
57 60 -0.6737076580326202
57 61 0.7141642002471247
57 63 -0.5767359462391333
57 64 0.38918996944146267
57 65 -0.9311063470101777
57 66 0.6138467326000714
57 67 0.33459569727903427
57 69 0.7521452441563732
57 71 -0.051299102099990224
57 74 -0.0751846401407903
58 60 0.9330496751435193
58 62 -0.9256680102785657
58 66 0.09504652997259666
58 67 0.07683057639785207
58 69 0.34549985202361433
58 71 -0.05660856598934427
58 72 -0.7432440363687187
58 73 -0.3547679005448596
58 74 -0.3320405084914868
59 61 0.666471012390158
59 62 -0.9017693107480071
59 63 0.44839390390605627
59 65 -0.17334097551567784
59 67 -0.8266779858683018
59 69 -0.8227564435989281
59 71 -0.4954459369025497
59 72 -0.31800096707970416
59 73 0.17587427747753503
60 61 -0.430800143731743
60 62 0.12894567361809006
60 64 -0.21339648563993863
60 65 0.4142198701059896
60 66 0.8230273819387683
60 70 0.953747335914334
60 73 -0.2195974136021468
60 74 -0.486539736205291
61 64 0.09566655113743239
61 65 -0.452754442965732
61 66 -0.1247317836175057
61 67 -0.3802938286412716
61 68 -0.22359697861346217
61 69 0.18478309181983543
61 71 0.7014956823333587
61 72 -0.7493786532999778
61 73 0.812650347418961
61 74 0.31009456257943446
62 63 -0.6158546601114383
62 64 0.7522233692637419
62 65 -0.7666115940524394
62 66 -0.5490037057331951
62 67 0.8078211307449557
62 68 0.6557240557828878
62 69 -0.20808008080455132
62 70 -0.24988526677290057
62 73 -0.5687524948159726
62 74 -0.19360346475892554
63 65 -0.5887078883644923
63 66 0.5566955748375038
63 67 0.8949786464105962
63 69 -0.833175880902945
63 70 -0.1324105800773363
63 71 0.5692955962763149
64 66 0.9381363908802425
64 67 -0.020509719911477875
64 69 -0.3404691183361106
64 70 -0.4645164359288898
64 71 -0.1065799970259742
64 72 -0.5372736353658742
64 73 -0.09607057563242316
65 66 -0.01235506007446907
65 67 -0.621761297127571
65 69 -0.7852691997466175
65 70 -0.9939827603172209
65 71 -0.4313756934843338
65 72 -0.7239832025417547
65 73 0.9271127047118719
65 74 -0.5458088337997309
66 67 0.461824958415864
66 68 0.17552697282843188
66 69 -0.743333495374612
66 70 -0.09834137266348075
66 72 -0.8470828027351991
66 73 -0.24606840966840426
66 74 -0.13703339664204583
67 68 -0.7376067435771136
67 69 -0.39175272004897055
67 72 0.5718241421740331
67 73 -0.030857421288454256
67 74 -0.020638581738301243
68 70 -0.36043826660895095
68 71 -0.9874205125518993
68 72 0.14508759956572415
68 73 0.33282585264034115
69 71 0.6866787526858034
69 72 -0.2336992477147526
69 73 -0.9948394493285959
69 74 -0.5778159333452639
70 72 0.14184041933981906
70 73 0.015055901177863484
70 74 0.6102682584632444
71 72 -0.6621409235864284
71 73 0.6726729786335808
71 74 0.08178160395070422
72 73 0.3301090220171288
73 74 -0.7470323266670917
