75 555
0 0.8489039966759373
1 0.6936873748291577
2 -0.2956992847113358
3 -0.6717088292278901
4 -0.7730538962946645
5 -0.39115534711063327
6 0.5717269987998328
7 -0.8266124818213134
8 0.17006829288409864
9 -0.6061652367357735
10 0.8924683717562236
11 0.909962549585627
12 -0.10543960413904241
13 0.7617557647130286
14 -0.3800840017025593
15 -0.9007905672177405
16 0.4696638276789926
17 0.8870364840529497
18 0.9196824040062745
19 0.04850569240897751
20 0.22896172893722722
21 -0.7697187777579999
22 0.3639848218404249
23 0.012912999485478194
24 0.01929987287622459
25 -0.02322079051392434
26 0.46697663687671054
27 0.11408175961330724
28 0.6753536701387435
29 -0.8123782221201408
30 0.35974530887707634
31 -0.18130827133444383
32 -0.4620061475823656
33 0.10542261839417777
34 0.7479629608944351
35 0.5237318643157327
36 -0.5836698080482063
37 -0.21237876003192668
38 0.8057802328071917
39 0.20653699498746492
40 0.36655522646170957
41 -0.6366770085021092
42 -0.6369069936187004
43 0.445394868642524
44 0.8493835995710786
45 0.5083234285549156
46 0.21707018339492534
47 -0.9516545089337802
48 -0.17886265093721399
49 -0.8350701155989222
50 0.8952040024061212
51 -0.558537477796782
52 -0.1881041240606165
53 -0.49828905828885284
54 0.6316024574150794
55 -0.6648216251180108
56 -0.04843694757623518
57 0.6380381667288417
58 -0.5559981716705653
59 0.5851279405871652
60 0.20541477238901207
61 0.10792767978681828
62 -0.875230268722603
63 0.0164103532494424
64 -0.27647000702567137
65 -0.5444272126079976
66 -0.13174121861068855
67 -0.7130109068602701
68 0.24298271092657187
69 0.14107102619651224
70 0.619421107356571
71 -0.3922884226709351
72 0.5332992742515297
73 -0.7432602858924633
74 0.46448739595350386
0 9 -0.3912895594306418
0 28 -0.7297020452637435
0 29 -0.40796463937318705
0 30 -0.5751992183910379
0 31 -0.1221187137849411
0 38 0.8109966941671154
0 54 -0.8959907795732396
0 58 -0.8189550598042161
0 63 -0.17504319642348976
0 67 -0.6637797803791134
0 69 -0.05402962438225645
0 70 -0.011819567920189566
0 71 -0.134190087225587
1 5 0.5591838202404138
1 6 0.7651900583290738
1 7 -0.8587197886340225
1 10 -0.09345121799204059
1 12 -0.8796179742417958
1 14 0.2196385183684777
1 19 0.19325200057230774
1 24 -0.4992039748464976
1 25 0.049741348327250634
1 31 0.6997691691888217
1 35 -0.4718093915105086
1 38 0.7535639815670112
1 39 0.5416835785363188
1 41 -0.6169129473020465
1 46 0.3068039587508391
1 52 -0.09569039229772947
1 56 -0.5607724019216043
1 62 0.5376670146546187
1 73 -0.4376889435115472
2 3 -0.17486004163784163
2 6 -0.658033315136372
2 11 -0.13467491923536068
2 12 0.8889404167845087
2 13 0.45304072878815704
2 14 -0.38838939992860366
2 20 -0.9910695715878937
2 21 -0.43690407005649545
2 35 0.34944929369632693
2 36 0.9372072309993693
2 38 -0.02723427622918262
2 40 0.5816004985509502
2 42 -0.007366727514941829
2 46 -0.08700433069084057
2 53 -0.29396458966916006
2 55 0.48806483329257255
2 61 -0.24051858033795748
2 69 0.6450434441003674
2 70 0.651752132051554
3 9 0.621389054691281
3 13 0.6458215947996593
3 15 0.7813797973265717
3 16 0.8599260628942882
3 19 0.6424426727620494
3 23 -0.2813699039808244
3 27 -0.7600265356018876
3 33 0.955930501501147
3 34 -0.611817673145018
3 35 -0.6089454699051411
3 36 -0.5538023543921091
3 37 0.804354469078921
3 44 0.6907994593398556
3 63 0.5864147495459737
4 6 0.17762759853138022
4 9 0.02519720078193788
4 31 -0.6414429353506039
4 39 -0.8661664931264115
4 41 -0.2810901386111606
4 43 0.8281164014367655
4 46 0.7434125225246802
4 50 0.04182959125643615
4 58 -0.7985046093715289
4 59 0.438173930931929
4 69 0.6850484347091159
4 72 -0.930502952313826
4 74 0.6665774053411502
5 7 0.5457824709699832
5 9 0.5162657582646548
5 12 0.29835945885433546
5 16 0.69938713509568
5 30 -0.4152916044268471
5 31 0.6788710330662933
5 33 -0.1646020480706476
5 36 -0.8953072703393934
5 48 0.9143725205103606
5 55 0.23813403794736487
5 60 0.11511405309016198
5 61 -0.45031155263394007
5 63 0.5440161240553651
5 69 -0.553628182737298
5 71 0.8681993115878606
6 15 0.8323889514421816
6 31 -0.08462145196988535
6 33 -0.6867104116193579
6 35 0.9144499548021088
6 37 -0.6371248186304004
6 47 0.15222530990064054
6 48 0.8491342728277069
6 51 0.34462971190929625
6 52 0.08377038537201886
6 54 0.7581876542375843
6 61 0.38895414735400036
6 65 0.13561392418549523
6 73 0.1259336912935225
7 10 0.9504698786936587
7 13 -0.6766936106033394
7 15 -0.4815710772536843
7 20 0.4729219217850056
7 30 -0.08498925891795728
7 31 0.33564466138304727
7 43 -0.5201677947576255
7 47 -0.7595009706577853
7 58 0.27714192240185986
7 62 -0.8436525762974072
7 66 0.5891178291362658
8 20 0.355601047453336
8 24 -0.6229150711412468
8 27 -0.5199711365262472
8 29 0.43741863155141614
8 38 0.20482550746124484
8 40 -0.4938112568039499
8 45 0.8851571589958447
8 46 -0.4262156432893842
8 50 0.8847208839601861
8 55 0.970214252159052
8 58 -0.08090733919633464
8 69 0.9223543314234663
8 70 0.0817744934418454
8 73 0.943173426425201
9 11 -0.04561374564843135
9 24 -0.6511562276145326
9 25 0.6977296424460067
9 31 0.479376560086358
9 33 -0.49497164223582146
9 34 0.6398315046627676
9 39 -0.29030871607929276
9 43 -0.26211529332315164
9 45 -0.3847815577931528
9 54 -0.36036267864392313
9 59 -0.9687358402745694
9 60 -0.7799522444688787
9 62 -0.6279863664121763
9 69 -0.12758739018104737
9 70 -0.5234168568234878
10 12 0.5845093654627764
10 16 0.7210695357407084
10 20 0.20757676224669064
10 56 -0.7923995082845701
10 60 0.5788226874529503
10 62 0.13126915851297882
10 69 -0.8150132385321025
10 73 -0.7495936796383202
11 16 0.659790326983422
11 20 -0.24222778437140002
11 31 0.987369482999161
11 34 0.5903438253174214
11 52 -0.8227084243283873
11 56 -0.8254652995578109
11 57 0.7549621842857104
11 58 0.4624338168423643
11 61 0.7269307504799152
11 67 -0.5209104546350491
11 69 -0.6811184689839909
11 73 0.57997902234427
12 15 -0.0934364480755101
12 18 -0.17690453462297828
12 23 0.1683423211727233
12 31 -0.8440712155423813
12 33 -0.8844732774868354
12 36 -0.3588848255376269
12 46 -0.5511018668427126
12 48 -0.41278653660038667
12 50 0.7839283761358249
12 54 0.031979836273545725
12 64 0.4840217011016714
12 70 0.6418980881790515
12 72 0.3544245549640701
13 17 -0.11818587917143875
13 18 0.6439338334521885
13 26 -0.2197132180075343
13 29 0.2522953904888954
13 32 0.6277578741816008
13 35 -0.10469811170854881
13 37 0.05148656837684551
13 39 0.9313994764331663
13 50 0.9283333190078276
13 52 0.4653680351053584
13 60 0.3394183310084089
13 62 -0.8296208924300505
13 64 -0.8692570080321973
13 66 0.38454889727285724
13 68 -0.17554338448369777
13 69 -0.5084683658438958
13 71 0.0865879218967498
14 15 -0.47500863929664794
14 23 0.8977603603561894
14 28 0.2397759675704656
14 29 0.7881528156172519
14 30 0.05523712845629847
14 33 0.9864445642433735
14 59 -0.30199406996194256
14 60 -0.2565601942455187
14 61 0.9869481179650856
14 68 -0.9839121635563861
14 70 -0.6773260158517147
14 74 -0.22482503292298195
15 21 0.4122496768238133
15 25 0.2881576511079371
15 27 -0.0789848158827644
15 29 0.9238357339338119
15 34 0.9556996021896302
15 36 0.8722081117105218
15 45 0.25833279878801907
15 47 -0.34075769656874955
15 49 -0.41289842986795966
15 58 -0.552159961717752
15 61 0.20942404558447913
15 66 0.8142510241859471
15 67 -0.3338394170533028
15 72 0.13545613606942508
16 30 0.025564634732394342
16 37 0.4342737947797455
16 38 0.501563283381445
16 41 -0.834612469717626
16 46 -0.7468675661723823
16 48 0.2128794556595457
16 54 -0.900463034655981
16 57 -0.9997052368026125
16 58 -0.5582216973372691
16 61 0.6899851387523785
16 64 0.29493019964154144
16 70 0.05445846899498408
16 74 0.7532244384871276
17 31 -0.7349098925107744
17 32 -0.6465086414972527
17 33 0.6471771624015712
17 38 0.09222993004430302
17 40 -0.5600887436164601
17 45 0.7364026989086754
17 61 0.2992880933608866
17 74 -0.40402464165416996
18 24 0.1544881487368448
18 25 0.2707908441595588
18 33 -0.26590097326618767
18 36 -0.2092830138106203
18 37 -0.8671791627747916
18 40 -0.5158023001441872
18 43 -0.04037029558685745
18 48 0.12198717445301344
18 50 -0.540510679719538
18 53 -0.5967419726072918
18 56 -0.8290713249288679
18 67 0.7179067780582651
18 68 -0.8009182895623537
19 20 0.35161637934489587
19 42 -0.9343768969328672
19 49 -0.5041318297597079
19 55 0.9526094909728096
19 58 0.18738105114985748
19 61 -0.6790695391243098
19 62 -0.9306269885750245
19 64 0.5474532315351797
19 70 -0.20834153647187637
19 72 0.15044142035578112
20 22 0.058159276295242535
20 25 -0.9989146353326372
20 31 -0.7463447012360012
20 45 -0.4146405086654614
20 46 0.9112216934484632
20 47 -0.12104269337869344
20 52 0.3954658279040637
20 54 0.9039154645154879
20 62 0.83490830196657
20 69 0.0025304732136330887
21 41 -0.6327279092631308
21 52 0.8815264091196577
21 56 -0.14124838362316994
21 61 -0.8904440898128492
21 69 -0.6927994627288419
21 74 0.6822240695723594
22 26 -0.0036846789106581568
22 29 -0.6490002519014086
22 34 -0.12166617902978794
22 36 -0.6668166318464359
22 42 -0.04886443049183886
22 43 -0.5040415304260246
22 46 0.15415219550179793
22 49 0.023323358083156442
22 58 0.9041042751888699
22 67 0.7445323067088461
22 73 0.4277425129661694
23 26 -0.08893699148016432
23 28 0.7696379321913134
23 30 -0.7587043328496048
23 36 -0.6188383114185547
23 41 -0.12462701562973355
23 42 0.8088817937345971
23 51 0.46810380298519605
23 57 -0.42030645698995617
23 61 -0.8930618890226234
23 62 -0.3602940413442841
23 68 -0.37072854514632936
24 30 0.01732746624480397
24 36 0.46972126495550004
24 37 -0.2518386521607605
24 38 -0.2500213450337718
24 42 0.02723051295089607
24 52 -0.7207667070945707
24 53 -0.9759878107217153
24 54 -0.09594604260799566
24 55 0.35909362862263583
24 56 0.07881460725845635
24 58 0.8804195254855467
24 61 0.053788562321702704
24 62 0.6357255319401647
24 65 -0.4220010490895665
24 73 0.6156061796754602
25 37 -0.08325382098848366
25 39 0.01564330687365767
25 41 0.8404586588399161
25 45 0.07196747623181099
25 51 -0.5683637386839941
25 61 -0.8088010058623267
25 64 -0.18501784055931503
25 67 -0.13052922845784143
25 74 0.7813143673262002
26 42 0.5368486579153113
26 48 -0.409528174304884
26 64 0.38750684494705756
26 72 0.6948883835576936
27 32 0.02873100101348136
27 33 0.5669468125342743
27 37 -0.563341660057836
27 38 0.3772415852725819
27 49 0.16562841833846376
27 51 -0.6866784333426579
27 57 -0.6600259911597439
27 63 0.8281637825684234
28 32 0.6861338090777727
28 40 0.5092798876437479
28 45 -0.6041946642492324
28 47 -0.1146141830686167
28 50 0.7699200222700051
28 52 0.5563479755680651
28 58 0.3166434832839393
28 61 -0.4176479861196687
28 67 -0.310172210287055
28 68 0.38171433166776003
29 33 0.5780441094986668
29 35 -0.1869468967198351
29 38 0.043406929172458364
29 48 -0.8649910668362732
29 51 0.7041377045087811
29 55 0.5396864444650409
29 56 -0.09054091505375417
29 63 -0.534590621134398
29 67 -0.39500482459774
30 39 0.5385990132692304
30 41 -0.8743103619983066
30 62 0.4895336570499327
30 63 -0.8531554489131641
30 67 -0.4664974339204804
30 69 -0.3769526277055695
30 70 -0.7945515781948418
30 71 0.4204001482025357
30 74 -0.3562393975143032
31 32 -0.31024807590067804
31 33 -0.7989894957489239
31 39 0.3668521741902313
31 40 -0.6392247072311765
31 44 -0.8887375803907673
31 60 -0.24694534170096616
31 63 0.8990966797294466
31 68 -0.7568752687352149
31 70 -0.6526657735995209
32 39 0.3046602351283536
32 44 0.5112026848121776
32 63 0.20525785717391876
32 64 0.8040500416114178
32 69 0.44438629941599106
32 72 -0.3322734069674409
33 34 -0.3054039462093552
33 39 0.7624177299161135
33 44 -0.3247678630201667
33 48 0.2184561726075791
33 55 -0.888113910652554
33 70 -0.3267853951790052
33 72 0.8153413949800077
33 73 0.8172060504511205
34 36 -0.7634343545888211
34 37 0.03393740697756242
34 42 -0.748183772681644
34 51 -0.20637501688414828
34 52 -0.5783661434004566
34 56 0.2617499578092821
34 59 0.19733566796963964
34 60 -0.8275664386302619
34 66 0.4876432392238459
34 74 -0.030920233350775428
35 43 0.8366499023668035
35 45 0.4085944112480595
35 48 -0.4214336857010508
35 53 -0.2846722928381624
35 58 -0.6820271168547785
35 68 0.9631053396022711
35 70 -0.9318459875652807
36 38 -0.08551994566062793
36 39 0.5205703030342785
36 47 -0.018985180483047648
36 60 -0.8833190490531644
36 62 -0.9648419298211881
36 64 -0.723574710317465
37 40 0.7530919569721652
37 45 0.9066282497758646
37 50 -0.29882252148204036
37 62 -0.07608405152347375
37 74 -0.34265362268485156
38 43 -0.3829784520938184
38 46 0.23958984859073462
38 49 -0.7132030633573347
38 53 -0.11549635610051201
38 55 -0.6500796209375093
38 56 -0.3354571067797767
38 57 0.21699464290616444
38 59 0.2773619023423253
38 61 0.9646950822010387
38 65 0.15114863932736644
38 67 0.8436895262539488
38 68 -0.6490007999130081
38 71 -0.23725093213962545
39 41 0.43324448825454076
39 45 0.5724930924580545
39 46 0.7710131154692725
39 55 0.20788351355522017
39 56 -0.4847874445437097
39 63 0.970963387885523
39 66 -0.8247041753999698
39 72 -0.8244171832967637
40 42 -0.38258520883931046
40 45 0.7878544791269826
40 51 -0.7942704698727505
40 52 -0.9316121940957112
40 54 -0.6167715024554401
40 60 -0.7259682764333584
40 61 0.07471399332262285
40 66 0.8201402100014803
40 67 0.5883542514253475
40 73 0.040844893214589506
41 42 0.45813139237844736
41 48 -0.9124223088879637
41 65 -0.43542201061975283
41 72 -0.26816252090590886
42 50 0.804118971153797
42 52 -0.6707474152520103
42 53 0.7997211138685489
42 58 0.3364863741928934
42 62 0.9776003773130024
42 64 -0.6112061962364013
42 65 0.34147524895562764
42 67 -0.39400410749454373
42 71 0.721615211366534
43 45 -0.17849727697134976
43 47 0.04533688642851086
43 48 -0.7392257333713783
43 53 0.9862438931774351
43 56 0.7981987155970642
43 58 0.5926674463260126
43 63 0.05403389649237611
43 72 -0.5750479652473264
43 74 0.41314291866322184
44 65 -0.34316623031300986
45 47 -0.48041722162462475
45 50 -0.43673673586575457
45 52 0.14517865207321434
45 60 0.73557946302784
45 63 -0.273236760414612
45 64 -0.8213354375313093
45 72 0.22215135215034798
45 74 0.7398465398093121
46 49 0.868560512212881
46 53 -0.9192505101126518
46 54 0.809757813011807
46 56 0.3237084602487621
46 65 -0.5734433731039921
47 54 0.43435327065943286
47 61 -0.31155795702423195
47 62 -0.053997225966682105
47 71 0.052444996866747084
48 49 0.9717927137488103
48 58 -0.44178526412907004
48 61 0.7701732222469664
48 66 0.27260085196784867
48 69 -0.5804115411345483
48 73 0.9923697158944558
49 53 0.9858266645262119
49 54 -0.6417466246456238
49 59 0.25440368175598316
49 61 0.05303790965445221
49 64 0.2741282949117996
49 72 0.02707271626857155
50 53 -0.046221480867596254
50 56 0.8817561542158214
50 72 -0.5743103931272078
51 56 -0.8427422915966316
51 59 0.5766980629568235
51 62 -0.2440898635043416
51 67 0.031960491542800895
51 69 -0.44447084848597385
51 74 0.6273662838906946
52 56 -0.33564904074688084
52 58 -0.5298214403944328
52 63 -0.09983660756386303
52 73 -0.26538380988854215
52 74 0.18520309434936433
53 56 -0.8832294550400837
53 60 -0.49013667577947273
53 62 0.7869993781711333
53 70 -0.2904095658600181
54 64 -0.6518355484241241
54 67 0.7545007714449046
54 72 -0.03251369671360149
55 58 -0.5784385608734146
55 63 0.4919417703063327
55 66 -0.7420504645227799
55 68 0.49665416194066303
55 71 0.9750772712494638
56 57 -0.7381977936124626
56 69 -0.857679839986724
57 66 0.24589910760322775
57 67 -0.7330589778283034
57 69 0.9095416394953493
57 73 -0.10822786196986578
58 63 -0.2594853547840781
58 64 -0.1192073117180441
58 67 -0.6206563953452076
58 70 0.5563293386872761
59 73 0.5442456403820766
61 69 0.5394753299585884
61 70 0.5499429869525925
62 63 0.6399081361301104
62 67 -0.34052511591434786
63 71 0.5201498000229625
63 74 0.9391063653328655
64 67 0.72134856452525
64 68 -0.49917500627189515
64 72 0.012356912616806826
65 74 -0.6864712729322509
66 70 -0.3227642986854018
66 72 0.592565963234392
67 70 0.36692410829559186
68 73 -0.6749677041892261
70 71 0.8558863557614969
70 73 0.88137741509257
