75 2197
0 -0.0023048750754457448
1 0.32584067254360294
2 0.2538953642229971
3 -0.7448148544455742
4 0.42648820535331966
5 0.5989846323185919
6 0.5630109929265572
7 0.23653895382997248
8 0.6595134462830834
9 0.25369175102146535
10 -0.5084023519861294
11 0.3811069835828267
12 -0.5194530384875493
13 0.8314124901916595
14 0.07266606993171432
15 0.5788332795737112
16 -0.3361045932362874
17 -0.25859271442573806
18 0.1501639666005692
19 -0.7225059303460128
20 0.7418306851039831
21 0.17217741137039488
22 0.5832643624479523
23 0.10976220140062165
24 -0.005455218246608995
25 -0.20845900501850023
26 -0.906455905953973
27 0.38260773758920874
28 -0.04937104054236219
29 0.24143748006696275
30 0.8628585010829739
31 -0.875666438108001
32 0.2931147051375318
33 -0.47156149284263815
34 -0.30570588129714493
35 0.7322291434048669
36 0.4637513969624565
37 -0.3652595467413322
38 -0.8828915295045778
39 -0.20403272030003006
40 -0.6338554560157494
41 -0.16420966794269254
42 -0.2180053232286412
43 -0.697350034809578
44 0.7911714691875147
45 0.39815447287221883
46 -0.8644318219651137
47 -0.5772166025876613
48 0.15387428152639537
49 0.2105731786105216
50 -0.42549590912060764
51 -0.9005599122016703
52 0.03241227216163001
53 0.8731842235957812
54 0.9994341834711375
55 -0.39708996289230325
56 0.46254411765204395
57 0.1945812132476532
58 -0.6328264457915989
59 0.8733852447552746
60 0.7086094512500756
61 0.0760179946164048
62 0.1310190075044
63 -0.45444430969848537
64 0.39088533062709363
65 -0.49221042745116583
66 0.3282855660717714
67 -0.21691297011762023
68 -0.9230954101795608
69 0.42588405004707597
70 0.849689466269709
71 0.2265978608366659
72 -0.09021091383191959
73 -0.3585937592487385
74 -0.7839214518211861
0 1 -0.8475985003682922
0 4 -0.5152138236391568
0 8 0.4799088427154292
0 9 0.14245119331230405
0 10 -0.3768825030522931
0 11 0.8079122015662745
0 12 -0.07541392482183484
0 13 0.023551908435713642
0 15 0.3666971626455331
0 16 0.3843583298664621
0 17 0.4217409734363773
0 19 0.5929087381463265
0 20 0.062071237172773186
0 21 -0.579116904820909
0 22 0.5126427487571716
0 23 0.6784630943156593
0 24 -0.007813371424394644
0 26 0.3787651975010553
0 27 0.8470742455163915
0 28 -0.3562979720165462
0 29 0.5324201866509273
0 30 -0.794189019473285
0 31 0.6765001710536562
0 32 -0.3377430956995444
0 33 0.7416366350104633
0 35 -0.9532260324321189
0 36 0.962058533495485
0 37 -0.07748576212244296
0 39 -0.23787692133509775
0 40 0.8559205511819101
0 41 -0.2956868477442991
0 42 0.9802308745262964
0 43 0.3654240653052878
0 44 0.40178080980730124
0 45 -0.5422379073037582
0 46 -0.19132412523346543
0 47 0.19769856973332534
0 48 -0.7521837774881042
0 49 -0.17132628983441678
0 50 0.09335521567099914
0 51 -0.9639385216763354
0 52 0.1186722218470595
0 53 -0.32927327325765976
0 55 0.3540803080580701
0 56 0.49448858486975245
0 57 -0.366698849396075
0 59 0.7602808013410869
0 61 0.9104416641962438
0 62 0.29195865907441787
0 63 -0.415056158769179
0 66 0.5682075388955803
0 69 0.6692160325018526
0 70 -0.7546588059229136
0 71 -0.17129152970213934
0 73 0.4130388462085224
1 2 -0.7467913077227935
1 3 0.24387864936815862
1 4 0.04151480539852881
1 5 0.9004495072759655
1 6 -0.8767150075009138
1 7 -0.5720571060004445
1 8 -0.8655322098379827
1 9 0.5024781980718418
1 11 0.42532632435100703
1 13 0.08651020957055144
1 15 0.3917037007677724
1 17 0.7552587725126452
1 18 -0.6338581144174953
1 20 -0.9302258694406453
1 21 0.7672423737320084
1 22 -0.8657664010396326
1 23 -0.5728666717095086
1 24 0.819084007197072
1 25 0.377781365930135
1 26 -0.7376414537598226
1 27 0.7729450159382398
1 28 0.4847916065596698
1 29 -0.3224993026968226
1 30 -0.23851375357700277
1 32 -0.3418861143552254
1 33 -0.8259133229441309
1 34 -0.6888830986356547
1 35 -0.9818903586824033
1 36 -0.9912874257784077
1 37 0.8814109834431259
1 38 -0.3386491729181913
1 39 0.3571503686859512
1 40 -0.3426327002497713
1 41 -0.9523088257260086
1 42 -0.4438665701691964
1 44 -0.8422779139125627
1 45 -0.6155555283377427
1 46 -0.5641546600516611
1 47 -0.30277707215783867
1 49 0.004395000580915465
1 51 0.4299139144783579
1 52 -0.522118784313282
1 53 -0.11692855792969414
1 54 -0.48585471808384373
1 55 0.21851789084016437
1 56 -0.18256888750290923
1 59 0.37438390619659523
1 60 0.5936853372914317
1 61 0.5757346598668889
1 62 -0.09763944890357168
1 63 0.5002911028418431
1 66 0.24948635844567413
1 67 0.1916780120882673
1 68 -0.665453745856299
1 69 0.9907790822841871
1 70 -0.9543033729696129
1 71 0.13668080640754687
1 72 -0.8118111348886294
2 3 0.8294393504155233
2 4 -0.13421397544532643
2 5 0.24733582684350974
2 6 -0.0681933616963224
2 7 0.36639259152894343
2 8 0.9921505787777423
2 9 0.41000577773239844
2 10 -0.2700682521084037
2 11 -0.027472195704044022
2 12 0.9595537077073364
2 13 -0.5720201319057485
2 14 0.08148576841540867
2 15 0.4701278306533687
2 16 -0.8446995349710724
2 17 0.017802079627723177
2 20 -0.7234947786798438
2 23 0.560601318841935
2 24 -0.9143803638484385
2 25 0.12173386907906214
2 27 -0.7666967653843895
2 28 -0.44787044896624684
2 29 0.11805060850989824
2 30 -0.7165587550258434
2 32 0.959951930682954
2 33 -0.11782843366993223
2 34 0.9940647586244575
2 35 0.05492151796791589
2 36 -0.6711340780738346
2 38 -0.3323461579142899
2 39 0.6306227646313767
2 40 -0.8337355113198543
2 41 -0.20973821615402577
2 42 -0.32603280622238984
2 43 -0.27753298774876356
2 44 -0.3294596738898232
2 45 -0.49338882253974314
2 46 0.23078173158142112
2 47 -0.217053229034472
2 48 0.6342701951998129
2 50 -0.9081615756965058
2 51 -0.14102210694968065
2 52 0.316487435748656
2 53 -0.4236203345958214
2 54 -0.9462752302072037
2 57 0.026040864846804235
2 58 -0.7417175465994894
2 59 0.1926304914955621
2 60 -0.7838105260958463
2 61 0.9965402402256842
2 62 0.4663792807926983
2 63 -0.10831053007605163
2 64 0.025307602547697705
2 65 0.6326880408807705
2 66 -0.4945122579380121
2 67 -0.4670824536102034
2 68 -0.8188048400152055
2 70 -0.011714831974903639
2 71 -0.13193030140591233
2 74 0.5302479458682545
3 4 0.6007164516280457
3 5 -0.9173801861585495
3 7 -0.9108819087245013
3 8 -0.12337637684281821
3 9 0.8771492898676168
3 10 0.6370289964608955
3 11 -0.8876395183523966
3 12 0.26444402459272665
3 13 0.47891218665753876
3 14 0.6131612769903929
3 16 -0.5747728176543239
3 17 -0.5998690041400916
3 20 0.6616040980261706
3 21 -0.787144277260607
3 22 -0.6462741744781468
3 23 -0.8234075982150351
3 24 -0.808087043352689
3 25 0.0780490134583387
3 26 0.7479885165830744
3 27 0.5787330672353204
3 29 0.3464372402792344
3 31 0.2638071680472507
3 32 -0.4735052361905594
3 33 -0.8552227716016936
3 34 -0.35128231611278626
3 35 0.8053844680135858
3 36 -0.43705404860090513
3 37 0.23466676544818266
3 38 0.49663401188540846
3 39 0.1748461405139281
3 40 -0.27788427275476923
3 42 -0.03264053711092929
3 43 0.8665918377375672
3 44 0.28065676828268815
3 45 0.9980964361799212
3 46 -0.23904528899046285
3 47 -0.2918013358217115
3 48 -0.02307894581297254
3 49 -0.7136934835678488
3 50 0.8126158000151702
3 52 0.5998272402784195
3 54 -0.03712880538286778
3 55 0.8770553465714817
3 56 0.1961324037057568
3 58 0.2129787462035524
3 60 0.9416626250744853
3 62 0.34731491391549696
3 63 0.4151483807970495
3 64 0.6352940860158276
3 65 0.48154026389613036
3 67 -0.6806568237773114
3 69 0.07164641987121523
3 71 0.026795937751310506
3 72 0.4536960140529025
3 73 0.021273765454954408
4 5 -0.8434551909564652
4 6 0.6294520507925863
4 7 0.7024440738818833
4 8 -0.6375611637810992
4 9 0.8420842446806105
4 10 0.6297859063977116
4 11 -0.6331488806676138
4 12 -0.337495047292222
4 13 -0.8578035499680996
4 14 0.9780760526304215
4 16 -0.05230644868182943
4 17 -0.017190883256352762
4 18 0.8601696559824166
4 19 0.231926889885274
4 20 0.7306568537554001
4 21 -0.5425577149636032
4 22 0.8060892272142977
4 23 0.22589390360954753
4 24 -0.9635614877436507
4 25 -0.7035373371746323
4 26 0.15114422408633588
4 27 0.2683347653359569
4 28 -0.9511917414685911
4 29 -0.23185158280923557
4 30 0.11408069707056279
4 31 0.7123737864341424
4 32 0.03638365649889597
4 33 0.4451555293739333
4 34 0.3910561200308502
4 35 0.6485643176133475
4 36 0.2726793724038077
4 38 0.6227924425106841
4 39 0.13209734791554006
4 42 -0.3263395936310416
4 43 -0.5097904117278134
4 44 -0.8290523950021291
4 45 -0.8623951775034531
4 46 0.13677244999791416
4 47 0.32569499662308243
4 48 0.1392594191255565
4 49 -0.6495808463731612
4 50 0.4568180287580297
4 51 -0.6829294393832894
4 53 0.5564387039466407
4 54 0.44763627885580326
4 55 0.9429175008005648
4 57 -0.658797985865553
4 58 0.2021210220362486
4 59 -0.6197188647344909
4 60 -0.36730370862547
4 61 0.01645566587195768
4 65 -0.7109384615978236
4 67 -0.3517959498157075
4 69 -0.9362970595976092
4 70 -0.16600479726022255
4 71 -0.5542706608622125
4 72 0.3197887551273306
4 73 -0.39932819544767506
4 74 0.30027727846079366
5 6 0.9010366846629423
5 7 -0.8592519956421141
5 8 0.2289924175994842
5 9 -0.031127920742266557
5 10 0.4637611890071598
5 11 0.9933396107003543
5 12 -0.6083937271697575
5 13 -0.7380148765800365
5 14 -0.3345523238417978
5 15 0.7756046109603649
5 16 -0.11524408404691999
5 17 -0.03449144114248859
5 18 0.9344582744470638
5 19 -0.48365704450778524
5 20 0.9449488010002443
5 21 -0.25980364677647394
5 22 0.26976060231043886
5 23 0.24310736854860537
5 25 -0.35675065540084816
5 26 0.034414018451888184
5 27 0.6368863409595253
5 29 -0.974758069013558
5 30 0.6137853912911699
5 33 0.6739173264351097
5 36 -0.39051020884997767
5 37 0.8377640667258044
5 38 0.17265269252235838
5 39 0.8708230073101346
5 40 -0.43016235357316535
5 41 0.7548011949681286
5 42 -0.6057147645882299
5 43 -0.18455373621417315
5 44 0.4894724074418426
5 45 0.554683946114652
5 46 0.4059161433319045
5 47 -0.4554695051994482
5 48 0.5672866093898925
5 49 -0.9902730393522474
5 50 0.8959512872875794
5 51 -0.8912960800456957
5 53 -0.6366955398769347
5 54 0.20267347457028673
5 55 0.02251064800878022
5 57 0.9227055191808693
5 58 -0.8497800131830813
5 59 -0.1448528570580343
5 60 0.8988462611387107
5 62 -0.5675696844891895
5 63 0.5178165567015172
5 65 -0.1782694033497696
5 66 0.763704149114498
5 67 -0.7861063094799536
5 68 0.08815468296588791
5 70 -0.08098929813224442
5 71 -0.6988294340051164
5 72 -0.8551727999633918
5 73 -0.1483005748126791
5 74 0.4343282551787351
6 7 0.34763683405610557
6 8 0.39072024389553106
6 9 0.5785549549379787
6 12 0.3419349087125727
6 13 -0.05539199589890775
6 14 -0.9005387407106746
6 16 -0.46213004396872903
6 18 -0.7836901584656932
6 19 -0.6114800043156225
6 20 -0.3070423647997502
6 21 0.8853006013283491
6 22 -0.821356773042095
6 23 -0.8771805936874812
6 24 -0.4787584913503926
6 25 0.24189089025197652
6 26 0.9544312028684709
6 27 -0.4174522495820725
6 28 -0.11367926175510346
6 29 0.8139149768801619
6 31 -0.07067137761276898
6 32 0.6721102661874161
6 33 0.5520063822272991
6 35 0.6572261242428841
6 36 0.43388839402607693
6 39 -0.054739755461886475
6 41 -0.9185024391935581
6 42 -0.8071759688824607
6 43 -0.966534708991035
6 45 -0.5774920299207178
6 47 -0.7939009465348001
6 48 0.5692938430442551
6 49 0.3646411500293829
6 51 0.4307086353085372
6 52 -0.15831481093328037
6 53 -0.8656538572691632
6 54 0.9402988453067571
6 55 -0.41196510313339973
6 56 0.733114639294677
6 57 -0.8801087861127055
6 58 0.6860687675126353
6 59 0.8483316074817255
6 60 -0.2926726634710537
6 61 -0.4273243074642332
6 62 -0.8350211636409004
6 63 0.6321286369056407
6 64 0.6722479047314707
6 66 0.05857089273173344
6 68 0.5506130226256674
6 70 -0.8086969499009664
6 71 -0.216471266595196
6 72 -0.48957458401612564
6 74 -0.7413169625251523
7 9 0.6571223079470438
7 12 0.2618220442760313
7 13 -0.4070831271986082
7 14 0.6871636264270178
7 15 -0.5555859578151863
7 17 0.9604248973192373
7 18 -0.5362567370865257
7 20 -0.762166717416698
7 21 -0.2459507927607314
7 22 0.5925994415715203
7 24 -0.19012259810576193
7 25 -0.8164694696712695
7 26 0.8149981381213014
7 27 0.9221775684650182
7 28 -0.9376631965329736
7 29 0.9729569188315403
7 30 -0.9789198041827016
7 32 -0.7359601274494716
7 33 0.4014309261384885
7 36 -0.6746025749893507
7 37 0.8461533271092561
7 40 0.8922530181639938
7 42 0.7187617355672222
7 44 0.6774178432361555
7 45 0.6179146791458874
7 46 -0.5293380281253051
7 48 0.40801425588871276
7 50 -0.9135729819233733
7 51 0.7625839416076894
7 52 0.7527260228341326
7 53 0.5789234592360908
7 55 0.5135621922723776
7 57 0.11331005438166897
7 58 -0.01549262261517348
7 61 -0.5891435309792878
7 62 0.4785361902176417
7 63 -0.9274726618397324
7 64 0.7479626348715023
7 65 0.8069653101069214
7 66 0.2768401055100307
7 67 -0.25942249290455277
7 68 -0.26681508274225485
7 69 0.985334495558186
7 70 0.11482633462363534
7 71 0.9483038514352164
7 72 0.35483157167938084
7 73 -0.805054518626398
7 74 -0.7709658594987048
8 9 0.7078473176070519
8 10 -0.4183131166316707
8 11 -0.36099304579006897
8 12 -0.16880519737365773
8 13 -0.5915754251102359
8 14 -0.7869114891518203
8 15 -0.03664222095416081
8 16 0.2678463364935546
8 17 -0.23651720662492703
8 18 -0.6570667891486457
8 19 0.5119527600964928
8 20 0.5603081130283081
8 21 0.026176594086741334
8 22 -0.4199290722755338
8 23 -0.22014396485913057
8 24 -0.8926016012114149
8 25 0.4619202993540297
8 26 -0.7706223301864652
8 27 0.9454472829733727
8 29 -0.24334853796828915
8 30 0.3522896524869241
8 31 0.300033613896338
8 32 -0.774618114565224
8 33 -0.8990921336587825
8 34 -0.2245266830406496
8 36 0.3398807242345576
8 37 0.22337437218093048
8 38 0.8592295034235051
8 39 0.7168281359051365
8 40 0.5867000580023105
8 41 0.19004831430484104
8 42 0.7060229452350839
8 43 -0.9461521666676629
8 44 -0.9483414342965966
8 45 -0.05003032022263776
8 46 -0.7240979686899784
8 47 0.9587567796000431
8 48 -0.1627069025962784
8 49 -0.09510608999678061
8 51 0.5073922414000507
8 53 0.29312759963927193
8 56 0.19407317690228987
8 57 -0.04138694810242205
8 58 0.36730003547172596
8 59 -0.33178353537849015
8 60 0.38797766178306414
8 61 0.10775649931168041
8 63 -0.2822844510705864
8 64 -0.31917229973359884
8 65 0.1694318054040571
8 66 0.23132171801526025
8 67 -0.3488850408449997
8 69 -0.504626887237104
8 70 -0.751804773312031
8 72 -0.385865526724666
8 73 -0.6389263340791804
8 74 0.04099300670362904
9 10 0.5433299453257923
9 12 0.28342060255301904
9 13 0.31290555090239147
9 14 -0.5345127524603193
9 15 0.009121025593003651
9 16 0.15448263510436466
9 19 0.9042885115015935
9 21 0.15274126088528583
9 22 0.36433682910913223
9 24 -0.6265394487548441
9 25 -0.6873707598194583
9 26 -0.10109185801986853
9 27 0.0515867296802921
9 28 -0.6690133516859484
9 30 0.36731851190872367
9 31 0.7220553483026533
9 33 -0.18208097063460138
9 34 0.25501896064496976
9 35 -0.4129248029100383
9 36 0.23184611426544133
9 38 0.2591696621599122
9 39 -0.0033091513438652242
9 40 -0.18052594696397883
9 41 0.937105902713439
9 42 0.08960548861692974
9 44 0.05258776670912302
9 45 0.9740099199934518
9 46 0.19810880268487563
9 47 -0.9833592714035668
9 48 -0.5970190405550619
9 49 0.4553282163076151
9 51 -0.6255872198765109
9 54 -0.09762915075438805
9 55 -0.9611742661165785
9 56 -0.7751251683018929
9 57 -0.8003885604604115
9 58 0.11905761840443452
9 59 0.9678987100285497
9 60 0.777516835962275
9 61 0.5290798053618162
9 64 0.3662499425632646
9 66 -0.9551109975889804
9 67 -0.05561805679685228
9 68 0.3576840171470477
9 70 -0.17827118815013243
9 71 -0.8162768777285021
9 72 -0.4758407557119826
9 73 -0.7369075736993842
9 74 -0.9902340278207762
10 11 0.8162797914763249
10 12 0.5630360307680069
10 13 -0.47404921480822626
10 14 0.8600093654047687
10 15 -0.5970892972793864
10 17 0.23132368363179912
10 18 -0.19867789257465307
10 19 0.22836974277148436
10 23 0.27571803613109247
10 24 0.9784822427492561
10 26 -0.8861853754948477
10 27 -0.34070171964619456
10 28 0.6262367166832532
10 29 0.7934864279909124
10 30 -0.7178160943099867
10 31 0.3721447286557884
10 32 0.7139465600326091
10 34 -0.23007962780686864
10 36 0.2503796694503351
10 37 0.6392841919738219
10 39 0.8583015026521841
10 40 0.563438806471352
10 41 0.1727254217081906
10 42 -0.7765581554983159
10 43 -0.2850414618400148
10 45 0.7001897299134008
10 47 -0.4843701665044451
10 48 -0.2279056770376453
10 49 -0.6362983839689316
10 50 -0.09186986461239766
10 51 0.6506792376517265
10 52 -0.24329538886735924
10 53 0.9144302793373593
10 56 0.13905341788079562
10 57 -0.7821445924175159
10 61 0.947935097044402
10 62 0.7619804068794465
10 63 -0.455433152900492
10 64 0.05815937795797588
10 66 -0.8247970425058972
10 67 -0.2693086381721477
10 69 -0.14108043161099015
10 70 -0.5256443925822971
10 71 -0.4847505558573286
10 72 0.43747826815524093
10 73 -0.8486445744648716
10 74 0.2887951001999607
11 12 0.45665728759407953
11 13 0.9519002843623527
11 14 -0.06438711529578867
11 17 0.911097210728502
11 18 -0.1484461602875291
11 19 0.09090286164230199
11 20 -0.6864859291661258
11 21 -0.05011794606131126
11 22 0.6185052009981771
11 23 0.9024281289459382
11 24 0.6130707721566386
11 25 -0.20526748694288388
11 26 -0.3853645168615738
11 27 -0.5702835564753446
11 28 0.42415700174834114
11 29 0.8041862386898164
11 33 0.3442771648028533
11 34 0.14168297344489633
11 35 0.9939003852853081
11 36 -0.1658664994124761
11 38 0.1293830324860734
11 39 0.23802006848586355
11 41 0.009091523438885085
11 42 -0.5657054849421737
11 44 -0.45448901410942333
11 47 -0.7597116636897867
11 48 0.3565109706179992
11 49 0.24018076945593214
11 50 -0.3568325830703809
11 51 -0.7381068768296106
11 53 -0.3073709109700127
11 54 0.606192874841839
11 55 -0.2883874064933847
11 56 0.11369490211139932
11 57 -0.8190305656111287
11 58 -0.21835389917636183
11 59 0.18424755507191826
11 60 0.2583071842636915
11 61 -0.11673938151023111
11 62 0.8018777922658611
11 63 -0.1465640170565765
11 64 -0.9801961781325625
11 66 -0.06340330026359875
11 67 -0.07664677407358544
11 68 -0.4186254724899676
11 69 -0.2987473317940248
11 73 0.8412660582242992
11 74 -0.12641392512071725
12 14 0.6608883432444577
12 15 0.3555131777160736
12 16 -0.7363616548568219
12 17 0.47859546021772204
12 18 -0.9176760527937211
12 19 0.11852851384966656
12 20 0.3885805229676329
12 21 0.9881390425934506
12 23 0.32533584701506135
12 24 -0.4817563715801585
12 26 0.8801630188060552
12 27 -0.7892602495281436
12 28 0.23426646677403862
12 29 0.8448173230508025
12 30 -0.7395061143436794
12 34 -0.9697054554233435
12 35 0.7113755569249334
12 36 -0.8547321890350841
12 37 0.21383651611676924
12 38 0.11970621435551676
12 39 -0.014943254382050464
12 40 -0.0492020369556736
12 41 0.4029506392714499
12 43 -0.8577623554910887
12 45 0.8872935793344092
12 47 -0.834920952538821
12 48 0.41447498435094876
12 49 -0.09553647635623408
12 51 -0.4812132695906046
12 52 0.5921232156696052
12 56 -0.7972047333468177
12 57 -0.547599515512279
12 59 0.33018124604128674
12 60 -0.27026515955947117
12 61 0.010197993751443812
12 62 -0.5343048230337777
12 63 0.804119173786437
12 64 -0.8947722911149234
12 65 0.463163767572516
12 66 0.03404320416890494
12 67 -0.7019169687955662
12 70 -0.7514192839514671
12 71 -0.2657736998757323
12 72 -0.312598036970382
12 74 0.373544617629878
13 16 -0.45086303554191853
13 17 0.7430403392368006
13 18 0.6712949430448758
13 19 0.3176457891590114
13 20 -0.9035773176864983
13 21 0.8463671214987436
13 22 -0.4724670622772209
13 23 0.9894332529673109
13 25 0.20449239565115218
13 26 -0.2769869260677664
13 27 0.6364818745705878
13 28 -0.9866210097537131
13 29 -0.6199336164589404
13 30 0.37214633308656997
13 31 -0.4914139199451675
13 32 0.09203582191231452
13 34 -0.45710659662575504
13 35 -0.7925109371702115
13 37 -0.6562759229094661
13 38 -0.5457389643750923
13 39 0.4541725111077044
13 41 0.22302508204813476
13 42 0.2579315282363619
13 43 0.9438897546250646
13 44 0.3940171658176759
13 46 -0.7059198307732812
13 47 -0.8052572293497293
13 48 0.17793290093691105
13 49 -0.7604615071699152
13 51 0.1921710312878242
13 52 -0.4289174565115106
13 53 -0.795610277875026
13 54 0.23870663848421736
13 55 -0.9694734963779419
13 56 -0.8251656318667882
13 57 0.9205748965304275
13 58 -0.8658928017364895
13 59 -0.4017830734270891
13 61 0.438485862065229
13 62 -0.37752361459684547
13 63 -0.7646205924097331
13 64 -0.8063636297054702
13 65 -0.6147794266760103
13 66 0.629155172048528
13 67 -0.7543890462875946
13 68 -0.43449205805699287
13 69 0.09414488598701376
13 70 0.3689319009810752
13 73 -0.37723080647731067
13 74 -0.027681269928069963
14 17 -0.6646354221902617
14 18 0.36229569801755956
14 19 0.5803779573102865
14 20 0.6871593835420668
14 21 0.8242674241640233
14 22 0.601789683875326
14 23 0.5908786421304753
14 24 -0.9084131923082068
14 25 0.8994919322034389
14 26 0.6748753410302419
14 27 -0.9655534027497878
14 28 0.23583141668474572
14 29 0.2639177587210966
14 30 0.8584625571308102
14 31 -0.16005076086662262
14 33 0.713855672637967
14 34 0.30341062681962816
14 35 0.9587632514002544
14 36 0.5285364850478156
14 37 0.4265046348985815
14 39 -0.7677843314904969
14 40 0.89482119980545
14 41 0.673665169060164
14 42 -0.7199392300633793
14 43 -0.41659574028587
14 46 -0.7290363843140313
14 48 0.6708924719036218
14 52 -0.982563870978554
14 53 0.7545002744212348
14 55 -0.8490499971018615
14 56 -0.47780580886392543
14 57 0.8387847681008114
14 58 -0.25333035157748895
14 59 0.652140998661342
14 60 0.7606379224923443
14 61 -0.05214491595487014
14 62 -0.38411925622269205
14 63 0.041744853165739615
14 64 0.45322950121765015
14 65 0.9822581527958916
14 66 -0.46329165515728854
14 67 -0.027425309228100492
14 68 -0.5447398889506567
14 70 0.8203144820383292
14 72 0.5323941900372202
14 73 0.4854656324245157
14 74 0.26899602447197046
15 16 -0.30451153820781607
15 17 0.9245348244840814
15 19 -0.9373235158069986
15 20 -0.5965577002005735
15 21 0.3425259203367046
15 22 0.5909656601121289
15 23 -0.8803414199797912
15 24 0.4314422369288413
15 26 -0.5794297345564383
15 27 0.637054645765343
15 28 -0.06851310049454074
15 29 -0.5345869875075973
15 30 -0.8470037998828197
15 31 -0.5464108774926706
15 33 0.4704852315901309
15 34 -0.1457304773159358
15 35 0.1079439712155621
15 37 0.3761925567052502
15 38 0.10001107254913144
15 39 -0.31237638615845453
15 40 0.9678103309339818
15 41 0.4283819140697731
15 42 0.3593635419807908
15 43 0.19243241628865992
15 44 0.8400639218642909
15 46 0.6961186719157393
15 47 -0.6770152521424535
15 49 -0.09591783543519572
15 51 0.1362487738524658
15 53 -0.5735501296898364
15 55 -0.06998627940546598
15 57 -0.6820849821245907
15 58 -0.07113564442769293
15 59 -0.70137305918532
15 60 0.7125328702492981
15 61 -0.3988728624281943
15 62 -0.028349258950784995
15 63 -0.4354334159356492
15 64 0.9827275410738672
15 65 0.9845622813025146
15 66 0.6357306073438884
15 68 -0.20773085933331603
15 69 0.9694692145196706
15 70 -0.614315911915027
15 72 -0.19655308967183083
15 73 -0.9837263696479477
16 17 -0.34181996316312446
16 18 0.8839717572441084
16 19 0.8414942060843851
16 20 0.40383415341352125
16 21 -0.798748393384286
16 22 -0.7309912219688888
16 23 0.20608838310851918
16 24 0.5427406711274787
16 25 0.2694814741747873
16 26 0.14140595542844903
16 27 -0.8290733413369922
16 28 -0.8483126936510614
16 29 -0.8900525641166235
16 30 -0.07067516655833916
16 32 -0.9952634481705591
16 34 0.09864491693266042
16 35 0.3947697771969616
16 36 0.9087321365177179
16 37 -0.4399588829288077
16 38 0.3342657561439857
16 39 0.9258284523923261
16 40 0.10192370942723072
16 41 0.27134640649600583
16 42 0.8264383727335656
16 43 0.18361729362118306
16 44 0.5733584251546544
16 46 -0.2699892116096938
16 48 -0.9867897599150681
16 49 -0.37055329177529006
16 50 -0.19674644954274245
16 51 0.281016432675695
16 52 -0.722504918420559
16 53 -0.7533951509221826
16 54 0.8854529742204686
16 56 0.9332773799247538
16 57 0.9330799034798627
16 58 0.7694544216185388
16 60 -0.11743674003424664
16 61 0.02970044820410167
16 62 0.9732819756811864
16 63 0.6931455955776247
16 64 0.7821680177484631
16 65 -0.5085247960912098
16 66 -0.015730288041484464
16 67 -0.6571576052444354
16 68 -0.26326577151376185
16 69 0.3510269779788664
16 70 -0.3242998968790487
16 71 -0.9337783502143102
16 73 0.911040653648667
17 18 -0.44779161830240954
17 19 -0.35351460037678994
17 21 -0.31961943718864516
17 22 -0.5236314149435639
17 23 -0.15006552807447116
17 24 0.079809751917856
17 25 0.26223752314895865
17 26 -0.9990895009164533
17 28 -0.4097748030805084
17 29 -0.41477231308316953
17 30 -0.7695666864221629
17 31 0.45295485638146626
17 33 -0.05426495069092341
17 34 -0.31742490008724067
17 36 -0.2915614910176403
17 37 0.9181736496550561
17 38 0.8801371945229632
17 39 0.1436865948342123
17 40 -0.12032554068408552
17 41 -0.24756333959086074
17 42 0.07287998810832907
17 43 -0.18836437120113092
17 45 -0.03628040724332138
17 47 0.7977184294696975
17 48 -0.9262808539577796
17 49 -0.9296767309399889
17 50 -0.06284762528078902
17 52 -0.04466348608846693
17 53 0.45330128235022626
17 54 -0.16710644280263964
17 61 -0.45641112475391443
17 62 -0.2624758661366384
17 63 0.8845954813800403
17 64 0.03580804588622
17 65 0.012718194864111299
17 66 0.12657665333319046
17 67 -0.4082608986745606
17 68 -0.3521389887165187
17 69 -0.7209575417269896
17 71 0.24810671330188372
17 72 -0.6515860700626008
17 73 -0.5166277570537021
17 74 0.8417615039988837
18 19 -0.25784640767989764
18 20 -0.5815114368187153
18 21 0.6373367259158582
18 22 -0.7970973777019739
18 24 -0.9913752762789818
18 25 -0.31494457991224056
18 27 -0.3260895288620693
18 28 -0.005165406609983325
18 29 -0.4436173071186367
18 30 -0.3970338019768396
18 31 0.426672800681964
18 32 -0.36966864588475623
18 33 0.9158559821910557
18 34 0.18064678112089894
18 35 0.3533507731490908
18 36 -0.43586701824889484
18 37 -0.05771669593745399
18 38 0.40684900369571775
18 39 0.2858471157284186
18 43 -0.4056754146188588
18 44 -0.3123448587747033
18 45 0.24908767911294127
18 47 0.38210144147517
18 48 0.942875938727443
18 49 -0.8141778587741655
18 50 -0.8087468892696617
18 51 -0.5479464434551915
18 52 0.09882568730067831
18 53 -0.3371454942754313
18 54 -0.8994816968897446
18 55 -0.6004892706505462
18 56 -0.6600731702446434
18 57 -0.058482353102842444
18 58 -0.17693601829705452
18 59 0.5150360420753561
18 60 -0.4327200995739975
18 61 0.8986186354676777
18 62 -0.49953978920562414
18 65 -0.8246910376520769
18 66 -0.6273768608844585
18 67 -0.5097263867346589
18 68 0.0038247617712363624
18 71 0.7833857386453804
18 72 -0.002641948749791956
18 73 -0.5057879786483204
18 74 -0.5360908501279211
19 20 -0.7119696329549494
19 22 0.5486797266672006
19 23 -0.4647995096780613
19 24 -0.174317797121752
19 25 -0.6601978152706356
19 26 -0.972779444849011
19 27 0.6784510334045097
19 28 0.8645471322797453
19 29 0.42423122938850977
19 30 -0.675499577654376
19 31 -0.23506797600054852
19 32 -0.3745789306458236
19 33 0.18505324354648311
19 34 0.1651245605149485
19 35 0.9515399598269427
19 36 -0.7209950031284336
19 37 -0.05265055919995443
19 38 -0.3681316808064321
19 39 0.8876860355921214
19 41 -0.2304093462165624
19 42 0.13665452681344004
19 43 -0.7396696827773617
19 44 0.3560729344011744
19 48 -0.5614985799804264
19 49 0.5033904319830567
19 50 0.8259322687461355
19 52 0.7660082237375774
19 53 -0.38257197531674914
19 54 -0.5418113421154327
19 55 -0.37484078895112916
19 56 -0.6739815308435462
19 57 -0.6365444667406248
19 60 0.8573834435017278
19 61 -0.49946268824811924
19 63 -0.7733666523131066
19 64 0.26556859213353534
19 65 -0.4165939256040181
19 66 0.4508978246510169
19 67 0.4144894188904493
19 68 0.9218949171074979
19 69 -0.19379260094215556
19 70 -0.7983803685458071
19 71 0.0038155284844538784
19 72 0.25589157541626895
19 73 -0.5102147668949042
19 74 -0.3280234825060082
20 21 0.9967816143135075
20 22 0.7338488856053345
20 23 0.17707059159956184
20 25 -0.1429887213844263
20 26 -0.25228937514084415
20 27 -0.9781608350778483
20 28 0.9543152816210041
20 29 0.7506706869537187
20 30 0.7194111968888701
20 31 0.9241868715033881
20 32 -0.051063569079756066
20 34 -0.7949568560164859
20 35 0.10341429915160938
20 36 0.7420106549268426
20 38 0.9800948359794941
20 39 0.9127359833835396
20 40 0.1202551629735833
20 41 -0.5258905096161635
20 42 0.9943919958855818
20 44 0.6299741210683301
20 45 -0.09601017004460699
20 46 -0.44198629023153924
20 48 0.19018613842548193
20 49 -0.18550855936221167
20 50 -0.512810315159854
20 51 0.07996034220964288
20 52 -0.616384021302665
20 53 0.7480407542286431
20 54 -0.9428389196778704
20 55 0.6537002445490951
20 56 -0.4683500157983691
20 58 -0.8015236516017894
20 60 -0.2731963228665544
20 61 -0.8035066808658802
20 62 0.7878243213498115
20 63 -0.7871824042832829
20 64 0.1451955960846636
20 65 -0.5293818702598052
20 66 0.22712238047751465
20 67 0.9561829713941614
20 69 -0.3215472419540999
20 70 0.9634431552325065
20 71 -0.4349394429676954
20 72 -0.13454289666082375
20 73 -0.25570752410641684
20 74 -0.18128632670029488
21 22 -0.705691432647501
21 28 -0.7595346310120421
21 30 -0.619358487613983
21 31 -0.571351515054034
21 33 -0.7953866465325576
21 34 0.23086300167051244
21 35 0.536935444810138
21 36 0.3658628421961092
21 37 -0.5829064807581916
21 39 0.29266339029248867
21 40 -0.2848571639103561
21 41 -0.33075583858375346
21 42 -0.6024534515532325
21 44 0.7789549532308471
21 47 -0.6579680492420847
21 48 -0.5820968332914846
21 51 0.06076943746469832
21 52 -0.3193198592620725
21 53 -0.5799402299512515
21 54 -0.07069694391683456
21 55 -0.4405931521447395
21 56 -0.16937026949966083
21 57 -0.4994187082115038
21 58 -0.6835967316828118
21 61 0.8232664170172441
21 62 -0.2559249439866218
21 63 0.3063181606455232
21 64 0.9433863075959108
21 66 0.48176970972039745
21 68 0.01228857660337801
21 69 -0.853386642603817
21 70 0.9834914004883171
21 72 0.8540804620139726
21 74 -0.8103073074512901
22 23 -0.7554023144378224
22 25 0.8796048365264819
22 26 -0.4193996968992819
22 27 0.5529420342361302
22 28 -0.1637539329033535
22 29 -0.49923340191222443
22 30 -0.08587487450568032
22 31 0.057480082747707995
22 32 -0.3291539591480237
22 33 -0.71476751452958
22 34 0.6908868964092387
22 35 -0.16843767939145837
22 36 0.7424763779541146
22 37 -0.0902470520596308
22 38 -0.7217902725807783
22 39 -0.7195080186742631
22 40 0.7007721189418827
22 41 -0.19340735217706873
22 42 -0.3702936493691924
22 43 -0.3600476709980567
22 44 0.07210502967895449
22 45 -0.0962219476271815
22 46 0.124672600961381
22 47 0.8116602820457368
22 48 0.3869474843920597
22 49 -0.7084064258584626
22 51 0.4056399723364432
22 52 -0.5270269645866428
22 54 0.9985349360315119
22 55 0.4505800092959329
22 56 0.6002749127813614
22 57 -0.2842681406552312
22 58 0.07234041230427568
22 59 0.6312348451605918
22 60 0.9825866584614895
22 61 -0.742148158135107
22 62 -0.22073775048676691
22 63 0.22371265044557287
22 64 0.39232890422539635
22 66 -0.3469849291943159
22 67 -0.9654059589443402
22 69 0.2500284724684838
22 70 0.3815421342449383
22 72 0.7679016473670885
22 73 -0.9255486837757771
23 24 -0.016915468093328778
23 26 -0.9187499127962302
23 28 0.026914488504603984
23 29 -0.4375330343453647
23 30 0.043596830956460275
23 31 -0.4587101055898024
23 32 -0.9931840004297958
23 33 -0.4586492351917817
23 34 0.8503057788345314
23 35 -0.5705578364595525
23 36 0.39264146175347103
23 39 0.44079823701866916
23 40 -0.5726518498005086
23 41 0.41851792318716674
23 42 0.5676024356728218
23 43 0.3862056899015147
23 44 0.464471237710363
23 45 0.2760612678038683
23 46 0.48537804453923683
23 47 0.057616226871275655
23 49 -0.2618893173914767
23 50 0.14356007314191688
23 51 0.33326026923598406
23 52 -0.9573594480873406
23 53 0.02071697311311027
23 54 0.421451457735581
23 55 0.7147274677251503
23 56 0.7258654938897686
23 57 -0.4030162381091551
23 58 0.4096622473109197
23 59 0.12628233348699536
23 61 -0.23356028161032483
23 63 -0.05128228223413189
23 64 0.5048777651242347
23 65 0.03490681713496313
23 66 -0.8915719270635576
23 68 -0.5107097924283428
23 69 0.6790839836303977
23 70 0.45753114507257786
23 71 -0.927268278412491
23 72 -0.48537361123803535
23 73 0.4829879161353898
24 26 -0.04630043435305509
24 27 0.58473367094432
24 29 0.31612155299728273
24 30 0.18052965519356556
24 31 -0.30996483506809236
24 33 0.5465941542296646
24 34 0.6372787869347578
24 35 0.3693613654272654
24 36 0.016179275684875538
24 37 0.09034709484376813
24 38 -0.24207264174452914
24 39 -0.3967689400849772
24 40 0.9137353772091734
24 41 -0.04652658561504208
24 42 -0.2216950424653943
24 43 0.07707726987181385
24 44 0.4311711926036008
24 46 0.9095334917126796
24 48 -0.5916719822076233
24 49 -0.9356289333427996
24 50 0.785107046863111
24 52 0.3854863670293023
24 53 -0.7137490121292218
24 54 -0.7396136687226202
24 55 -0.32734288544836465
24 56 0.6219586894751636
24 57 -0.2947510816916996
24 58 0.407700888317005
24 59 -0.9193656257430125
24 60 -0.6355324721295237
24 61 -0.4276880582808167
24 62 0.8435626739304629
24 63 -0.289222137988022
24 64 -0.29445395658110707
24 65 0.5092488534437447
24 67 -0.4576407477736284
24 68 -0.24171020907807317
24 69 -0.5543720500240834
24 71 0.9739639136120821
24 73 -0.35117891404331125
25 26 -0.44224569749026177
25 27 0.9920998542833561
25 29 -0.9548279922365217
25 30 0.4441942152184566
25 31 -0.3135740680344976
25 32 0.2355571981411282
25 33 -0.22948335984660484
25 34 -0.06522394038607549
25 35 0.7733751180782729
25 36 -0.6678577487861082
25 37 0.9325752024732363
25 39 0.37807109886474977
25 40 -0.38291050437789553
25 42 0.3333339256819574
25 43 0.5840712959403882
25 44 -0.8433793946824013
25 45 -0.5238038256143693
25 46 -0.06189997564633143
25 47 0.3971580994302224
25 48 -0.9014783667607007
25 49 0.9734765060422221
25 50 -0.6371629156928833
25 52 -0.9514954536553353
25 53 0.4387852239334391
25 54 0.8045316938807259
25 56 -0.9780017328765265
25 57 0.009041668572788764
25 58 0.02911521078493773
25 59 0.857636675521019
25 60 0.16477900757318031
25 61 -0.9616598568146988
25 64 -0.6976898836270249
25 65 0.945836594499043
25 66 0.7210357566502819
25 67 -0.8609912300261249
25 68 0.7513502816601385
25 69 -0.830227511795576
25 70 -0.6140376614891443
25 71 -0.45875810873505896
25 72 0.39312264289081966
25 73 0.2864683068121392
25 74 0.003095909555584919
26 27 -0.47488842009293974
26 28 0.2806208433709996
26 30 0.0033898901467881437
26 31 0.11068031593235506
26 32 -0.6681482172165112
26 33 0.7945265321146495
26 34 0.01117166443595341
26 35 0.2156588710763332
26 36 0.6380107106815334
26 37 0.44499868793925934
26 38 0.543247759797735
26 40 0.735705445906162
26 42 0.9739011249084162
26 43 -0.8469875606852038
26 44 -0.5216933409573685
26 45 0.3560155574685113
26 48 0.8835927672193971
26 49 -0.5926614023035115
26 50 0.39900066551953706
26 51 -0.30730046991352244
26 56 -0.9362756715582745
26 57 0.40207922876056323
26 58 -0.7886419278003334
26 59 -0.4211406414994012
26 61 -0.030311691531708984
26 62 -0.5709924390407242
26 63 -0.013107279544162909
26 64 -0.6693483932124202
26 66 -0.8573322159850041
26 67 0.3761578100118259
26 69 0.444207521011009
26 70 0.4918870610087305
26 71 0.2507324485413167
26 72 0.597578794539755
26 74 0.9066863738919835
27 28 0.7618744182290065
27 29 0.9890123919456488
27 33 0.5271998474534727
27 34 -0.32828718150508807
27 35 0.802167477895644
27 36 0.2050790285268267
27 37 -0.44301221093275744
27 39 0.20088957920730155
27 40 0.11884265368055624
27 43 0.011160779020752187
27 45 -0.6828373842956474
27 46 -0.17859784736975626
27 47 0.3789612628485979
27 49 0.2977832396653921
27 50 0.019917892814811378
27 51 -0.8539390604944554
27 52 0.7223835728445807
27 56 -0.011314970300273508
27 57 -0.8912202882731792
27 59 0.6438004181654224
27 60 0.8494839118720572
27 61 0.436289015014347
27 62 -0.7262340216520182
27 63 -0.7934251180312366
27 66 -0.6989619745494822
27 68 -0.13989877541169915
27 70 -0.9607757346655996
27 71 0.46814079974991607
27 72 -0.7060347456797031
27 73 -0.5280723670431657
27 74 0.5902897647888772
28 29 -0.4742756252599414
28 30 0.6277404598934448
28 33 -0.7971770778964726
28 35 0.545727981428483
28 36 0.21808806897555422
28 37 -0.13894179154422348
28 38 0.4068585762948793
28 40 -0.34156789192181436
28 41 0.14486425601439934
28 42 -0.37089036957078947
28 44 0.47843690481347134
28 45 0.9033727060597916
28 46 0.3679378435698164
28 47 -0.4696866138722888
28 48 -0.1900048166274284
28 49 0.12313900841356551
28 50 0.9066793851104986
28 51 -0.8662364934310125
28 52 -0.18561764055739416
28 53 0.6201317984509589
28 54 0.30132255300456223
28 55 0.13440262631794342
28 56 -0.12923851753166904
28 57 -0.08879948156269024
28 58 0.8227444111756166
28 59 0.3083490628868868
28 62 0.1451586981358841
28 63 0.04614232516183803
28 66 -0.6642768289183436
28 67 -0.5099897064354941
28 68 -0.2889856781775322
28 69 -0.4932715886514478
28 70 0.5141061831145104
28 71 0.967648213289819
28 72 -0.32870817919334216
28 73 0.5305473693835061
28 74 -0.5634449434899054
29 30 -0.9873615017612196
29 31 0.7323435169183472
29 32 0.41898413796311207
29 33 0.04884580327108523
29 35 0.2568871091416185
29 36 -0.5995327649862743
29 38 -0.34579506530750037
29 39 -0.20150499640523356
29 41 -0.99660372219384
29 43 -0.39735893234879693
29 44 0.3795919122714837
29 45 0.7322502962191242
29 46 0.24668285725946615
29 47 -0.5614680229869067
29 48 0.13868666405020047
29 49 -0.056654327474706445
29 50 0.9120522099936337
29 51 0.7972703643624426
29 52 0.4455552023393179
29 53 0.7916834787734128
29 54 -0.6549301451479952
29 55 -0.24930926097239725
29 56 0.3641243552886364
29 57 0.5582893300117613
29 59 -0.7688685776224591
29 60 -0.44076047483727887
29 61 -0.5872464013230239
29 62 -0.05963803700077919
29 63 -0.4357593141187488
29 65 0.12675767302417307
29 66 -0.9233152335763706
29 67 0.2132404891792079
29 68 -0.6033926447878488
29 69 -0.4353991976230962
29 70 -0.7106700071514498
29 71 0.2758122787332977
29 72 -0.5138421275239751
29 73 0.8224098912402658
29 74 -0.7185498980263572
30 31 0.04665959656853991
30 32 -0.9887658225683973
30 33 0.0775257910310665
30 35 -0.45137129761777883
30 36 -0.7983443865553372
30 37 -0.5520237751311876
30 38 -0.6862340875303865
30 40 0.8190904354359998
30 42 0.49378038031275895
30 43 0.6084763883423967
30 44 0.9285663041590562
30 45 -0.5237854678183622
30 46 0.4436407578399084
30 47 -0.2723232596797387
30 49 0.17984341584521002
30 50 0.5224485433108581
30 51 -0.26520405157192406
30 52 -0.4383732426617062
30 53 -0.6150317663406986
30 54 -0.5622017873734213
30 55 -0.5136614697060575
30 56 0.972784909891413
30 57 0.5895265456188736
30 58 0.9195084211428999
30 59 0.9451792293391963
30 60 -0.5188159680316222
30 61 0.284008784856538
30 63 0.41684526795688304
30 64 0.14714097054010966
30 66 0.7986600441960137
30 67 0.32007351103119785
30 69 -0.06051311651931668
30 70 -0.8232142844589179
30 72 0.9497614962268639
30 74 0.3886255161254082
31 32 -0.8804127992893178
31 34 -0.7302610909369749
31 35 0.4489039593797348
31 37 0.33901506877770116
31 38 0.06374930545311597
31 39 0.6290449384329264
31 40 0.4729628012521123
31 42 0.6093067388046614
31 44 0.11104476283032483
31 45 -0.6084401438772982
31 47 -0.9274376393710764
31 48 0.9995059956884658
31 49 0.41097874302987636
31 50 -0.06143869008731562
31 51 0.32255799370846616
31 52 -0.5562444124533674
31 54 -0.2792438567563609
31 55 -0.109218595121227
31 56 -0.9988352571606969
31 58 0.2877279442562668
31 60 0.33085592796601926
31 61 0.7858948600181344
31 62 -0.521615382122232
31 64 -0.3042928827033893
31 65 0.8278926445627381
31 66 -0.8055510095545813
31 67 0.19720241319853726
31 68 -0.12932197749718677
31 69 0.15773340337995867
31 70 0.22487359920000816
31 71 -0.31553314453664005
31 72 0.6247194650020702
31 74 0.806319895677196
32 33 -0.8210920812243114
32 34 0.6706166071997317
32 36 -0.5504625441414035
32 37 0.8568596088518301
32 38 -0.6243842371884587
32 39 -0.8773765304498464
32 40 -0.9138487077554325
32 41 0.9174061060900127
32 42 0.30695640208084574
32 43 0.9326388495249169
32 45 -0.4751096335972056
32 46 0.02582967888407972
32 47 0.8212887397195694
32 48 -0.6639335871115
32 49 0.9553307930531187
32 51 0.5081078362775999
32 52 0.5513174911170264
32 54 -0.3959951708917162
32 55 0.015205073280893489
32 56 0.16097351390535808
32 57 0.9874004905782499
32 58 0.8651758289615854
32 59 -0.48692545314929303
32 61 0.20248607536873675
32 62 0.4374554337339338
32 63 0.40663419841767134
32 64 -0.6303661078102079
32 65 -0.2685887084266221
32 68 -0.8522590144126025
32 70 0.3516663125882038
32 71 -0.5062135639950065
32 72 -0.3025383689952934
32 73 0.09310896802586077
32 74 0.30239880038526357
33 34 -0.7418067002859787
33 36 -0.6130434496707882
33 37 0.9536793701797641
33 40 -0.37960940248744945
33 41 0.5348094869080549
33 43 -0.6901045563472512
33 44 0.9850073970311752
33 45 0.537980187950085
33 46 -0.5771734241252651
33 47 0.06808116884223492
33 48 0.9702342411303104
33 49 -0.3182949648533988
33 51 -0.46548912109695495
33 53 -0.2905868686969868
33 54 0.35687524872879095
33 55 0.15655630514633767
33 56 -0.1288432632667451
33 58 -0.9277190776071669
33 59 -0.8321176916575113
33 60 0.22551351365289474
33 61 -0.6616441624532636
33 62 -0.19804092222215885
33 64 0.13377778679225516
33 65 0.5998521040122613
33 67 0.4440427168120662
33 68 -0.9169005148601479
33 69 -0.8912708871567221
33 70 -0.1541237825431212
33 71 -0.5816138473692061
33 72 -0.49301912335185794
33 74 0.5751972991581107
34 35 0.5267622970231804
34 36 -0.35189860198628753
34 37 -0.7565372509175798
34 38 0.7649894811059725
34 39 0.4283780469435885
34 41 -0.09959306877802954
34 42 -0.08735388334710037
34 44 0.5732570637266072
34 45 0.409784194476815
34 46 -0.27893786071601223
34 47 0.09650627885661667
34 48 -0.05840207223491656
34 49 0.6912024683474449
34 51 0.22406221490595257
34 54 -0.43018805320228193
34 55 -0.11629978017505316
34 56 -0.003295092409445921
34 58 0.5122842790731981
34 59 -0.8787365548230632
34 60 0.44613897960675963
34 61 -0.5459989947012298
34 62 -0.4842746611068547
34 63 0.12467768106619204
34 64 0.4702380631880101
34 65 0.19243458656411483
34 66 -0.6942683723687268
34 68 0.9249057620783379
34 69 -0.4470233171026985
34 70 0.41486617220512456
34 73 0.4592164382965187
34 74 -0.8162454258631531
35 36 0.3717562867310096
35 38 -0.3838510525869321
35 39 0.7505353537146513
35 40 0.9276284149087322
35 41 -0.644561913797066
35 43 0.9484354895604397
35 45 0.872041919681686
35 46 0.9157031879782571
35 47 -0.6387648367339458
35 48 -0.6895486648725095
35 49 -0.507318812739737
35 50 0.8578133193781146
35 51 0.4848551187629604
35 52 -0.8339727359095277
35 53 0.4459123704290122
35 54 0.13820756938926615
35 55 0.6135465026103673
35 56 0.7493380426642051
35 57 0.8091761233126769
35 59 0.1291923131937518
35 60 0.14863209109560271
35 61 -0.9211981762427512
35 63 0.1701619563886445
35 64 0.6772434295677356
35 65 -0.327613587887305
35 66 -0.018108980585181733
35 67 0.6231143419122951
35 69 0.9675023225380097
35 71 0.12613394065649675
35 72 -0.3265448876037107
35 73 0.5807806922597327
36 37 -0.3444499409996211
36 38 0.938840387254291
36 39 0.11701918368869535
36 40 -0.06685558266374336
36 41 -0.9347333773290063
36 42 -0.25184096609248874
36 43 0.4601861090251078
36 44 -0.7300912986083865
36 45 -0.6453811927858133
36 46 -0.10673697484524491
36 47 0.6092263636250874
36 48 -0.33451113942214583
36 49 0.06382056650577117
36 50 -0.5628697171180164
36 51 -0.3499243259088185
36 52 0.38118284761815446
36 53 -0.7713069976266178
36 54 -0.4710655618181463
36 56 -0.7280119389084958
36 57 0.6277610992058515
36 58 -0.34344663185329294
36 59 -0.3859525770701919
36 62 -0.5155288515974665
36 63 -0.4560991418976341
36 64 -0.9145849198359606
36 65 0.8012890929377734
36 66 0.9818565102828463
36 67 0.5933575491164471
36 68 -0.3133765721968014
36 69 -0.6159143939116369
36 70 -0.19339629145455817
36 72 -0.3437250246109602
36 73 0.996239818735005
36 74 0.7694635193818058
37 39 0.8740557832565814
37 42 -0.74969149518022
37 44 -0.4179679916265302
37 46 0.4511115239553749
37 47 0.40309775667821457
37 48 -0.5795467013720574
37 49 -0.7969179466824929
37 50 -0.931524824646411
37 51 0.2201270383853995
37 52 -0.14988553071656407
37 53 0.8425105061435292
37 54 0.45887573183069663
37 56 -0.2493076740442146
37 57 -0.21059110644783297
37 58 -0.5767986585762284
37 59 0.7439754962968634
37 60 0.8991598283280196
37 61 0.114253282824065
37 62 0.11478742444177259
37 63 0.47247704307492167
37 64 -0.692779784500674
37 65 -0.08976357547047642
37 66 -0.7506948185666071
37 67 0.799516661176737
37 69 -0.2208059490345302
37 71 -0.5070222475202388
37 72 -0.36133638299936677
37 73 -0.9386111377580615
38 39 0.6397515689830875
38 40 -0.9312200003081135
38 41 0.538119825745611
38 42 -0.6010795649874652
38 43 -0.12505603538867138
38 44 0.4602008768940955
38 45 0.07685991760258548
38 46 0.8323522944046733
38 47 -0.688837088357436
38 48 0.9049908428878426
38 49 -0.9462996740413532
38 50 0.6410377259428675
38 51 -0.7494787137422096
38 54 -0.35005640868068655
38 55 -0.2713584210844522
38 56 0.6787178000605263
38 57 0.0707784576494419
38 58 -0.38697380786259705
38 60 0.11874047407478105
38 61 -0.8756303223878974
38 62 -0.805301186315162
38 64 0.4606328981221015
38 67 -0.6149364369861063
38 68 0.10156128210684767
38 69 0.044693683863593625
38 70 -0.9060055382793015
38 71 0.8915133114418454
38 72 0.14374600189160747
39 41 -0.44669751058889506
39 42 0.29833803236519496
39 43 0.7247042965370356
39 44 0.8967919010317675
39 45 0.1250433245692919
39 46 0.2514885025458513
39 48 0.8393026754769621
39 51 -0.12948155648162518
39 52 -0.784401091319207
39 54 -0.8253351371596467
39 55 -0.14732177137517732
39 56 -0.7803191314139053
39 57 -0.5595033518583705
39 59 -0.9949788777049682
39 60 0.4883437960315915
39 61 -0.9967996456095369
39 62 0.023614516857200396
39 63 -0.12342562032652449
39 64 -0.9085496065826715
39 65 -0.0952317406152472
39 66 0.30287089915666865
39 67 0.3816821505672383
39 69 0.3644529605579694
39 70 -0.6843546351772365
39 72 -0.4338952949066035
39 73 0.6326326572929286
39 74 0.9538301557946276
40 41 -0.9321703596501387
40 42 0.6987922550995054
40 43 0.29555180470335896
40 44 -0.9180865033385222
40 45 -0.5212603930947604
40 46 0.5868535125555936
40 47 0.6921709768551985
40 48 -0.8561082982536685
40 49 0.8222392187675767
40 51 -0.16458858633556295
40 52 0.6238976253749418
40 55 -0.6955696263198394
40 56 0.024708010514484346
40 57 0.4185386385720724
40 58 -0.726697705108134
40 60 -0.8290706069790796
40 61 -0.3610815978480939
40 62 0.9738882820149444
40 63 0.31968042836945054
40 64 0.5611686804794374
40 65 -0.7990379887627752
40 66 0.6885009442085515
40 67 0.7677719710788611
40 72 0.9677197528689718
40 73 0.7005626861529204
40 74 0.02358366780679577
41 42 0.11575515936010827
41 43 -0.11509733607543926
41 44 -0.11328300427413973
41 45 -0.32552979473583465
41 46 0.5868876742730391
41 47 -0.6351638723503128
41 49 0.02143498245861708
41 51 0.5074023889698542
41 52 -0.8712744519558993
41 53 0.9777058567315613
41 55 -0.14054725513559352
41 56 0.7196103455301193
41 58 0.35602722837721457
41 59 0.7227275212266357
41 60 0.38363215524355243
41 61 -0.019943867483919853
41 63 -0.9315916107741034
41 64 0.9776100536569716
41 65 0.10451957757684638
41 66 0.5958121688851206
41 67 -0.23650985943275327
41 69 -0.7755164829509618
41 70 0.3275775903038698
41 71 -0.9399751134510754
41 72 0.7171073929641338
41 73 0.41530693631991333
41 74 0.22650178272640886
42 43 0.2932378882374067
42 44 -0.5288993473697345
42 45 -0.7518933215289623
42 47 0.3735349854029697
42 48 0.31815869354519766
42 50 -0.1168496643283532
42 51 -0.6977359990048302
42 52 0.9673746033687198
42 53 -0.033393685497323355
42 54 -0.8098122376311578
42 55 0.11288675330898124
42 57 0.06858494050235842
42 58 -0.935357035648219
42 59 0.9678819483578236
42 60 0.6523363669151323
42 61 -0.5589922184045251
42 63 0.035204071471595766
42 64 -0.141392663500437
42 66 0.39720598911696103
42 67 -0.45502049753231977
42 68 -0.954552544285878
42 69 -0.23565415903263798
42 71 0.34732824632258197
42 72 0.5613303660938334
42 73 0.6309208856592137
43 46 0.45641630773704756
43 49 -0.4100345215556842
43 50 -0.10096165590597406
43 51 -0.28425270754659904
43 52 -0.18585007535845555
43 53 0.40452193654830637
43 55 -0.07220660100018539
43 56 -0.20082064186355475
43 58 -0.024929350139967887
43 59 0.16829292224031644
43 60 0.5568340163427641
43 61 -0.8395255428757868
43 62 0.9506135913396254
43 63 0.882840351839661
43 64 -0.15456048008679946
43 67 0.16095667180794715
43 68 0.14749732923554904
43 69 0.43500127175876924
43 72 0.9778955043266426
44 45 0.5148179317368919
44 46 -0.1868229962168404
44 47 -0.6995987956163283
44 48 -0.19038916214539814
44 50 0.9795634939145983
44 51 0.45225560851807023
44 53 0.7430340287602679
44 54 0.7062905876541596
44 55 0.5800760238774314
44 56 0.7592963919989095
44 57 0.03925538862000044
44 59 -0.3276070680163068
44 60 -0.3418257932476554
44 61 -0.6513884455373928
44 62 0.3618156128810248
44 63 -0.8537522100674633
44 64 0.11408836300688896
44 65 0.4255646953879997
44 66 -0.10997225059275584
44 67 0.6369847481871376
44 69 -0.022112957827066904
44 70 -0.7585037791847673
44 71 -0.00657800720668944
44 72 -0.3421437032191823
44 73 0.08549913631509853
44 74 -0.9003835674964489
45 46 0.46340733622468
45 47 0.43949723491028436
45 48 -0.4642024479008069
45 49 0.4543205128994181
45 50 0.25110458728386
45 51 0.6685876546529996
45 52 0.3587902315707625
45 54 0.5311158451718454
45 55 -0.7618552417908442
45 56 -0.03868123235312515
45 57 -0.333089103694608
45 59 -0.8485974287192626
45 60 -0.8822983490291156
45 61 -0.8399325023276061
45 62 0.07958982332048503
45 63 -0.6724699009765964
45 64 -0.048933410560355384
45 65 0.8704942321798854
45 66 -0.4984035931304809
45 67 -0.7605644954453332
45 68 0.766384504541509
45 69 -0.41790899092704326
45 70 -0.8430850089295376
45 72 -0.3469908608018495
45 73 -0.5567550580195553
46 47 -0.7291253587359356
46 48 -0.7254923471829513
46 49 -0.12581107732215635
46 50 -0.6699278514140057
46 51 -0.2948979654361381
46 53 -0.12104803875960357
46 54 -0.6964500678442365
46 55 0.9737033980966567
46 57 0.07889372245469395
46 59 0.7817999830769036
46 60 0.01916356863060331
46 62 -0.09103040960137743
46 64 -0.01595646750363411
46 65 0.6698241424989559
46 66 -0.39664090222417214
46 67 -0.4597383410364504
46 68 0.4400664724031611
46 69 -0.5720326850909769
46 70 0.26680893289429886
46 71 0.12636159342814746
46 73 0.7948799497191088
47 48 -0.3312869903611597
47 49 -0.8081977728703085
47 50 -0.8774470010279338
47 51 -0.3983509213813765
47 52 -0.10360618392408294
47 53 0.05615001070422254
47 54 0.9140748776962797
47 55 -0.9708036467043195
47 56 -0.6827869215367945
47 57 -0.5154670551032754
47 58 0.31608272485430056
47 59 -0.2698417954869292
47 60 -0.8435406350674131
47 61 0.7521736405234751
47 62 -0.6141397960451398
47 63 0.925122667889499
47 64 0.7263943640871262
47 65 -0.09965401147303288
47 67 -0.5862922373427406
47 68 -0.6677115003790763
47 69 0.6022465539584687
47 70 -0.26218253199782793
47 71 0.9748284877546856
47 72 -0.3358289438780695
47 73 0.06642144852457954
47 74 -0.05402622557553105
48 49 0.8066873604876079
48 50 0.5734947248560553
48 51 0.9590863303183046
48 52 -0.7664843904601493
48 53 0.4025886964875658
48 54 -0.7916265564188196
48 55 -0.7993532448197915
48 56 0.6094547178733125
48 57 -0.6658892035724997
48 58 -0.11588852510986358
48 59 0.5698647438212716
48 60 0.05816312941192159
48 61 0.6622905757650275
48 62 -0.07796162259380823
48 64 0.8799985475178496
48 65 -0.902674255724569
48 66 -0.6827012459407182
48 67 0.21518055002537229
48 68 0.9446582476291308
48 70 0.8932940617920457
48 71 0.0036692509438411847
48 72 -0.4535473256776803
48 73 0.2767585583607899
48 74 0.38412426583006853
49 50 -0.8314161974471663
49 52 0.06502660282476525
49 54 0.8912038755161769
49 55 0.26981755424986775
49 56 -0.8931854745762322
49 57 0.050088947624773006
49 59 -0.9441318526230209
49 60 -0.09037336790216521
49 61 0.11057368569188841
49 62 0.05032402770917499
49 63 0.8395639587051329
49 68 -0.7536368228164589
49 69 0.3589875574788157
49 71 -0.06428741793897252
49 73 -0.31193534746551466
50 51 -0.8459046485622079
50 52 -0.034748441718271295
50 53 -0.6968796866306166
50 54 0.25175432813249365
50 56 -0.9344167469712024
50 57 -0.26171126475217377
50 58 0.4797581260181858
50 59 0.8526162301173565
50 61 -0.4309992976283501
50 62 -0.008656078700965741
50 63 -0.33265600800410877
50 64 0.45732363177866997
50 65 0.022458301791784097
50 66 -0.4379721489318811
50 67 -0.26330260577672715
50 68 0.9909186934418828
50 69 -0.6915103093744737
50 70 -0.4163761086076718
50 71 0.20418510837006187
50 72 0.17568715242536892
50 73 -0.5342676538807303
50 74 -0.5292800225238627
51 52 -0.7575110719937805
51 53 -0.3124644969223269
51 54 -0.1602740624243275
51 55 -0.8946766642948014
51 56 0.38378766556392585
51 57 0.8548161452651706
51 58 -0.40811902387108256
51 59 -0.4390882322245755
51 60 -0.015264859176045587
51 61 0.27287972898711654
51 63 0.3885969798303974
51 64 -0.17504262823707695
51 65 -0.7389581513140471
51 68 0.3762893013535391
51 69 0.6359422150224849
51 70 0.8190956715559279
51 72 0.42257290621883015
51 73 0.5962021495595862
51 74 0.020669265783684887
52 53 0.8205002776754788
52 54 -0.6078613376463602
52 56 -0.06562186774743517
52 57 -0.10007141231926786
52 59 -0.36199175842924447
52 60 0.5710759046428788
52 61 -0.5362568304530035
52 62 0.36022645402161046
52 63 -0.8819954544959048
52 64 -0.7618768797136515
52 65 0.29870536761543653
52 66 0.974167441888188
52 67 -0.1394037597923241
52 68 0.45719760183175584
52 69 0.47244939522460605
52 70 0.5823885972017564
52 71 0.9147882029846086
52 72 0.09397926989534033
52 73 0.7300281927420227
52 74 0.2954314452319846
53 54 0.6099434280332392
53 55 0.8327275503534353
53 56 -0.9828899277393268
53 57 -0.8016000180677192
53 58 -0.931312590200619
53 59 0.4120901095891436
53 60 -0.8327911127935459
53 61 0.28960033142613795
53 63 0.964953215594321
53 64 0.4297377042650443
53 66 0.7690847010144168
53 68 -0.7586536542570441
53 69 0.6042888427087743
53 70 0.18213466247389531
53 71 -0.6570936707617181
53 72 -0.5334949937935591
53 73 -0.8143579271067616
54 55 0.8768796517042228
54 56 0.6167813978171819
54 57 0.35963717567586606
54 59 0.5620654245608774
54 60 -0.5420172392004388
54 61 0.6392277200920926
54 64 -0.005232171567691735
54 66 0.6249618246180819
54 67 0.8333007563512043
54 68 0.48747548003119157
54 69 -0.2141283624677739
54 70 0.5070642563220573
54 72 0.5114466243008764
54 73 0.6714024150013047
54 74 0.29592911061476324
55 56 0.35517388002356576
55 57 0.3035364002962968
55 58 0.6594118552460526
55 59 0.565445183162361
55 60 0.42996499315719316
55 61 -0.25322447333411
55 62 0.2595258829126923
55 63 0.5052661347057277
55 64 -0.2793011564957384
55 67 -0.6496162010425677
55 69 0.008881987943919478
55 71 0.9446898784282682
55 72 -0.02961616406270573
55 74 -0.8975300927648315
56 57 -0.12236778981430341
56 58 -0.057787846405048526
56 59 -0.9757992828543962
56 60 0.7390164491696383
56 61 0.8969973912264104
56 62 -0.33522689098686254
56 65 -0.07524652397217446
56 66 0.6652290089950497
56 67 -0.26019505569818446
56 69 0.5533981612467491
56 72 -0.47909231001437647
56 73 -0.4683800293517617
56 74 0.539141302972121
57 59 0.6381600401705845
57 60 -0.9029283764788709
57 61 0.31139757811004043
57 63 0.41734591754355344
57 65 -0.9257939360897918
57 66 0.1974933565633743
57 67 -0.011771254961457922
57 68 -0.823892267249821
57 70 0.3790657267224311
57 71 -0.3722026533217959
57 72 -0.582049341678849
57 73 0.05655726014918372
57 74 0.8118023733312141
58 59 0.16326486688138142
58 60 0.6617875130462607
58 64 0.4472839437719045
58 65 -0.7944899208167373
58 66 0.0920207268174913
58 67 0.8965060088719978
58 68 -0.9246809104795652
58 69 0.41530141088653694
58 70 -0.7515120992224305
58 73 -0.10298135474608539
58 74 0.5308620890702982
59 60 -0.812226471420946
59 61 -0.0807313900877975
59 62 -0.9404299522180992
59 64 -0.3873094691799339
59 65 0.18260214131114716
59 66 0.1788648215660411
59 67 -0.400887210911973
59 68 -0.8803222983238765
59 69 0.4419434045264683
59 70 0.6570809524592796
59 71 0.44812435229002046
59 72 -0.7441547915440703
59 73 0.21175309194887615
60 61 -0.2173982691193479
60 62 -0.5914361766628748
60 63 0.2163548136410538
60 64 0.6030749057930465
60 66 0.7677454960623302
60 69 0.6850459783748102
60 71 -0.30177418887207197
60 74 -0.8498583164897633
61 62 -0.9668667363746828
61 63 -0.2055705848313687
61 64 -0.4743971763181838
61 66 0.48274186584297984
61 67 0.11939508949838329
61 68 -0.2010874652279362
61 69 -0.8288536010837106
61 70 -0.4622306791297508
61 71 -0.807717255999544
61 72 0.5423270704547203
61 73 -0.15848833757513536
61 74 -0.29342774563902574
62 64 0.09970568726236473
62 65 -0.16479423628860124
62 68 -0.21705007487709738
62 69 -0.3870300039892989
62 71 -0.45717426553883356
62 72 -0.9018985726916049
62 73 -0.5106365633151277
62 74 0.8506663504808356
63 64 0.6518220950862301
63 65 -0.0836875848881744
63 66 -0.29903325825352733
63 67 0.6395823822045703
63 69 -0.058238074134414175
63 70 0.056009607190076416
63 72 0.3144452789783121
63 73 0.18289513892175946
63 74 -0.46564089192483604
64 66 0.4079741277448825
64 67 0.27364837205955883
64 68 -0.840313782879603
64 70 -0.44234571090314145
64 71 -0.4314860688247708
64 72 -0.25213980824970217
64 73 0.03741446673153348
64 74 -0.9461866777331334
65 66 -0.04987309945663143
65 67 -0.4751559424984131
65 68 0.10231393523239851
65 69 -0.3655245728008769
65 71 0.9004867573563722
65 72 0.5721229314973972
65 73 0.23063580409251272
66 67 0.5418780501644505
66 68 -0.9451646014363435
66 69 -0.47835750076302763
66 70 -0.9361805749061745
66 71 -0.09139844348897364
66 73 0.9342477010197705
66 74 0.8689820537395774
67 68 -0.7554312280774029
67 69 -0.3139957982771042
67 70 -0.8705988208255002
67 71 -0.6666096448916643
67 72 0.38898923253789675
67 73 -0.812971570017174
67 74 0.359571059414703
68 69 0.2408333144983026
68 70 0.7883241006060795
68 71 0.21938757950140175
68 72 0.08390759719498231
68 73 0.5396454677728382
68 74 -0.41548748377704237
69 70 0.835000398572916
69 71 0.9080143806193763
69 72 0.6280025317675688
69 73 -0.6840714903125094
70 71 0.346938536433965
70 72 0.3736040728908576
70 73 0.8979157343716386
70 74 0.3423684645131986
71 72 -0.7950034524239198
71 73 0.5157315858479388
72 73 0.2519401787850024
72 74 0.4323050655832854
73 74 -0.43607615665600474
