75 940
0 0.3067873625951203
1 0.19924698007062225
2 -0.17645609049601418
3 -0.9975716612352432
4 -0.9616304859443394
5 -0.07154817325814355
6 -0.6426018469499901
7 -0.367433988188675
8 -0.6243976451248332
9 -0.3441135702798144
10 -0.5197681236553642
11 0.3073000702051183
12 -0.2939743631403835
13 -0.4625508476813307
14 0.5851736804142698
15 -0.10322868109087624
16 0.5129424412403911
17 0.7780708124883182
18 -0.7627987397493654
19 0.35579483237315346
20 -0.5820004949990993
21 0.08884038721817622
22 -0.7947028472593556
23 -0.9202645866866535
24 0.2759153794493274
25 -0.8613241073585709
26 0.6834667820482667
27 0.6342554145148966
28 0.17146486242226966
29 -0.36785687183488025
30 -0.2979083904103754
31 0.31236942087507424
32 0.9027708235315557
33 0.6787787943098558
34 -0.8506720336828932
35 0.5718781283067358
36 0.017321674322100744
37 -0.22842979201152147
38 -0.5673012112158251
39 0.6833367615541945
40 0.43570592738031233
41 -0.5196763443240904
42 0.9300611270572323
43 0.34868613420017547
44 -0.3515752434597659
45 -0.0466859734230094
46 -0.6005653293052471
47 0.7160865653575665
48 0.11593554380226045
49 -0.9158303732775639
50 -0.1276315142470883
51 -0.9566473931543364
52 0.3539472461128743
53 -0.968308537223481
54 0.6408463932746016
55 0.729339786861249
56 -0.09490918684512684
57 -0.789152144778156
58 0.8907917852441314
59 0.37372912512752854
60 -0.029466683270920724
61 -0.17096905685617192
62 -0.4137506453853712
63 -0.8118443970025695
64 0.050199784647545265
65 -0.5229748020632019
66 -0.22016543922518128
67 -0.1900451462427979
68 -0.8970444550258756
69 -0.7579625353693877
70 0.11579295699315217
71 0.9266419274479862
72 0.5834027282068328
73 0.2612396668854624
74 0.5613334863092638
0 3 0.8288500137728356
0 7 -0.8340519727439952
0 9 -0.41602412063432004
0 10 -0.2578366171468942
0 12 0.8030997578144858
0 14 -0.0009582109343069245
0 15 -0.2868611556411731
0 21 0.19876761070450066
0 22 -0.21607443031929585
0 29 -0.3644667925025775
0 30 -0.278907428053196
0 32 -0.733340364013066
0 33 0.4501402065407003
0 35 0.9393450542818131
0 36 0.4279162042978788
0 38 0.07331661747640283
0 41 -0.581572032783437
0 42 0.8497005811854679
0 45 0.9821897511268949
0 47 -0.49641103105421025
0 48 0.5787569762096361
0 50 -0.5690131272876306
0 51 0.8532511441279278
0 52 0.18200494835230208
0 54 0.8924712362071243
0 55 0.06363824754458047
0 57 0.9971770902908457
0 59 0.9261819416642338
0 61 0.4659716069853288
0 62 0.34697516386123217
0 64 0.4423791611932344
0 66 -0.6560313393382164
0 67 -0.5532452808417465
0 69 -0.11363922044205177
0 72 0.06977325958823521
0 74 -0.12931044988152807
1 2 0.23733134516898646
1 6 0.06426841090271496
1 14 0.05234052567296921
1 19 0.6330739182850589
1 21 0.2829315370195238
1 26 0.4101406427600043
1 27 -0.08710003883554895
1 33 0.07950445367374659
1 35 0.09767572173139749
1 36 -0.15814258824161875
1 40 0.11378485213139666
1 41 -0.5157610956153178
1 43 0.7748835529413183
1 47 -0.42146440393742823
1 52 -0.32463358453838453
1 58 -0.08513499653469636
1 61 0.028507718025923667
1 62 -0.652830927466511
1 63 0.8534500150172735
1 66 -0.19290804430400188
1 70 -0.8778635918828763
1 72 -0.9070270837481271
2 10 0.059063145552978424
2 11 0.6621524674897363
2 12 0.6353084827164523
2 13 -0.0734382189690932
2 14 -0.06621269101086358
2 15 -0.5450457581045416
2 16 -0.10147876552456103
2 18 -0.29343269517841675
2 19 -0.5252408803310507
2 23 0.1778309293048701
2 27 0.5688872376473739
2 31 0.6498156509452231
2 35 0.3072402201605249
2 38 -0.7991970389309577
2 47 -0.8609546634179193
2 49 0.29833989567185415
2 50 -0.1612777240938712
2 51 0.8342927889805583
2 52 0.4230592291299189
2 53 -0.6049937955399991
2 56 -0.5885395776526223
2 58 -0.17030954192336956
2 59 0.5749102040690275
2 65 0.7645553875225461
2 66 -0.9872482322575526
2 70 -0.8492444305057634
2 71 0.08175365534596701
3 5 0.8047674366318154
3 7 0.9176796610510531
3 11 0.35097280938816566
3 14 -0.5231444527117066
3 23 -0.8376081250353398
3 24 0.924089696393678
3 25 0.5949652919236097
3 29 0.7462640265198601
3 30 0.9357512028746684
3 33 0.48030843503737497
3 43 0.8460970216563735
3 50 -0.9454912508930577
3 53 0.029791752791142656
3 57 0.5387964972087271
3 58 -0.6823623528111886
3 71 0.040041812508194274
4 9 -0.41984913363765286
4 12 0.9889889643343677
4 14 -0.35139911251867506
4 16 -0.7000316590053146
4 18 0.9131496108098967
4 19 0.796703028763659
4 20 -0.9254361004089844
4 24 -0.16585014266463172
4 26 0.44088844139052785
4 29 0.8937881509003349
4 30 0.5987297308974124
4 35 0.9066965820911788
4 38 0.09216946093136036
4 41 0.048563844128435285
4 48 -0.5446549052014382
4 50 0.7315938354812859
4 52 0.3233445693939112
4 54 0.1130170470722418
4 61 0.7999404349406427
4 62 0.8174091718086263
4 67 0.5218384565315815
4 70 -0.7737314089625531
4 73 0.6115039310752903
5 9 -0.2337551640289015
5 10 0.189344036442731
5 19 -0.9989537744355277
5 22 0.7303867489863172
5 24 0.9166542012400176
5 34 -0.25682767068202117
5 35 -0.5496067776772589
5 36 -0.2519525550957542
5 38 -0.4479747103957268
5 43 -0.5849300419161727
5 49 0.7433614109262587
5 51 -0.1977611203125602
5 52 0.9677159336417307
5 53 0.021431555939861013
5 57 -0.0463767919805258
5 62 -0.6983815898805781
5 63 -0.0937866486505301
5 64 0.8425231119062515
5 67 -0.9136531172048235
5 69 -0.6002897059301098
5 71 -0.8829084578779081
5 74 0.6824904309399853
6 8 -0.7390739086381994
6 9 0.4712611746289641
6 11 0.2808020185729454
6 15 -0.38582927337764983
6 17 0.11734742302547874
6 19 0.15077842571748645
6 20 0.13155925413374914
6 22 0.6437597907338888
6 23 0.3445258205525985
6 25 -0.7527700289196024
6 29 -0.295612639089734
6 32 -0.06438751774044382
6 38 -0.7622970455459941
6 41 0.4295216172733871
6 44 0.7925318536251882
6 46 -0.6027834823701328
6 52 0.735720458634594
6 53 0.39405479986383796
6 54 -0.8606367337177534
6 55 0.5485652409415174
6 70 -0.26716983610933176
6 74 0.5963328313065568
7 9 -0.09346687245635166
7 16 -0.9462048730400352
7 17 0.827551460639615
7 20 -0.4843585197354727
7 26 -0.7263820380923764
7 28 0.7471127906531279
7 29 -0.29230171886279077
7 37 -0.7370937102850934
7 40 0.5647336102918565
7 42 -0.139696242409731
7 61 0.40600583249558353
7 64 -0.7323897491943288
7 66 -0.017484989218116587
8 10 0.7798434712217173
8 13 -0.779258284263467
8 15 -0.06755153542508618
8 26 0.22146502093120768
8 28 -0.21028785451973153
8 29 -0.9430776518682062
8 32 -0.31956162703423585
8 35 0.9912954518100325
8 44 0.5848906327424626
8 47 -0.1584812720385218
8 53 0.34081728353638385
8 56 0.5678297057039454
8 58 0.5666075243701321
8 60 -0.35597513988522755
8 61 -0.7111113895221657
8 63 0.41188501056357096
8 65 -0.9682727060265368
8 66 0.3875523027131347
8 71 -0.6768197026796343
8 73 0.05754171327358559
9 10 -0.26834975509840087
9 20 0.5071512421659061
9 21 0.8196800549025731
9 24 0.3870938705749629
9 25 0.27429490908444953
9 26 0.4568350135369561
9 30 0.15284691405851092
9 33 -0.4377171644695701
9 34 -0.8789155360038177
9 36 0.874515546182846
9 39 -0.6438394459757955
9 41 0.4753732745284476
9 43 -0.3364125056256737
9 45 -0.8171171769100469
9 46 0.42570688091009146
9 49 -0.18439623136030558
9 52 -0.21540230735725197
9 57 0.18616781065150456
9 58 -0.2520758036801307
9 59 -0.31434119318200127
9 60 -0.9662131894435777
9 63 0.9272881706513227
9 64 -0.4265817282711264
9 67 -0.30567325320667926
9 68 -0.5340242885312387
9 69 0.4156447846321645
9 70 0.007756713948245064
9 74 0.964957121461981
10 11 -0.7962951414384924
10 13 0.7044353889992971
10 14 0.16156006976813408
10 15 0.7994050385539007
10 16 -0.30346151933152177
10 17 0.9714179160434784
10 18 -0.6015598184151258
10 19 -0.6210764420738426
10 21 -0.9422131228425963
10 22 0.36960683037895103
10 34 0.5269113518741957
10 43 0.44567016288475325
10 47 -0.6949163060050019
10 52 0.8433778842506867
10 55 0.07543411068471584
10 57 0.3594225965614781
10 58 0.45024462659374875
10 60 0.45835860777028214
10 62 -0.3642288314285682
10 63 -0.5537149867380426
10 67 0.19539621447443012
10 74 0.6810801878553039
11 15 0.5115390474883792
11 18 -0.35988768714581343
11 19 -0.6489886015160411
11 20 -0.5399860076284495
11 22 -0.5027179262436514
11 23 0.5552115138021905
11 28 -0.6596516905657692
11 31 0.3459524852317124
11 36 -0.3449553726109542
11 37 0.44860767997455553
11 41 0.7656158445384942
11 44 0.28060242331714425
11 46 -0.5316452443688182
11 47 -0.44172763228582035
11 48 0.272624451161094
11 49 0.3985340020367254
11 51 -0.6366232518988872
11 55 0.06123107282970519
11 57 0.6755201426543149
11 59 -0.5704555434159371
11 60 -0.9061292416009104
11 64 0.3050872397259474
11 66 0.5772465255782926
11 68 -0.9660261361465741
11 69 0.4347267246901585
11 72 -0.01932592492259544
11 74 0.6301664308953705
12 18 -0.9369535419980668
12 23 -0.7484623851356575
12 25 0.48141168186904215
12 28 -0.22430892931524204
12 32 -0.24597658178992243
12 43 0.9535120497909091
12 45 -0.2451797725796181
12 47 -0.3859508592579415
12 48 -0.34255117529777124
12 54 0.010750218166772907
12 56 -0.359045669030587
12 57 -0.7958580924557774
12 61 0.8111887200795596
12 69 -0.5259409374211854
12 71 -0.18911009423559144
12 74 0.1695708215146654
13 17 -0.7031925621964559
13 19 -0.17865719703343075
13 20 -0.228166975786114
13 21 0.9942863791551906
13 23 0.4683850845852382
13 26 -0.2838885718717783
13 27 0.7311635082199042
13 30 0.7111895209000774
13 31 -0.8956128586652037
13 32 -0.9055449925964223
13 33 -0.5167368517592517
13 34 -0.4941427819682016
13 35 0.031046167769526622
13 36 -0.2404572835700176
13 39 0.7482026377946969
13 43 -0.5054368871806094
13 44 -0.6279957952804733
13 46 -0.3935463703254489
13 47 0.40812904674805917
13 49 0.5705416414821392
13 51 -0.7423143376128183
13 54 0.30220866796027646
13 59 -0.8260268319540232
13 62 0.40351842519285186
13 64 -0.8829181119515206
13 65 -0.2374592761921439
13 67 0.9219945790798001
13 68 -0.1517703817314191
13 69 0.5376614848017727
13 71 -0.0890844765554979
13 72 -0.5720755399283506
14 15 0.36498466913433636
14 20 0.5549421983150002
14 25 -0.5605919214565311
14 27 0.3628619807840632
14 30 -0.09008470574811178
14 32 0.23604732134876727
14 33 0.12080794348073809
14 34 0.646263411698107
14 35 0.7904251758352872
14 39 -0.957430354181054
14 47 -0.6143268282126693
14 49 0.4170885090594598
14 51 0.5674564618156626
14 55 0.11350789467902844
14 56 -0.6487554197153202
14 59 0.19475565873000855
14 60 0.05097465404821078
14 62 0.7866672859656694
14 67 0.8306936831272307
14 70 -0.19860132783001871
14 73 -0.19793830538077595
14 74 -0.06939847011743905
15 16 -0.19224761826677272
15 17 -0.23534300287140253
15 18 -0.533589376933842
15 32 0.7779901095846173
15 37 0.38154954574991273
15 40 0.681043146783056
15 51 -0.45555378243796363
15 59 -0.6077871012055347
15 61 -0.16563902157610344
15 62 -0.1348369396901481
15 63 0.7466246822528371
15 67 0.1889539523555257
15 68 0.40910387563511996
15 71 -0.2811746615792998
15 72 -0.14370820470720802
15 74 0.31957568467487296
16 18 0.6993575187437904
16 19 -0.0053992778221185755
16 28 -0.21988517720577883
16 30 -0.7926952511002039
16 31 -0.6547118093083215
16 33 -0.7742296832158293
16 39 0.40513326551462114
16 40 0.730485064228432
16 41 0.9848684565896568
16 44 -0.5741031447568874
16 50 -0.17105945398841094
16 56 -0.07913128395719915
16 63 0.898032293941921
16 66 -0.6742348252542318
16 68 -0.4967791368315084
16 69 -0.5829049514629361
16 70 -0.6604022972024111
16 73 -0.04886518804900053
17 21 -0.9328782940150206
17 23 -0.18846568775043027
17 29 0.5569707255705563
17 30 -0.7169461871371017
17 32 0.8032128318458225
17 33 -0.4842995351159529
17 34 0.6075990893266279
17 35 0.658730280876934
17 38 -0.13718624097655296
17 42 0.3496472668170647
17 43 0.22205223467726332
17 44 -0.0734631598546287
17 47 -0.9427283261365311
17 48 -0.4150901888837837
17 51 -0.7622312301200849
17 53 0.41980599041282196
17 57 0.2207054397430317
17 61 -0.9737643135877321
17 62 0.18858975576124948
17 68 -0.4181241088708276
17 72 0.6557164135356179
17 74 -0.9086937806037729
18 21 0.44417020326429624
18 22 -0.0925694518519038
18 25 -0.25861940314765364
18 31 -0.028981937324060736
18 40 -0.6441607755761583
18 44 0.6879886733918819
18 46 0.6529628015039206
18 47 -0.30555549759726675
18 52 -0.4678427060868535
18 56 0.9621865300272878
18 58 0.8543166976672218
18 59 -0.20068040109858898
18 61 -0.9238735921907255
18 62 0.5748096047871514
18 67 -0.04356892022458281
19 20 -0.4157891388811039
19 23 0.5783317892153634
19 24 -0.6551253316264134
19 25 -0.6929711380541212
19 26 0.9486729931929183
19 29 -0.9277960071170746
19 30 -0.975709717538831
19 33 -0.49815316765080486
19 34 -0.9362319324016863
19 37 -0.7266722773176675
19 46 0.5569489352384294
19 48 0.8593616831554551
19 49 -0.303706477046924
19 50 -0.6597976759741628
19 55 0.9006187715843086
19 59 0.8527278959936104
19 63 0.9700147674409796
19 64 0.8433294126737081
19 65 0.9713006187012256
19 66 0.5524263710059911
19 67 -0.7364094419858067
19 69 0.17934005900748717
19 74 0.029093237189078636
20 29 0.10183810011116767
20 31 0.18128533342043163
20 33 0.6581293020555721
20 35 0.05932676609255316
20 38 0.56431403292193
20 40 -0.751040939385403
20 44 0.9806825386822586
20 46 0.11381282793324621
20 49 -0.9122600533485237
20 50 0.9637640884453915
20 53 0.5738292142777044
20 58 0.8855938503028875
20 59 0.3787799221837196
20 60 -0.12177612208861555
20 66 0.4034331785423779
20 67 0.2040272875254514
20 69 -0.3927057521330939
20 70 -0.02428325576078505
20 71 0.049212834895994595
20 74 -0.6157901805833383
21 26 0.48961224400980297
21 28 -0.4616567150831026
21 29 -0.24699286693959888
21 32 -0.06006836920073799
21 33 -0.45661424883634516
21 34 -0.7434190808853638
21 36 0.16036624286548506
21 44 -0.7643231927576877
21 49 0.16553703338192216
21 51 -0.2785976126107288
21 52 0.5401315156125659
21 53 0.11005478546231595
21 56 -0.6541278752215158
21 57 -0.5595560201008378
21 58 0.27332608778605416
21 60 0.6373006875652201
21 62 0.6167031898258901
21 65 0.922073165689129
21 66 0.5775628502169805
21 67 0.16158768042841665
21 70 0.6029576104213334
21 73 -0.9998445008660541
21 74 -0.6805790270485503
22 23 -0.9403704135525461
22 28 -0.43959231253559383
22 30 0.9344108819012806
22 33 0.4201297777206199
22 34 0.904312210037701
22 43 -0.5050114523553961
22 44 0.10134477674164888
22 47 -0.6625343785268294
22 49 -0.3027683571568389
22 54 0.42409289786267257
22 59 0.35153310814097427
22 60 -0.5027088833824631
22 63 0.7487174152706972
22 65 0.0478350385309767
22 66 0.9956344916229034
22 70 0.6676900751240145
23 29 -0.42897699432454206
23 31 -0.7852652732694445
23 35 0.6223970439939452
23 41 0.2316221090963857
23 42 -0.4385363894567669
23 43 0.5722343121362687
23 44 0.637024170446459
23 59 0.4229497161930498
23 60 -0.8175945928729251
23 61 -0.6813697150834344
23 62 0.9383260684952324
23 63 0.0964310059783624
23 69 0.7944752907035848
23 72 -0.21227803744650853
24 32 -0.6343362099424321
24 37 0.33522330259540833
24 38 0.33662569186160374
24 46 0.9593402053418767
24 47 -0.8521868896823215
24 49 -0.2554638924998147
24 54 -0.21209330594304054
24 61 -0.4217810180103936
24 69 0.2509796273167084
24 74 -0.8765769860869803
25 28 0.5600728503625709
25 32 0.2764651343792479
25 40 -0.8606886440429846
25 45 0.804434155422985
25 46 0.5042112554036924
25 50 -0.5426307681351432
25 53 -0.6101431493115306
25 55 -0.8298962145498259
25 57 0.08636215677120096
25 62 0.7331386890162446
25 63 -0.4518982736119823
25 64 -0.9651253079304447
26 28 0.7772723899154843
26 29 -0.1779571138983369
26 32 0.682270629206615
26 33 0.07824393226751103
26 36 0.6190824903557905
26 39 -0.1318549588654836
26 40 -0.37336719807292784
26 46 0.3016098411161343
26 48 0.5704097151873742
26 49 0.8084380153819215
26 54 0.3669783854252404
26 57 0.44781957822860496
26 66 -0.5598328111173398
26 70 0.33689782078474173
26 73 0.217901839699286
26 74 0.45124143521910476
27 29 0.454921631323999
27 34 -0.8397339448975163
27 35 -0.7561813416276899
27 37 -0.6392174106809583
27 39 -0.36749720722643464
27 40 -0.5120328778561696
27 45 0.19463159771344163
27 48 0.715800964669238
27 49 0.0907539212748536
27 51 -0.2131765849803522
27 53 0.5827469741985187
27 57 0.6662970061336007
27 58 0.7355890557456763
27 64 -0.6270912080939095
27 66 -0.898371567578264
27 70 -0.6757593752351545
27 71 0.4155990272719925
28 33 0.9407877468801475
28 37 -0.3848603378931792
28 38 -0.4049470554355237
28 42 -0.7757389731545861
28 43 0.29152234714532255
28 48 0.37076229973963093
28 49 -0.22740834154251455
28 59 0.7942126445209785
28 60 -0.7137095593380856
28 61 -0.6650872394191261
28 67 -0.42762679952449334
28 68 -0.9673751485130053
28 73 0.37464234565301346
28 74 -0.7409999297825018
29 32 -0.9669104807225188
29 33 -0.4906402688818181
29 36 0.4625149675409528
29 39 -0.5560377887982937
29 40 -0.743485335862031
29 43 0.3524118537789205
29 45 0.4270803303121793
29 50 -0.41208134543007935
29 52 0.4870599359166723
29 53 0.03789335894902712
29 58 0.46820600669146595
29 61 0.08271182213412498
29 65 -0.8627474277932277
29 67 -0.5782352234504777
29 68 0.8857521219319542
29 69 0.2696611600528658
29 72 0.25557381197986073
29 74 0.5056470902046872
30 32 -0.8450997513901499
30 34 -0.6504002047727355
30 39 0.4129907269212518
30 41 0.6360889425810539
30 50 -0.693964098562321
30 51 0.762949251318604
30 53 0.46137519893833634
30 54 0.0037913855333164825
30 55 0.2145786955720026
30 56 0.2382262756361455
30 57 -0.09289003832037301
30 58 0.9346450148297347
30 61 0.16567646973872296
30 62 -0.7209320916080124
30 66 -0.6623492296800277
30 69 -0.6250697204554903
30 72 -0.2147717548265915
31 32 -0.2957392637938723
31 34 0.17128672729616667
31 44 0.262606842520563
31 45 -0.042555169280854344
31 47 -0.8889927087238458
31 51 0.9571625792426643
31 62 -0.9881123139239465
31 63 -0.559815281249717
31 65 0.7261842632033446
31 70 -0.15729774816676967
32 35 0.7318489100923098
32 38 0.07073821290255866
32 41 -0.9161880751772682
32 43 0.9645836628132867
32 45 -0.5860494975184662
32 49 -0.5523227195826066
32 50 -0.9414944081019814
32 52 -0.01282296542878858
32 66 -0.6626207583136237
32 69 0.6665934983488178
32 70 0.8579032410705354
32 72 0.6859086548460223
32 73 0.2341804664401601
32 74 0.09422539272166053
33 41 -0.008451434452600326
33 45 -0.39395866132843294
33 47 0.6327496565054602
33 49 -0.9324556901745822
33 52 -0.7419250374403707
33 53 0.579673291095145
33 60 0.32737590724466736
33 65 0.06805909117885367
33 66 0.9940068979064121
33 73 -0.726765063421597
34 37 -0.9360145272012255
34 38 0.6536580876402716
34 41 0.09317094573945117
34 42 -0.4645435341347808
34 44 0.7434039963715307
34 45 0.14131940056947978
34 46 0.14278166728622788
34 47 -0.9962917169899981
34 48 0.035846245158206
34 50 0.23684002083847866
34 52 -0.7491308756606452
34 58 0.16331054272223056
34 64 -0.4199249639167084
34 68 -0.5896937666515416
34 73 -0.47732661407504984
35 36 0.6928041390654638
35 38 0.04509691391997084
35 39 -0.3184352757554687
35 42 -0.8387582170748298
35 44 -0.3284386935020216
35 45 -0.746039236543026
35 46 0.9673444333715204
35 48 0.6494611961007457
35 50 -0.7089298661253536
35 58 0.1340565648154841
35 62 -0.4892019296314747
35 66 -0.8361268983013748
35 67 -0.6594313672022896
35 68 0.8857790396947285
35 69 -0.6244506455113819
35 71 0.6872635164165479
35 72 -0.5059985558089879
36 41 -0.19068560871922036
36 42 0.7919112229820853
36 51 -0.502916751908784
36 52 -0.5044513354473619
36 53 0.29517067234330807
36 57 -0.5137488916956587
36 60 -0.16970654659261886
36 61 0.19425875246157287
36 68 0.0605334613744144
36 71 0.5540043172887357
37 41 0.20583278305679653
37 43 -0.11912387484090625
37 44 -0.5702950285115995
37 47 0.5023689203765729
37 49 0.20782686107146175
37 52 0.9553484303714779
37 54 -0.5101009178374365
37 56 -0.43151416484767013
37 59 -0.9796135245435573
37 60 -0.38783529839970954
37 62 -0.8803032366751233
37 64 0.0811371559480576
37 65 -0.2459356395823422
37 67 0.08472237140083805
37 69 0.18377337202403443
37 71 0.5778055258748156
38 40 -0.8999412721458884
38 41 0.4989391329652768
38 42 -0.6369087480994902
38 45 0.13470339782518126
38 46 -0.44740851468104426
38 52 0.9860374922521393
38 54 -0.6064090603435832
38 55 0.33491370594756287
38 57 0.9835538011404039
38 60 -0.559100606612227
38 62 -0.168347708077756
38 63 -0.5692011665212022
38 64 -0.2591336861649227
38 69 0.965378699892089
38 70 0.500977429900316
38 72 -0.6676733640720618
38 74 -0.05657099683700384
39 41 -0.4093265370834567
39 43 0.27554071716739137
39 44 -0.8236989858449639
39 48 -0.8134842014170245
39 49 0.29276616783889975
39 60 -0.6387901056547105
39 63 -0.07434281511101415
39 64 -0.7541072047243749
39 65 0.9827399737019218
39 66 -0.571747316470911
39 68 0.6509895862169459
39 69 0.7630301066882865
39 71 -0.5032961535989431
39 73 -0.5307382405023533
39 74 0.6433716277667281
40 41 -0.870352184668642
40 44 0.6571427743951206
40 45 0.8051277183177468
40 46 -0.6647559713812958
40 48 -0.7141005856497686
40 56 0.7503624901535035
40 62 -0.8136461759463933
40 63 -0.29017040903917946
40 66 0.9432226435900872
40 69 -0.11709316461510988
40 71 0.06677793717382863
41 47 -0.7565435983999924
41 48 0.3881064682555624
41 49 0.0281179493445749
41 52 0.18121705498821017
41 55 -0.4171853269442449
41 57 0.25351914322701474
41 61 -0.6914383290627188
41 66 -0.3015500341637467
41 67 -0.8505192792342713
41 68 -0.1116851956407865
42 44 -0.4389271877404608
42 45 0.5274723851954577
42 46 0.1162745203173976
42 49 -0.7626195706852854
42 56 0.47306319026862753
42 59 -0.6281482497441973
42 63 -0.11792955082835443
42 64 0.5581942332193885
42 65 0.5988103416710795
42 67 0.7659494550174804
42 72 0.9683241304803083
43 47 -0.8552317813259054
43 50 0.3356994730176448
43 51 -0.2721062234813634
43 53 -0.4119464866747766
43 57 -0.007480337391840619
43 59 0.498962440635248
43 67 0.06344302055137496
43 70 -0.7551642323261378
43 72 -0.1565506155771026
44 47 0.1251233268028571
44 50 0.20395497258541218
44 52 -0.793324699379973
44 53 0.8640687462702163
44 57 0.9459127424248093
44 58 0.510711631020788
44 61 0.5497213762452806
44 63 0.09646451190338245
44 71 -0.2778204719741051
45 47 0.7854462123424533
45 49 0.6529654944474612
45 51 -0.19367068162801582
45 56 -0.6365547235249596
45 57 0.15514881021385896
45 59 -0.7118842818324742
45 61 0.3406007691557371
45 68 -0.6486288867472481
45 69 -0.9629610200091707
45 70 -0.8659020869211318
45 73 0.002798066020693657
45 74 0.8139002432480915
46 50 0.3531925567043892
46 54 0.9433404519012041
46 61 -0.4399097195177133
46 63 0.5606804460648689
46 66 0.7662787435521319
46 68 -0.7527493921385864
46 72 -0.7705091029150266
47 48 0.6544818169296291
47 49 -0.6920478419002634
47 52 -0.5147658037047069
47 64 -0.03689044559011845
47 65 -0.08445348325386504
47 67 0.6202237846424532
47 72 0.3056219421672619
48 49 -0.47346550402437915
48 51 -0.7794921973532971
48 52 0.05127975251637018
48 59 -0.666357555031672
48 64 -0.6784260462003644
48 67 0.30647985781825127
48 71 0.02754440068136832
49 55 0.14117078579883757
49 57 -0.20944286866049033
49 58 0.24489860277538233
49 59 0.3124582306737511
49 67 -0.588530549235357
49 68 0.8243559460170586
49 70 0.4189455796926824
49 72 -0.5593132786150057
50 51 -0.6569985578420998
50 55 -0.3137207688787509
50 58 -0.9756005672846206
50 60 0.36145592099032564
50 64 -0.28438494373257917
50 65 -0.08255201965655057
50 67 0.9469629885665527
50 68 0.6670154498977103
50 72 0.09929274029458379
51 53 0.7878240846809434
51 57 0.21237441714819116
51 58 0.34322966395037446
51 62 0.717866630629924
51 66 -0.9734093965426107
51 68 -0.9913746789364517
51 69 -0.6619414774640093
51 70 -0.16060533706809865
51 71 0.41396875028380387
51 74 -0.7443305970914551
52 55 -0.4532723337803384
52 56 -0.9137507257196205
52 57 0.7941032335198921
52 58 0.35211401352670557
52 60 -0.7204956612843019
52 61 -0.07221817748965398
52 63 -0.26019093182638864
52 66 -0.41628949115869296
52 68 0.4116026126583272
52 72 0.8563512615348743
53 55 0.018897526595119007
53 56 0.13926284172648984
53 57 0.7716332273658812
53 59 0.0437224324857346
53 61 0.7566350180348458
53 62 -0.32051528549783526
53 63 -0.2478279855159391
53 64 0.5253283904975881
53 67 -0.4808166030853491
53 70 -0.9960810470344446
53 71 -0.6408375216551077
53 72 -0.4737733871331493
54 58 -0.42055324164524666
54 61 -0.7691857436872374
54 66 0.3257902537360968
54 71 0.6226707381960634
54 73 0.5449809067382789
55 56 0.12267583544599603
55 59 0.7303590675030238
55 60 0.5026827625130934
55 65 -0.2795237027287574
55 66 -0.179462089271323
55 73 -0.20982328470980316
55 74 0.5855391270964252
56 58 0.5266142621729151
56 60 0.8847464135635028
56 64 0.24757552515940628
56 65 -0.04869038575002449
56 71 0.9789879782816262
56 72 0.42965016627385455
56 73 0.22493048068157484
57 58 -0.8868848590607792
57 66 -0.5737869870402872
57 69 0.9389363495589762
57 74 -0.614405760253123
58 59 -0.44169230570330953
58 62 -0.46333986144153805
58 64 -0.11202085947576279
58 65 0.9206772915918806
58 68 0.7374462411703315
58 71 0.9717414093316425
59 60 0.9163828851517062
59 62 0.9484669693000558
59 63 -0.9906994528823543
59 68 -0.9854641223400487
59 72 -0.12874312261498422
60 65 0.2236193567976732
60 68 -0.5067578205844041
60 69 0.4728611568547605
60 70 -0.6463500033043661
61 66 0.33678430126528114
61 71 -0.3037564558827204
61 73 0.8016408846397809
61 74 -0.7736919347707814
62 66 -0.38867955408313004
62 71 0.03078607090694807
62 72 0.8377750238956194
62 74 0.9249140438573717
63 65 0.7093502037765502
63 67 0.5309704158121544
63 69 -0.42267769780919284
63 71 0.11003967996614694
64 66 -0.179927838992177
64 67 0.5539576971956384
64 68 0.397244107686217
65 69 -0.0997136817220754
65 72 -0.4884397746672422
66 67 0.26495862023353745
66 69 -0.5704205912826645
66 74 0.8076021678563445
68 69 -0.5736958237342926
68 71 0.15958135283410613
69 70 0.385074294685366
69 71 -0.966675281485945
69 74 0.5354305855057813
70 72 -0.9179462399382965
72 73 -0.38675082819723094
73 74 0.9867941441864057
