75 1270
0 0.10983203333476177
1 0.14462468702079256
2 0.39214120997741375
3 -0.0014724489471036328
4 0.24404163518623867
5 0.9249638366763386
6 -0.8533552276391634
7 -0.06406831965269788
8 -0.8539493414271424
9 -0.3447527319973964
10 0.7399698368005962
11 0.657833005801506
12 0.837262136086576
13 0.3116769348953503
14 -0.444324593584706
15 -0.4237101753665502
16 0.6789292111881726
17 0.4944795233886985
18 -0.666647527061976
19 -0.40271633070235957
20 0.5570791361040535
21 -0.542433209984448
22 -0.6776039634703757
23 0.4077145005414615
24 -0.06398178412674338
25 0.21788688048004645
26 -0.30602364567693674
27 0.01810029009840486
28 -0.961392716457214
29 -0.81668198270093
30 0.11794867378381269
31 -0.13242474939957405
32 0.07896432715249202
33 0.35729030139635065
34 0.6885487507233057
35 0.8490664501229801
36 -0.5267250827716492
37 -0.2844152056403353
38 -0.7360669204789339
39 -0.27059811995163985
40 0.8423548115826529
41 -0.25200101169852007
42 -0.8641464361948503
43 0.3986622960122679
44 -0.6647895215573283
45 0.7702351291361518
46 0.5368334972602677
47 -0.9161309751045699
48 0.10928243498829926
49 -0.32013094084047644
50 0.7594989600171291
51 -0.006547493181182862
52 -0.7478672994755604
53 -0.6356886325258286
54 0.9738310919738933
55 0.9447846358783363
56 -0.3265013966124508
57 -0.7455895878379024
58 -0.8423403728764389
59 -0.5938937775921123
60 0.7185404091241301
61 -0.5297619384606596
62 0.7821911019439194
63 0.5009822332776845
64 0.656328351453833
65 0.4141705900948751
66 0.6959556987752606
67 0.5458166371262607
68 0.049918164549542565
69 -0.373261774144805
70 0.4294877366648606
71 -0.26475581759941624
72 -0.5840819599545513
73 0.5253455753281553
74 -0.22732067511661413
0 3 0.3853409267461796
0 4 -0.38439205835618306
0 5 0.6157410088971509
0 7 0.6253552479443194
0 10 0.46361259604612304
0 12 -0.4484375422031357
0 14 0.414535565274758
0 16 -0.9301122599348075
0 18 -0.2554531406613805
0 19 0.09610536391706437
0 20 -0.8904773538448518
0 21 0.05203379710550937
0 28 -0.6918217996294753
0 30 0.3880964440689476
0 31 0.11496042081780433
0 32 0.3524506208708911
0 34 0.010446315579911936
0 35 0.6857913214630089
0 36 0.6945473706980692
0 37 0.0737881674111065
0 39 0.4043703471932598
0 40 -0.9027064812666936
0 43 -0.7760687370882831
0 44 0.9012282560680658
0 47 -0.22143629287891486
0 50 0.12578571711509534
0 51 -0.47225485518487176
0 52 -0.6751538307736498
0 57 0.9416278334102053
0 66 -0.35934370734315935
0 67 -0.03597133616633075
0 71 -0.27031041047582804
0 72 0.37734479713239577
0 74 0.09880197733615836
1 2 0.7409100415113143
1 3 -0.48382426948683666
1 7 -0.48607248735381847
1 11 -0.258610359728656
1 13 -0.9664315182921557
1 14 -0.7843691943054998
1 17 0.04991519558474278
1 18 0.07778964478325356
1 20 -0.8824622571298424
1 22 -0.19190443002355306
1 23 -0.7323954463350011
1 24 0.9451314548453063
1 26 0.5928940465558032
1 27 0.3257657789934132
1 30 0.2681671395780323
1 32 0.10990609442353927
1 34 0.8557559206715344
1 36 -0.823480588726375
1 41 0.10819930332165195
1 44 0.6549549225372706
1 47 -0.6911039610221963
1 48 0.5948128093302871
1 51 -0.8941609800420969
1 52 0.7868768961261166
1 56 0.7636220676379177
1 57 -0.3606153442251563
1 58 0.8107511881589256
1 59 0.21263753424533194
1 60 -0.6675487494169383
1 64 -0.9614229374739307
1 68 0.8427488504124621
1 72 -0.9865966155941923
1 73 -0.7967133548373102
2 3 0.2068529118770961
2 4 -0.9347024613918735
2 5 0.16953227992202824
2 10 0.850566006982207
2 14 0.5568924712338517
2 15 -0.9618509137161593
2 18 0.7531475759876978
2 22 -0.6213874848621905
2 23 -0.855804176375863
2 24 0.4339204158703913
2 25 0.8000415003846326
2 26 -0.8100408029644639
2 28 -0.1606843252080361
2 30 0.4199199219048617
2 31 -0.20110819832340598
2 33 -0.25109467476384895
2 34 0.8948201332131394
2 38 0.13045894522958856
2 42 0.29668587435082494
2 45 0.48688253439889073
2 53 0.05513575800211945
2 55 0.05168479527898295
2 56 0.24729439803841702
2 58 -0.3892693258998918
2 60 -0.9779038895830239
2 65 -0.5790652027679828
2 68 0.7123828492168016
2 69 0.5575069985864678
2 70 -0.7789476199589693
2 73 0.7523565361429525
2 74 0.05971989732687644
3 4 0.2516333257286931
3 6 -0.9594300932073054
3 8 -0.5213629758534915
3 11 -0.33217565595212406
3 15 0.548181105023454
3 19 0.2746771314331007
3 22 -0.7822966765499724
3 24 0.060524716008040436
3 25 0.5699496812045668
3 26 -0.9389123477481325
3 29 -0.10936971591357914
3 30 0.8224219219522828
3 32 -0.5044526125703519
3 34 0.3671174132383441
3 35 0.9286988259731876
3 37 -0.7593900761987527
3 39 -0.14731340145911398
3 40 -0.2293017047819459
3 41 -0.7930666930314876
3 48 -0.5520006158857382
3 49 0.3510349521171505
3 50 -0.5303589903821937
3 52 0.6160281421367493
3 53 -0.4405273581711011
3 58 -0.7440981128473199
3 59 0.9625555004627866
3 62 -0.12658900760452418
3 63 -0.19032351124685576
3 64 -0.6832743605686589
3 65 0.44269822306135787
3 69 -0.6011075154339394
4 7 -0.9910691692428122
4 8 -0.7135217174769115
4 9 -0.109235057169911
4 10 0.9075067403599422
4 11 -0.4559794924511622
4 14 0.5742513261638151
4 18 0.57197843466926
4 19 -0.21825543611960785
4 20 -0.9693849211156074
4 21 -0.06365727269056198
4 22 0.6636256733698422
4 25 0.09625329184238907
4 26 -0.9852491979870004
4 31 0.4896236950455639
4 32 0.712209857706215
4 33 -0.37858743252188165
4 34 0.7985842368255427
4 40 0.81967760575518
4 43 0.6515642240928554
4 44 0.601758811057234
4 46 -0.7633542993516476
4 47 0.7156316495874591
4 48 0.873302290185638
4 51 0.6701761492435561
4 52 -0.7722596743409671
4 57 0.8412692047059509
4 60 0.2929639602551073
4 63 0.01768824986248352
4 64 -0.7158039214151604
4 68 -0.20440264612947434
4 69 -0.7254128419306196
4 71 -0.723231823875309
4 72 -0.4017899053194909
5 6 0.7973608765591158
5 7 0.25210568885918927
5 8 0.5835797570198578
5 10 -0.8734971701078424
5 11 -0.41016120869863215
5 12 0.013298840659535793
5 13 0.1489270569148975
5 14 -0.7505821205287315
5 16 0.33976651266959657
5 18 0.8044130956163476
5 20 -0.30840226008987304
5 21 -0.740397355266458
5 24 -0.1424075357048089
5 26 0.5673029188747112
5 27 -0.719816311098554
5 31 -0.5629121320015846
5 32 -0.660906916919993
5 35 0.5435392263694288
5 37 0.23390350697675966
5 38 0.48428479018820725
5 39 0.06106700897008466
5 42 0.05391620227324556
5 43 0.6974645133161597
5 45 0.5980727449955103
5 46 -0.5255841268505688
5 47 -0.6797035954505413
5 48 0.31991658734262307
5 52 0.8461838897847489
5 57 -0.668028837199987
5 61 0.38049178310769527
5 65 -0.7203891374258344
5 66 0.381660829054564
5 67 0.19232215506531336
5 69 0.9916290870080213
5 70 -0.11184287872571574
5 74 0.9257851318426302
6 10 0.2830889810894035
6 11 0.32329372856780547
6 12 -0.7581154199662326
6 14 0.9717431102632308
6 17 -0.2510775163555268
6 19 -0.880029104303047
6 22 -0.25716690655520735
6 23 0.995938151922755
6 24 0.389871637307003
6 26 -0.5660629222112781
6 30 -0.5302361301994276
6 31 0.4343172979886336
6 32 -0.688117155312495
6 37 -0.39958143271566504
6 40 -0.5016925305036684
6 42 -0.5534648928823451
6 43 0.6168451024740162
6 44 0.8380474920593848
6 45 0.6268641516919462
6 46 -0.12356085491375812
6 48 -0.48498818060867777
6 50 -0.472358775389333
6 51 0.10043401807588359
6 52 0.1445786907987585
6 54 -0.6308085690934526
6 55 0.06447280427565505
6 57 0.3958492286477302
6 60 0.19581853164945984
6 61 0.988353376611949
6 66 -0.5971078982756752
6 67 0.32522299121507237
6 70 -0.2560575612498428
6 73 -0.008793377775397238
6 74 -0.45849356855613466
7 8 0.014590587059936544
7 9 0.5810420711460691
7 14 -0.3549502805157434
7 15 -0.24716712732365997
7 16 -0.5315613428910606
7 17 -0.8745493084427083
7 26 -0.414056684344148
7 27 -0.710586851971067
7 35 -0.3783747139042082
7 37 -0.03630338060508009
7 38 -0.8752099518878387
7 42 -0.5652807845774701
7 44 -0.073603624928543
7 47 0.15420722855379299
7 48 0.3410614449772036
7 51 0.1850296121409507
7 52 -0.8819945842607904
7 54 0.08109214801182296
7 55 0.10825755471404475
7 56 0.8429123156123903
7 57 -0.45766953024385204
7 58 0.3891909527872941
7 59 0.25538103597290074
7 60 -0.24880442514566425
7 61 -0.7728848535092552
7 64 0.025175201804149783
7 65 -0.8468303673679212
7 66 -0.2008156087558366
7 69 0.9668744376966139
7 70 -0.3174261084805825
7 71 -0.004649925256454246
8 9 -0.26279191973182847
8 12 0.2319883135033718
8 13 -0.7496920208843278
8 14 -0.365702434015881
8 15 0.3806604754577618
8 17 0.6146427045454019
8 18 -0.6840740919501069
8 19 0.3534038849955563
8 20 -0.543920044357709
8 21 -0.7579972671273143
8 23 -0.7929173910586778
8 25 -0.8901936055981359
8 26 0.31192724220932444
8 28 -0.33154787126343077
8 29 -0.8503335399050189
8 36 -0.8347781209633083
8 37 -0.3041677310470876
8 38 0.22320372770993524
8 40 0.10858746411159981
8 41 0.020479455413655145
8 43 -0.4485193478184113
8 44 -0.07367182676813577
8 46 0.31591970315674955
8 47 0.49508575439848923
8 48 0.7540039075111651
8 51 -0.097358231331653
8 53 0.7323714774486707
8 57 -0.3724087284699149
8 58 -0.8583687382581016
8 60 0.2561952349471639
8 62 0.9592183194921406
8 63 0.307952962972021
8 64 0.35620184106121733
8 65 -0.7543347920564121
8 66 0.9034534908613525
8 69 -0.7685813262557875
8 71 0.7297243433236402
8 72 0.5987218688020777
9 15 -0.6380403235620364
9 17 -0.761107529749542
9 19 0.902045696708422
9 20 -0.2839073533833556
9 25 0.8561800477143611
9 26 0.26180413544536485
9 27 0.8063526585213272
9 30 -0.3931593179661972
9 31 0.2929551391248595
9 32 -0.2773163766290143
9 33 0.3399721151158428
9 34 0.2055841102021696
9 35 0.30923442297602044
9 41 0.6019808012908003
9 45 -0.3070695588822985
9 49 -0.4584429251836579
9 50 -0.8551126553449948
9 54 -0.4111020262383407
9 55 0.8794436167736759
9 56 -0.12571481543833696
9 59 -0.2687232812553495
9 60 -0.15969800764194697
9 63 0.9463810150235408
9 66 0.3518415211482231
9 70 -0.5399647162193781
9 72 0.9263777915578433
9 74 0.0942462618400357
10 16 0.16408200776890425
10 18 -0.9422047131617184
10 21 0.5072415986194594
10 22 -0.3031939992932178
10 27 0.03033289761451452
10 29 -0.2625490876842971
10 30 -0.36820040915164554
10 32 -0.6020931417584505
10 35 -0.2504473745731386
10 37 0.331776525944103
10 39 -0.5041135261629903
10 43 0.2309734669713961
10 45 -0.7883318618174078
10 46 0.12497453319916763
10 47 -0.9039887453715143
10 48 0.8329697100445916
10 52 0.07407794978954452
10 53 0.7397387728088292
10 55 0.6437004565401836
10 56 -0.780771806817044
10 58 -0.61048663432384
10 60 0.9763317123920296
10 61 -0.28488209460658487
10 62 0.21463121912768335
10 63 -0.8770579895042521
10 64 0.4288226922646128
10 65 -0.46294156656621444
10 68 -0.24484574952906124
10 69 -0.18899647157107946
10 71 0.19668871396165066
11 13 0.1540757553263239
11 15 -0.5662093496391389
11 18 -0.4137287583204041
11 19 0.4859551386976688
11 20 0.9970082925976864
11 24 0.10649221561933886
11 25 -0.28862572511126583
11 26 0.19604236264372088
11 27 0.09672361301859
11 30 0.1791080816673265
11 32 -0.23991488376369952
11 34 0.9252788164030783
11 35 0.5638083251091388
11 36 0.9293318004298003
11 37 -0.5815409083264007
11 38 0.8660844401771561
11 41 -0.19434420572113398
11 45 -0.939192536939143
11 49 -0.2682003013289598
11 51 -0.4557019349827458
11 52 0.009741713958844933
11 54 -0.9619521221287246
11 55 -0.16267954594323863
11 56 0.3279170933620825
11 64 -0.3426725786596645
11 70 -0.891369683787725
11 71 -0.9941442595701073
11 72 0.7051490744731612
12 14 0.7324628676423726
12 15 0.5529645512470143
12 17 0.605805428540493
12 20 0.18673806142891358
12 21 -0.3269329874044993
12 23 -0.9347257257675969
12 24 -0.7232985556551745
12 25 -0.8137847204186626
12 26 0.5150300766472908
12 28 -0.45973966166767277
12 29 -0.93939423010109
12 30 0.7546812478237634
12 31 0.18658705781505303
12 32 0.33358724582940114
12 34 -0.8318642006784518
12 48 0.4110586487706718
12 50 -0.7355884110284716
12 51 0.09274080390490713
12 54 -0.14651955997416088
12 58 0.7738864912722871
12 61 0.40151382610081177
12 63 -0.44320889654552387
12 66 -0.1265604345817377
12 67 -0.9681109953634421
13 14 0.08445483989136182
13 15 0.16257366384047267
13 17 0.9731236739704809
13 18 -0.6784719513777258
13 19 0.4299919457495216
13 20 -0.9741777295396661
13 23 -0.629143216385684
13 24 0.8450310887565662
13 25 -0.9260483924822902
13 28 -0.517670965911357
13 29 0.030502947219635868
13 32 -0.268215236145539
13 33 0.08633034688978136
13 34 -0.8528514645566796
13 38 -0.07093789386808047
13 43 0.5178633290508365
13 45 -0.860724831762089
13 52 -0.9096113882632777
13 54 0.7220696117516339
13 55 -0.9948639587819708
13 57 0.102373544017764
13 60 -0.5007064091616642
13 62 -0.9019405822183406
13 65 0.6954817932267696
14 15 0.4382310819307067
14 18 0.8175280588984222
14 20 -0.9785772282330594
14 23 0.8822025812550598
14 24 0.7613578132987979
14 25 -0.9454406621584803
14 32 -0.5696008521966447
14 37 -0.41502805642444085
14 39 -0.4128954070932429
14 40 0.7204069689924706
14 41 0.09027118966516223
14 42 -0.8573634043370948
14 43 -0.49577801799199195
14 44 0.9815836421562463
14 45 -0.003792682172348183
14 46 0.8970581808242455
14 49 0.06653206616408691
14 50 0.12009018884552614
14 51 -0.8612296092473328
14 54 -0.986154688463325
14 56 0.7893879719756332
14 57 -0.1799218853615232
14 59 0.6707368417440756
14 60 -0.7402259764066923
14 62 -0.7154911578894312
14 65 0.8990983918296107
14 69 -0.5986253426987489
14 70 -0.027184126853195156
14 73 -0.5458698515868243
14 74 0.28385057525717916
15 17 0.9366832081957592
15 20 0.40940188821268864
15 23 0.8557380046571477
15 25 -0.5067739151443902
15 26 0.9888363151558719
15 28 -0.0761442981009317
15 33 0.1966386664620463
15 34 -0.7342573492327609
15 35 0.22977305569474216
15 39 0.36489423193076975
15 43 0.8084551489487222
15 44 0.7694278996878008
15 47 -0.14346056941742735
15 48 -0.19099251740178347
15 49 0.4985219092768327
15 52 -0.4339110881087933
15 54 -0.6464381208516214
15 57 0.5954775077658099
15 59 0.8983499809902495
15 60 -0.27435711896026915
15 64 0.2788768056099391
15 67 0.7638623044811295
15 69 0.5189498122764096
15 71 -0.6510196744141528
15 72 -0.8810116654924172
16 18 -0.6797400290657847
16 19 0.31829946864789305
16 20 0.5665451721182773
16 24 -0.8842595135769244
16 26 0.2146503197176972
16 28 0.8470092118390393
16 29 -0.6400966080071073
16 30 -0.8250453910403484
16 31 -0.36130755361929845
16 33 0.6773595870551785
16 36 0.24172076081733063
16 37 0.5118773628250031
16 38 -0.3860899289904274
16 42 0.24119238076805272
16 45 -0.018865736559015023
16 47 0.4843763197478388
16 48 0.7857805716797022
16 49 0.8852494085022022
16 50 0.612139225212373
16 51 -0.37535659811196687
16 56 -0.16322186973872088
16 58 -0.1579309792734147
16 59 -0.8459308891510731
16 66 0.3074388520873619
16 68 0.7601262509515838
16 71 0.5891198700936433
16 73 -0.24508712854783865
16 74 3.941904978788102e-05
17 21 -0.9527043160803863
17 23 -0.8716528070925453
17 24 -0.44380788717769715
17 28 0.819633269783266
17 29 0.004054308308106158
17 30 0.6407397860372526
17 31 -0.6388644464198392
17 32 0.632199346219189
17 33 -0.24699372954997734
17 35 0.7174699540545943
17 37 -0.3902375338175956
17 40 0.427339030683459
17 41 -0.2463930776511436
17 43 0.5868951720237443
17 44 0.06883545658150414
17 46 0.6287293779544119
17 51 0.8000563699760639
17 55 -0.7065884536939135
17 56 -0.39415390629484937
17 57 0.29042081410185006
17 60 -0.2575701744410557
17 61 -0.7709530806107951
17 63 -0.25091807586603854
17 64 0.5638616555596656
17 66 0.48824749606557805
17 67 -0.9728448257917763
17 69 0.055031408139726734
17 70 -0.27562236441517407
17 73 -0.9744544817521352
18 24 -0.5089324070821959
18 25 0.1854920035239087
18 26 0.9230100776672305
18 29 -0.0940647721098602
18 31 0.8118318837278433
18 33 0.0037179733603784904
18 34 0.82159205488772
18 35 -0.9912252921348921
18 40 0.315809716751837
18 43 -0.2636763823330448
18 47 0.7968786810926949
18 51 0.801635355026145
18 61 0.2293927925876904
18 63 0.7390389015160419
19 20 -0.42513204521354653
19 21 -0.020236329502411277
19 27 0.24120230816662014
19 28 0.81773277665549
19 29 0.6374845066867565
19 31 -0.9074298283186046
19 33 0.5975277012579807
19 36 0.09748314850719897
19 38 -0.9765335782522828
19 39 -0.7648869660083735
19 40 0.5077187974486832
19 43 0.8495971732611263
19 45 -0.09786410253716382
19 47 -0.5669932398543722
19 48 -0.27892233764845664
19 50 -0.5050710307416424
19 51 -0.04611466053587976
19 62 0.15164016085459187
19 69 -0.0534942788494428
19 74 -0.5980773790415475
20 22 -0.08309179022506963
20 23 0.3645516311798551
20 27 0.791933043130838
20 28 0.20648956628618875
20 29 -0.1318365365861307
20 32 0.8661453567296926
20 33 0.6815823219072534
20 35 0.8639434304523268
20 36 -0.6532289886232223
20 38 0.591574857346951
20 39 -0.03710905372403572
20 40 -0.7471904814050001
20 44 -0.750995080694493
20 48 -0.029458416965100653
20 51 0.5286032649227985
20 54 0.34093432214045505
20 61 -0.030746419443713258
20 64 -0.888671753695037
20 66 -0.7806611908112755
20 69 -0.15316778373042572
20 72 0.5242002331435749
20 73 0.985927311567816
20 74 -0.5322470866784244
21 22 0.4681395273658042
21 24 -0.32741752558697823
21 25 -0.6399580564800373
21 26 0.20058293739463195
21 33 0.3358992702705952
21 34 0.6759878733488609
21 35 -0.7851993166045743
21 39 -0.3486667897792295
21 41 0.02586137799320043
21 46 -0.14838157668383034
21 47 -0.9176213275694465
21 49 0.9139872022973246
21 50 -0.35542497988705235
21 53 -0.9075189589743684
21 54 -0.5418221664862333
21 56 0.6455093032371431
21 59 0.9716538872577134
21 60 -0.8110891715538135
21 62 -0.5803029358914673
21 64 -0.37099463756075357
21 65 -0.966077069578356
21 66 0.07545997770884316
21 67 -0.08659859190734531
21 69 0.7989401405360381
21 72 0.24358087131948158
21 74 -0.6715699121493897
22 23 0.4768506039949323
22 26 -0.3260723637896432
22 27 0.3307674599991637
22 30 -0.7118016526782378
22 31 -0.07222482783092765
22 32 0.8693650580693479
22 33 0.3973804454690024
22 39 -0.433846280596651
22 41 -0.19257906840378292
22 42 -0.579574126657024
22 45 0.3641207787366574
22 47 0.0031899336596488137
22 48 0.26443032058703664
22 49 0.07995157302397149
22 53 0.7898782429125699
22 54 -0.6861310677483927
22 55 -0.37287830828300517
22 59 -0.33556868393154593
22 61 -0.00745473982378031
22 63 -0.00935916803569281
22 66 -0.45356680719599507
22 72 -0.4945945652765178
23 26 -0.1010363460248247
23 27 0.43807105997459894
23 32 0.7818433375388822
23 33 -0.475730784709693
23 36 -0.7478420990605286
23 37 0.7077338197590073
23 40 -0.9157538377911782
23 41 -0.3557131243698717
23 47 -0.18297320581076204
23 50 -0.03481283787795886
23 51 -0.588950980766044
23 54 -0.6279525745579555
23 58 0.8671128235382537
23 61 -0.6758786795832554
23 62 -0.7927732023986653
23 63 -0.5124475157607189
23 64 -0.07034645891450908
23 67 -0.6638611133615255
23 70 0.4382879936830637
23 71 -0.8260193665912463
23 74 0.7595749270605843
24 26 0.9557203518012789
24 29 0.1407257196392755
24 30 -0.7004985335971159
24 33 0.12678552647503993
24 34 -0.3209163325761941
24 35 -0.7379303752354007
24 36 -0.5806145666083244
24 38 0.5553837803221346
24 42 -0.7467651110551241
24 43 0.395894473450628
24 44 0.8965719288980225
24 45 -0.3311120303971873
24 46 0.8385155911965758
24 48 0.4806049279384861
24 49 -0.5994090074704665
24 50 0.6303337896916938
24 54 0.30186226946613526
24 66 0.7500429195151295
24 69 -0.6087924359934447
24 71 0.02811272075675353
24 73 0.5077716280056461
24 74 -0.1406816651994356
25 28 -0.3041017790801488
25 29 0.7187336284978565
25 30 -0.6832465272011676
25 32 0.9609578032980621
25 34 -0.6906546920015662
25 35 0.7625429477560293
25 36 0.962761668974393
25 42 0.5536556312006788
25 47 -0.09848623115171473
25 48 -0.46348742926088615
25 50 0.7068712074836256
25 53 0.9805139871145316
25 58 -0.5463501390778995
25 60 -0.8168017717527674
25 61 -0.9667725502927851
25 62 0.43025089724435794
25 63 -0.19292331407289987
25 66 0.24405163289635534
25 69 0.9832091969667829
25 70 0.9412480484650547
25 74 0.8190397811081382
26 27 0.1689475219840908
26 28 0.06187462709114566
26 30 -0.43825783737995483
26 31 -0.9349117795291337
26 32 0.7065881233682056
26 33 0.17254389839980777
26 34 -0.7397094242563425
26 36 -0.8220809750697118
26 38 0.21219726444233555
26 39 0.3607384252714172
26 46 0.6106976468151777
26 47 -0.9085788764212586
26 49 0.2506586866576366
26 51 -0.6298072973538711
26 54 -0.28209963913162883
26 58 -0.10702114914904115
26 60 0.587785326122136
26 63 -0.4746123872085095
26 64 -0.02816078475715611
26 66 -0.7853614147792816
26 68 0.2255505511762954
26 69 -0.06644932244690516
26 70 0.00697048686855628
26 71 -0.5483816064306621
26 72 -0.28042670512249646
26 73 -0.9292448197715497
26 74 0.5843725707821481
27 32 -0.8297605154973511
27 34 0.758989020313646
27 37 0.25611536572763116
27 39 0.43167983402707155
27 40 -0.2846727353175933
27 41 -0.40586189083188184
27 42 0.01849306354156699
27 44 -0.7071787061029691
27 46 0.7586677265303254
27 47 -0.14419249603681128
27 48 0.7855933627727845
27 49 0.27433348280837455
27 50 0.3646531662233812
27 51 0.7553861491745786
27 52 -0.18027766962765623
27 59 0.8047580650016
27 60 0.35791867318140214
27 62 0.006670521544547281
27 64 0.13228475607172085
27 66 -0.46847461541260293
27 68 -0.9212586535981442
27 70 -0.5048054653700778
27 71 0.13786949379821034
27 72 0.2677201768486388
28 32 -0.9057542091491115
28 33 0.1468629665828982
28 36 0.5914657854947463
28 38 -0.31733483082263403
28 44 0.4683468502367567
28 45 0.7278068110029539
28 46 0.06711645689567791
28 54 -0.7897598443031917
28 55 0.7282790351598218
28 58 0.0014706832221926813
28 60 -0.4196130711522503
28 61 0.6333077527387134
28 62 0.8094386463741439
28 65 -0.8926042274615094
28 66 0.8551213052583551
28 67 -0.9792219185120863
28 68 0.28821223374875293
28 69 -0.8877275133312059
28 71 0.823435299591081
28 72 0.006537146183780651
28 73 0.8210572763761945
28 74 -0.09771315373747491
29 30 -0.1730148281651056
29 31 -0.4151680374671247
29 32 -0.8199861908892316
29 33 -0.8727528470059815
29 34 0.006208794320127886
29 36 -0.2605996597162836
29 38 0.5134504122816281
29 42 -0.05761949554373569
29 43 0.5303862018752701
29 47 -0.8454200899912576
29 50 0.9163620437180309
29 53 -0.4316376433337239
29 54 -0.7629245862700378
29 61 0.9501100364619475
29 62 -0.19048086594771463
29 63 -0.25166317185653075
29 67 0.27665267059093046
29 68 0.17374560914759396
29 69 -0.046822573238981535
29 70 -0.8754803029206488
29 73 0.938823935987763
30 32 -0.6704935980845639
30 33 -0.5591181761761512
30 35 0.003237451983017836
30 37 -0.3500990072033223
30 41 -0.7560417102177692
30 42 0.012933942513911667
30 44 -0.14337914532721063
30 45 -0.13704013394608738
30 46 0.22594608350598588
30 47 0.20731771941074784
30 48 -0.49835006909240787
30 50 0.09707818229419485
30 51 -0.6158438666456476
30 55 0.36142506068779623
30 57 0.26482800494100345
30 59 -0.964731988335592
30 60 0.25835756135804977
30 61 0.686788828707888
30 62 0.3197421890733041
30 63 0.370928619250243
30 67 -0.9111782357348148
30 68 -0.614277670475593
30 69 -0.09191889313951207
30 74 0.22577550966128057
31 35 0.34429358359719675
31 37 -0.9691480174893725
31 40 0.7767448078346124
31 41 -0.818465724177909
31 46 -0.03252374592897178
31 49 0.5720128372450695
31 51 -0.6749116971766203
31 53 0.20099150847171754
31 55 -0.4993924358006545
31 57 0.1850051313709673
31 58 0.09289457536535539
31 62 -0.6890305909261378
31 63 -0.10951436292450922
31 65 -0.2630179431350017
31 66 0.3119607513014737
31 67 -0.55712000105516
31 68 -0.36910369994063075
31 70 0.741236583547237
31 73 -0.5631807570737561
31 74 0.14085834488092996
32 33 -0.5887372669552882
32 34 -0.19311388973419064
32 38 -0.8691441038691241
32 40 0.6210687201451559
32 42 -0.15761211808948494
32 43 0.6249662604689172
32 46 0.9364114761617792
32 48 0.886280521949073
32 51 0.6895796540697976
32 56 0.6111615504138852
32 58 0.34668700148510667
32 62 0.03242023799381166
32 63 0.3273266096920977
32 64 0.38807828408699185
32 66 -0.9969544075373877
32 70 -0.2819408544645159
32 71 0.5321202616231853
32 72 0.5877970058338677
32 73 0.2553585334168491
33 37 -0.8005463113040219
33 39 -0.9329787795521804
33 41 0.2130855671575025
33 43 0.16916658896255532
33 48 0.8314970177386858
33 49 -0.021928648039055698
33 52 -0.5363388928879103
33 53 -0.6869834326637994
33 56 -0.8627738118002239
33 57 -0.9245216442561681
33 63 -0.9929677952793079
33 64 0.6922057500658745
33 68 -0.7729056153052918
33 70 -0.24195376194739637
33 71 -0.19251581196931
34 39 0.5829655193970011
34 40 -0.897439219734578
34 41 0.6917003617718205
34 42 -0.2603121906346959
34 43 0.4519657516087163
34 44 0.10497019968420385
34 49 -0.06836518756846832
34 50 0.7055642238740178
34 51 -0.6575254581289913
34 55 -0.33151410047710317
34 59 -0.2160180122410995
34 60 -0.13780640670186317
34 64 -0.015058011473082278
34 67 -0.9589230204823234
34 69 0.6566117833150311
35 43 0.8550762129744931
35 44 0.8266185656775993
35 46 -0.38451883839558465
35 47 -0.7062755268893306
35 48 -0.4687174115813051
35 51 -0.49991589239130785
35 53 -0.36407849262066017
35 58 0.6747589691440086
35 59 -0.8208983574527124
35 61 -0.4056663911415159
35 62 -0.07604521773393391
35 66 0.6323181478987874
35 67 -0.20000016942333887
35 72 -0.013337594803153996
35 73 0.6829592474459052
35 74 0.42869470030669965
36 38 -0.0919594259504497
36 40 -0.0007057217187829146
36 41 0.4736256346387715
36 42 0.1471132102143975
36 43 0.6798518592931893
36 44 0.611003759713888
36 45 0.4515782096868892
36 48 -0.3779706800541591
36 52 -0.8428624685181147
36 56 -0.892477252506334
36 64 -0.5220557073615741
36 67 -0.001863870760300701
36 71 0.29608804455926174
36 72 -0.4077971303061383
36 73 0.7185551864230562
36 74 -0.46270997338716446
37 40 0.6839251640013635
37 42 0.8764244099587006
37 43 0.8003586137651528
37 45 -0.8816029263966341
37 46 -0.5477244841630982
37 47 -0.9989234840207546
37 48 -0.05158525881861764
37 49 -0.8759657132574292
37 54 -0.9238688501031729
37 63 -0.5713690331525703
37 65 -0.4204217097802041
37 66 0.7683829824201291
37 71 -0.21808053810814787
37 72 -0.16356358819073158
38 41 -0.9257221404500711
38 43 0.12552109972809378
38 45 0.7219330125477885
38 46 0.33569166587132204
38 48 -0.34357369820307215
38 49 -0.6344414011249397
38 55 -0.23488741492103826
38 60 0.7206173061248258
38 61 0.05802419865458419
38 62 -0.6310571062924346
38 63 0.7615013254497769
38 64 0.3468030049986932
38 66 0.476001598119143
38 70 0.9030457668500513
38 73 0.9771997973768038
39 41 -0.606733844166268
39 42 -0.5378090324641758
39 44 0.8387022844604899
39 45 -0.6579396571687512
39 49 -0.049311103482562846
39 51 0.6411366878154219
39 56 -0.31567200956797103
39 57 -0.47945110133181656
39 61 -0.44634786365717405
39 62 -0.16124091282977515
39 63 -0.3186208216888675
39 64 -0.906950010955315
39 65 0.5388827921434354
39 68 -0.5467098810941013
39 71 -0.7685308179149273
39 72 -0.3629382602513789
39 74 -0.33560395423236233
40 44 0.5031856739924769
40 48 0.9403710185893741
40 55 -0.0064102414335229785
40 56 0.9563396171681762
40 61 -0.4166000301450399
40 62 0.44494776647961776
40 63 -0.6089294747908411
40 66 0.08950182195161527
40 67 -0.8777186020128402
40 69 0.6191497616176225
40 70 -0.057255719559106355
40 72 -0.7388663439404186
40 73 -0.3925997316145584
40 74 0.11596716667944484
41 44 0.9388140435811105
41 45 0.09004991162009035
41 46 -0.6462669361028504
41 47 -0.011418119841735797
41 49 0.5739398420760371
41 51 -0.7078274893451313
41 52 -0.16571563747567364
41 54 -0.8754713517150707
41 57 0.9722679974673856
41 60 -0.1819051117073387
41 63 0.3045992244231017
41 64 -0.8391773324907312
41 67 -0.2259720890937129
41 68 0.5642673244645418
41 70 -0.817610781603948
41 71 0.5418219139722638
41 73 -0.324033544344386
42 44 0.5951774668821044
42 48 0.3376393454014075
42 50 0.8217483149520541
42 51 0.5096155592510168
42 53 -0.009198894615669806
42 55 -0.654513127916327
42 60 0.81793875345052
42 63 0.9470902421653049
42 66 -0.9750173827089368
42 70 0.695299888499725
42 73 -0.1595182186316122
43 45 -0.25283809956893855
43 46 -0.561236846294336
43 48 -0.9207445633475175
43 49 0.7680213444910473
43 50 -0.634879717666927
43 51 0.33305593494537056
43 57 -0.16208960909501569
43 59 -0.6100708410103146
43 63 0.9530953280668819
43 66 0.3840509915362722
43 69 -0.45823211777501305
43 71 -0.3362412955578833
43 72 0.8044520219063502
43 74 -0.8943019461150219
44 45 -0.5993142976079324
44 46 0.6066982267425491
44 47 0.8480414432038501
44 48 -0.3837478321013923
44 49 -0.9283142614523054
44 50 -0.8548318554963246
44 51 0.39608663053379156
44 52 -0.015386835758646189
44 54 -0.7122695458638033
44 55 -0.10584297343201632
44 56 0.9146134510252877
44 60 0.3324807460152135
44 62 -0.33541615482152465
44 64 -0.38358079268892054
44 65 -0.6078758075026705
44 66 -0.8859711947145503
44 73 -0.6636203168703398
44 74 -0.4516484604580795
45 47 -0.0033474304358933615
45 48 0.6627471881362308
45 49 -0.09736610627064235
45 52 -0.40663659207725433
45 54 -0.4699550426379888
45 55 0.5078306914876136
45 57 -0.7351323140353294
45 58 -0.02461618412393496
45 60 -0.9534519784993762
45 61 0.9375469549080686
45 63 -0.08045543083444273
45 64 -0.18863168914081818
45 68 -0.21468032944434756
45 69 0.2805160849668089
45 71 -0.594116812808337
45 73 0.4027862867805394
46 47 -0.2493505049935636
46 50 -0.7245987225794468
46 51 0.012904207996059958
46 52 -0.1368497528152821
46 54 0.331264295959911
46 55 0.6073786322312518
46 57 -0.389236898569008
46 58 0.8501787348533725
46 59 -0.8442457209039371
46 63 0.6808559256862652
46 65 0.12940120523663334
46 67 0.637736234502075
46 70 -0.12313095932839446
46 71 -0.7276944591744281
46 74 0.9816637291240127
47 48 0.6353979334585371
47 49 0.6275119234607598
47 53 0.32368172003157825
47 57 0.16299132278671213
47 58 -0.3284514220568331
47 61 0.9193466671682438
47 64 0.4353735922139381
47 65 0.6384590508186474
47 67 0.9719339454253046
47 68 0.49696870909824886
47 69 -0.19534562534587918
47 70 -0.26538582018433
47 71 0.06469676012769332
47 73 0.32443182542497695
47 74 0.10114435620162099
48 49 -0.34804213667249595
48 51 0.8999527640654967
48 52 0.4491079619482192
48 57 0.44118543022181944
48 58 -0.5594091104155996
48 59 0.7097349513997557
48 61 0.1823023905852459
48 62 0.20245801129166163
48 63 0.03863568944101181
48 65 0.21530121415863923
48 66 -0.6961249185162282
48 68 -0.2587277905527383
48 69 -0.03341826724638031
48 72 0.8935594075461148
48 74 0.5099948621047945
49 51 -0.12296924556798539
49 52 0.05362881806642261
49 53 0.9360247588185187
49 54 0.15070991038574344
49 55 -0.6999637929582427
49 56 0.2777405696585673
49 64 -0.6489846194260076
49 66 0.9900284293197619
49 72 0.6121056115041352
50 51 -0.5070314346378058
50 55 -0.7565226843834283
50 58 0.36082907206584003
50 59 -0.8198408799467962
50 60 -0.6200593026640113
50 62 0.6960336800033557
50 64 0.7203744072909122
50 65 -0.5520956590485069
50 66 -0.24044292159853864
50 67 -0.07148753488175252
50 68 -0.7585041127928114
50 73 0.8116061468256257
50 74 0.7065005889032079
51 52 0.7676557260071528
51 53 0.00014135603691078913
51 54 0.5913379303716491
51 56 0.004577138253688995
51 57 0.8638957809464749
51 59 0.14024071670036742
51 61 0.07817722519257408
51 62 -0.9110757964856822
51 68 0.40187072473734453
51 70 -0.9042905884877956
51 71 0.1400469519764409
51 72 -0.831003561586078
51 73 0.5573471085772108
51 74 0.5095413830685296
52 53 0.3128843087591666
52 55 0.39564136664614247
52 57 0.30796568750210396
52 58 -0.8020690528187508
52 59 -0.5839974301541369
52 60 0.12872889848484825
52 61 -0.18592045150126424
52 62 0.7430861321476192
52 64 0.4135050362535089
52 67 0.9422594055313878
52 68 -0.6118855004091914
52 71 0.15113685579999148
52 73 0.28114009394747974
52 74 -0.9908848975410727
53 56 0.5945574497744592
53 59 -0.7811724278987018
53 60 0.3617209583513299
53 63 0.5851695869951121
53 65 0.568756684267423
53 66 -0.6861160759187883
53 67 0.17259877749367458
53 68 -0.18874724989927572
53 71 -0.6189438189745424
54 55 0.9302500073721007
54 56 0.4790147967367675
54 57 -0.6878848779060178
54 60 0.27788602007539254
54 61 -0.06456845055615701
54 63 -0.7079497637900884
54 65 0.831108045281433
54 67 -0.7555256461680087
54 69 0.22967448574791294
54 72 -0.9599361899024303
54 73 0.29086794443610753
54 74 -0.8093716767958836
55 57 -0.7634103108636143
55 60 0.6519186693873205
55 62 -0.24638710986422452
55 63 0.9235333193001967
55 68 -0.3271564610387909
55 70 -0.9910767502007687
55 71 -0.8071214539512301
56 58 0.7749486053847681
56 61 -0.5748935735633298
56 62 -0.8366673920352192
56 65 -0.010299625717385297
56 66 0.2661598421130804
56 67 -0.5404853558185196
56 71 0.26453062622751666
56 73 0.6647821286992757
56 74 0.5853431510101024
57 58 0.5949385058266361
57 60 -0.10383515196087223
57 63 0.3723911051573112
57 65 -0.28070161208192257
57 66 -0.6021975686506271
57 72 -0.8110358475692585
57 73 -0.920825823466322
58 61 -0.3855530801765312
58 63 -0.4965756808842676
58 64 0.11787139165243388
58 65 0.834860085944976
58 69 -0.8771273533279513
58 70 -0.3343934855084254
58 72 0.6363369321804575
58 74 -0.41598750191207046
59 60 0.3504777157090371
59 61 0.12775152836526815
59 63 -0.5257016002755694
59 69 -0.29357777760034764
60 63 -0.26805561560671354
60 66 -0.8643098621508125
60 69 -0.7185271112904523
60 70 0.6926210897284355
60 72 -0.024167964042624668
60 73 -0.09891171844770552
60 74 -0.33995715503773827
61 62 -0.034839511974623205
61 63 0.8891699772627637
61 67 0.45699806145104227
61 73 -0.7535434844527173
61 74 0.26030576632080416
62 66 -0.4619177723577974
62 67 0.582887851946901
62 70 0.1973903644390611
62 71 0.8640411466731284
62 72 -0.43531415129531625
62 73 0.6410383970650937
63 67 -0.5294734682357167
63 69 -0.5917798012949578
63 70 0.5373396013216827
63 73 0.585056010816656
63 74 0.9896064376650335
64 71 0.7001652863302275
65 68 -0.08038236745801663
65 69 0.5235110369424061
65 71 -0.8808987784737674
65 72 -0.5937990886346063
65 73 -0.916434061487539
65 74 0.989228718678677
66 68 -0.49464987687088846
66 70 -0.3126400792158901
66 71 -0.06503623617711085
66 73 -0.47434581387953845
66 74 -0.7101796861595291
67 68 -0.586815460334402
67 70 -0.5563864796540599
67 72 0.17808983886688923
67 73 -0.07793702526578294
68 70 0.09326790111255012
68 71 -0.17849166369196334
68 72 0.8618748637569218
68 73 -0.8617542516744285
69 72 -0.05338617592978978
69 74 0.8339048233217226
70 71 0.8059335548894155
70 72 0.5707858476191197
70 74 -0.10862763771416373
72 74 -0.3102544272515724
