75 2094
0 -0.8267053570267779
1 0.3028015138862459
2 -0.007521567690125686
3 -0.2581757086344354
4 -0.1462745177134115
5 0.43468394927743503
6 -0.5816715047293368
7 -0.6254200379831356
8 -0.11562974733268905
9 -0.9585059421247206
10 -0.6007377947454411
11 0.2455798062269361
12 0.13647756487263663
13 0.9281697204342998
14 0.7572971421759387
15 0.7056701652682695
16 -0.35526886140128533
17 0.4365393418711596
18 0.9390401598161777
19 0.7634875784464765
20 0.9131001390702369
21 -0.18222194819150728
22 0.7217101449921399
23 0.4992991691999089
24 0.8117935711372366
25 -0.3405269669718316
26 0.1763971014315897
27 0.05665217847209014
28 -0.365440646383399
29 0.8014451742207835
30 -0.6443193233162556
31 0.08945258436509884
32 -0.37906294878351154
33 0.1691707048671871
34 0.8612617979250714
35 0.9195276940673909
36 0.9144701422360308
37 0.3289452706124465
38 -0.08868142825480985
39 -0.47612508749496674
40 0.2837258677478445
41 -0.9728415816002789
42 0.7728250312683573
43 0.35625305244531313
44 0.7472867933252565
45 -0.20879272199362653
46 -0.904220851500634
47 -0.36061572563677524
48 0.6551000896947994
49 0.08953315752152635
50 0.2196092342195215
51 0.5886099670516414
52 0.4713751524727987
53 -0.4240187884423743
54 -0.8900586077088821
55 0.09543986229718837
56 -0.05513331063199867
57 -0.6635661258375896
58 -0.8540976591413474
59 0.18597064783651485
60 -0.35868847780408686
61 -0.6561056643159122
62 0.9898544607826116
63 0.5820876790704574
64 0.8892236760681036
65 0.3675470590574301
66 0.9125535281198127
67 0.7085822582303545
68 -0.27234883820342826
69 0.0669004617583564
70 -0.790806809793601
71 0.8095429206774987
72 0.558530795880031
73 -0.010699397031330715
74 0.9890680021626348
0 1 0.8725662245690078
0 2 -0.48313888624664814
0 3 0.9610641489100638
0 4 0.4185347794943235
0 5 0.8687000953716224
0 6 0.24144372695975114
0 7 0.016611326259690973
0 9 -0.8621678420832775
0 11 0.4448023090005204
0 12 -0.8905938802230167
0 13 -0.982957038681384
0 14 0.3857773691333384
0 15 -0.35279839969373583
0 17 0.7255063949767773
0 18 0.5473762173299794
0 19 -0.947105004920425
0 20 0.5897193135445171
0 23 -0.8660953334338177
0 24 -0.6387775655848584
0 25 0.2736283636208585
0 26 0.5067705228189991
0 27 0.5999650947597277
0 28 -0.3391524066256735
0 30 0.19357491273514582
0 31 -0.0031751063894365217
0 32 0.35933142051918865
0 33 -0.26051231751965087
0 34 0.44387825190084507
0 35 -0.648481155966512
0 36 0.6387893003935201
0 37 0.49353786644396735
0 38 -0.42696568831382375
0 39 -0.8138532198162218
0 40 -0.8463413145761762
0 41 -0.7297467019048876
0 44 0.32154393313651264
0 46 -0.0106785611169109
0 47 0.35027439907314273
0 48 0.1022796189851285
0 49 -0.38857819195966203
0 50 -0.9698293798680153
0 51 0.6570649537199746
0 52 -0.35808245333827426
0 54 0.3852483149175372
0 57 -0.45609120622026933
0 58 -0.27493217694928673
0 59 -0.2982161083499437
0 60 -0.3284471684075554
0 62 -0.4166076492883135
0 64 -0.4407908720072189
0 66 0.7038248687514024
0 68 0.7715558558050815
0 69 0.2863098847665406
0 71 -0.2091493443708854
0 72 0.4587917761504916
0 73 -0.6762772686729492
1 3 -0.44190211231968357
1 4 -0.6361216306540824
1 5 -0.0058043667135869725
1 6 0.7994417949666706
1 7 -0.996642283234098
1 8 0.7974443684810331
1 9 -0.3728808102977297
1 10 0.9702163106588957
1 12 0.561061532191854
1 13 0.7170662431288568
1 14 0.7925414173844896
1 15 -0.6571768464547407
1 16 0.8574183437326577
1 18 0.1485623203652513
1 21 0.8649576517775419
1 22 -0.5397967615534862
1 23 0.7825346814667877
1 24 0.6176601509153881
1 25 0.6903011116477651
1 27 -0.5724337803417718
1 28 0.9912669647447312
1 29 -0.3879714301178583
1 31 -0.42952339706185794
1 34 0.19774348158256938
1 36 -0.17843378673446808
1 37 -0.9327966264330823
1 38 -0.6725630357826731
1 39 0.31559151707560895
1 40 0.37007890934294263
1 41 -0.5032479603862563
1 42 -0.27350512265972937
1 43 0.4046566347805327
1 45 0.8861559740223126
1 47 -0.4749225757522051
1 48 -0.625940652151814
1 49 0.320124376838008
1 50 -0.9750569819859338
1 51 -0.8568740081167181
1 52 -0.41639465283171595
1 54 0.09997216586599822
1 55 0.8480926510717797
1 56 0.3948137741769737
1 57 -0.8066879762181751
1 58 -0.7840787143478503
1 59 -0.8219205960786853
1 60 -0.9359258574767324
1 61 0.3515392218519977
1 62 -0.4134886488512799
1 64 0.7104591223734646
1 66 0.6643858610957962
1 67 -0.6772995367293537
1 68 0.36908903645511093
1 69 -0.5127029033700126
1 71 -0.13393192462750947
1 72 -0.04100364123980871
1 74 -0.36600475213185124
2 3 -0.8650334697321116
2 5 0.5596035797908592
2 6 -0.07492527850529851
2 7 -0.06820855168337014
2 8 -0.692411738601572
2 10 -0.6432472601372234
2 11 0.2105003871826736
2 12 0.753117835449324
2 13 0.3049491391017818
2 14 0.8621373132222445
2 15 -0.6638930126979743
2 16 0.5775584224524779
2 17 -0.9017359986066233
2 18 0.4106079380627756
2 19 -0.8999653170331514
2 20 -0.0216662144845281
2 21 0.3166764267746818
2 22 0.9909088120074598
2 23 -0.5762331660913931
2 24 0.9538578579418378
2 25 0.5013224717464042
2 26 0.6983127564711984
2 27 0.30512488285203054
2 28 -0.5507767903107887
2 29 -0.5783967304744846
2 30 0.7474431494156184
2 31 -0.7787723388217356
2 32 0.20209696674895916
2 33 0.2209366859793871
2 35 -0.8039397958504881
2 36 0.10165442645090317
2 38 -0.3796359704999537
2 39 0.39489338497451243
2 41 0.09347911040719414
2 42 -0.9245712022012222
2 43 -0.9384340956429849
2 44 0.7925834926047051
2 45 0.33683994232900405
2 47 -0.03052569096678348
2 48 -0.5376715507008887
2 49 -0.5079567453475595
2 50 0.5938875405702624
2 51 0.34830464515030624
2 52 -0.9638196494718836
2 54 0.04943717066934772
2 57 -0.3005481173923108
2 58 0.6398344491383736
2 60 0.34400411691675714
2 62 -0.39989709493908343
2 63 -0.7920529767994873
2 65 0.6864071773528204
2 66 -0.589567184877837
2 67 -0.4286834329280438
2 68 0.6022554361115595
2 69 0.21818894159429347
2 70 -0.4156191572693715
2 72 -0.6773298315126877
2 73 0.6507819689410892
3 4 -0.4357706099076466
3 8 0.132229700491018
3 9 -0.5967871321761509
3 11 -0.06759167737676597
3 12 -0.41773953268867436
3 13 0.5792098720876033
3 14 -0.9072031507553007
3 15 -0.6768569974934004
3 16 -0.34261916732697717
3 17 0.9311021860212687
3 18 -0.9834776171636557
3 19 0.22318780827510332
3 20 -0.5098346344817659
3 21 0.6039353159886138
3 23 -0.43865628907843135
3 24 -0.49529292443831974
3 25 0.84076209632449
3 26 0.42822104682956286
3 27 0.806574678125352
3 28 0.552708899323703
3 30 -0.04036254267437456
3 31 0.9982166395577874
3 32 0.3995962711770671
3 33 0.22986591039550408
3 37 -0.3641561089610712
3 39 -0.5647066856774838
3 40 -0.4166671983361716
3 42 0.4226918071202139
3 43 -0.04922870030121351
3 44 0.22024741563055295
3 45 0.9666831223015206
3 47 0.26347621409246713
3 48 0.23085631323623068
3 49 -0.8842133734930051
3 51 -0.25005926981449234
3 52 -0.39076781340720657
3 53 -0.5566611027836326
3 54 -0.7351630143954215
3 55 -0.6329856912497758
3 56 0.9323006449557942
3 57 0.13175991917209684
3 58 -0.07873613608105101
3 59 0.7717807823452814
3 60 0.8801084138805249
3 61 -0.3598987871907764
3 63 -0.8589844944173748
3 65 0.6527217121800151
3 68 0.8116378988781472
3 69 0.05840010099774262
3 70 0.7151615549604378
3 71 -0.0141202010069994
3 72 -0.2472468224250366
3 73 -0.7203002992243324
3 74 0.39902344331194195
4 5 -0.2583088573480352
4 6 0.11916895178179643
4 8 -0.8915187320396978
4 9 -0.0003329846405182302
4 10 -0.5319127154749943
4 11 0.976541246077981
4 12 -0.4402969568609001
4 13 0.8628531070610728
4 14 -0.2804486479502104
4 15 -0.7653781405965674
4 16 0.7121905047489976
4 18 -0.3551766916524979
4 19 -0.6219105226003478
4 20 0.8817821435129769
4 21 0.31543359471489074
4 22 0.6127458207369203
4 25 -0.9064478642368559
4 26 0.38129446438778003
4 27 0.2375336660026761
4 30 -0.268091368567811
4 31 0.7159014882453243
4 32 0.37550329951080696
4 33 -0.2521758184237397
4 34 0.7738744549989396
4 37 -0.5440042872045567
4 38 0.08950946328683917
4 41 -0.5458603537725071
4 42 0.1818389173195012
4 43 -0.7080283332021733
4 44 0.22535826345807664
4 46 -0.014094802002685425
4 47 -0.6833056946897098
4 48 0.2706045637509116
4 49 0.7047413375512865
4 50 -0.4105097489381553
4 51 -0.0463763360564009
4 55 0.06725554419136426
4 56 -0.4925724103376121
4 57 -0.3692851235598069
4 58 -0.1884974905867356
4 60 -0.48319446850856784
4 61 -0.30508414127784733
4 62 0.8720840052469809
4 63 -0.17399239401581146
4 68 0.14328265304193244
4 69 0.5179777427789027
4 70 0.06470996793951822
4 72 -0.859562875790435
4 73 -0.994750138795176
4 74 0.2745691093044864
5 7 0.20261476628935915
5 9 -0.5313350048651897
5 10 -0.4276031211252074
5 12 -0.8096393598745231
5 13 -0.45062913080688394
5 14 -0.24024049436976647
5 16 0.963993521749194
5 17 0.8476068401572858
5 18 -0.35301192760117317
5 19 -0.1423273832043901
5 21 -0.5316841221956994
5 22 -0.6487954155387545
5 23 -0.27582943646490854
5 24 0.32249726182694793
5 26 0.17650654204171046
5 27 -0.08554447771216767
5 28 -0.6681860905062358
5 30 0.3973581116346998
5 31 -0.34963740387503006
5 32 -0.5803085861171926
5 34 0.8872093341558949
5 35 -0.7225818923727829
5 36 0.7022179084195963
5 39 0.4693198822060787
5 40 -0.11150060346483359
5 41 -0.7342907361602269
5 42 0.6787565628641437
5 44 -0.6641651393556649
5 45 -0.5629489546981958
5 46 -0.6967943303666668
5 47 0.3304237324992165
5 49 0.8605712126769911
5 50 -0.7801511481912651
5 51 -0.21367819022244516
5 54 0.5724969786364165
5 55 -0.9619081875542528
5 56 0.5620586187915295
5 57 -0.03260758536415076
5 58 -0.6525816160494706
5 62 0.6490597900445609
5 63 -0.4123045002602457
5 64 0.6400518720329178
5 65 -0.9652960143890299
5 66 -0.3050994879271325
5 67 0.7770039968948965
5 68 -0.8840967099804999
5 69 0.7999829146439912
5 70 -0.1877978398686968
5 72 -0.0037944542982535356
5 73 -0.7016994966571881
5 74 -0.44378017440528694
6 7 0.813386371025163
6 8 0.08044016422589162
6 9 0.15412967502558317
6 10 0.8240045843454693
6 11 0.002878918960448784
6 12 -0.7803895065952264
6 14 -0.7623552419637516
6 15 -0.7449505952903346
6 16 -0.793680475470866
6 17 0.20839076271771972
6 18 -0.09648553950490868
6 19 0.862635621762974
6 20 -0.5544723209077236
6 21 -0.15250318777277294
6 22 0.9611387436522203
6 23 0.10235543379835033
6 24 -0.7282616732956138
6 25 -0.5867263998766434
6 26 0.09201450924526844
6 27 0.5846915071269287
6 30 -0.34969301666490415
6 31 -0.22893911999136352
6 32 0.05832445831107602
6 33 0.5458186098777169
6 34 -0.6503985584659207
6 39 0.859185801784472
6 40 -0.03499810768201894
6 41 0.8690022372288198
6 42 0.9543039997797615
6 43 0.2721374695546994
6 44 -0.6975091751419087
6 45 0.8230330646374568
6 46 -0.4452280003973683
6 47 0.4524375935806282
6 50 -0.10058950849262271
6 51 -0.5254488275759917
6 52 -0.6166017465693654
6 53 0.32953005877252717
6 54 0.6092740186493328
6 55 -0.6796817977910248
6 56 -0.5372671162224381
6 57 0.3643023655770974
6 58 -0.6978473342501734
6 60 -0.23499363484763536
6 61 0.18958097557732145
6 62 -0.7554189063791159
6 63 -0.587162846642066
6 64 0.19927682361392196
6 66 -0.924236028753125
6 67 0.6949948863320417
6 68 0.7504429889369526
6 69 0.6018370312468282
6 70 0.33934491594190264
6 71 -0.49013706261255163
6 72 0.295299889842519
6 74 0.8268521706725744
7 8 0.5674597225727176
7 9 -0.06079344151759525
7 11 -0.7706588652817654
7 12 0.9616838788527702
7 14 0.21489861644917574
7 16 0.5104492638667586
7 17 0.7085887503715056
7 18 0.40719817373672096
7 19 -0.8972867816036658
7 20 -0.7899131407624891
7 21 -0.9970964502407822
7 24 0.15519323346904335
7 26 -0.06250361827911077
7 28 -0.9830126416838254
7 29 -0.2609725550858175
7 30 -0.9437715802644948
7 32 0.1950173417029717
7 36 -0.47437466441330445
7 37 -0.1750234323252049
7 38 0.9053855278294438
7 39 0.23002741196592935
7 40 0.25933262216314845
7 41 0.3469998436641515
7 44 0.7264365808574011
7 45 -0.122709383562013
7 46 -0.17236724740414822
7 47 0.8055776346694701
7 48 0.5472730330123785
7 49 0.3600367211874729
7 51 -0.4189298013322167
7 52 0.11721114849876924
7 54 0.38628216154330897
7 55 -0.42102883592899354
7 56 -0.9657789944082515
7 57 0.6858038277168543
7 58 -0.6517118703558635
7 59 0.18791743199012378
7 60 0.8116876527446002
7 61 0.12374292039278578
7 63 -0.9674542946875395
7 65 0.8435054045009094
7 66 -0.4171049942601872
7 67 -0.3774850002271688
7 68 0.7979399777018175
7 69 -0.06012260857690932
7 70 -0.9608286865543103
7 71 -0.6067512388376277
7 72 -0.9835454217627497
7 73 0.7641553765197655
7 74 -0.805332924231511
8 9 -0.538730232500795
8 11 -0.11540123543497094
8 12 -0.2258202060669694
8 15 0.7615245614303074
8 16 0.6908815526968128
8 17 0.06039441317500138
8 21 -0.1348408626162354
8 23 -0.6134390506273188
8 24 0.477499605533108
8 26 0.4789806432689061
8 27 0.009095199257919795
8 28 0.9324021697236733
8 29 -0.04973336556949337
8 30 -0.9157973262195267
8 31 0.22282105982609424
8 32 0.05458726343952547
8 34 -0.29185070044519246
8 35 0.7028981234160359
8 36 -0.9634531427687669
8 37 0.44619056172014115
8 38 0.1624159164090755
8 39 -0.124901833634399
8 40 -0.40234841538869315
8 41 -0.6448091823038147
8 44 -0.02987039061299268
8 46 -0.4219171129488435
8 47 -0.18409165756250112
8 48 0.4988961587454661
8 49 -0.3024909890908134
8 50 0.30907723892910344
8 51 0.3631432764583331
8 52 0.707490558756859
8 54 -0.8748255425547076
8 55 0.22538600625522354
8 56 -0.5606195190104408
8 58 0.4410650685828956
8 59 -0.4855963752796606
8 60 0.35628160348871374
8 62 0.5782439437783582
8 63 0.41245988967761527
8 64 0.380105063628543
8 65 0.15524634671019233
8 66 0.9821085178342304
8 67 -0.3334931922286075
8 68 -0.8224932706463217
8 69 0.6487479556621321
8 70 0.769248716075883
8 71 -0.8216288873559094
8 72 -0.3872198241749527
8 73 0.5457942347648572
8 74 0.03140754474987828
9 10 -0.2103236586305075
9 12 0.6239888264094515
9 13 0.08809653994322075
9 14 0.8173423565727338
9 15 0.832342234825604
9 17 -0.7471632305882112
9 18 0.0536320406115649
9 19 0.5176173952732197
9 22 -0.1824911446877835
9 23 -0.443983255810245
9 25 0.3426335661410469
9 26 0.650005389343824
9 29 0.1780094918286106
9 30 -0.05351313145331327
9 33 0.78394244972836
9 35 -0.17150290859942552
9 36 0.07767963587120263
9 37 -0.12598572366985694
9 38 -0.32065109495730004
9 39 -0.5776319992633492
9 40 0.18964063188270996
9 41 0.9617039072726599
9 43 -0.8938411156034645
9 47 0.6919126790077863
9 48 0.4790333620588607
9 49 -0.4948964064104877
9 50 0.3960449375768349
9 51 0.8372026030867821
9 53 0.3360595879291799
9 54 -0.864922471117457
9 55 0.7849436770553164
9 56 0.4299220400729735
9 57 -0.8271145971967802
9 58 0.8246964113168633
9 59 -0.8103063808631668
9 60 -0.7562572089410009
9 61 0.35302023640748104
9 62 -0.8398058371162371
9 63 -0.3733048284515752
9 64 0.4045259828143648
9 65 0.2626947156788271
9 69 -0.43631740932656715
9 70 0.15388417633517149
9 71 -0.4601374159275351
9 72 0.5340756331608241
9 73 -0.10157397560313153
9 74 0.8008138411578285
10 11 -0.1819316504661701
10 12 0.11971866112296681
10 13 -0.7971886614338333
10 14 0.08012683483155603
10 15 -0.5256676732366043
10 16 0.4900431270857184
10 17 0.5186954303695628
10 18 -0.9915865730579398
10 19 0.962790826642526
10 20 -0.062425380044800916
10 21 -0.08589931943949147
10 22 -0.05972332834493943
10 24 -0.11968070197218661
10 26 -0.46022660324215403
10 28 -0.39564600350976
10 30 0.5105561131517311
10 31 -0.14914506066773092
10 32 -0.01615688328415965
10 33 -0.4214875998950096
10 34 0.2887818688722321
10 36 -0.42073950452754527
10 39 -0.06361650023699372
10 41 0.7305725617513619
10 42 -0.22164165338595376
10 43 -0.2795485312927817
10 44 0.5298213324807646
10 46 0.9394709812265307
10 48 -0.7703767438503719
10 49 -0.6754866516334799
10 50 0.6159317898930361
10 53 0.36214997411518524
10 56 -0.6261827967373521
10 57 0.7223609534098749
10 58 0.8613267333889778
10 59 -0.3145085290281575
10 60 0.5123466593364154
10 62 -0.45600426153843543
10 63 0.37897744774569797
10 64 -0.5794340360303938
10 66 0.5326299384618318
10 69 0.9592819268502126
10 70 0.8194373735738096
10 71 0.8998597856980477
10 72 0.3215528540531436
10 74 -0.983984429065994
11 13 -0.6274230089327308
11 14 0.6145370412041089
11 15 0.36518242015097147
11 16 -0.805102605994227
11 17 -0.09880160544215255
11 18 -0.6401733402031555
11 19 -0.961791508808534
11 20 0.2630457459082227
11 21 0.2882762868340931
11 23 -0.9345440003851946
11 24 0.490863328342938
11 25 0.4468030865574273
11 26 0.23687956659557963
11 27 -0.3749118237866309
11 28 0.9573052076117297
11 29 -0.2575103422077607
11 30 0.3516349141653523
11 31 -0.7962158601731204
11 33 -0.6033002418299922
11 34 -0.6425648570751838
11 36 -0.7288523984941828
11 37 0.35482473056540553
11 38 -0.3279594852185779
11 39 -0.962041133751933
11 40 0.06119559568078903
11 41 0.27327881981194646
11 42 0.7232930050530568
11 43 0.6556892112319577
11 45 -0.4726337430381955
11 46 -0.1257470966944383
11 47 0.15393041137693175
11 48 -0.15395290505709291
11 49 0.07402494485700184
11 50 0.9448520936410569
11 52 -0.5658877619415064
11 53 0.033491009793772175
11 54 0.9704300923693134
11 55 0.6336033287563791
11 57 -0.07868792467090646
11 58 0.43249029049569665
11 59 -0.14513324304922515
11 60 -0.15840440881355722
11 62 -0.20343180295932206
11 63 0.7168105367205309
11 64 -0.8464233707025646
11 65 -0.025579968566394662
11 66 0.8836961121143039
11 67 -0.5023753874862462
11 69 -0.1376898102291748
11 70 -0.7528223682737616
11 72 -0.26720509845571416
11 73 0.7648591993291691
11 74 -0.733403676525566
12 13 -0.14184325336131742
12 14 0.39112745220167633
12 16 -0.24589752326790348
12 17 -0.8002041789817549
12 19 0.570522057757008
12 20 -0.37149233258186376
12 21 0.8790214969968719
12 22 -0.48717093932799127
12 24 -0.3735612089596214
12 25 0.5226121360315046
12 28 -0.011246045126909188
12 29 -0.9570732387432446
12 30 0.7341059693133711
12 31 -0.39839457706786585
12 33 0.710635531852313
12 34 0.8175525758452584
12 35 -0.45288228241838646
12 36 0.6042407782792236
12 37 0.9185512415003461
12 38 0.6441620233418288
12 39 0.9025192984988926
12 40 0.7523631969859561
12 41 -0.11292340419641134
12 42 -0.31690587124205427
12 44 0.49405771198292037
12 46 -0.5219711525282602
12 48 0.4369460728198682
12 49 0.3536447652749357
12 50 0.4758250625926903
12 51 0.16442263573902438
12 53 0.523189648599766
12 54 0.37992124645618475
12 57 -0.6378752285143423
12 58 -0.25354037631779835
12 59 0.276159360450299
12 60 -0.44261389628233827
12 62 0.6758139715003713
12 63 0.3342172437747244
12 64 0.5394457098090093
12 65 0.746100476494092
12 68 -0.9757523328405286
12 70 0.41826126269305264
12 71 -0.13399867016085354
12 72 -0.6820280279009094
12 73 0.963473919954787
12 74 -0.8626409091589837
13 14 0.08435758666791271
13 17 -0.0606483351252014
13 18 0.28395188911635083
13 20 -0.43685487936286904
13 22 -0.6511008580347517
13 23 -0.6604194054517716
13 24 -0.02681127612753742
13 25 -0.5800570559854386
13 26 -0.03238320267936401
13 27 -0.5790657899827736
13 28 0.7951875868605796
13 30 0.5187399683145559
13 31 -0.16693570564901528
13 32 -0.509060386229331
13 33 0.48824775052339
13 34 0.44157985639693176
13 35 0.6670660284738512
13 36 0.30456618930450197
13 37 -0.8980897312046925
13 38 -0.6342894838247908
13 39 -0.5831623716613596
13 42 -0.7408241617839426
13 44 -0.16826634702651844
13 45 -0.6513332170562987
13 46 0.7623868150990492
13 47 -0.9468715524616167
13 48 0.28577569858035545
13 49 -0.033736160049670394
13 51 -0.2185606578094581
13 52 -0.5948300676740985
13 53 -0.48730432788270184
13 54 0.4382805004073991
13 55 -0.19116023294290807
13 56 -0.31417363870866266
13 57 -0.5537869501618626
13 58 -0.6047925855330021
13 59 -0.01394847080786965
13 61 -0.563354056241337
13 62 0.27925689186753977
13 63 -0.647512030024386
13 64 -0.6159493806204039
13 65 0.9375277706947498
13 66 0.24550114964201586
13 67 0.5557339928082432
13 68 0.29259057911775366
13 70 0.2879180621017676
13 72 -0.4470973999146779
13 73 -0.41587055115072524
13 74 -0.3861887602929637
14 15 0.19067034040034758
14 16 0.10035790925257437
14 17 -0.2634426885414747
14 18 0.22179267329977304
14 19 -0.1474865102301779
14 20 -0.010342956455080765
14 21 0.20161747977722855
14 22 0.08566167531304014
14 23 0.9399925282136972
14 24 0.55688165684489
14 25 0.7800341774077681
14 28 -0.0403135067781879
14 29 0.5337835106562048
14 31 -0.7642690667761556
14 32 -0.11315403558259973
14 33 -0.05011201401429255
14 34 -0.22524363280036663
14 35 -0.9364108796644697
14 37 -0.3805659403906625
14 38 0.5299346685959576
14 39 -0.2568873679731427
14 40 0.5270259259883421
14 42 -0.6580655187505724
14 44 0.4494551241086431
14 45 -0.6199596135788314
14 46 0.555827383215856
14 47 0.37213536789574286
14 48 -0.8582316552399927
14 49 -0.9683587837097782
14 51 -0.5303447070491911
14 54 0.2437742917655672
14 56 -0.2497488051663732
14 57 -0.8126971331045365
14 58 0.310014908617251
14 59 -0.47032663373391626
14 60 0.029399579334371317
14 61 -0.19356566909991968
14 62 0.905034929813038
14 63 0.803851262188384
14 64 -0.10181339656341337
14 65 -0.5315099085306949
14 67 -0.3998871903361323
14 68 0.7376462887074964
14 72 0.4532069985925491
14 73 -0.54018351776346
14 74 0.9126846306293306
15 17 -0.5352558160513208
15 20 -0.9943115546138186
15 21 -0.8511496638695335
15 22 -0.35294765904660164
15 23 0.24413186155473698
15 25 0.8748733825794812
15 26 -0.03709532514711933
15 27 0.14802155972874886
15 28 -0.7190684575934763
15 30 -0.3779238277933059
15 31 0.48228620681460566
15 32 -0.5177068147688926
15 33 -0.1576789127049092
15 34 0.9790478223458479
15 36 0.5749211040473134
15 39 -0.22530696626721913
15 40 -0.25725615104567456
15 41 0.010905922538274826
15 43 -0.12515461245048165
15 44 -0.8701961141635417
15 45 -0.5262796997285677
15 46 -0.7303937600743773
15 49 0.6892281463464602
15 50 -0.9916418264827902
15 51 -0.9601152360207554
15 53 0.4813698847377954
15 54 -0.5283763148097533
15 56 -0.6037329865050818
15 57 0.3685190581727724
15 59 0.6692491604736355
15 60 -0.54575086161332
15 62 0.7630949261404882
15 63 -0.48604157136826864
15 64 -0.49906119059803444
15 66 -0.6275898845071441
15 67 0.24109492408686317
15 68 -0.19404675381621228
15 69 -0.2647149299144578
15 71 0.9754675547533882
15 72 0.3500437456732768
15 73 -0.5133375032006546
16 17 0.17103739408423424
16 18 -0.6918250473611691
16 20 0.45446103096374735
16 21 -0.11471464857791336
16 22 -0.002340764296647757
16 23 0.15719285054117882
16 25 -0.4283321445511665
16 26 -0.6622951696942947
16 27 -0.10921368988473379
16 30 0.1987607401728544
16 31 -0.5573775480404723
16 32 0.25252770037319694
16 33 -0.34091925212042207
16 34 0.6263968523355317
16 35 -0.5456285074773313
16 36 0.27997340718179387
16 37 0.5433545272084226
16 38 0.5650054843599599
16 40 0.8056937254557528
16 41 -0.20367308278236562
16 42 -0.5196284136474927
16 43 0.717192083957406
16 46 0.2932034499858778
16 47 0.2706705195040173
16 48 -0.4164583068197494
16 49 -0.14529350209746306
16 50 0.49809408467074756
16 51 -0.7065279558354773
16 55 0.4971700472645051
16 56 -0.3184395193697225
16 57 0.21450982075334557
16 60 0.8321995461533294
16 61 0.17853837635535386
16 62 -0.9887339951391043
16 63 0.34434993679987813
16 65 0.8015237367526558
16 66 -0.04177898540943681
16 68 0.19312529145408264
16 69 0.46742152625630884
16 70 -0.9430605086920056
16 71 -0.6627806966095748
16 72 -0.29996903564937183
16 73 0.3988740192689959
17 18 -0.2698074835256723
17 19 0.8905542214823454
17 20 -0.8831743918148887
17 21 -0.27330411833482593
17 22 0.49941929816124575
17 23 0.1981424784466892
17 24 0.030078174032901916
17 25 0.19742071337179556
17 27 0.5084976775893575
17 28 0.14861475073703345
17 29 -0.4727913162655939
17 30 -0.05053460853004332
17 32 0.3617575900379566
17 33 -0.9876820136924447
17 36 0.79831043343633
17 37 -0.3750206229300912
17 40 0.9588183701152175
17 41 0.800810142526228
17 43 0.3788101976418583
17 45 0.33802599985038206
17 47 0.2746223294396133
17 48 -0.9996337100251738
17 49 0.38447949242384083
17 50 -0.5213302461600697
17 51 -0.310337972123635
17 52 0.6241984615263549
17 54 0.10786091085957916
17 56 -0.8890929274660611
17 57 -0.5083473338460831
17 59 -0.7320935763173035
17 60 -0.15764128605861627
17 61 -0.6713674497015163
17 62 0.6457571063483141
17 63 0.21042178103271736
17 64 -0.12694729846767117
17 67 0.4649830942628863
17 68 -0.2686615140564932
17 70 0.7015039625924773
17 71 -0.5215951552749065
17 72 -0.2554040902261414
17 74 -0.21840594778120348
18 19 0.6049711969258553
18 20 -0.6309107193093775
18 21 -0.6292344484136976
18 22 -0.006337162941048913
18 23 0.865474285177549
18 24 -0.978595037100835
18 25 -0.7462583030617611
18 26 -0.6305423884990582
18 27 -0.9588336268424105
18 28 0.48827602810378945
18 29 0.5305267192361736
18 30 0.293186698459984
18 31 0.9456940649330896
18 32 0.8734193005859161
18 34 -0.5835714605529219
18 37 0.03679513393756406
18 38 0.23332883151644368
18 39 -0.021636501167937805
18 40 -0.8647672363279757
18 41 -0.5584874631567762
18 42 -0.0703468345942655
18 43 -0.8938219167628065
18 45 0.7681159373011084
18 46 -0.6965966192546262
18 47 -0.03805686408340203
18 48 -0.43427463253276
18 49 0.4808647947517466
18 52 -0.0631173754581944
18 53 0.30509414925469214
18 54 -0.4287430657917912
18 55 0.6213817743590022
18 56 0.9573197365447248
18 57 0.19488237165852262
18 58 0.03615728727796452
18 59 -0.6930328327098934
18 60 0.5750764610653323
18 61 0.07977011146795365
18 64 -0.8441540792271378
18 65 -0.09903889928652743
18 66 -0.049639161010959665
18 67 0.3320200028850351
18 69 -0.6338551483273063
18 70 -0.050993986188329066
18 72 0.3749501816968277
18 74 -0.177846143203076
19 20 0.40004590973996557
19 21 0.7249427792411833
19 22 0.023108139912218828
19 26 -0.4028997569293573
19 27 -0.5129169286133799
19 29 -0.3012089327704506
19 30 -0.7352387206989563
19 32 0.47788453767823924
19 33 -0.9471946421140651
19 34 0.4060033454480254
19 35 0.1353068699446347
19 41 -0.832526848555109
19 42 0.3147173019320404
19 43 -0.6703297490132505
19 44 -0.9246519388773693
19 45 -0.268781500256968
19 49 -0.26610502641986766
19 50 0.5334660809431531
19 51 -0.7947663360701558
19 52 0.7886153392190909
19 53 0.49288358686644407
19 55 0.37619751621099673
19 56 0.33754892915485235
19 58 0.3258138705035749
19 60 0.3928676883202864
19 62 -0.02184284423793481
19 64 0.12049308952343574
19 65 -0.16692215686639367
19 67 -0.5427217856631548
19 68 -0.9442783530357739
19 70 -0.4509939928092255
19 71 -0.9456119197410591
19 72 0.08695774026336744
19 74 -0.7517373935640532
20 21 -0.5839026166991081
20 22 0.35723022303315366
20 24 -0.25876731441112044
20 25 -0.9672000326325096
20 26 -0.743566751510222
20 27 -0.9605152950937388
20 28 0.41490100445556277
20 29 0.07773951155529546
20 31 0.9466253190777667
20 32 -0.6975963385649437
20 33 0.10461056782921863
20 34 -0.6506612570649069
20 35 0.2660905012158594
20 36 0.6154650418998722
20 37 0.8889627158407303
20 38 -0.5389175283838228
20 39 -0.761874148299303
20 41 0.4018266599520861
20 43 -0.19629074147925385
20 44 -0.4062194539861874
20 45 -0.03191378012802737
20 46 -0.3983295633609856
20 47 -0.06511762570674962
20 48 0.4493751608589478
20 49 -0.11000418556309133
20 50 0.3640770438114824
20 51 0.612202511042157
20 56 -0.07384770590827783
20 57 0.3445365856033238
20 59 0.44868197850060354
20 60 -0.3550254984954915
20 61 0.8621733816219319
20 62 -0.07711345560162775
20 63 -0.4970306672360434
20 64 0.994537597362759
20 65 0.4491429891911123
20 66 0.7448670045786843
20 68 0.9050787843352173
20 69 0.6158222015567361
20 70 -0.11275566694810202
20 71 0.28354344384074026
20 72 0.3665174503098836
20 73 -0.1933756510294622
20 74 -0.37201780744955504
21 22 -0.1566890388740858
21 23 0.9612298888302964
21 24 -0.5956282131397432
21 25 -0.393668245709599
21 26 0.9844103459775606
21 27 0.9043801078558491
21 28 0.49006594252570546
21 29 0.011273956635086346
21 30 -0.2203393414946886
21 31 -0.050220904877916084
21 33 -0.03749658846626858
21 35 -0.40051045382600603
21 36 0.0858021779749154
21 37 -0.6837232246853371
21 38 0.2946267374544751
21 39 -0.4914623327356389
21 40 0.7017507933626401
21 41 0.7103475576957015
21 42 0.17494894753932244
21 45 -0.7120715082358484
21 46 -0.07095003097780328
21 49 -0.49805180065662014
21 51 0.7273586630348532
21 52 0.40307066243920664
21 53 -0.3165796940825747
21 54 0.9536329300434998
21 55 0.8206206323275695
21 56 0.5497981033631243
21 57 -0.8897488973158729
21 59 0.9309799855921534
21 61 -0.9618221196513397
21 63 -0.5672498711622185
21 64 -0.9705960366093578
21 65 -0.6270311760593152
21 66 0.4799330450279653
21 67 -0.670203064135487
21 68 0.5510925971924427
21 71 -0.14880518145737698
21 72 -0.7633354570880142
21 74 0.6726223587338314
22 23 0.5198287100477939
22 24 0.36050364231060783
22 26 -0.1964783502245333
22 27 0.3162690551500351
22 28 -0.7877383157119597
22 29 -0.8352825618815285
22 30 -0.8506901229959185
22 31 -0.8203561415339307
22 33 -0.27792743132251774
22 34 -0.01547156934552274
22 35 -0.08425713030904425
22 37 0.8085657343181463
22 38 -0.5398303004149756
22 39 -0.6570969287693971
22 41 -0.8114519508801834
22 42 0.972026825227402
22 44 -0.6772349736437251
22 45 -0.6829295102813198
22 46 -0.41116692482213546
22 47 0.4661106380177853
22 49 0.23286421477364616
22 50 -0.39353569063395577
22 51 0.4919733708185743
22 52 0.9501672626838429
22 53 -0.5785120947520779
22 54 -0.5771684461711437
22 55 -0.6625336396236647
22 57 0.2774358432648498
22 58 0.7531298922791105
22 59 -0.3321314478916215
22 60 0.6601178980541049
22 63 -0.933929707320079
22 64 -0.877997637472171
22 65 -0.9656277378314286
22 66 0.00229141627644025
22 68 0.8393223177782647
22 69 -0.7508047480374354
22 70 -0.8606024604652733
22 71 -0.6440196093778416
23 24 -0.7347062696286195
23 27 0.17979733796631425
23 28 0.2743922016979301
23 30 0.8557392583534695
23 31 -0.030596494520807482
23 32 0.5367990440681294
23 33 0.5529430446726176
23 34 -0.04479035897903483
23 35 -0.26201492951128724
23 36 -0.41968994537122617
23 37 0.3521341777569178
23 38 -0.11315675309406692
23 39 0.3975442602491679
23 40 0.8676149507700626
23 41 0.5122882922335088
23 42 0.6823036807020928
23 44 0.10363488369529494
23 45 -0.09775373758206118
23 47 0.11974027978264878
23 48 -0.11920812807726211
23 49 0.08067255389217398
23 50 -0.762356136833811
23 52 0.6927277948928507
23 53 0.44206222714968213
23 54 0.413062959918876
23 55 0.0633924612070158
23 58 -0.6258768336403997
23 59 0.8602000418843931
23 60 0.18318751923708976
23 61 -0.2907555858035078
23 62 0.8744902319972445
23 63 0.061514041949171094
23 64 -0.8370480651641168
23 65 0.9894682484711601
23 66 0.20003063131667043
23 69 0.5859612100802609
23 70 0.7753572835941389
23 71 0.22070184652127267
23 72 0.6942877773541436
23 73 0.7391079168969621
24 25 -0.5102099087504122
24 27 -0.6225212136598297
24 30 0.3118707565792411
24 31 0.17451417187274187
24 32 -0.5689996590216653
24 33 0.34294241424726923
24 34 0.6728480002267965
24 35 0.42651766293052273
24 36 -0.10480776915750334
24 37 -0.694849919391793
24 39 0.1274332157222482
24 40 0.11384208061781997
24 41 0.5965079162161975
24 42 0.8162511479735917
24 43 -0.08034859829110497
24 44 -0.4925076746906005
24 45 -0.9354732842662015
24 46 -0.1614310573761215
24 48 0.7868479454726021
24 49 -0.7066918856345668
24 50 -0.5353712656765335
24 51 -0.5726075030326667
24 52 0.5085703502845775
24 54 0.8444390175035139
24 55 -0.0429122134055957
24 56 0.7133127502889218
24 57 -0.7371745292977672
24 60 0.7935534353363194
24 62 -0.05385027444429147
24 63 0.24788466100972606
24 64 -0.6171524785268918
24 65 0.4004491676041162
24 66 -0.2143816077083236
24 68 0.399811387639571
24 69 -0.18252756997809283
24 70 0.22071071028829037
24 71 0.23645764005207082
24 74 -0.3662214822634382
25 27 -0.06079511664582249
25 28 0.5305548959559483
25 30 -0.27702929444147184
25 31 0.4614073044878242
25 32 -0.7178715922264753
25 33 -0.8342766526651377
25 34 0.13830280914759374
25 35 0.9018950145743629
25 36 0.5605032581518303
25 37 -0.7051847337705941
25 38 0.6683340578113361
25 39 -0.1651179187912366
25 41 -0.691049811349117
25 42 0.5543320759580723
25 43 -0.6227273414815033
25 44 -0.21725085813480427
25 45 -0.9950907928537904
25 46 -0.28950770888943644
25 48 0.8863734288865714
25 49 -0.2540755529223693
25 50 -0.8356071833150776
25 51 0.857862660481371
25 53 0.9589902882782888
25 54 -0.6940836412135825
25 56 0.7538579573215869
25 57 0.26138617822617727
25 58 -0.2986825332492713
25 59 -0.09091031249923609
25 63 0.7145303439940978
25 64 -0.38380549333528213
25 66 0.9186967463452906
25 67 0.9941716206436089
25 68 0.7370517760295425
25 69 0.5936640389166123
25 70 0.023233126522716585
25 71 0.9104750842892382
25 73 0.09685262210682377
25 74 0.5544686495858591
26 27 -0.9853309291043546
26 28 -0.9787080908111434
26 29 0.11383938129936721
26 30 -0.5385988420371621
26 31 0.1169165440067339
26 33 -0.5262947752318217
26 34 0.9356260818901374
26 35 0.2662782130100996
26 36 -0.7141054946776977
26 37 -0.17940946607666897
26 38 -0.21518127826430566
26 39 0.4249821596901633
26 40 -0.22151320428163568
26 41 0.5621501719463702
26 44 0.872436238166356
26 45 0.3312093938048075
26 46 -0.5879658973387782
26 49 0.15402442143083594
26 50 -0.21899600041215206
26 51 0.23895347217338925
26 52 -0.7552602412686233
26 53 -0.9362484668433768
26 54 0.7572824610445161
26 55 -0.9509725642451046
26 56 0.5037095124985183
26 58 0.3288011514487519
26 59 0.28949040023681927
26 60 0.8305003424872317
26 61 -0.40741629272225555
26 64 0.638493752149784
26 69 0.43431995534250234
26 71 0.45345256367412623
26 72 0.266759332766348
26 73 -0.43159756819009987
27 28 0.6312867998167346
27 29 -0.5786945665887591
27 30 -0.3034770959392228
27 31 -0.1700927181601386
27 34 -0.9817220367426134
27 35 0.026647141268939523
27 36 -0.9009279339828464
27 37 -0.22699995473304657
27 38 0.835780806469407
27 39 0.4939470108270907
27 42 0.45479440507107793
27 44 -0.02563069577392696
27 46 0.005104834504201294
27 47 -0.8679532218944781
27 48 -0.7610563943532249
27 49 0.1760714472090421
27 51 -0.3131301564775233
27 52 0.9641860845913524
27 54 0.3892499538402934
27 55 -0.7546370450736719
27 56 0.30522715905580444
27 58 0.3127660399649974
27 59 0.5146850478704399
27 61 0.8096219213324367
27 63 0.0024445248119131513
27 64 -0.8399078648743914
27 66 0.5777838361775267
27 67 0.8613051672428735
27 68 -0.8315189780432706
27 69 0.7427228856341757
27 70 -0.28351622804665433
27 71 -0.06257440764154332
27 73 0.69663184167299
28 30 0.5143267385140053
28 32 -0.5074779364047346
28 33 0.36415049639073116
28 34 -0.15801872102555503
28 35 -0.22098329081906076
28 36 0.6227097742440637
28 37 0.19065435368282224
28 38 -0.886722021947878
28 40 0.44056384656447456
28 41 0.7807702372927825
28 42 0.36664541564305053
28 43 0.12093092900296676
28 44 0.5107524170261053
28 45 -0.016302254577749586
28 48 0.5598151704344345
28 49 0.05364807213142164
28 50 -0.4296777607477229
28 51 -0.8036322165332028
28 52 -0.6063597040642612
28 53 -0.067292997763849
28 54 -0.18580325157032296
28 55 0.09085808278638541
28 56 0.41495748406063027
28 57 0.04774939258065003
28 58 0.9304020236562727
28 59 0.41125614220667295
28 60 0.12475002895123888
28 61 -0.6397771047855041
28 62 0.4447955668947967
28 65 -0.5285403822660704
28 66 -0.16211578528738912
28 67 -0.761358180742812
28 68 0.25330578289234396
28 70 0.9706007728962232
28 73 -0.16348842843129208
28 74 -0.9611129686060595
29 30 -0.4212474257244694
29 32 -0.7346117414767122
29 33 -0.4701668698947743
29 35 0.06224884431380584
29 38 0.5746087173547083
29 39 0.10298714317076119
29 41 -0.8160872766052631
29 43 0.4749225799959107
29 44 -0.2524611608636651
29 45 -0.7787320298556888
29 46 -0.8387448409580143
29 47 0.589236429381206
29 48 0.8675750578890999
29 49 -0.08249419226932497
29 50 0.7226929019204793
29 51 0.7991383414504116
29 52 -0.03871915474473364
29 53 -0.13548894290824887
29 54 0.9306698677801051
29 55 -0.3652996300969671
29 56 -0.1916368377721851
29 59 -0.23589358233043156
29 61 0.5606247272164766
29 62 -0.5992042508779676
29 63 -0.5649623317375827
29 64 0.06687515394787913
29 65 0.31644401354220997
29 66 0.35307402431542245
29 67 -0.0280965081179263
29 68 -0.8299143020673092
29 69 -0.22000156301625262
29 70 0.31009833384962215
29 74 0.7338248840274952
30 31 0.6495650565575808
30 33 0.9216075651513238
30 34 0.18731820246331488
30 37 0.1901164131172346
30 39 0.8415415121627852
30 40 -0.01155604602868432
30 41 -0.6129938315457082
30 42 -0.7758690742216034
30 43 -0.3242841732385293
30 44 0.10754439222981671
30 45 0.26415348479324585
30 46 -0.6198300475094822
30 47 -0.2615664249302785
30 48 0.23896604545689426
30 49 -0.6763841815649019
30 50 -0.6456422371702746
30 51 -0.507045492138293
30 52 0.09544552539772932
30 53 -0.9497494748920587
30 55 0.06611874141959895
30 56 0.6291357303551577
30 57 -0.22379874316768178
30 58 0.502497079082292
30 59 0.4132283234507894
30 60 0.09526642316514766
30 61 0.9001430362804648
30 62 0.013580973957732612
30 64 -0.7254329456358992
30 65 0.26438678580739117
30 67 0.558556344499832
30 68 0.6548419455669785
30 70 0.9302172165539315
30 71 0.0945277537902125
30 72 -0.6391959799371552
30 74 0.18873236449011
31 32 -0.4311367037724585
31 33 -0.515910078894823
31 37 -0.5720132128009761
31 39 -0.2103880936554976
31 40 0.023242952133924133
31 41 0.970303320725646
31 42 -0.6492424275193447
31 43 0.5262456445778434
31 45 0.006070875833247724
31 46 0.5246162469570288
31 48 -0.14444867478143553
31 50 -0.8108291480631045
31 51 0.36198850731288634
31 54 -0.13278041948541186
31 56 0.5424276939842396
31 60 0.048916123401715694
31 62 -0.20045556121316932
31 63 -0.2743810466236547
31 64 -0.5367911791173035
31 65 -0.3991777428095926
31 67 0.31158803897000986
31 68 0.3200102679807215
31 70 0.484928993509824
31 72 0.25551292095238964
31 73 -0.5819620980245646
32 33 0.3739068629193658
32 34 0.7235497974257137
32 35 -0.2648936888875306
32 36 -0.8138535356300884
32 38 0.25315941188765656
32 40 -0.4844403911725961
32 41 -0.13847995360681975
32 42 -0.11826115290170591
32 43 -0.09491217234051685
32 44 -0.9637818854527997
32 45 0.7331704039641194
32 46 -0.8099753057043177
32 47 0.5910985632903725
32 48 -0.7313405944164741
32 50 0.9561626777682788
32 51 -0.029275489800382415
32 52 -0.6687609213799732
32 53 -0.9004960115843297
32 54 0.02527365658157721
32 55 0.250832328362945
32 57 0.0359953087099405
32 58 0.20149404687481298
32 59 0.6762177323588301
32 60 0.007211280341659965
32 61 -0.6577549767609008
32 62 -0.993369669107848
32 63 -0.8979447822402773
32 64 0.18340512656412256
32 65 0.398781754077282
32 66 0.37333478983833435
32 67 -0.7328851285121047
32 68 -0.2359543252526537
32 69 -0.43008604987053656
32 70 -0.2747358318736701
32 71 -0.056770710999360485
32 72 -0.24533843354706786
32 73 0.4647316384095219
32 74 0.6799626471108626
33 35 -0.4976727700282424
33 36 0.8240110901916302
33 37 0.1963238240483145
33 38 -0.4326461323134727
33 39 0.5569101849884139
33 40 0.5105613248832983
33 41 0.046049253819523184
33 42 0.6148372389601402
33 43 -0.34232669500946344
33 44 -0.8164761787999988
33 45 0.2730365165392503
33 47 0.3318485504783393
33 48 0.39055930682789963
33 50 0.12455732083978965
33 51 0.3420345142200498
33 52 0.18554101293854908
33 54 -0.1473639395767239
33 57 -0.8712363042778242
33 59 -0.8815342736270062
33 60 0.9869379163621432
33 62 0.1800999485224528
33 65 -0.3245240575580637
33 66 0.472875276756086
33 67 -0.9808237930437835
33 68 0.5016756342305606
33 69 -0.4057537367295241
33 70 0.23567441538073775
33 72 -0.8574554112625259
33 73 -0.26671668049146136
33 74 -0.5315502962233982
34 35 -0.15276855920811072
34 36 0.4404691410748809
34 38 0.05122195859636758
34 39 0.03317715626178952
34 40 0.5296574203037767
34 42 -0.497209384231055
34 43 -0.4760243908452202
34 44 0.9346910739598722
34 45 -0.286136902715578
34 47 -0.8654863059275588
34 48 -0.5679769313628567
34 49 0.41103549907099435
34 51 -0.6888216638728226
34 52 0.09591527323067583
34 55 -0.5738808063562053
34 56 0.39286566807857626
34 57 -0.32576317266495014
34 59 -0.22510205596946187
34 63 -0.7202793670049372
34 64 -0.06400376459532331
34 66 0.757340579536474
34 67 0.19307316671114072
34 68 0.5939214000898312
34 69 0.4051660003014199
34 70 0.060891603232809954
34 72 -0.9063963102163546
34 73 0.4933861777144104
34 74 0.8597741634524181
35 37 0.27506325072402027
35 38 0.35604329544200697
35 39 -0.6782407023345562
35 40 0.6771693481041705
35 42 -0.6728505190213232
35 43 0.8685151295182068
35 44 -0.14521351119341763
35 47 -0.32335123506629704
35 48 0.5683505037938954
35 50 0.9940242263252725
35 52 -0.7607895758808343
35 53 0.7930568435475887
35 55 -0.2794169388754424
35 56 0.20758585098808968
35 57 0.7204852825748471
35 59 -0.550379858664275
35 60 -0.5907525643096034
35 61 -0.6249432291495922
35 63 0.34175846975592283
35 64 0.8165558796021839
35 65 -0.7885861039040503
35 66 0.7003347190504763
35 67 -0.43236489338306194
35 68 0.5345046776479576
35 69 0.2728832031636095
35 70 -0.45208135490362755
35 71 0.8129071727722681
35 72 0.9394697064171511
35 73 -0.20375814531265357
35 74 0.1964841232773029
36 37 0.8309096018494404
36 38 0.48619553228688717
36 40 0.6804834244827576
36 41 -0.47138988999963494
36 42 0.3937737061641753
36 45 0.12278238980128853
36 46 -0.9272432045754824
36 47 0.7732025959967859
36 48 0.675420639200573
36 50 0.29197063782256705
36 51 0.15297560491548778
36 52 0.9883439109111507
36 53 0.6919626696725065
36 55 -0.7064684699131547
36 56 -0.34204143701960765
36 59 -0.19396875139373582
36 60 -0.150024830890646
36 61 0.1287284837990612
36 64 0.8213483114484323
36 66 -0.44703458381423755
36 67 0.5122169596648574
36 68 0.6508248796470935
36 69 -0.4417367112513768
36 71 0.8926219155384678
36 73 0.3299652622183342
37 38 -0.9266948762786276
37 39 0.22298958656441936
37 41 -0.006609278105234484
37 42 0.9102412433192111
37 43 -0.9847486813145445
37 46 -0.7742825358618215
37 47 -0.43936259625702956
37 48 0.8122025143856302
37 49 0.42556033885576827
37 50 0.3515914242129823
37 51 0.17836531944668077
37 52 -0.18060691434796183
37 53 -0.5347043177145236
37 55 -0.8669495768957511
37 56 0.1887005686145724
37 57 -0.39325189456283094
37 61 -0.32090414520708754
37 62 0.7253540086343742
37 65 0.3369035130205751
37 66 -0.6455158175125577
37 67 -0.7954146727235554
37 68 -0.5867988966610498
37 70 -0.7395604585617026
37 71 0.6006611837864961
37 72 -0.3535436188127443
38 39 0.05208649389076592
38 40 -0.8357952300530156
38 44 0.0449690443829156
38 45 0.6178906739539425
38 46 0.5219301205465297
38 47 0.8751384533266775
38 48 -0.7005087244817587
38 50 -0.6802215753574052
38 52 -0.4742898180655335
38 54 -0.21606205719875593
38 55 -0.1548136860508056
38 56 -0.8901330258869451
38 57 -0.3545406725093947
38 58 -0.811659543313755
38 61 0.4206150689987813
38 62 -0.30257885219569913
38 63 0.7462978260775537
38 64 -0.45973855688071197
38 65 0.12385521135557975
38 66 -0.10472447668495843
38 67 0.1450146058180033
38 68 0.32916279309468877
38 69 0.33043363069230014
38 70 0.5352007664716933
38 71 0.677380642109332
38 72 -0.17551737955951663
38 73 -0.9260644935796403
38 74 -0.6314438164714531
39 40 -0.4931256092058858
39 41 -0.7120561117071154
39 42 0.425822045514906
39 43 0.9650715092130089
39 44 0.5709233228827195
39 45 0.043801203154589796
39 46 0.6963719019914101
39 48 -0.4025163236572318
39 49 0.942291055364407
39 50 0.6065215815020597
39 51 0.3535605258890666
39 52 0.5857315776416625
39 53 -0.11765665491490607
39 55 0.6643669026660974
39 56 -0.7954517821028013
39 57 -0.2920519791285374
39 58 -0.5452040336323891
39 59 0.05728637321887131
39 60 -0.11638934797883982
39 62 -0.6639903922400219
39 63 -0.8606780782118137
39 65 0.6777958181956967
39 66 0.2336533365675031
39 67 0.5385161593645953
39 68 -0.414116189566875
39 69 0.9752553949232248
39 70 0.12529373047008474
39 71 -0.5201490655025276
39 72 0.12481633145775306
39 73 0.6030766682384825
39 74 0.8969952813253461
40 41 0.9073800045374216
40 42 -0.21248692345619524
40 43 0.23711696179294028
40 44 -0.27699389265260366
40 45 0.46823729568402506
40 46 0.7719547387515517
40 47 0.7230254284114206
40 48 -0.16941918165373715
40 49 -0.7025151043057469
40 50 0.6437697200905796
40 51 0.9171651938672909
40 53 0.7442827790168194
40 54 0.9215890508761087
40 55 -0.8813704344506372
40 56 0.8000007828772386
40 57 -0.2656374669441284
40 58 -0.6543244599678502
40 59 0.5319216758084286
40 61 0.628713110623726
40 65 0.9079059295674421
40 66 -0.471248289895545
40 67 -0.6952029683161443
40 69 -0.7601349629728584
40 70 0.6973644056206345
40 71 -0.483148111284758
40 72 0.13179353971843133
40 73 -0.889907272594396
40 74 0.4963734460310534
41 42 -0.5069394960709928
41 43 0.7795515278227185
41 45 -0.8171780781587494
41 46 -0.8612604449755603
41 50 -0.7011963804380239
41 52 -0.2884987131955199
41 53 0.5195350200980602
41 54 0.8500801789324643
41 55 0.26610002415311174
41 58 0.40574468016311394
41 61 0.1879513906489818
41 62 -0.7439700387509829
41 63 0.9064532061782249
41 65 0.27543546519121986
41 66 0.7983675022300238
41 67 0.049432749520866404
41 68 0.66797454764589
41 69 0.0013361642517604189
41 70 -0.3332394479890062
41 72 0.2735322285508197
41 74 -0.8962858312832711
42 43 -0.37026952417724623
42 44 0.9875941911785571
42 45 0.9847464055567741
42 46 -0.9602980970845414
42 47 0.0766249271129098
42 48 -0.31477687816332
42 49 0.9183288177556228
42 50 -0.5372813953349482
42 51 0.046540398896951496
42 52 -0.9949183496632572
42 53 -0.4897805311094996
42 54 0.08556946051104597
42 56 -0.6532607500732996
42 61 0.2623185723105339
42 62 0.4456728313408491
42 63 -0.42715458039663057
42 65 0.6236962735860481
42 66 0.4219799622417624
42 67 0.825716341406626
42 68 -0.8706175590962331
42 70 0.3812454605047251
42 71 0.17722546704319164
42 72 0.6587662807200165
42 73 0.6408435535037984
43 44 0.5218790007151894
43 45 -0.21321980626925408
43 47 0.8379103804312291
43 48 0.6729665564973091
43 49 0.09440701611061608
43 51 -0.35455538479799076
43 52 0.48980508516038723
43 53 -0.37409172213188313
43 54 -0.7412942037182
43 56 -0.6869821570220731
43 57 0.8148672052526842
43 58 0.7407442989737882
43 59 0.7746959721063711
43 60 0.17761761362789863
43 63 -0.6462651765790488
43 65 -0.04974957521835588
43 66 0.8281251311209097
43 67 -0.468381478991833
43 68 -0.7927058111144172
43 69 0.7600255406176231
43 70 -0.598183899500718
43 71 0.7509618520402268
43 72 0.45676407989505563
43 73 -0.8018823690494912
43 74 0.004517680911032551
44 45 0.6184251165446082
44 47 -0.24257826398316373
44 48 0.9267889721889297
44 49 0.5977214384057372
44 51 -0.12820183417749065
44 52 0.5574544760239928
44 53 -0.09029111683600477
44 54 0.37595130929518317
44 55 0.3473509517699045
44 56 -0.9301436894821216
44 57 -0.5568386927548663
44 58 0.328181624791694
44 59 -0.01577917609900248
44 61 -0.7639701955100293
44 62 -0.08214914463294343
44 65 -0.029911298994393043
44 66 -0.7676917895028574
44 67 -0.9468372702977428
44 68 0.48126896022658383
44 69 -0.22019591303985275
44 70 -0.1084227892125591
44 71 0.6485410361152573
44 72 0.9660078389961264
45 46 -0.18076535096939028
45 47 0.8572778848443174
45 48 0.7149515611963886
45 49 -0.923569318755735
45 50 -0.1945399482321184
45 51 0.04811838526718448
45 52 -0.9349491434338393
45 54 -0.050820982713259966
45 55 0.6183437938343717
45 57 -0.3292416655584218
45 58 0.5585243928866159
45 61 -0.6938029421954361
45 63 0.7522113680910223
45 64 -0.243745060914919
45 65 0.8609376911501159
45 67 -0.4662267373757609
45 68 0.4397250013041245
45 69 -0.5349374088668599
45 70 -0.8594434885909277
45 72 -0.7217032553223177
45 73 0.3278167978273001
45 74 0.24068959500220566
46 47 0.631001939692402
46 48 -0.6221272571367493
46 49 0.1605251107746004
46 50 0.7548941342542324
46 51 -0.9604155639328074
46 52 0.9331143003192064
46 53 -0.42284035726102953
46 54 -0.03699638638280156
46 56 0.11394922563578236
46 58 0.31787391339394255
46 59 -0.48227719120086565
46 60 -0.8901215937635001
46 61 -0.1757022561835746
46 62 0.5719033173085719
46 63 -0.777535430347724
46 64 0.4916674957284368
46 65 0.5438776662702491
46 66 -0.6881866589296228
46 67 -0.41144559230276934
46 69 -0.2713540288590135
46 70 -0.11592770788313089
46 71 -0.7028944051298465
46 72 0.41822472232412267
46 73 0.9326953880707036
46 74 -0.7114984048160571
47 48 -0.854906583684039
47 49 -0.7862768866621763
47 50 -0.9173981302765024
47 51 -0.08000278392167548
47 52 -0.5452849020218788
47 53 0.031357718297000625
47 54 0.28260936142952175
47 55 0.7172129428324099
47 57 0.6232545807645591
47 58 0.9525980821787756
47 61 0.35772092103354347
47 62 0.3926602541817279
47 63 -0.9891412284505847
47 64 0.22093026116925718
47 66 -0.8723636071142509
47 67 0.9809578794957878
47 69 -0.06967543902484796
47 71 0.13963983823205828
47 72 0.621302910611726
48 50 0.9903499942341536
48 51 0.5494030288026506
48 53 0.6299503395199204
48 54 -0.8696634971468855
48 55 -0.07161283683804731
48 56 -0.6096043108432905
48 57 -0.04636939735347312
48 58 -0.9042663389111365
48 59 -0.10867295892557749
48 60 0.26322493482343656
48 61 -0.14494195392471587
48 62 -0.027844091080061695
48 64 0.9220655144809955
48 65 -0.5272212612075091
48 66 -0.3595107291103008
48 68 -0.345560733778169
48 71 0.8470409984554013
48 72 -0.3701109992795062
48 73 -0.4126764187418557
48 74 0.3125906637453033
49 50 0.4881016663249804
49 51 0.6000739269919211
49 52 0.655363816319537
49 53 -0.4393829511893095
49 55 0.00690343989919473
49 56 0.771606519566937
49 57 -0.9743631936919297
49 58 0.7043404720406534
49 59 -0.08637224840733149
49 60 0.1739416354573844
49 61 0.082422680919495
49 62 0.09393894626344612
49 64 0.43393799717105797
49 65 0.6112902205384769
49 66 0.8172562613649015
49 68 -0.8511268172169666
49 72 0.539942504348927
49 73 0.9013343042018127
49 74 0.772639685076306
50 51 0.24305121015465914
50 52 0.941073758368633
50 53 -0.7472251565861423
50 54 0.11235663955473685
50 55 -0.9921835754108355
50 60 0.8201259019557392
50 61 0.5760252710131406
50 62 -0.8256315707984005
50 63 -0.619974648662678
50 64 -0.41433985764192305
50 65 0.43420422687490023
50 66 0.0351794640710128
50 67 0.9661296310960403
50 68 -0.29119232598050115
50 69 0.19934703410001053
50 71 0.26595568276776893
50 72 -0.20902130040302902
50 73 0.6966081347388531
51 52 -0.5329231208812466
51 53 0.422312061199416
51 54 0.06481036965485809
51 55 -0.7308949153429702
51 56 0.6795091368985631
51 57 0.5073591631461365
51 58 -0.23092389272060654
51 59 -0.17855021713023622
51 60 0.7825724521011108
51 62 0.40332568008681813
51 63 -0.23285204918779567
51 64 0.05150311436974664
51 65 -0.24963038653998404
51 66 0.15875794781187857
51 67 -0.391230053145879
51 68 0.05130517603064022
51 69 0.8795792154036504
51 71 0.32905030139385505
51 72 -0.3933912909702124
51 73 -0.3977548567663576
51 74 -0.16087165603592535
52 53 0.697469339387812
52 54 0.9391474749794266
52 55 -0.07479313880222338
52 56 0.02129566038007824
52 57 -0.5312285762710642
52 58 0.8234339024739838
52 60 -0.8907464952644166
52 61 0.5607568083457461
52 62 -0.19718815290358416
52 63 -0.5805209115154353
52 65 0.33908372437956324
52 66 0.9017381492127821
52 67 0.6650527957203671
52 68 -0.9321933195057983
52 69 -0.27701477018402376
52 70 -0.05944351290602756
52 71 0.16287955537962429
52 72 0.05937023636467775
52 73 -0.9107851477307565
52 74 -0.3904403505755436
53 54 0.6622675675957834
53 56 -0.8385311467370917
53 57 -0.18142614828566606
53 58 0.27496090333047407
53 60 -0.06219146288778887
53 62 0.27536713615207264
53 63 0.47372811682783844
53 65 0.7529120351179914
53 66 0.5103859350839679
53 68 0.7994392631121747
53 69 0.7625157755964864
53 70 -0.9431422154005396
53 71 -0.17897363331915495
53 72 0.5190834235705379
53 73 -0.34655682154890877
54 55 0.021045425401732487
54 56 0.11096612177119569
54 57 0.03528449506924991
54 59 -0.6477837038586991
54 60 -0.9252071406126876
54 62 0.904311962971627
54 64 0.8014099364448735
54 65 -0.8101083715924697
54 66 0.4709800933307122
54 67 0.3793507906515883
54 68 0.6869494700410244
54 69 0.382490331038976
54 70 0.10791354455655466
54 72 0.5718724539440303
54 73 -0.010943455627744125
55 56 -0.20408808421488733
55 57 0.9607055251913958
55 58 0.9135493525758749
55 59 0.8713593852446573
55 60 -0.19553596818515429
55 61 0.30626661961709933
55 62 -0.07915219613287294
55 63 -0.5105983961119644
55 64 -0.5494782717803475
55 65 -0.24042208253492925
55 66 -0.6238074077677525
55 67 0.5515062073569803
55 68 -0.48947516842675265
55 72 0.796856097737588
55 73 0.5891864992205573
55 74 0.7922581422449915
56 57 0.04924360569733244
56 60 0.6295087718695427
56 61 -0.6183019599444894
56 62 0.6798320847640649
56 63 0.9317613188913452
56 64 -0.24079491427591426
56 65 -0.19247080485668167
56 66 0.9296416300864596
56 68 -0.8601800521356711
56 69 0.8595975842734107
56 70 -0.7398177148651017
56 71 0.05335164240183543
56 73 0.6210387775803297
56 74 0.5018499610765916
57 59 0.6169379123837606
57 61 0.11367026985117556
57 62 0.8099511220268454
57 63 0.7678686960635568
57 64 -0.633092418625615
57 66 -0.6730518402017245
57 68 0.25929766655185005
57 69 0.13697948400559445
57 70 -0.24438652221608081
57 71 -0.13330235342270313
57 72 -0.3823749508849781
57 74 0.5991257057322803
58 59 -0.382641544972361
58 62 0.7772487137435693
58 63 -0.1387877277002576
58 64 0.7492274076678782
58 65 -0.6632421676488729
58 66 -0.6739391583777627
58 68 0.31035021497382087
58 69 -0.17664257327007293
58 70 -0.02977070925195391
58 73 -0.6107582173755626
58 74 -0.9636157719675806
59 60 0.33911873816501603
59 61 0.399953535002304
59 63 -0.09862000132018167
59 68 -0.5571353008982529
59 69 -0.33368214307380106
59 71 0.12097938779919004
59 72 0.13262473647171236
59 73 0.6175406069094724
60 61 0.5135720805868298
60 63 0.6110576475387337
60 64 -0.37813716314313695
60 65 -0.062212099518216935
60 66 -0.2136025439101057
60 67 0.13593449879851338
60 68 0.663553161766876
60 69 0.6631628894495476
60 70 -0.674795809522162
60 71 0.39818277947156533
60 73 0.058494207353130934
60 74 0.6409397643598591
61 62 0.6491422594708147
61 63 -0.32209036975938465
61 64 -0.1178975614516613
61 65 0.9042508083225418
61 68 -0.25792453425649486
61 69 -0.4003618798796855
61 70 0.11757863085837261
61 71 0.6778992929749941
61 72 0.7655382906804384
61 74 0.4636938252777434
62 63 0.7174414800882822
62 65 -0.20108149201270376
62 66 0.2285495446324426
62 67 0.9827400847742687
62 68 0.7844435141532051
62 70 -0.34761976121801896
62 72 -0.07753406594825152
62 73 -0.43666380667544913
62 74 -0.6013663270912968
63 66 -0.9052555764958725
63 68 -0.45342085452551495
63 69 -0.9736028549044529
63 70 -0.8076572015514516
63 71 0.5038884574365377
63 72 -0.5706771820628671
63 73 0.5308008062877461
64 65 -0.7472075692210869
64 66 -0.6947487361789291
64 67 0.9393246587949751
64 68 -0.44739486313198773
64 69 0.42923588582034355
64 70 -0.16592982200038975
64 71 -0.055642763145287155
64 73 -0.11964804443498034
65 66 0.7649203507822582
65 67 0.2110324437678639
65 68 0.7310719278538991
65 69 0.9725333991582654
65 71 -0.3354580496617716
65 73 -0.16618533274136893
65 74 0.8727954173171006
66 67 -0.09961311506890014
66 68 0.0809268248093915
66 70 0.3959307388766089
66 72 0.725646891442868
66 73 -0.1816527719333012
66 74 0.591559696364474
67 70 -0.9891718204607973
67 73 -0.6662011134175316
67 74 -0.5362692582887283
68 69 0.9555026628095136
68 71 0.3559522132309494
68 72 -0.38126978640819553
68 74 -0.24918370105941912
69 70 0.860944721067497
69 72 -0.17782474083281063
69 73 0.5242678147647846
70 71 -0.6370399193929881
70 72 -0.7241645951623181
70 73 -0.9251591490538449
71 72 0.6556971648352465
71 73 0.3752900659305529
72 74 -0.9433638907574629
73 74 0.18379213178247
