75 2516
0 0.8816596658933744
1 -0.8850332810310515
2 -0.6871836429057152
3 -0.27144570081031816
4 0.2574911225628189
5 0.31671619126857165
6 -0.9944118899816932
7 -0.7490914904894344
8 0.44302244560769766
9 -0.9772466824541282
10 0.9592473407456326
11 -0.3758360971671375
12 0.9399001798058675
13 0.19119806647095028
14 0.09251789318389347
15 -0.7201297667590609
16 -0.29875874586098905
17 0.4651207786542526
18 -0.08649157676554942
19 0.6891214517470468
20 0.7279645039479297
21 -0.6794456148714947
22 -0.17744956176353233
23 -0.295501710757047
24 -0.9208128944882537
25 0.473452096485949
26 -0.9547818914953354
27 -0.697156569149979
28 0.1867778320986797
29 0.5420964097438659
30 -0.561712146588724
31 -0.9878712543359716
32 0.48059761801868905
33 -0.8398243354545525
34 -0.8558710593711187
35 -0.35369896275226487
36 0.39025298250786333
37 -0.9834425421165007
38 0.142571262153244
39 0.9159489860575407
40 -0.5883568889797133
41 -0.536907944034785
42 -0.6973064116719561
43 0.808919981619425
44 0.17673410764656072
45 -0.6233135868044068
46 -0.9332244628991857
47 0.5403554340234602
48 0.4926837641035484
49 0.08458783872939879
50 0.014277731039639141
51 0.7798414831232428
52 -0.4249479705316208
53 -0.011372083958965051
54 0.2162795417484218
55 0.05142863028456501
56 0.02275766428182302
57 0.9642880388364208
58 -0.5037605978477748
59 0.15751250410421114
60 -0.3314154108423475
61 -0.27631997600439795
62 -0.5459189340379831
63 -0.8841330135623224
64 0.754201675561714
65 0.38206533492013306
66 -0.42794695034607577
67 -0.047605536330464604
68 -0.2286313119383212
69 -0.31009932141563823
70 0.7891262629480178
71 0.5732505767404852
72 -0.9749480265491
73 -0.6524019090420332
74 -0.7072308511515046
0 1 -0.18534476366538333
0 2 -0.6293166823580219
0 3 0.3130291001610366
0 4 -0.314003832306337
0 5 0.41377839485071366
0 6 -0.31617541163306573
0 7 -0.9352612142554122
0 8 -0.18967244756701818
0 9 -0.1973529638468423
0 10 0.6389523954248919
0 11 -0.4707065765362217
0 12 -0.07016144742175379
0 13 -0.6206948989465382
0 14 0.020335178173485957
0 16 -0.8363250575855066
0 17 -0.1411749766437873
0 18 -0.7293477392804089
0 19 0.45935004347130337
0 20 0.07776047224496119
0 21 0.5908133867034131
0 22 -0.42999802455454894
0 23 0.8630502484141318
0 24 -0.3831988059613456
0 26 -0.9845150883282583
0 27 -0.39689876868363383
0 28 -0.36093523931344995
0 29 -0.1501413600635686
0 30 0.08022113557360933
0 31 0.19852294135519677
0 32 -0.9094631947579781
0 33 -0.053699846759848846
0 34 -0.3639964748632263
0 35 0.6855102682554268
0 36 -0.5820214738296767
0 37 0.2377133192067169
0 38 0.6420397116046788
0 39 0.7597496201377216
0 40 -0.05032149154075438
0 41 -0.9305946280037489
0 43 0.4395764715488182
0 44 0.25401681338163384
0 45 -0.8240222850498813
0 48 -0.7083805866498261
0 50 -0.15316378354875404
0 51 0.5340718018566075
0 52 0.3819087323353776
0 53 -0.349117225806979
0 54 -0.5721192918808982
0 55 -0.40187102496400473
0 56 -0.19942107457819724
0 57 0.3485759805600741
0 58 0.5138223834308666
0 59 -0.5858409124034476
0 60 0.9036622048891303
0 61 0.7959011188553187
0 62 -0.9941038136375591
0 63 0.20675722350271641
0 64 -0.48394349136278825
0 65 -0.23399339824424414
0 66 0.5159281812815659
0 67 -0.9289499164098358
0 68 0.8687153518246826
0 69 0.9945531906886764
0 70 -0.4588400895259537
0 71 -0.9904826598984702
0 72 0.024083479192631874
0 73 0.2791341862568175
0 74 0.10537737142496195
1 3 0.5315893438899528
1 4 -0.25205316070160033
1 5 0.869113549647508
1 6 -0.6060567850818972
1 8 -0.19566038305199096
1 9 0.1789138658403766
1 10 0.28160014227549035
1 11 0.1584570918706285
1 12 0.4586784345745154
1 13 0.701559438182763
1 14 0.4463015071155041
1 15 -0.6267346858030325
1 16 -0.39911991991891016
1 17 0.7377225151052464
1 18 -0.7828840639814847
1 19 -0.6810703761021097
1 20 -0.17573133664869856
1 21 0.11552450776802603
1 22 -0.34950418632101865
1 23 0.4812962826753058
1 25 -0.254571850490219
1 26 0.5452187072399315
1 27 -0.45787237396148806
1 28 0.2532511409219309
1 30 0.4291983251292302
1 31 0.7688648282694697
1 32 -0.08064613564568823
1 33 0.910420327195004
1 34 -0.3924095411564983
1 35 0.7067596416161155
1 36 -0.3747708410238426
1 37 -0.9452918303939248
1 38 0.4183608948711488
1 39 0.6354071757361628
1 40 0.7930157154503341
1 41 0.808621420466608
1 42 -0.0330189368800895
1 43 -0.5106431929895974
1 45 0.5289619121727342
1 46 0.9184772711649598
1 47 -0.21573531357215536
1 48 0.06429931628092422
1 49 -0.37711520610896954
1 50 -0.7986487711824515
1 51 0.44818054671919105
1 52 -0.16889125116071946
1 53 -0.08838739043006716
1 54 0.013713592328094215
1 55 0.5530184173297832
1 56 0.3278033441369048
1 57 -0.34990015898157534
1 58 -0.06230589410435883
1 59 -0.8319338783767725
1 60 0.5673063274546941
1 61 -0.5836129789577842
1 62 -0.5103848635484134
1 63 -0.3621433696636689
1 64 -0.02228720685066543
1 65 -0.32595392277458113
1 66 -0.25125129592414996
1 67 -0.13469542922902167
1 68 -0.5251843613372518
1 69 0.48041850495044747
1 70 -0.9988174445193114
1 72 0.6535287636318554
1 73 -0.04758229571831074
1 74 0.49617348730265354
2 3 -0.6965461083701814
2 4 -0.3982803916585538
2 5 0.724951680106664
2 6 -0.2564547363767744
2 7 -0.6285041312184556
2 8 -0.8226477953725673
2 9 -0.5951056221019364
2 10 -0.6745884942721692
2 11 -0.9708017468863293
2 12 -0.20029553700527436
2 13 -0.9576699902597283
2 14 0.6820355336903654
2 15 0.031146131332940197
2 16 -0.22972390867176684
2 17 0.9165897398824345
2 18 -0.41376266007900275
2 19 -0.10052066942043303
2 20 0.9882153059729453
2 21 -0.8564973253323278
2 22 -0.8391716454404585
2 23 -0.9425633649517673
2 24 -0.5099908894110412
2 25 0.2913154939100695
2 26 0.0764940032898096
2 27 -0.8390721089845117
2 28 0.4244526330253773
2 29 0.8503270571507
2 30 0.9597541959308336
2 31 0.40441220102018516
2 32 -0.1608716907255665
2 33 0.14187537000692685
2 34 -0.71435675320152
2 35 0.8486757352451153
2 36 -0.8943922059736034
2 37 -0.9880372032570715
2 39 0.7969781847437394
2 40 0.38496547603885833
2 41 -0.9596730793732116
2 42 -0.9839196892188162
2 43 -0.6448055903413605
2 44 -0.5851457063985182
2 45 0.16884692235640353
2 46 0.30186182125477745
2 47 0.9828630684676407
2 48 -0.23556327275138877
2 49 -0.7659136235202619
2 50 0.42479207131532837
2 51 0.8176042407894988
2 52 0.552043454237402
2 53 0.30586955850143127
2 54 -0.4990594378996276
2 55 -0.7199004551846713
2 56 0.24066389031558466
2 57 0.048763757343039504
2 58 0.40917695285690536
2 59 0.4157685153495678
2 60 -0.3067923499655838
2 61 0.8437466734013612
2 62 -0.9569767693812334
2 63 -0.5572926403778842
2 64 -0.012498076789218437
2 65 0.8793954969126143
2 66 -0.770844590130604
2 67 0.5982121593528416
2 68 0.14118652623356032
2 69 -0.37500658573271717
2 70 -0.6472854071871281
2 71 -0.8872128361647165
2 72 0.2880569884323869
2 73 0.0028494726613084165
2 74 0.9419105900423246
3 4 -0.9198605265267881
3 5 0.3572398268439976
3 6 -0.816156985823403
3 7 -0.012277090434529736
3 8 -0.9401285786409102
3 9 -0.9140661091019544
3 10 -0.4439576243384846
3 11 -0.47107043042790697
3 12 0.6453704095506962
3 14 -0.9440540612056754
3 15 -0.18751710186047998
3 16 -0.660356199665588
3 18 0.6018517748537777
3 19 0.5613233751363107
3 20 0.13167056070103578
3 21 0.40002970306972707
3 22 0.9683845376388491
3 23 -0.21317213060177242
3 25 0.48128517911764823
3 26 0.9009664122588663
3 27 0.910886298547344
3 28 0.09309108231024243
3 29 0.5227865473653224
3 30 -0.2752505117289177
3 32 -0.060128306404650944
3 33 0.9788061438869076
3 34 -0.8201416134716022
3 35 0.2783428579788094
3 36 0.5534381407312603
3 37 -0.9421091951032268
3 38 0.7508132055850527
3 39 0.3472160132040334
3 40 0.7347608082956758
3 41 0.2675276096970409
3 42 -0.13571936506279125
3 43 0.4621801220242532
3 44 -0.6459164951441585
3 45 -0.13241374212034707
3 46 0.8649308034743617
3 47 -0.22700527498069856
3 49 0.9309026874241586
3 50 -0.6701793823782047
3 51 0.44057762236278264
3 52 0.5570030543242979
3 53 0.8774023398393527
3 54 -0.06099137485958828
3 55 0.32026336756168994
3 56 0.5591782394975919
3 57 -0.8899176702719975
3 58 -0.4051965850598931
3 59 -0.6979076253075251
3 62 0.019038037305113775
3 63 0.8738839487389167
3 64 -0.8099322393469237
3 65 -0.39437030609697676
3 66 0.5174884004588689
3 67 -0.12838641379273685
3 68 -0.06011364170736755
3 69 -0.6883341040621229
3 70 0.6044661732423784
3 71 -0.899763964224801
3 72 0.5099605526576507
3 73 0.7904528532957567
3 74 -0.5769945711957016
4 5 0.6261110138344588
4 6 0.9457214608971585
4 7 0.31128274597307626
4 8 0.5166037048434862
4 10 -0.36150826065685915
4 12 -0.7335972630351568
4 13 -0.3488940547158965
4 14 0.1238432213277536
4 15 0.531451899516437
4 16 -0.4930287040516943
4 17 0.410511244676921
4 18 -0.251105971538778
4 19 -0.591918186296337
4 20 0.33203180658368936
4 21 -0.5491933114993066
4 22 0.18683881687038406
4 23 -0.24493162656992218
4 25 0.9607907684574863
4 26 0.3615122480111699
4 27 -0.21562269467978834
4 28 -0.4037528024224677
4 29 -0.14256096831416132
4 30 -0.9664084727695781
4 31 -0.8224160456252949
4 32 -0.6851137717859537
4 33 0.8067143501623255
4 34 0.021380256918898777
4 35 -0.3802715274207835
4 36 0.4485903271341207
4 37 0.8756098915431225
4 38 -0.1785962950970088
4 39 0.7542242028407515
4 40 -0.4641625345312781
4 41 0.10943868663151046
4 42 -0.9693092908853633
4 43 -0.08412777305682351
4 44 -0.5765791581121635
4 45 0.1331944184059648
4 46 -0.6364390833586109
4 47 0.12099734442191346
4 48 -0.07035962614067759
4 49 0.7617136525493668
4 50 0.6668853543858888
4 51 -0.9828842104527433
4 52 0.6202799478026932
4 53 -0.4640323389210703
4 54 -0.7022981465345097
4 56 -0.2826731190518328
4 57 0.26100013159526747
4 58 0.908347080353028
4 59 -0.8832209979559902
4 60 -0.3870400164312522
4 61 0.06867785152214267
4 62 0.6852649438706129
4 63 0.107043208054999
4 65 -0.8599210327206224
4 66 0.012677233069397387
4 67 0.9529246071158766
4 68 -0.9893834418296366
4 69 0.5661861846806511
4 71 0.11614109448355037
4 73 -0.42038502042295467
4 74 -0.11928584831687616
5 6 -0.6897682796857474
5 7 0.3033656987071758
5 8 0.8454706840083832
5 9 0.013274445775124377
5 10 0.277098955723613
5 11 -0.5055269291945077
5 13 0.990203783687789
5 14 -0.2504180423664195
5 15 0.7908477949436317
5 16 0.8492258368588146
5 17 0.2054803588405436
5 18 -0.15803114670729723
5 19 0.6374596932673084
5 20 0.2586941521023063
5 21 0.4978416757663191
5 22 -0.023425073593297707
5 23 0.9954188837566991
5 24 -0.1558175179016701
5 25 0.5531385391475789
5 26 -0.8204631594805216
5 27 0.07405663398222173
5 28 -0.4919370523220832
5 29 0.5097359857429102
5 30 -0.3214110524258611
5 31 0.6520682077810829
5 32 -0.7292134081302994
5 33 0.6866612641847891
5 34 0.37551497701443326
5 35 0.13285039485428474
5 36 -0.36012741689433025
5 37 -0.15684998958310303
5 38 -0.8077110241136574
5 39 -0.014162910457070188
5 40 -0.14963568861510823
5 41 0.9381630262982452
5 42 0.14988010859956002
5 43 0.7920758162890746
5 44 0.15033200638756727
5 45 -0.09923985677328351
5 46 0.9806152286834153
5 47 -0.16365679273275524
5 48 0.8765123618698616
5 49 -0.22531553031208484
5 50 -0.002772330095566211
5 51 -0.27484334552160616
5 52 -0.31737699814755715
5 53 0.13888042810227352
5 54 -0.7501196552979015
5 56 0.9386596670965617
5 57 -0.23204535240298108
5 58 -0.08478982443207594
5 59 -0.3165837760053172
5 60 0.6099926664651909
5 61 0.5210325432407432
5 62 -0.004005702517339227
5 63 0.3606114602355015
5 64 0.22445967402071232
5 65 -0.09433764271652789
5 66 -0.6290992852439039
5 67 -0.8909803966196514
5 68 0.7523936744440274
5 69 -0.14230586569988812
5 70 0.15422156159826894
5 71 -0.09409001932005268
5 72 0.7874286159655874
5 73 -0.6953025592220277
5 74 -0.6909068494034079
6 7 -0.37321982089725436
6 8 -0.28168839733865325
6 9 -0.034803084120411
6 10 -0.3070790546848765
6 11 -0.10629078326061236
6 12 0.2207766334457053
6 13 -0.20616972078485918
6 14 -0.15930983792404363
6 16 -0.0678159345811078
6 18 -0.857894065391396
6 19 -0.824674358787683
6 20 -0.44075615692668313
6 22 -0.09421940105952231
6 23 -0.4951744146358732
6 24 -0.386224748868391
6 26 0.7338836197557017
6 27 0.5818130469594436
6 28 -0.855458496524182
6 29 0.47444446916250893
6 31 0.2480195870908921
6 32 -0.22387498040406784
6 33 -0.4513364321251385
6 34 -0.41424601916305415
6 35 -0.9462754178373436
6 36 0.3565820370078794
6 37 0.41949666018531073
6 38 0.37227672261809497
6 39 0.11161285868721849
6 40 -0.9493436051076645
6 41 0.13517337824841213
6 42 0.6796836909359254
6 43 0.4475392099468236
6 44 0.6350223169429616
6 45 0.7000831436517578
6 46 0.9518966019861246
6 47 -0.7700266796751514
6 48 0.8342268388149379
6 49 -0.3515299806473089
6 50 0.6899567546797087
6 51 0.6917348037852238
6 52 -0.2823777946472801
6 53 0.7127679480349511
6 55 0.24430868301562292
6 56 0.045626218906141824
6 57 0.7133382501466949
6 58 -0.348390309773438
6 59 -0.9831779238754681
6 60 0.5937642960138947
6 61 0.3313374352080096
6 62 0.14350226608536065
6 63 -0.9667758575501908
6 64 -0.9230436188282607
6 65 0.7802233354554668
6 66 0.03491919919343767
6 67 0.0765563219900598
6 68 -0.6044927113296914
6 69 -0.8717209077674148
6 70 -0.5851042451182704
6 71 0.07169084615141541
6 72 -0.6668157194159876
6 73 0.2638554284078394
6 74 -0.28001779919446435
7 8 0.26798211126830696
7 9 -0.09214218664637452
7 10 0.6607097297290405
7 11 0.8896071331598154
7 12 -0.24314147077064452
7 13 -0.433637220534165
7 14 0.11799312961315334
7 16 0.01655532829671902
7 17 0.5458979705294966
7 18 -0.5066077790341024
7 19 0.7100944580359454
7 20 -0.19937023514273067
7 21 -0.7759152481064331
7 22 0.219968245075304
7 23 0.3778396509843083
7 24 -0.8095083840322068
7 25 0.6777024602867376
7 26 -0.36312526392836664
7 27 0.21351470522888238
7 28 -0.09509481531957076
7 29 -0.7655525565633423
7 30 -0.34678640935626226
7 31 0.9954033769832076
7 32 -0.808535720925748
7 33 0.17651790387266275
7 34 0.9097261266991183
7 35 0.17202476825135937
7 36 -0.8909787166831042
7 37 -0.39606656850807065
7 38 0.9313192319537134
7 39 -0.29179489741999065
7 40 -0.8819970638000298
7 42 -0.06637029076034495
7 44 -0.6839410395528029
7 45 0.29506303586930915
7 46 0.40680192839224816
7 47 -0.183864384581643
7 48 -0.2923655544853401
7 49 0.2527814258311136
7 50 -0.5335084325033517
7 51 -0.31661763855803016
7 52 0.5772190956463228
7 53 -0.8080345922527954
7 55 0.385180110553041
7 56 0.18269439537530574
7 57 -0.47140055385158375
7 59 0.388301186859322
7 60 0.22435448013447967
7 61 -0.12449345949353896
7 62 -0.6281627829977536
7 63 -0.5778418854755716
7 64 0.47049437746958866
7 65 -0.9905417873113473
7 66 0.923325027479307
7 67 -0.11684814092282458
7 68 -0.2150946822334181
7 70 -0.06804512042634259
7 71 -0.4158437914765709
7 72 -0.428769812263585
7 73 -0.6494287283867723
7 74 0.1790612350662779
8 9 -0.237761074747731
8 10 -0.01821163978604745
8 11 -0.960117864866683
8 12 0.6783999237998175
8 13 -0.7269488717389403
8 14 -0.04185981273371464
8 16 0.04580193146483946
8 17 0.3590925903455049
8 18 0.17250262516752835
8 19 -0.139421278781102
8 21 0.02297798280772101
8 22 -0.27686061929898775
8 23 -0.2898183956685545
8 24 0.5866040472493315
8 25 0.695809171806425
8 29 0.6846487428257351
8 30 -0.10743908551426573
8 31 -0.9081927056276684
8 32 -0.09825485155913238
8 33 0.647407384871376
8 34 0.1913898815812598
8 35 0.8221349657965225
8 37 0.054342513284592275
8 38 0.6559293495903957
8 39 0.541613650793006
8 40 -0.42934993299247104
8 41 -0.9188815821600145
8 42 -0.26992236886330967
8 43 0.6144479933800928
8 44 -0.8596386393157269
8 45 0.2401821148746197
8 46 0.8373070408494077
8 47 0.39030409005657574
8 48 -0.8007842270747594
8 49 -0.4188241610338683
8 50 -0.9906081490700238
8 51 -0.9935325379475259
8 52 -0.5795809960769231
8 53 -0.3590317656777551
8 54 0.36233531297617305
8 55 -0.6319067364422846
8 56 -0.5082840121344596
8 57 0.288596085200868
8 58 -0.7944461918789893
8 59 0.7041997709107399
8 60 -0.7303708186052724
8 61 0.8737961927929854
8 62 0.8817099106450579
8 63 0.038665180142178235
8 64 -0.6166999583582398
8 65 0.8972185151923793
8 67 0.5804204399827892
8 68 0.1974687018344825
8 69 -0.1867425689617448
8 70 -0.9166644403364819
8 71 0.28197197591954226
8 73 0.4904650910495678
8 74 -0.5569221068926107
9 10 0.19299805651830892
9 11 -0.6516943134464288
9 12 0.8558080353343551
9 14 0.09651111244084665
9 15 0.47802612698499836
9 16 0.22199869991968502
9 17 -0.7984269598093363
9 18 0.7699400114811319
9 20 0.5655091322097405
9 22 -0.9572446228296545
9 23 -0.97431782574278
9 24 0.08393307324275523
9 25 -0.2919271910800878
9 26 0.6506829904270883
9 27 0.6335289325393911
9 28 -0.6485783607712448
9 30 0.6038884282007237
9 31 0.3458972471275612
9 32 0.22650849069903045
9 33 0.2511113301207153
9 34 0.8736958088042834
9 35 0.9468292295861005
9 37 -0.03455788634739321
9 38 0.9419789831102399
9 39 0.20179479283904111
9 40 0.6458031437645864
9 41 -0.13036752440179256
9 42 0.37140933043040647
9 43 -0.5875316057323083
9 44 0.26536737599515137
9 45 -0.037258574007585255
9 46 0.535768369197271
9 47 -0.3755453926531602
9 48 -0.056948513186765304
9 49 0.22275447748270438
9 50 -0.7592611545879964
9 51 -0.032561757882136666
9 52 -0.33624168010696254
9 54 -0.003212443115324426
9 55 -0.8206156980744495
9 56 -0.762163884927058
9 57 -0.1168032977855753
9 58 -0.5134407414359257
9 59 -0.7758927692030511
9 60 0.1020458457576141
9 61 -0.9790022493698589
9 62 0.32693912043917694
9 63 -0.8873843702014472
9 65 0.4297006879370111
9 66 0.13415912603473834
9 67 -0.9488559951505167
9 68 0.03622003683979691
9 69 0.2366135408845942
9 70 -0.6778051943426018
9 71 0.82387574250872
9 73 -0.225045817530926
9 74 0.17630357246443573
10 11 0.6140480708970777
10 12 0.7199632845297681
10 13 -0.7509854394987041
10 14 -0.5157948480550454
10 15 -0.1973575645827741
10 16 0.6864518497485548
10 17 0.21150354913743707
10 18 0.5655015494985696
10 19 -0.7403229400475153
10 20 -0.2057753369567703
10 21 0.006713259522858284
10 22 -0.6309434830596674
10 23 0.14057221041018186
10 24 0.7914422970480104
10 25 0.5837766882522177
10 26 0.7763710486349156
10 27 -0.9808478461402139
10 28 0.07455207654156237
10 29 -0.5143413159417431
10 30 0.7471910883719746
10 32 -0.6793116484902981
10 33 0.918448203520206
10 34 0.18504338657850838
10 35 -0.27820294496550413
10 36 0.819890802201054
10 37 0.3093718156450682
10 38 0.031047289845565818
10 40 0.10763298726364079
10 41 0.06743521420821041
10 42 0.6015548288251784
10 43 -0.12468797147324939
10 44 -0.20601476043527267
10 45 0.5192899697835975
10 46 0.741584495317509
10 47 0.13019518973055355
10 48 0.9687519901739896
10 49 -0.037002481170558266
10 50 -0.5575297199464837
10 51 0.3943137886558772
10 52 -0.9775345204015864
10 53 0.8460238597526664
10 54 -0.21658465631251955
10 55 0.9184166008218335
10 56 -0.6346807914776582
10 57 0.10324505786505789
10 58 -0.16278620961108792
10 59 -0.4401660935924696
10 60 -0.981817275731431
10 61 0.2514485729010154
10 62 -0.6663743722695963
10 63 0.6484363912929134
10 64 -0.00388101676117536
10 65 -0.8467625738219429
10 66 -0.2335109723959261
10 67 -0.6032632078512052
10 68 -0.7987994670040697
10 69 -0.15724289297742744
10 70 0.9745651782611668
10 71 -0.24585409356142773
10 73 0.9427037950528852
10 74 0.848426573339023
11 12 -0.6807800886492819
11 13 -0.9577656806936039
11 14 -0.6027787676829177
11 15 0.4664054633446735
11 16 -0.9231798099838981
11 17 -0.8879316744711752
11 18 -0.2651763261144713
11 19 -0.24748899649920908
11 20 -0.5122272108570132
11 22 -0.5191089554745612
11 23 -0.8262785769292029
11 24 0.06785434873821128
11 25 0.7114894984450251
11 26 -0.06383419401687607
11 27 0.9535807848342572
11 28 -0.03772427994908489
11 29 0.37510076676354487
11 30 0.7847916431267226
11 31 -0.17592265035953125
11 32 -0.059955270040509046
11 33 -0.8579574236738392
11 34 0.5184977125843595
11 35 -0.5091008848176224
11 36 0.2981139389109557
11 37 -0.8868347199978788
11 38 0.7158244878993394
11 39 -0.030041014474197825
11 40 -0.6575196336863289
11 41 0.8986245162083544
11 42 -0.8128522339385837
11 43 0.7774498019151539
11 44 -0.024602435899036212
11 45 0.04543770916876122
11 46 -0.5583025474339562
11 47 -0.9269794571483347
11 48 -0.4081923265533871
11 50 -0.31173149432316505
11 51 -0.5790515649493397
11 52 -0.14444869939334315
11 54 0.6545613990824461
11 56 -0.13903990774283104
11 57 -0.19418494968885214
11 58 -0.45068277191597406
11 60 -0.36897433478447517
11 61 -0.46600743082904783
11 62 -0.40384973048838924
11 63 -0.2940386282072982
11 64 -0.8599862144535966
11 65 0.36751911269491555
11 66 0.8305903547723521
11 69 0.6510173033472302
11 70 -0.933997532120274
11 71 -0.4586138536900277
11 72 -0.2457120289838055
11 74 0.6639808857517187
12 13 -0.516106253471466
12 14 0.3207557694298735
12 15 -0.7812253814481531
12 17 -0.4433533857694476
12 18 0.9059126340422212
12 19 -0.9810254415281605
12 20 0.079879627948511
12 21 0.4347803746837775
12 22 -0.6727177965658979
12 23 -0.8634099426452118
12 24 0.246822580237811
12 25 0.8939688696691388
12 26 -0.9400705176219892
12 28 0.9138806317804686
12 30 -0.994477865633701
12 31 -0.21274079367205734
12 32 0.6739926559525629
12 33 -0.22003272293300613
12 34 -0.07287994228428052
12 35 0.9491710914064899
12 36 -0.3998039871841501
12 37 -0.9572391559958353
12 38 0.09800260978788389
12 39 0.6139743474147723
12 40 -0.03617485955505306
12 41 -0.29805396047612076
12 42 0.760258481980153
12 43 0.3368559543460474
12 45 0.9556497962131814
12 46 -0.4718383431657309
12 47 0.36673419640230276
12 48 0.0121055327951749
12 49 0.9824189669508578
12 50 -0.42844046384844026
12 51 0.9753924002883352
12 52 0.6609681112839729
12 53 0.14250067735760674
12 54 -0.6478253663485638
12 55 -0.3882796775255508
12 56 0.8442921732036608
12 57 -0.3022199811141826
12 58 -0.7726413657637758
12 59 -0.7875136528078073
12 60 -0.18675272025698875
12 61 0.9641014665909708
12 62 -0.7848691479357939
12 63 0.5394269840082531
12 65 -0.05986277956193775
12 66 0.5460680595489338
12 67 0.27150084418169573
12 68 0.3845509763817605
12 69 -0.6510628608317202
12 70 -0.45553148042956826
12 71 0.20118727883656473
12 72 0.4833626010037382
12 74 0.9333913775079041
13 14 0.9312590044916573
13 15 0.4450361926511024
13 16 0.7233047679009821
13 17 -0.3131905877330652
13 19 -0.4992229685448144
13 20 0.5794372004714339
13 23 0.6291989174494657
13 24 0.44477441989227673
13 25 0.14235163696952613
13 26 -0.1862545143872345
13 27 -0.5146195452244096
13 29 0.3078409846046095
13 31 0.7163333923979929
13 32 0.01589551925218835
13 33 -0.46180825989182495
13 34 0.4412561410637017
13 35 0.09398223276876805
13 36 0.5528293453479254
13 37 0.5721199842493483
13 40 0.03237384346214989
13 41 0.42216074445357976
13 42 -0.8220993847907816
13 43 0.5903979453721584
13 44 0.6161667890952451
13 45 -0.7873198450045273
13 46 0.979058082097785
13 47 -0.23353785391660975
13 48 -0.1353120186630763
13 49 -0.5585201775750221
13 50 -0.952433069960404
13 51 -0.5150458290048312
13 52 0.1166101015538119
13 53 -0.6323548374352459
13 54 -0.5787602290512301
13 55 0.6573699031464963
13 57 -0.7376607349797488
13 58 -0.5612125144588045
13 59 -0.25698385476280095
13 60 0.5926295597884468
13 61 -0.28354859839954516
13 62 -0.35913714083889836
13 65 -0.6333280893074034
13 66 -0.8425583589566603
13 67 -0.24588133988039562
13 68 0.2367194032789801
13 69 0.4541665982592711
13 70 0.7080658735254042
13 71 0.6288553487497681
13 72 0.15048118818324996
13 73 0.5687282297762901
13 74 0.6363405921042038
14 15 0.093833634329483
14 16 -0.7693549396982104
14 17 0.47375282543643027
14 18 0.8065353410400702
14 19 -0.5496474738231041
14 20 0.038746849513376924
14 21 -0.8919843806402559
14 22 0.007851346023415084
14 25 0.8581159680948447
14 26 -0.6073439767249755
14 27 0.8952339621000236
14 28 0.7673369416991285
14 30 0.7276139437145488
14 31 0.6357580389628059
14 32 0.09642761936141953
14 33 -0.13102044134743407
14 34 -0.9290661342972637
14 36 0.5246832222395672
14 37 0.4646088969018991
14 38 0.4463802973773414
14 40 -0.2992905093447371
14 41 0.730984114781768
14 42 0.7984660693633334
14 43 -0.5186928852306352
14 44 -0.6845203713634798
14 45 0.872287910333414
14 46 -0.14096450425579032
14 47 -0.8275189023521932
14 48 0.6335207916745933
14 49 -0.7500521067083117
14 50 0.4057266949004006
14 51 -0.44969775965881653
14 52 0.11991704369401401
14 53 0.8142982647270136
14 54 0.9042196504461073
14 55 0.7577025598274141
14 56 -0.869060213756276
14 57 0.12451042171872428
14 58 -0.9094456215885489
14 59 -0.156449083257584
14 61 -0.3276780562333348
14 62 0.7844425940728839
14 63 -0.005414394359049668
14 64 0.5212146207899766
14 65 0.8618230948508359
14 66 -0.475870502122572
14 67 -0.04047983080186279
14 68 0.876273722939866
14 69 -0.5540469452892327
14 70 0.7965919185153947
14 71 0.3676739723941429
14 72 -0.7349803726492872
14 73 -0.5221099537506526
14 74 0.18099542521712797
15 16 -0.6766020483466713
15 17 -0.7962952061356672
15 18 0.9580319301110982
15 19 0.6640375722040708
15 20 -0.882364322652577
15 21 -0.44638956375713024
15 22 -0.4862575082529148
15 23 0.14209113291302278
15 24 -0.7008999198648134
15 25 0.6679619414844238
15 26 -0.24974949828377246
15 28 -0.03989910322361112
15 29 0.11555069108385863
15 30 0.7802721812802405
15 32 0.273998563552704
15 33 0.15300703288691908
15 34 0.9328028265270754
15 35 -0.6477980249871675
15 36 -0.5222747874637781
15 37 0.6398688952936775
15 38 -0.4399395848630634
15 39 -0.7449356651133383
15 40 -0.6467656140714577
15 41 -0.6377771778253194
15 43 0.1584760534576679
15 44 -0.07992028071855528
15 46 0.2774598967029591
15 47 -0.5725035272828989
15 48 0.8185145472432966
15 49 -0.3750160086143359
15 50 0.9266918871900278
15 51 -0.5078127735336166
15 52 0.13481024697123933
15 53 -0.07165365369120136
15 54 -0.308894625151106
15 55 -0.10991363838893053
15 56 0.1918392525547954
15 57 0.6447804802856252
15 58 -0.8095608558355878
15 59 0.7201628902447961
15 60 0.3677561299601926
15 61 0.7395778649539608
15 63 -0.23291625557877582
15 64 -0.9744881398596148
15 65 0.9317345566060162
15 66 -0.7550142023639492
15 67 0.0093588639307296
15 68 -0.544186326056437
15 69 0.6578200651245221
15 70 -0.4152186400263991
15 71 -0.35980547067835844
15 72 -0.3701461384174005
15 73 -0.4534203263313741
15 74 0.6214667947584493
16 17 -0.6445943319657361
16 18 0.6167843871928287
16 19 0.60767213053566
16 20 0.5144021245421
16 22 0.259898557335112
16 25 0.9884981884954902
16 26 0.11597102637280932
16 27 0.09002785762270893
16 28 -0.5005918465454
16 29 -0.8339258513659273
16 30 -0.5323155394320138
16 31 0.6094096256451962
16 33 0.10068108526218467
16 34 0.6964685441478735
16 35 -0.23048624637861392
16 37 -0.5548101707797242
16 38 0.15556163217330132
16 39 -0.5526369728393579
16 40 0.20302867561880888
16 41 0.6136946777580647
16 42 0.09608897596292665
16 43 0.2631354663256569
16 44 -0.36252170147647456
16 45 0.8953609574634154
16 46 0.9707250351923722
16 47 -0.3270326250543192
16 48 -0.5739182467150874
16 51 -0.6851234171386187
16 52 0.8770103582698612
16 53 -0.15013877208711546
16 54 -0.2773848829243115
16 55 0.8504659452849732
16 56 0.7222814720955986
16 58 0.77452001689653
16 59 -0.13821627748470555
16 60 0.9348624453271301
16 61 -0.6871295517445111
16 62 0.6473527461971573
16 63 -0.4635185895008198
16 64 0.18202844331770152
16 65 0.9660436917499253
16 66 0.9352484998271966
16 67 0.9006151944576919
16 68 0.17501775625160265
16 69 0.32313269981678205
16 70 0.8534202553292483
16 72 0.7542414655029588
16 73 -0.35440253233565566
16 74 0.11620381445715888
17 18 0.576324487514748
17 19 0.19282036080286713
17 20 -0.6056535377562207
17 21 0.8575139857920222
17 22 0.05105937401800964
17 23 0.5668595644090026
17 24 -0.16220051304323246
17 25 0.6875494590161626
17 26 -0.3497459127056115
17 27 -0.8800597679220699
17 28 0.9980310311275975
17 29 0.0471291715647022
17 30 -0.18876577761442936
17 31 -0.8321820915329055
17 32 0.9925625617516272
17 33 0.4164465710870928
17 34 0.11951538277550755
17 36 0.09341228112028266
17 37 -0.7442795675606966
17 38 -0.5504914855766407
17 39 -0.09423271117928733
17 40 -0.6081101290327597
17 41 -0.29141809527310003
17 42 0.6258630982217372
17 43 0.114045984540454
17 45 0.3913810600121743
17 46 -0.25742559981166324
17 47 0.2455890727556611
17 48 0.5733374128846334
17 49 0.1835190400647695
17 51 0.898541278948058
17 52 0.1408711684964572
17 53 0.47389232150773086
17 54 -0.2144281247362363
17 55 0.9551409485483886
17 56 -0.1739949243046468
17 57 -0.4100869411308372
17 58 -0.6820944657291095
17 59 0.24192066942836465
17 60 0.6246721648481617
17 61 0.7094315364671115
17 62 0.9483522465122585
17 63 -0.8773948728009207
17 64 0.9041631031221413
17 65 -0.9968271014793435
17 66 0.5378445921106267
17 67 0.5121467145765524
17 68 -0.18778330488686001
17 70 0.7336509630208286
17 71 0.31906175337503995
17 72 0.5298066034131039
17 74 -0.11340815404279625
18 19 -0.8700091835597865
18 20 0.7572233956312366
18 21 -0.49038861065562855
18 22 -0.010607085946332306
18 23 -0.5683889458698463
18 24 0.056387433260726816
18 25 -0.826789953730042
18 26 0.4562981746632646
18 27 -0.9938415721326133
18 28 0.5956490814527902
18 29 0.12602751594531547
18 30 0.7211942797527644
18 31 0.9805966583711136
18 32 -0.786327710107243
18 33 0.0022744251656918735
18 34 -0.5900598445077117
18 35 0.9371151029857048
18 36 0.7300732352588872
18 37 0.28490196654334055
18 38 -0.3939049355221984
18 39 -0.656150870485287
18 40 -0.76610050843075
18 42 -0.026357315249297297
18 43 -0.49228589008624124
18 44 0.24222771195002002
18 45 0.5856520607499054
18 46 0.448296444950949
18 47 0.3289262220097924
18 48 0.4366832979356945
18 49 -0.4293102163536806
18 50 0.8603624463599373
18 51 0.4884729217090762
18 52 0.6114680648140958
18 53 0.4901208150647123
18 55 -0.6300769657278726
18 56 0.9795771482641016
18 57 -0.34931676664980404
18 58 0.16424193723334435
18 59 0.7881393920013051
18 60 0.08500096516243238
18 61 0.32890122502268015
18 62 -0.4502524952733118
18 63 0.9203612232683764
18 64 -0.5866493933311061
18 65 -0.32028732386216174
18 66 0.03048074400822176
18 67 -0.6099884959702175
18 68 -0.303588041369631
18 69 0.27058083367384866
18 70 -0.15123907126129454
18 72 0.4943351282555921
18 73 0.1682449035709943
18 74 0.8779437080101968
19 20 0.5283387796574777
19 21 -0.6446401449683012
19 22 0.2853944642999513
19 23 -0.8968807831778063
19 24 -0.777425244190006
19 25 0.9195463775798518
19 26 -0.42894877628347783
19 27 -0.3578580470929318
19 28 0.820224613935356
19 30 -0.2803995087565392
19 31 0.0508498535611841
19 32 -0.9531961521977614
19 33 0.4180139483955836
19 34 -0.5656864929469936
19 35 0.10626233051611345
19 36 -0.7440424156595993
19 37 -0.4135396493776846
19 38 -0.6249420094269043
19 39 0.1693686513120911
19 40 -0.7556998565502833
19 41 0.8952042006469672
19 42 0.1542457600458127
19 43 0.9108321943470934
19 45 -0.023842781123033507
19 46 -0.06791559341847697
19 47 0.17879498493852508
19 48 -0.5370685802988384
19 49 -0.2671126899541041
19 50 -0.9059575018803687
19 51 0.6405553614612092
19 52 -0.02945815967477805
19 54 0.6552602804500203
19 55 0.04841993822142476
19 56 -0.4952533650264468
19 57 0.17633382393341934
19 58 0.9896571289644118
19 59 0.8686993868116208
19 60 0.7264655862914131
19 61 -0.4610322053294489
19 62 -0.8662527405642186
19 63 -0.6924688252615985
19 66 0.940464747572795
19 67 -0.489255570390694
19 68 -0.8142113865283362
19 69 -0.7708883925892236
19 70 0.19117226332197879
19 71 -0.06077076763796918
19 72 -0.8514923997852788
19 73 0.8925711798968508
19 74 -0.19540255538476603
20 21 -0.35499191421489806
20 22 0.14987923547491944
20 23 0.6831723607872517
20 24 0.518220445204971
20 25 0.18278590263934058
20 26 0.017149627633460174
20 27 0.8999323214265134
20 28 -0.4486890272857733
20 29 0.44762489582606824
20 30 0.29942991586254974
20 31 0.3017091333451425
20 32 0.25530212923308926
20 33 0.28138737207585796
20 34 -0.8333167557534609
20 35 -0.9205172103306782
20 36 -0.05982882106392329
20 37 -0.6755663391546605
20 38 0.6654997931883349
20 40 -0.01762429124740339
20 41 -0.6896878912590139
20 42 0.5096683349851567
20 43 0.8595238023285312
20 44 0.6610496782968496
20 45 0.36309940233222693
20 46 0.9151302095219851
20 47 0.0858745656731168
20 48 0.006784010515218375
20 49 -0.3108024277941628
20 50 -0.5441732399992798
20 51 0.22511519836650962
20 52 -0.32833751000965594
20 53 0.1483899922318177
20 54 0.8115548607928185
20 55 -0.49653968302121143
20 56 0.6930800459729363
20 57 -0.8851272691875889
20 58 0.5005817393317147
20 59 0.2415519648307176
20 62 -0.6630870199815355
20 63 0.5495009526700483
20 64 0.33473536833199447
20 65 -0.01767761846366045
20 66 0.17420845985785283
20 67 0.026162182761646058
20 68 0.9605943140591051
20 69 -0.8286298423833685
20 70 0.43283055170641327
20 71 0.47511666359851246
20 72 0.08196309871612306
20 73 -0.46225724861417317
21 22 0.07848135760168318
21 24 0.9883697045657152
21 25 0.8513327852824619
21 26 -0.38270803545952514
21 27 0.22098318883157608
21 28 -0.42033119899550075
21 29 -0.5802007174285082
21 30 -0.5227163670957671
21 31 0.8393411875915491
21 32 0.3060654793849602
21 33 0.5660481527106764
21 34 0.8307603730526736
21 35 0.7300296629719649
21 36 0.7333086246304843
21 37 -0.9103745351469468
21 38 -0.4770955567434776
21 39 -0.7911661130544754
21 40 0.7998398896158585
21 41 0.16874101543482167
21 42 0.8433457238390583
21 44 0.526688690751822
21 45 -0.16592448826482453
21 46 -0.8867500425560544
21 47 0.48072818140324336
21 48 0.28185879312437634
21 51 -0.6045609841263837
21 52 0.2745532482053925
21 53 -0.8868119534028358
21 54 0.7644782523143105
21 56 -0.41924768319665584
21 57 -0.5254396072307039
21 58 0.8216789615153788
21 59 0.03820025926916748
21 60 0.3482286061188822
21 61 -0.7593485694966606
21 62 -0.04090182700016154
21 63 -0.5402698517550142
21 64 -0.25168559175849836
21 65 -0.9779428984893377
21 66 0.4631349405319545
21 67 -0.38269223977749167
21 68 -0.6297663533835165
21 69 0.986892118028877
21 71 0.7125471162555994
21 72 -0.48675882796377246
21 73 -0.6371951782546836
21 74 -0.2260641124488425
22 23 0.9106714907101361
22 24 -0.8789166878823802
22 25 0.5717692140875648
22 27 0.8350585134043702
22 28 0.767289778236856
22 29 -0.49825142806170963
22 30 0.864706677976629
22 31 0.366575163561385
22 33 -0.4908804096796773
22 34 -0.27560705222928794
22 35 -0.9890204590088139
22 36 -0.13086332693130864
22 37 0.6088915790021789
22 38 0.23197565017118338
22 39 0.11353076511861193
22 40 0.09615988872923187
22 41 0.175335576646223
22 42 0.06024545627161104
22 43 0.9535019320902305
22 44 -0.8102894009082857
22 46 0.41241355809541114
22 47 -0.6505139726372884
22 48 0.865421255117699
22 50 -0.5237525163628556
22 51 -0.6872948358406668
22 52 -0.4988026284949916
22 53 0.5314350551209934
22 54 0.44454274653335
22 55 -0.00033453804914063134
22 56 0.9011016473053137
22 57 0.9033999503358354
22 58 -0.07958363775179733
22 59 -0.5438914393685179
22 60 0.9779491237081501
22 62 -0.21463566997146843
22 63 0.05558386863012443
22 65 -0.04205807957280272
22 66 -0.4442749868375795
22 67 -0.7411448337885305
22 68 0.12300377669980733
22 69 -0.003952978271694052
22 70 0.34597111034580763
22 71 0.5316137373164218
22 72 -0.7388300377175983
22 73 -0.5090159495812323
22 74 0.6344080616594452
23 24 -0.40115762581904546
23 25 -0.28139011139294334
23 26 -0.6626988155488538
23 27 -0.7958089119136209
23 28 -0.33565464103541376
23 29 -0.780147381862685
23 32 0.5007446827705873
23 33 -0.32706783535310135
23 34 -0.37246934960085687
23 35 0.13904564269544517
23 36 -0.8342277617999734
23 37 0.7001279284431929
23 38 0.7284295878532465
23 39 -0.8543099485435546
23 40 -0.5423314685832825
23 41 -0.2823981741852024
23 42 -0.8181814384006088
23 43 0.4338798602467635
23 44 -0.10963807712230422
23 45 0.6691495511542571
23 46 0.6660386880363027
23 48 0.24606060537777164
23 49 0.13105781897107316
23 50 -0.7178333904694139
23 51 -0.22047982089500162
23 52 0.2002710807955539
23 53 0.7982929940182271
23 54 0.894863376493944
23 55 0.5795929395631945
23 56 0.33414901541898456
23 57 -0.3972940315410456
23 58 0.38050121249032576
23 59 0.16426077626904179
23 60 0.9019003267345922
23 61 -0.187124137764632
23 62 0.3604228418826605
23 63 -0.4912205205308353
23 64 0.7517575452528966
23 65 0.5639476231252465
23 66 -0.14466641601760122
23 67 -0.7649981989312058
23 68 0.7952319552943234
23 69 0.4847148905478569
23 70 0.22764733975428308
23 71 -0.22583099794362815
23 72 0.2544465542809331
23 73 0.9713936391239775
23 74 -0.33525859347693654
24 25 0.07225458305299992
24 26 -0.00954170252726727
24 27 -0.564940703702598
24 29 0.3884034768195257
24 30 -0.8060520129018836
24 31 -0.412122815597056
24 32 -0.14318696443553813
24 33 0.3021489506480741
24 34 -0.42998853545039895
24 35 0.9989117714075555
24 36 -0.1528098881407407
24 37 -0.17499594888278058
24 38 -0.9574401207031178
24 39 -0.6357796634595081
24 40 0.09795218770069658
24 41 -0.7098224797311317
24 42 0.7828081705980698
24 43 -0.9513068250542314
24 44 -0.7785612042048724
24 45 0.86312578923106
24 46 0.11067401576839897
24 47 -0.6046161080000554
24 48 -0.473846534332663
24 49 -0.9224686284522372
24 50 -0.6297814291524699
24 51 0.08344993876652107
24 52 -0.48174077481368194
24 53 0.5843747013357166
24 54 -0.21012753073565804
24 55 -0.6950918688923016
24 56 -0.5543968252036771
24 57 -0.8725493360107777
24 58 -0.5743691486964206
24 59 -0.28250672913138697
24 62 0.11765290283185803
24 63 0.24765158388483122
24 64 -0.52713293774257
24 65 0.8092915176743827
24 66 0.5947875275695793
24 67 0.2587491743966175
24 68 0.29693176029410173
24 69 0.8259045753733922
24 70 -0.6644910815709781
24 71 -0.2832869942934826
24 73 0.6705420534935387
24 74 -0.9934651231395173
25 26 -0.46258352524426694
25 27 0.8547538448274521
25 28 0.8567983124895315
25 29 0.24282324774875486
25 30 -0.41341356730931844
25 31 -0.518151718973328
25 32 0.3999752736557811
25 33 0.5049352855339762
25 34 -0.12721594417071835
25 35 -0.7784220904344681
25 37 0.8745959472733371
25 38 0.7675406000761968
25 39 0.8877518861614033
25 40 -0.4559778811249282
25 41 0.9975888572942404
25 42 0.2515148876373403
25 45 -0.7199740365008591
25 46 -0.12215901761048231
25 47 -0.7360208207567136
25 48 -0.7542450273427128
25 49 0.7264416283555144
25 50 -0.6380972926490704
25 51 -0.2900417558463779
25 52 0.5953354647557074
25 53 0.9522855185545644
25 54 -0.26547486808631016
25 55 0.17646575730512115
25 56 0.8235725187157146
25 57 -0.3646915842318883
25 58 0.4294478241754822
25 60 0.3309125407775708
25 61 0.1443327161627599
25 62 -0.6159508821479571
25 63 -0.43729359626205744
25 64 -0.8716741326915518
25 65 0.12473368076348756
25 66 0.8137911135934957
25 67 0.1740362661010304
25 68 -0.688617911924708
25 69 -0.023185019867573153
25 70 -0.237313391061601
25 71 -0.998624905816935
25 72 0.7728939884362063
25 73 -0.3496064766743865
25 74 -0.30178470730155094
26 27 -0.7181511796289985
26 28 0.4162794703982582
26 29 0.9564855738729796
26 30 -0.6661288459465147
26 31 -0.03619928796801486
26 32 -0.5943783984033641
26 33 -0.9803954266416399
26 34 -0.17373782960006645
26 35 -0.46963105816785244
26 36 -0.21398592574769593
26 37 0.5398203271198057
26 38 0.4165956408366476
26 39 -0.4738369348040379
26 40 -0.4693948086315476
26 41 -0.5805941326509374
26 42 -0.1577020411625596
26 43 0.3806909164523731
26 45 0.928951131196964
26 46 0.4373949269505215
26 47 -0.7554419883777328
26 48 -0.0662698679327709
26 49 -0.7937502392235263
26 51 0.45557996493298103
26 52 -0.7045375176996982
26 54 0.9412562323452214
26 55 -0.7109284390738289
26 56 0.6080157597940774
26 57 0.09206522749158341
26 58 -0.734856371923456
26 59 -0.7600010150587999
26 60 -0.23778297554488503
26 61 -0.05944823047655445
26 62 0.3808751678314659
26 63 0.8542654535949799
26 64 -0.05604027130758782
26 65 -0.9547215853681013
26 66 -0.30336031647933814
26 67 -0.9385387759458097
26 68 0.10073231493424761
26 69 -0.4951737290402116
26 70 -0.20579705080096833
26 71 -0.7734128902871524
26 72 -0.2873065103269168
26 73 0.644814974324663
26 74 -0.5084073619954359
27 28 0.054361383655155304
27 29 -0.6388127739352496
27 31 0.9116957361066755
27 32 0.9936008294740757
27 33 -0.3945743492779201
27 34 0.711254851553865
27 35 -0.877400197907233
27 37 -0.7863982711581483
27 38 0.13155294542789076
27 39 -0.7439917421987832
27 40 0.5095539923462729
27 41 -0.7591961247149128
27 42 0.8803827316688491
27 43 -0.10433650926878957
27 44 -0.10892643107407318
27 46 -0.47594619847713293
27 47 0.5550161058899032
27 48 -0.8612084493552881
27 49 -0.4755758480568917
27 50 -0.5560571580991907
27 51 -0.8871135769772771
27 52 -0.8899586753424109
27 53 0.07703431488497103
27 54 -0.04434522016556652
27 55 -0.9809019792208433
27 56 0.4271445130156748
27 57 -0.5591907882883933
27 58 -0.06754275772500229
27 59 0.431691185569407
27 60 0.8188237556431248
27 61 0.23667318992931308
27 62 -0.6678791692856969
27 63 -0.7082204949229547
27 64 -0.3756742119652059
27 65 0.6780323816915019
27 66 0.2058230717806795
27 67 -0.8348796871573154
27 69 0.3352902697241045
27 70 0.056854378618002244
27 71 -0.9076059836078483
27 72 0.8496039358641925
27 73 0.5379147303864211
27 74 0.4185884167338374
28 29 0.2849324246257081
28 31 0.3001074870450453
28 32 -0.45075077284792964
28 33 0.479260208001816
28 34 0.5587778863159683
28 35 -0.9061544018928178
28 36 0.5555027693695793
28 37 -0.8408611065323577
28 38 0.9359320677189096
28 39 0.38374549719361895
28 40 0.4389981255929145
28 41 -0.9407806800709961
28 42 0.8686635719919591
28 43 -0.3851758657389486
28 44 -0.6925199949215721
28 45 -0.4553503610597456
28 46 0.06854609136009548
28 47 -0.9400665827764085
28 48 0.6356448266849886
28 49 0.9235332745884552
28 50 -0.8472121701177076
28 51 -0.41661783921768825
28 52 0.6274697805596119
28 54 0.6030418074011017
28 55 0.7362434760537682
28 57 -0.9084625166176092
28 58 -0.7836610693518635
28 60 -0.05498799699444379
28 61 0.46100814598861906
28 62 -0.930721148101131
28 63 -0.32351731826939045
28 64 0.47625590188037337
28 65 -0.8172334327081738
28 66 0.21239599350959426
28 67 -0.3649835617416599
28 68 0.7678452791581534
28 69 0.8496442745352453
28 70 0.1378591618850289
28 71 -0.6888560366179688
28 72 0.7880274683311084
28 73 0.6895381347620977
28 74 -0.5642930225805805
29 30 -0.822125394093598
29 31 0.8994712726700149
29 32 0.07402890040978538
29 33 0.26646492790389487
29 34 -0.11096156719000505
29 35 0.27950558327491914
29 36 0.1567360100008457
29 38 -0.7597948493962419
29 39 0.628747798150556
29 40 -0.09193819452011254
29 41 -0.6935098109909241
29 43 0.0485250513105282
29 44 -0.48661952301680356
29 45 0.36121444175749917
29 46 -0.8741867383007798
29 47 0.9785044471112918
29 48 0.17063174981445095
29 49 0.21823153417875796
29 50 0.15149894323217383
29 51 -0.9136080375043047
29 52 0.9317829678784595
29 53 0.42294014892724374
29 54 0.30921286241894874
29 55 0.4395080199114201
29 56 0.6127097988388048
29 57 -0.9179981447223278
29 58 -0.9296727966853773
29 59 -0.6838551461144304
29 60 0.3782339524002354
29 61 0.49281093391340236
29 62 -0.8023221301204064
29 63 -0.19679966610951105
29 64 -0.18273752838693014
29 65 -0.07371808466973606
29 66 0.09280919071729343
29 67 -0.28993011827984794
29 68 0.0644733433418041
29 69 -0.12942624164545147
29 71 -0.13790090937332367
29 72 -0.17545188637959597
29 73 -0.4249830113039825
30 31 -0.15505262488072957
30 32 0.709235808868939
30 33 0.3464420399508825
30 34 -0.6335909352439839
30 36 0.3092344280110888
30 38 0.4981353284475203
30 40 0.1341362981024412
30 41 0.8119274973155302
30 42 0.9681113615764176
30 43 -0.12310487516054724
30 44 0.16480733286930804
30 45 0.27525233198454524
30 46 -0.9489709026891513
30 47 -0.5259322537760756
30 48 -0.9956335051479759
30 49 -0.22232581742265345
30 50 0.5671230270340197
30 51 -0.7668012344158754
30 52 -0.009652274577318432
30 53 0.4256014870790046
30 54 0.4521721691113829
30 55 0.17768123302838568
30 56 0.3358262208049112
30 57 0.3966509662097404
30 58 -0.7989752703190758
30 59 -0.9697094003111975
30 60 0.46142398942263707
30 61 0.37073601250889765
30 63 -0.6721044388364463
30 64 -0.27511885074966425
30 66 -0.2520386121077107
30 67 -0.5292302252810919
30 68 0.30714811374191764
30 69 0.5506215838551602
30 70 0.4833114669413585
30 71 -0.06396255883264224
30 72 0.18167935596105034
30 73 -0.004699176604282762
30 74 0.10731156209104364
31 32 -0.6155666744956352
31 33 -0.2151277226468804
31 34 0.7867383622079414
31 36 -0.29090127955451117
31 38 -0.09303430478901409
31 39 0.3474628962652204
31 40 -0.9904642008598115
31 41 -0.13281281979626347
31 42 -0.053790475283714834
31 43 0.89308956445935
31 45 0.4500770440434063
31 47 -0.6689409451147597
31 49 0.6636273495315108
31 50 -0.6781578528657197
31 52 0.8399490127623848
31 53 0.2927278282433696
31 54 0.9646884502955355
31 55 -0.890393003245534
31 56 0.41076046799446786
31 57 -0.08455843826867371
31 58 -0.3695889829572996
31 59 0.04691786163240952
31 60 -0.5925691691680166
31 61 0.4451547337696351
31 63 0.7040873075779746
31 64 0.9998611080933233
31 66 -0.5072243422847393
31 67 -0.441799353112835
31 69 0.9610061070234748
31 71 0.5611305606129455
31 73 -0.3407084875937656
31 74 0.7042168593444802
32 33 0.511514851674804
32 34 0.9071655202412026
32 35 0.36296824960596497
32 36 0.028831550449499366
32 37 -0.9182662017112184
32 38 -0.8005855825695387
32 39 -0.2191372926125963
32 40 0.8967675163023989
32 41 -0.9972568286028387
32 42 -0.21041724482735447
32 43 -0.029749834115127882
32 44 0.9415665180938482
32 45 -0.03997912186360364
32 46 0.502032137919012
32 47 -0.9104876564288609
32 48 0.7396064182487314
32 49 -0.39410545989274315
32 50 0.20678592509342963
32 51 0.28317117749915277
32 52 0.40944877258661005
32 53 -0.5136121347392402
32 54 0.5999319648058705
32 55 -0.29153367469300706
32 56 -0.1655214816602506
32 57 0.3962287090366283
32 58 -0.8965280512337648
32 59 -0.5530735531036013
32 60 0.17073804301389317
32 61 0.017582351774622307
32 62 0.9196053733485927
32 63 -0.32257860011149475
32 64 0.9431577142302792
32 66 0.04175567022713178
32 67 0.8608713517807038
32 69 0.4468135741220207
32 70 0.1216738910503874
32 71 -0.9612224898420139
32 73 -0.22720991196317586
33 34 0.1832212713743817
33 38 -0.07171985475293119
33 39 -0.7341764589674302
33 40 0.7273455624627831
33 41 0.9169522529141667
33 42 0.5292829214717905
33 43 0.5460496141199875
33 44 -0.8608425447916013
33 45 -0.8338367418969304
33 46 -0.1282420398388675
33 47 -0.2222679507750953
33 48 0.8917140478624821
33 49 -0.9225906125731358
33 50 -0.07587572899830786
33 51 -0.5176027307492361
33 53 -0.5559562453529712
33 54 0.728580733148164
33 55 -0.8075320306220477
33 57 -0.8716324448778638
33 58 -0.32273606467349447
33 60 0.3584096428097483
33 61 -0.5711066851970201
33 62 0.0890317695365237
33 63 -0.8162659174181599
33 64 -0.44612528213707003
33 66 -0.6237729817459905
33 67 -0.6635661695450081
33 68 -0.5085912695444577
33 69 0.12216035459504448
33 70 -0.6216236134227371
33 72 0.49248064106259104
33 73 -0.2808639648140083
33 74 0.514735115146828
34 35 0.41725260505850037
34 36 0.005147806529486987
34 39 -0.11150293925413779
34 40 -0.24819008941882292
34 41 0.3053155510771426
34 42 0.9955591010722142
34 43 -0.20450487089872937
34 44 -0.4862501659818852
34 45 0.16044670214568368
34 46 -0.8384589669009233
34 47 0.47121787967512696
34 48 -0.35966552205814706
34 49 0.7407948820653405
34 50 -0.2873310985707742
34 51 -0.8853514631150281
34 52 0.5861919405463027
34 53 -0.3282220290351958
34 54 0.22377302250440456
34 55 -0.4084189835091494
34 56 -0.10142813273834461
34 58 0.9884401105834391
34 60 -0.5245791222715916
34 61 -0.9648735593940048
34 62 0.33829596578985544
34 63 0.30659333678509837
34 66 -0.6336777593530443
34 67 -0.49882259417844743
34 68 0.06285757728008767
34 69 -0.882834027271485
34 71 -0.8952477697717918
34 73 0.1306752028128586
34 74 0.44906807752908273
35 36 0.037748568413946915
35 37 0.06760083781016868
35 38 -0.48008589829809556
35 39 0.7122599464314003
35 40 0.6455016243583054
35 41 0.9106767593428229
35 42 -0.8059427500303944
35 43 0.6950668189380209
35 45 -0.7545474986247982
35 46 0.3110316632300343
35 47 0.4505391439923705
35 48 0.22150200327994152
35 49 -0.7917435106514488
35 51 -0.9643292730613331
35 52 -0.9638370701655508
35 53 -0.6770327770390829
35 54 -0.7494850814638467
35 55 0.8763752175920705
35 56 0.7088317623563489
35 57 0.08452211352470718
35 58 -0.23749569097233292
35 59 0.5349014877137255
35 60 -0.8058994624782583
35 61 0.7937324534597681
35 62 -0.961119272162426
35 63 -0.6177015205289376
35 64 -0.9743326844050402
35 65 -0.21454866114470694
35 66 0.45613062450745323
35 67 -0.9153592216235429
35 69 0.153221076546471
35 70 -0.08634312708970748
35 71 -0.18972828277324005
35 72 -0.3384711082186651
35 73 -0.3448503302614885
35 74 0.8756389380776188
36 37 0.07566361907554775
36 38 -0.5084079699209225
36 39 -0.3583322911245115
36 40 -0.21312583420604603
36 41 -0.4117235477684613
36 42 0.13893049461320972
36 43 -0.10114641420559867
36 44 0.012681197541151601
36 45 -0.606939367693746
36 46 0.15705589678226328
36 48 0.9309276481448487
36 49 -0.3638797798319351
36 50 0.13311165075321418
36 52 -0.5518814932608349
36 53 -0.14726543402232029
36 54 -0.13628629241746304
36 55 -0.388608227411652
36 56 -0.49165854409317933
36 57 -0.28551778938299543
36 58 0.4288210390561509
36 59 0.5207386659950606
36 60 -0.1355595138407648
36 61 0.05347074494939186
36 62 0.3678090326906507
36 63 0.9871442262744823
36 64 -0.9679901936949242
36 65 -0.7999858172479939
36 66 -0.954071113401364
36 67 -0.30861669841061734
36 68 0.12063923174438673
36 69 -0.2963114653415111
36 70 -0.4826135133265015
36 71 -0.33835158380533215
36 73 0.6425328786843625
36 74 -0.20464175351586533
37 38 0.07370390274908245
37 39 -0.7940485395706949
37 40 0.7759263330968631
37 41 -0.7385286825341415
37 44 -0.19183508939820304
37 45 -0.7037691003672268
37 46 -0.9062968405584311
37 47 -0.7445614054897218
37 48 0.014485520001551011
37 49 -0.1484077888930151
37 51 0.4389881035244212
37 52 -0.5129301483280562
37 53 0.6560280706610908
37 54 -0.5430019649140216
37 55 0.8685394048276367
37 56 -0.1318155708046791
37 57 0.42716892517526506
37 58 -0.3514588565092043
37 59 -0.575264290558019
37 60 0.8776166146827686
37 61 0.6551592139990259
37 62 0.36385004411861344
37 63 0.6638793255799271
37 64 -0.4833245448804697
37 65 -0.5789875217076816
37 66 -0.12209505623102856
37 67 -0.050535864135290876
37 68 -0.454348920056344
37 69 0.5908883226542556
37 70 0.4114262645745652
37 71 -0.7901652434085054
37 72 -0.4040949834402505
37 73 0.8187639860146099
37 74 -0.26533387988887513
38 39 0.01430774887684727
38 40 0.2780208985113164
38 41 -0.2516015141165906
38 42 0.4038060397529988
38 43 -0.9747789156386035
38 44 0.15843484464275281
38 45 -0.25660937042818577
38 46 0.27507275154505195
38 47 -0.5333371203297212
38 48 -0.013017471630550004
38 49 -0.3943606675490767
38 50 0.841781392592132
38 51 -0.6199338901966951
38 52 -0.840250753037765
38 53 -0.7486443812060359
38 55 0.659631909474079
38 56 0.3171955643717559
38 57 0.9857090316234087
38 58 0.7372685830658301
38 59 -0.2109025517802532
38 60 -0.8421682189386475
38 61 -0.5236533497270441
38 62 -0.3717267626672114
38 63 0.9671898559613961
38 64 0.8201597239891456
38 65 0.5755736642762748
38 66 0.3442160166607491
38 67 0.9282670240010633
38 68 -0.8411873674848913
38 69 0.7192945841780964
38 70 0.24705334766791975
38 71 0.9753144005257206
38 72 -0.44882560954039263
38 73 0.6737167859772679
38 74 0.7254109639491546
39 40 0.7837646127609399
39 41 -0.6872682014915261
39 42 0.7797689694338916
39 43 -0.5289725808551218
39 44 -0.6907264041672685
39 45 0.2646413475471199
39 46 -0.6932795515370116
39 47 0.0893403586578263
39 48 -0.8597503688191925
39 49 -0.28367158911540113
39 50 0.8321147034128922
39 51 0.5795279199631012
39 52 0.7248711436869755
39 53 -0.05834403841586755
39 54 -0.27425946125876144
39 56 -0.14033513819500731
39 57 0.9093629696955206
39 58 -0.24360604308950728
39 60 0.8432753615648803
39 61 -0.8759429586009739
39 62 -0.7582483817819776
39 63 0.3630334293675255
39 64 0.6451713635321086
39 65 -0.21934751670417274
39 66 0.6675519454755279
39 67 -0.5532829893658913
39 68 0.3171684066219973
39 69 -0.036142402008445984
39 71 -0.09048286563265484
39 72 -0.8957415457501832
39 73 -0.6117382951251777
39 74 -0.8889835820284087
40 41 0.9565640807245099
40 42 -0.11723977842464084
40 43 0.9425902476903978
40 44 -0.4793524098640103
40 45 0.2793566140474142
40 46 0.300337061870386
40 47 0.9380776538636182
40 48 -0.3991280633653804
40 49 0.28598736736568875
40 50 0.8050405599116868
40 51 -0.5740238039056567
40 52 0.435792976529052
40 53 -0.8591619570001159
40 54 0.5533152259931424
40 55 0.34045236410850777
40 56 0.3403175155458227
40 57 0.37344637207085807
40 58 -0.03265820642100059
40 59 0.48092789514156986
40 61 -0.8810705975517437
40 62 -0.8207649368144838
40 63 -0.03791908281789369
40 64 0.3185506876027637
40 65 -0.6876725025403851
40 66 -0.6668335288329188
40 67 -0.2934954600173467
40 68 -0.3388065552720019
40 69 0.6625006784191121
40 70 0.7240631315283519
40 71 -0.7270710114218732
41 42 0.48473143755818504
41 43 -0.9745580473332454
41 44 -0.4674406298691429
41 45 0.7301395632783392
41 46 0.9575379751683986
41 47 -0.7295591887780872
41 49 -0.8808445763948707
41 50 0.053189116309279694
41 51 -0.7983790215205016
41 52 0.6860996160796045
41 53 -0.6740578934200643
41 54 -0.04962841869687806
41 55 -0.3006165234169773
41 56 0.6005484038041304
41 57 0.14513915920854736
41 58 -0.24929938201979684
41 59 -0.039320001882370725
41 60 -0.9731545435540254
41 61 0.43974418253238157
41 62 0.9111885304039626
41 63 -0.5180015575581245
41 64 0.008433324602224568
41 65 -0.6648771452506135
41 66 -0.37492528496975774
41 68 -0.00913931852406713
41 69 -0.6004886582742088
41 70 0.45448083589028676
41 71 0.9517733060716924
41 72 0.28481433773604214
41 73 0.14543662702603855
41 74 -0.36788986362686504
42 43 0.7807440072576477
42 44 0.8629172013626447
42 45 0.7408867669526635
42 46 0.2075878724634539
42 47 -0.5027590887377738
42 48 0.8615225816597538
42 49 0.303810893715567
42 50 0.7662870551036991
42 51 -0.6609743549693994
42 52 0.11337698153176867
42 53 0.7787515178851865
42 55 -0.24012168312427717
42 57 -0.21806366630581375
42 58 -0.030191644825118713
42 59 -0.5413266959019614
42 60 0.8647880364532285
42 61 -0.1831921334530795
42 63 0.0781929404170405
42 64 -0.1428419629051214
42 65 0.8582374649455915
42 66 -0.5326205470865903
42 67 0.887275602836799
42 68 -0.12129369946344437
42 69 0.6848927430020741
42 70 -0.1660442012709451
42 71 -0.35170683236231093
42 72 -0.6102691824635196
42 73 0.6926863211562297
42 74 0.03974392204409116
43 44 0.21758543998725566
43 45 -0.6411626854599128
43 46 0.8620639923583944
43 47 -0.10634096955882
43 48 -0.7381660225993221
43 49 0.610889389523469
43 50 0.9588229969619617
43 51 0.5790192535309102
43 52 0.1010481677574877
43 53 0.719974157559454
43 54 0.08667870015632428
43 55 0.37321354546040864
43 56 0.6109018914721069
43 57 0.05958267679886231
43 58 0.6772713078392798
43 59 -0.8720436397467934
43 60 0.45181916051163995
43 61 0.1482711367827969
43 62 -0.5351448416874987
43 63 0.3502416901251366
43 64 -0.6744454482619937
43 65 -0.3505489372482835
43 66 -0.839029110506454
43 67 -0.6659083398031869
43 68 0.19007867619421503
43 69 -0.5305218555450548
43 71 -0.15391843870472943
43 72 0.5577584001712694
43 73 0.7542028133885843
43 74 -0.7537579382273449
44 45 0.5896106232753273
44 46 -0.5995344920577526
44 47 0.25297488514777244
44 48 0.5890781034899202
44 49 -0.12140638187720088
44 50 0.40997651876159225
44 51 0.7487900119109798
44 52 -0.3179981782725978
44 53 -0.42525641428570204
44 54 -0.8961428367593394
44 55 0.75081551245422
44 56 -0.297624727445869
44 57 -0.8036907464169412
44 58 0.1157533473923702
44 59 0.32645035422095225
44 60 -0.299054449060862
44 61 -0.7322664529869254
44 62 0.8438715402954944
44 63 -0.27301984455904527
44 64 -0.1420496284655981
44 66 0.5388022305058531
44 67 -0.9391395775468114
44 68 -0.5224741445351404
44 69 0.9299823867351744
44 70 -0.04333287673305164
44 71 -0.21389269676764755
44 72 -0.5437795602442264
44 73 -0.8334133931879806
44 74 0.9252707898665111
45 46 -0.843266842950041
45 48 -0.23823922542646558
45 49 0.7341441916331064
45 50 -0.689926759400761
45 51 -0.025150291660775537
45 53 -0.09861188071918137
45 54 -0.5267975748694762
45 55 -0.33141046674086017
45 56 -0.8495592005156463
45 57 0.015232265623644548
45 58 -0.033587668360820944
45 59 0.1784210538907811
45 60 0.48116741067199764
45 61 0.6663825729673603
45 62 0.868644995677861
45 63 -0.10140808422523628
45 64 -0.4197008326093492
45 65 0.84191674229565
45 66 0.860549548632153
45 67 -0.6114095068419108
45 68 0.24062330181092184
45 69 -0.08349311558284889
45 70 0.05761964849411649
45 71 -0.08538692386035573
45 72 0.9346978393459029
45 73 0.2805881010421831
45 74 0.19113238737104443
46 47 -0.9129525102107883
46 48 0.7519434528096145
46 51 0.7912860408235938
46 52 0.7826070357067514
46 53 0.7735804608732535
46 54 0.579472064930721
46 55 0.29737658535840583
46 56 -0.7621077513447572
46 57 0.40090888124517443
46 58 0.5204198427731714
46 59 0.277545203661252
46 60 -0.7351305402327386
46 61 -0.47424930548193034
46 63 -0.33053272648446086
46 64 0.9420983673909991
46 65 0.4867869818858732
46 66 0.5363699145779395
46 67 -0.8985768913550716
46 68 -0.7374873421753969
46 69 0.6140954671940664
46 70 -0.8910252530149056
46 71 -0.24983156156998132
46 72 -0.23599804643543631
46 73 0.4580233017582249
46 74 0.3413205325681239
47 48 -0.751416124829617
47 49 0.6953260857957919
47 50 0.6097966097416236
47 51 0.9275304441323653
47 52 -0.6757333710456783
47 54 -0.21868067165219007
47 55 0.9768252296211029
47 56 0.7630516584429228
47 57 0.2972998970212324
47 58 -0.03045226632861997
47 59 0.6340111232478625
47 60 0.20853686304959984
47 61 -0.06505740711621999
47 62 0.8186098637425512
47 63 0.17707876030134462
47 64 -0.23062030600418026
47 65 0.9830698493535879
47 66 0.11011721924570983
47 67 -0.14202239594216892
47 68 0.40224639014588925
47 70 0.6201241140282798
47 71 -0.9921894522269792
47 72 0.6649522544030262
47 73 0.4751543334508255
47 74 0.128367511454478
48 49 -0.3177213927775333
48 50 -0.9959207702388024
48 51 -0.554659527709461
48 52 0.4174202787636401
48 53 0.07935103243139707
48 54 0.4863057488262119
48 55 0.4343309435655587
48 56 0.7878986157910004
48 57 -0.4853958600042372
48 58 0.43163973740264616
48 59 0.5819534600767564
48 60 0.022998604096894137
48 61 -0.9237478220805513
48 62 0.8519893556642826
48 63 0.39539045532221073
48 64 0.8863399051047913
48 65 0.06389245978221658
48 66 0.7898820860858327
48 67 -0.7280566718134578
48 68 0.5118983815676623
48 69 -0.8815550905811067
48 70 0.7986064722438326
48 71 0.41957612690525825
48 72 -0.8344806987145486
48 73 0.053767255778238265
49 50 0.8413896210820178
49 51 0.30117992058322374
49 52 -0.18376525359615314
49 53 0.25089222875550554
49 54 -0.1297041064164961
49 55 -0.4379901046083201
49 56 -0.7969817386573295
49 57 0.9200777036864969
49 58 0.534616218582393
49 59 -0.50149412999913
49 60 -0.9702152544264948
49 61 0.49411635113220576
49 63 -0.966703622928202
49 64 -0.528222000131918
49 65 0.3583189459264968
49 66 0.7606943664015999
49 68 0.8777585035626378
49 69 -0.2915523165081422
49 70 -0.9801378600388213
49 71 0.01863022077440446
49 72 0.7645271869455328
49 73 0.7633690311381822
49 74 0.41649090746671424
50 51 0.5501684823741315
50 53 -0.33718247198352524
50 54 0.8458105418066351
50 55 0.7678682979031142
50 56 0.7691735412534866
50 57 -0.18873790608433372
50 58 0.49544086954572775
50 59 0.942413007170813
50 60 0.4503632452192088
50 61 -0.8049380953013436
50 62 0.8107163972217164
50 63 -0.165449436761274
50 64 0.8977115108615434
50 67 -0.845692194245371
50 68 0.9777636103891536
50 69 -0.26097423676955733
50 70 -0.03333837161540831
50 71 0.3732795763005352
50 72 0.3138187459067452
50 73 0.3611473018950233
50 74 -0.8511118798739314
51 52 -0.28597207275203096
51 53 0.5993676825876015
51 57 -0.39329660882519857
51 58 0.9643507708393841
51 60 0.9660715088534626
51 62 0.20116998643746187
51 63 -0.2669616603858689
51 64 0.1461859202724971
51 65 0.7298500936554724
51 67 0.8805584903999997
51 68 -0.1536732310130604
51 69 -0.9863927525235539
51 70 0.7355032611865637
51 71 -0.8770010118490945
51 72 0.01736637066514035
51 73 0.8189848492329077
52 53 0.6615842998292782
52 55 0.05383336401421035
52 56 0.9065088549516631
52 57 0.6538234353489139
52 58 -0.5372822185818436
52 59 0.6073476819050685
52 60 0.9894968684440726
52 61 -0.9972331776550887
52 62 0.08803823379156217
52 63 0.18069449499046164
52 64 -0.4288144748320002
52 65 0.8636344635970663
52 66 0.3783886177945772
52 67 0.7843781839458532
52 68 -0.6147320919326158
52 69 -0.8367110947978031
52 70 -0.034554456745296
52 71 0.30502701064282367
52 72 -0.6514755915619708
52 73 -0.9096146971507812
52 74 0.7340343809959751
53 54 0.6904802254237656
53 55 -0.11361836286227622
53 56 -0.0857374286026118
53 57 0.69233409085196
53 58 0.07096377435374746
53 59 0.8729080102723457
53 60 -0.07796332610135481
53 63 -0.7171186192337937
53 64 0.2579629449536909
53 65 -0.07295549762501596
53 66 0.29505853613412514
53 67 -0.29003649482111604
53 68 -0.6528351078543222
53 69 0.8485125571219012
53 70 -0.6917448413547687
53 71 -0.4147710066029644
53 72 -0.5008192144050831
53 73 -0.5158397649673867
53 74 0.7603123201727242
54 55 -0.756432541570395
54 56 -0.5085779311693956
54 57 0.7628156870077041
54 58 -0.298581465630948
54 59 -0.8734031806137916
54 60 -0.09926194075510941
54 61 0.6888874216300105
54 62 -0.7928356626715747
54 63 -0.2900454985755083
54 64 -0.2724215576520932
54 65 -0.9713260298884714
54 66 -0.9390131062476839
54 67 -0.5431625945235357
54 68 0.6276229227595314
54 69 0.06595728082074093
54 70 0.4901183371637541
54 71 0.46267528457035856
54 73 0.049930952728977074
54 74 0.48073599360143926
55 56 0.5700724013487972
55 57 -0.9020995821937623
55 58 -0.4888004315650447
55 60 0.15865467372657682
55 61 -0.6962273894107496
55 62 -0.18414521327376243
55 63 0.5908044924205558
55 64 0.38490584654921767
55 65 -0.2029104718841115
55 66 -0.031067354917463375
55 67 0.7997339934584331
55 69 -0.32130316854612406
55 70 0.9761202558342592
55 71 0.45816960445690214
55 72 -0.9216199228738673
55 73 0.331319220504948
55 74 0.9456386546203766
56 57 0.1712096725636818
56 58 0.4698442492289199
56 59 0.5501491878607765
56 60 -0.7591205297848491
56 61 -0.1669245616411157
56 62 -0.1502253636952282
56 63 0.63628775763209
56 64 -0.8975914106029308
56 65 -0.3568570337792232
56 66 0.5136303193303706
56 67 0.9884843230128886
56 68 -0.6164633667553532
56 69 -0.5228672571209281
56 70 -0.8656472890714282
56 72 0.37641511422962526
56 73 0.8927610273015809
56 74 0.4925196684615729
57 58 0.8232215267861422
57 59 0.22261077299748133
57 60 -0.3901356480953919
57 61 0.7652033600552173
57 62 -0.05737939637127787
57 63 0.06396744221855832
57 64 0.08527086225153524
57 65 -0.5299214052314141
57 66 -0.6377411157923958
57 67 0.773417383488247
57 68 -0.8611832580851937
57 69 0.9018159847501059
57 70 -0.3026868774043685
57 71 0.18501994010879108
57 72 -0.12509220070908933
57 74 -0.7792561044802373
58 59 -0.5502242676590239
58 60 -0.8843004699377077
58 62 0.8057863492344974
58 63 0.12355113604323709
58 64 0.5641926449992292
58 65 0.6350505496929078
58 67 -0.00991528019168908
58 68 -0.44837482013800556
58 69 -0.4352694923481597
58 71 0.14275440863210664
58 72 -0.46920940091432994
58 73 -0.3208413860167232
58 74 -0.029191462119269262
59 60 0.9073660530334049
59 61 0.07632797215782183
59 63 0.5318306392748244
59 64 -0.010573447778569278
59 65 0.5972428632224223
59 66 -0.970812230762891
59 67 -0.3817328554542063
59 68 -0.058308385558959896
59 69 -0.2663663149428561
59 70 -0.39627728151176855
59 71 -0.0992561576697173
59 72 0.0299190797446518
59 73 0.647456397758891
59 74 -0.8587404374066832
60 61 -0.19711977869785202
60 62 0.6368209276116763
60 63 0.6908755024882998
60 64 -0.9714112037450608
60 65 -0.19045519021638557
60 66 0.643942078003219
60 67 0.42343463704295226
60 68 0.0304191380857064
60 70 -0.44518822189813867
60 71 -0.6647648858795283
60 72 0.5244362550048258
60 73 -0.21361247613749912
60 74 -0.884198626556489
61 62 -0.28600699017688536
61 64 0.9072096912744947
61 65 0.8107814690408561
61 66 -0.6257644927409589
61 67 -0.2007907355529439
61 68 -0.8041596725798981
61 69 -0.1574862398475274
61 70 0.8872095117791647
61 71 -0.44811311201119186
61 72 0.3979852561797619
61 73 -0.2779520217967306
61 74 0.05404881053292243
62 63 0.39039554126412734
62 64 -0.28873473855609544
62 66 -0.6871159876214976
62 67 0.21053005752337395
62 68 0.14332616241363283
62 69 0.792778966408308
62 70 0.6943859100720944
62 71 -0.8837547547798601
62 74 -0.35886291456174746
63 64 -0.894579330481194
63 65 -0.8626073816121427
63 66 0.42203491100026436
63 67 -0.9597011911157172
63 68 -0.753532673817632
63 69 -0.4751276421660122
63 70 -0.6258190160558879
63 71 -0.4403536689943979
63 72 0.9669475584863341
63 73 0.7087825021639129
63 74 0.12049467463790942
64 65 0.724097106489231
64 67 -0.6862442528136417
64 68 -0.5478275346167807
64 69 0.047192331028493406
64 70 -0.31845993605650236
64 71 0.7818874566677634
64 72 0.626169420784978
64 73 0.8853057320319007
64 74 -0.8375414179047629
65 66 0.28487480977667023
65 67 0.8518365881023184
65 68 -0.6112977839350646
65 69 -0.6598016330514584
65 70 0.5708791822140393
65 71 0.531026747424294
65 72 0.27755479292943686
65 73 -0.8974767002236732
65 74 0.4526834046257302
66 67 0.6976811360768367
66 68 -0.7082784835370555
66 69 0.8187946513208464
66 70 0.01785904127366078
66 71 -0.3796708643840845
66 72 -0.9729992348569796
66 73 -0.5180213153412043
66 74 0.5799138323092898
67 69 -0.7372433158143847
67 70 0.3439865519804097
67 71 -0.7232594873510201
67 72 0.9975997992499033
67 73 -0.8988474596898204
67 74 0.5406131608460418
68 69 -0.8213154608605644
68 70 0.8153650955527532
68 71 -0.1495335560580573
68 72 -0.6243038575947719
68 73 0.7896042546931732
68 74 0.7482906010912336
69 70 0.2900359828218593
69 71 -0.3715917042142196
69 72 -0.8714323930446284
69 73 -0.9670794288224729
69 74 -0.09879054930804099
70 71 0.6443988796481064
70 72 -0.2581128098886807
70 74 0.5223878144201548
71 72 -0.2703451738786027
71 73 -0.5529287987290177
71 74 0.8822519940791209
72 73 -0.7819250037862486
72 74 0.6185881440742775
73 74 0.38904541420198924
