75 2494
0 -0.6265740891173419
1 -0.9202722896398063
2 -0.9549005957881878
3 -0.9196804976544781
4 0.5442764836533549
5 -0.8192305644958087
6 0.8830995862826205
7 -0.8727619637937774
8 -0.32338109498942047
9 -0.07582284818643004
10 -0.9467326795389717
11 0.7617079145142016
12 0.5010909735609543
13 -0.38020867547547343
14 -0.37279415096983937
15 -0.48620252918048146
16 0.09524554682796604
17 -0.1737279997721024
18 -0.547264291726137
19 0.18900821468871154
20 0.12117021504376724
21 0.7285671144865187
22 -0.0470231587346861
23 -0.411548887845653
24 0.3957930160668255
25 0.5172961666583427
26 0.8544342893348602
27 -0.667264650505073
28 0.1904771517283974
29 -0.12867506580196553
30 -0.506433889178578
31 0.6131327516733216
32 0.9738537557313036
33 0.9374933826258027
34 -0.08241076767220479
35 0.8788961843569598
36 -0.8965056623226428
37 -0.7027846986576325
38 0.9031164493454797
39 0.9882231595318489
40 0.09250098812424068
41 0.2670949366367148
42 0.4192234717363903
43 0.6220297347953154
44 -0.23849143800240902
45 -0.6261204564564213
46 -0.6631898673983492
47 -0.7803774936777854
48 0.8805723428590206
49 0.4295820790303255
50 -0.7262856715765567
51 0.6218745817104139
52 -0.9336725455723762
53 0.14029834582815393
54 0.5669152862380942
55 0.36705142687127545
56 0.7484961309165825
57 0.9738565027865165
58 -0.5799259880576209
59 -0.9402865731254186
60 -0.34397538147989426
61 0.7823087529177246
62 0.7666358268025704
63 -0.018266598094492492
64 -0.8477985408457926
65 -0.5728106615410058
66 0.4782302900765951
67 0.8645559093270223
68 0.027643643871295254
69 0.2649880185317217
70 0.1556724730104586
71 0.22996467536594434
72 0.7313384483775078
73 -0.5509199077850415
74 -0.038750906832642595
0 1 0.8081755316803929
0 2 -0.5555975648166902
0 3 0.16737921110784715
0 4 0.40834777622031404
0 5 -0.31374389836773897
0 6 -0.6878650877497559
0 7 0.4827136425235916
0 8 -0.7495431779209514
0 9 0.09951863067737432
0 10 0.01825589533976779
0 11 0.003098278045955416
0 12 -0.39289264382358513
0 13 0.3696659159145408
0 14 -0.5720319364290665
0 15 0.1392886573009955
0 16 0.12037142665377809
0 17 -0.5244866667014989
0 19 0.05468214851530351
0 20 0.06294546201500051
0 21 -0.9626987116157397
0 22 0.4571332244114179
0 23 -0.058820175676387754
0 24 0.7440000065995489
0 25 -0.2779287612323089
0 26 0.4819375109800681
0 27 -0.5120938563258435
0 28 0.7885366606323438
0 29 -0.3765334739654065
0 30 -0.3589786460186979
0 31 0.9753753704113026
0 32 0.5083717703546271
0 33 0.045501846956222725
0 34 -0.06823065614730006
0 35 0.7522374235623301
0 37 0.8545610582665515
0 38 0.17033776949573887
0 39 -0.5329513325351356
0 40 0.5495514641674788
0 41 -0.4727887448606989
0 42 0.7499114177575321
0 43 -0.44501424231522213
0 44 -0.7148202531451446
0 45 -0.20909953525641667
0 46 -0.9785923175400921
0 47 -0.5664995729342865
0 48 0.5464665517539826
0 49 0.8010710961298522
0 50 0.002078478864344646
0 51 0.8520274201982927
0 52 0.696816015265957
0 53 0.6656118245412812
0 55 0.030997666792418554
0 56 0.01960683833356458
0 57 0.03943657583081017
0 58 0.9427710039231114
0 59 -0.708685986760893
0 60 -0.5968027313844886
0 61 0.42082032862215457
0 62 0.2968827164034711
0 63 -0.4944224222299003
0 64 0.9138603658240552
0 65 -0.39364740932901054
0 66 -0.8844160532689596
0 67 0.06939530926219328
0 68 -0.3817114968387798
0 69 0.966815857569781
0 70 0.6720705833028986
0 71 -0.5392324554186032
0 73 -0.9933361398488134
0 74 0.5050452447945166
1 2 -0.640650888635443
1 3 -0.11321070097465746
1 4 -0.9186665567818804
1 5 -0.9476683264822203
1 6 0.7273978921367574
1 7 0.15726229817856519
1 8 0.6260393258645032
1 9 0.5984788074349978
1 10 0.7091113126137127
1 12 -0.3749195627869637
1 13 0.4528029146987358
1 14 0.9651665630477193
1 15 0.2811154587576723
1 16 -0.20081099234683109
1 17 -0.7537778031971489
1 18 0.19752821532917375
1 19 0.4962159002427684
1 20 0.1605631708006996
1 21 0.47010394740478745
1 22 -0.3418591993646467
1 23 0.31627859587144846
1 24 -0.5392186715637712
1 25 0.5082101598187323
1 26 0.3801765770982899
1 27 0.580067536151176
1 28 -0.9707381208212202
1 29 0.5163144875161412
1 30 -0.25081545924524873
1 31 -0.9683702481785383
1 32 0.4261869799025255
1 33 -0.34048949733172096
1 34 -0.7367176817620702
1 35 0.36676261992620196
1 36 -0.10141106785447573
1 37 0.7008862564435057
1 38 -0.2064768075493395
1 39 -0.522913568021913
1 40 0.7186440206348346
1 41 0.6791122672199978
1 42 -0.6458973007549889
1 43 0.830436709794659
1 45 0.3125762930798339
1 46 0.7942227928640415
1 47 0.15816535475660642
1 49 -0.02194578949251791
1 50 -0.8337474000369771
1 51 -0.8926275456938815
1 52 -0.4786089265096758
1 53 0.2844589614727153
1 55 -0.9434875913366547
1 56 -0.28662547859055154
1 58 -0.8219841741142224
1 59 0.40157990525406184
1 60 -0.8585420717326957
1 61 0.8720384223590514
1 62 -0.38604447489132676
1 63 -0.37553034330829704
1 64 0.026493130972961465
1 65 -0.5491228044989529
1 66 -0.955196125812011
1 68 0.22176685151948639
1 69 0.42836633034673754
1 72 0.45833866672721
1 73 -0.06669504064392706
1 74 -0.4724469936241702
2 3 -0.3872702706071296
2 4 -0.8784283638793469
2 5 0.29026563755229895
2 6 0.7854610556106083
2 7 0.652048310760275
2 8 -0.98079829821237
2 9 0.03670454217912211
2 10 -0.980243808585264
2 11 -0.9643378076868407
2 12 0.5632478429752061
2 13 -0.7972865582870352
2 14 0.8137543136976482
2 15 0.5266626568905048
2 16 0.8514497127897953
2 17 -0.7373203361786715
2 18 0.4340124142340478
2 19 0.2326415854680426
2 21 0.5675344058378844
2 22 0.9870290595450075
2 24 0.24652560492905162
2 25 0.7940250714060197
2 26 0.9488486039993005
2 27 0.03771175219470435
2 28 0.4635985385418686
2 29 0.6537647793419246
2 30 -0.9463831881330083
2 31 -0.35415743462323146
2 32 -0.8915643858764009
2 34 0.15236206669804453
2 35 0.04652383310160513
2 36 -0.12436430750735417
2 37 -0.7077490513257241
2 38 0.7458175122673758
2 40 -0.9924617737518908
2 41 -0.16741160639224817
2 42 -0.10976615428464731
2 44 -0.6822917701849209
2 45 0.03398504510249678
2 46 0.9642988373630754
2 48 -0.23639390831278906
2 49 0.12658394611066703
2 51 -0.710483601608854
2 52 0.834487683291038
2 53 0.38755011020974717
2 54 0.3640873101213151
2 55 0.24620125365940027
2 56 0.4061063197969004
2 57 -0.4442114302438489
2 58 -0.8633025593420438
2 59 -0.0018221402194562586
2 60 0.9299721689869842
2 61 -0.12593143996475553
2 63 -0.58661136231088
2 64 -0.45512312438351676
2 65 -0.4817661791182075
2 66 0.12318713965031636
2 67 -0.2715438001636594
2 68 0.43303672356117184
2 69 0.3274005876059558
2 70 0.9838434342627691
2 72 0.37595869887994904
2 73 0.23347972374758008
2 74 -0.6472615285419052
3 4 0.8754838498829083
3 5 -0.36668473840141447
3 7 -0.957223927951502
3 8 0.7557831435652873
3 9 0.39964227063624946
3 10 0.32503616766794163
3 11 -0.06010998570523829
3 12 0.532224309511006
3 14 0.7236933485022419
3 15 0.8549125887323219
3 16 -0.21542007565890975
3 17 -0.6222340157261388
3 18 0.7573998469374927
3 19 -0.4984377017087558
3 20 0.4062462520684924
3 21 -0.9846982947949126
3 22 -0.5149757841161506
3 23 0.9985414588030352
3 24 -0.15561588362814405
3 25 -0.04334343824354958
3 26 0.1301842511292184
3 27 0.7831453543738205
3 28 -0.02737847395298454
3 29 -0.21518260113391463
3 30 0.8856519348233862
3 32 -0.8480581723832152
3 33 -0.6523589787855981
3 34 -0.46325328603552896
3 35 -0.23744265606903037
3 36 -0.1115676645040653
3 37 -0.20231275327299603
3 39 -0.6566460164811572
3 40 -0.6681450265523792
3 41 -0.6479854717668292
3 42 -0.7632003397676941
3 43 -0.8381993779991967
3 44 0.3416053626638016
3 45 0.7908599502426523
3 46 -0.2309872692351227
3 47 0.3727055271388149
3 48 0.27297546363953695
3 49 0.7453861716399448
3 50 0.5340724482210524
3 51 0.14060502559288612
3 52 -0.004357791877700912
3 53 -0.6898370345446423
3 54 -0.7490435947848293
3 55 0.5420338594690641
3 56 0.61514772152293
3 57 0.6900324789382462
3 58 0.8964815945897358
3 59 0.4615551626301584
3 60 -0.33134383054726335
3 61 0.18034322413833204
3 62 -0.8879832935435237
3 63 0.29426978153417993
3 64 -0.2566481477480764
3 65 0.44314174384230576
3 66 -0.4978790971288358
3 67 -0.9310905257693753
3 68 0.1131624622040226
3 69 0.39661725486102717
3 70 -0.27595007496977875
3 71 -0.2265242548448434
3 72 0.8941670905740249
3 73 -0.7580168945672545
3 74 -0.039950662758928335
4 6 -0.2090539977143555
4 7 0.01752217138649592
4 8 -0.35317005204019547
4 9 0.2530459983881288
4 10 -0.20644073113317307
4 11 -0.18648273746661115
4 12 -0.5799696448162013
4 13 0.566787448944758
4 14 0.5735636760259064
4 15 -0.9165533617808772
4 16 0.10361847693163373
4 18 0.8601649836670688
4 20 -0.9766055788753667
4 21 -0.2428466466690533
4 23 0.9701336360537982
4 24 -0.5355985293017567
4 25 -0.27044921083413165
4 26 -0.3347643011906052
4 27 0.3746675416629348
4 28 0.32754944922570894
4 30 0.4350172028373771
4 31 -0.764840614337077
4 32 0.08405945320053765
4 33 0.6202667319809987
4 34 0.7075399185894429
4 35 -0.9116274395970438
4 36 -0.42899852355556356
4 37 0.17102965671710857
4 38 -0.3758193192687078
4 39 0.595718916384127
4 40 0.6564148930285769
4 41 -0.7020155690945538
4 42 -0.322301088570911
4 45 -0.2969024962425275
4 46 -0.34284573409614505
4 47 0.3052990726529159
4 48 -0.039875316862258536
4 49 -0.6222104949943243
4 50 0.48926195817890017
4 51 0.6411702315025201
4 52 -0.17773345908217997
4 53 0.29883915892600377
4 54 -0.46313617680674213
4 55 -0.3170337201341995
4 56 0.9494600164040916
4 57 0.03210401017736553
4 58 0.7451350113033888
4 59 0.8277239606274909
4 60 -0.19793964926867003
4 61 -0.3501409017143253
4 62 -0.824315321899459
4 63 -0.13303711331755275
4 64 0.10388545756743439
4 65 0.525002281673058
4 67 0.506802947327458
4 68 -0.6235649723919863
4 69 0.24376245870538282
4 70 -0.04556098490190852
4 71 -0.8929475610182656
4 72 -0.3746980177425938
4 73 -0.3819342700821333
4 74 -0.8800591418798287
5 6 0.375484921564881
5 7 -0.5144251258334609
5 8 -0.22115723686626465
5 9 -0.08246768151719985
5 10 -0.5384250288314549
5 12 -0.17180655684220292
5 13 -0.12953711518574007
5 14 0.48885897659137667
5 15 -0.9184632379345796
5 16 -0.8453868430358404
5 17 0.770077477946199
5 18 0.5559818862804464
5 19 -0.6646050605564062
5 21 -0.518945936204199
5 22 -0.3386963640280223
5 24 0.5840611742680284
5 26 0.8271329945733135
5 27 0.5937667368662127
5 28 0.3751176871493509
5 29 0.21709199818361413
5 30 0.08379784476066043
5 32 0.8898520972215931
5 34 0.9968720198151815
5 35 -0.2585207067355164
5 36 0.7663919221915498
5 37 -0.2637752012830643
5 38 -0.39808788006581897
5 39 0.135119781007093
5 40 0.19917185146888228
5 41 -0.8632698107244299
5 42 0.8343771345697453
5 43 -0.36435398701835897
5 44 0.24769156252416757
5 45 -0.2457156594236125
5 46 -0.6006546720292996
5 47 0.6527607581418304
5 48 -0.5819581668651657
5 49 0.29711488600910285
5 50 -0.3778878264565251
5 51 -0.1817242010594604
5 52 0.7062865993517968
5 53 -0.20171302557075932
5 56 -0.9636338563162516
5 57 0.9879031793714617
5 58 -0.38762277560856084
5 59 0.11210548171679813
5 60 -0.9973246320974527
5 61 -0.7740399820191677
5 62 0.12337268200332585
5 63 0.1432968556525891
5 64 -0.8720920528813647
5 65 -0.7319349530110082
5 66 -0.3393997449093491
5 67 0.008428938080308868
5 68 -0.9554630520416538
5 69 -0.13602628091514557
5 70 -0.6961359395512232
5 71 0.04579563319406588
5 72 -0.1987819429578288
5 74 -0.07861845233383602
6 7 -0.19626787246767918
6 8 0.655926623321853
6 9 0.30106814312975216
6 10 0.35893399815322913
6 11 -0.741591570672844
6 12 0.7602134157571199
6 13 0.05992806015786245
6 14 0.41904830223201706
6 15 -0.7706563403486177
6 16 0.918901223452204
6 17 -0.09234677424286941
6 18 -0.4981673846029251
6 19 0.5119209688414315
6 20 -0.8437483921877225
6 21 0.303042442016058
6 22 -0.03639028777842057
6 24 0.033179536814747834
6 25 0.041304128514589644
6 26 -0.6570975146583977
6 27 0.8613219499819769
6 28 -0.6131240211180964
6 30 0.3038695451453304
6 31 0.8099817142336261
6 32 -0.47237840691998145
6 33 -0.19637303946240103
6 35 0.4434534272970625
6 36 0.6653797422715428
6 37 -0.7125857241134008
6 38 -0.548684501375436
6 39 0.18241132877369282
6 40 0.5348558086362489
6 41 -0.7365750760966923
6 42 0.3728925256148652
6 43 -0.8190804171805568
6 44 0.5471933427873659
6 45 -0.09618379956366985
6 46 0.02118024372853733
6 48 -0.46505743090149987
6 50 0.3191541578399799
6 51 -0.5949314571122699
6 52 -0.7538732942970563
6 53 0.24678190926910082
6 54 -0.39062893174053115
6 55 -0.10895396336684016
6 56 -0.8860222891213665
6 57 -0.9799115904494091
6 58 0.9576258817293504
6 59 -0.3678999624774417
6 60 -0.9362579210760207
6 61 -0.28695510828526993
6 62 0.16511718394244812
6 63 -0.2017004379785592
6 65 0.2047675184970028
6 66 -0.552553036656869
6 67 -0.9819503965585845
6 68 -0.21820770856274918
6 70 0.3495950169816697
6 71 -0.69687321070835
6 72 0.026235647787311578
6 73 -0.021855916004904996
6 74 0.484315159472265
7 8 0.5706737264195016
7 9 0.8975259233971367
7 10 -0.731726631774944
7 11 0.5942884745221431
7 12 0.603331317967972
7 13 0.5960255277247266
7 14 -0.14033459906099854
7 17 -0.305770096249834
7 18 -0.08903543581067908
7 19 0.3412758361523467
7 20 -0.8906070190955611
7 21 0.8836745304994789
7 22 -0.4014290598431163
7 23 0.4686209768377285
7 24 0.44469741003991303
7 25 -0.5024871602118919
7 26 -0.9067338846658406
7 27 -0.3324519562444659
7 29 0.5138437109280363
7 30 -0.153909412405685
7 31 0.7830883219482945
7 32 0.5756548533443486
7 33 -0.20914219043121185
7 34 0.6812262953109536
7 35 0.23038378259554593
7 36 -0.6353207885162835
7 37 -0.2026855992607801
7 38 -0.7145185947070958
7 39 -0.17987924182435866
7 40 -0.06530901610465145
7 41 -0.7186315612872654
7 42 -0.2736297031282904
7 44 -0.01437811284719781
7 47 -0.08258242391248638
7 48 0.9353258598278831
7 49 -0.815234136659762
7 50 0.28745591329559894
7 51 0.30705223379491775
7 52 -0.5223011025884812
7 53 -0.9801574929207086
7 55 0.8469300781864366
7 56 -0.3507881334199008
7 57 0.017105454555863542
7 58 -0.20437122496908144
7 59 0.9573080889929659
7 60 -0.0362674969265977
7 61 0.7039175616154345
7 62 0.24955047112674356
7 63 0.38327346294070974
7 65 -0.7379103423823399
7 66 -0.2958971537721402
7 67 -0.7184248248061254
7 68 0.05111354337508489
7 69 0.5363155521095171
7 70 -0.0956748873699198
7 72 0.5756337339607795
7 73 -0.1310299518143454
7 74 -0.5313167715367526
8 9 0.1776099943892806
8 10 -0.9663488394170361
8 11 0.7819490458524359
8 12 -0.08395046741578316
8 13 -0.10565336610391274
8 15 -0.5879360295697194
8 16 0.9304491030619044
8 17 0.7594119669959418
8 19 0.4065505766357327
8 20 -0.19984987021023093
8 22 -0.1164764927254518
8 23 0.900482252586084
8 24 -0.9172753778331146
8 25 0.2126740943391443
8 26 0.6209113217738866
8 27 0.13325150880069336
8 28 -0.38890271029169576
8 29 0.245942569123502
8 30 0.29056807370287174
8 31 -0.4338652090896946
8 32 -0.011690434461596455
8 33 -0.7521968605619791
8 34 0.2665974045787276
8 35 0.5659015488792134
8 36 0.22994059572086867
8 37 0.482899989379564
8 38 -0.14350899946109275
8 39 -0.5923660104863349
8 40 -0.4695913329439745
8 41 0.318083180046969
8 42 0.03826645472883561
8 43 0.6124449947835864
8 44 -0.3448249824598886
8 45 0.1439046668383086
8 46 0.4794088574590676
8 47 -0.6086279191348005
8 48 -0.32620640906427045
8 49 -0.08928841035260504
8 50 -0.35399670885890444
8 51 0.10636091278717141
8 52 0.5046141821698606
8 53 -0.43226375724702915
8 54 0.8197008584529739
8 55 0.20501225368586784
8 56 0.7447796796090527
8 57 -0.22660330942294538
8 58 0.679236948074174
8 59 0.7852694649974423
8 60 0.5712652012063975
8 61 0.9254752676123568
8 62 -0.9777552745873486
8 63 -0.5476178193989694
8 64 -0.6423951518765687
8 65 0.4579198605164807
8 66 -0.5180708221571966
8 67 0.46665177272883107
8 68 -0.6810079265352285
8 70 -0.44517586606594883
8 71 0.985894115397018
8 72 -0.6403470154269073
8 73 -0.8769160257850279
9 10 0.5960386433799676
9 11 -0.5624226051107162
9 12 -0.738702553332427
9 13 0.6015226460295957
9 14 0.10333928273608417
9 15 -0.298636027240625
9 16 -0.857328376732287
9 17 -0.8219347886901702
9 18 -0.43030009162759075
9 19 0.5651916617144208
9 20 -0.054090656924909775
9 21 0.46736748540225936
9 22 -0.952808174940236
9 23 0.7094432305026825
9 24 0.04455633869707332
9 25 0.8237849550930516
9 26 0.10139271468301003
9 27 0.29441460705316724
9 28 0.34919479659560615
9 29 0.768688690749292
9 30 -0.9793271819889302
9 31 0.36335501231899925
9 32 -0.8514313092140724
9 34 0.07729521352839996
9 35 0.3408637575567064
9 36 -0.5428683547697619
9 37 0.925236682599226
9 38 -0.4734378869694369
9 39 0.8758823262171089
9 40 0.29002438448750123
9 41 -0.6060847720285831
9 42 -0.5734063023588869
9 43 0.9478688456333639
9 44 0.5969747914266474
9 46 -0.8628929367381348
9 47 0.9840562104579436
9 48 -0.7377992029386542
9 49 -0.30154870667425215
9 50 -0.33948211441311815
9 52 0.5383968535216119
9 53 0.23539495405700772
9 54 0.7581624582732207
9 55 -0.4247337178110817
9 56 -0.6458014904492206
9 57 0.11470255455911293
9 58 -0.2931309235625732
9 60 0.681325476274756
9 61 -0.12680684412152243
9 62 -0.8418861633869008
9 63 0.743828384648529
9 64 -0.6846978144517821
9 65 -0.12384445884957107
9 66 -0.8415228032846609
9 67 -0.6713426649872842
9 68 0.3090506298862965
9 69 -0.06070449182800797
9 70 -0.02970978421893844
9 72 0.5806772378143228
9 73 -0.45795059609272326
9 74 -0.26063701670697803
10 11 0.6964576007559391
10 12 0.22374701486467607
10 13 -0.5911788401968592
10 14 -0.30627408810925427
10 15 0.14644485906574078
10 17 -0.6478632558427968
10 19 0.5847968025441383
10 20 -0.5487414690406063
10 22 -0.4600462316780647
10 23 0.9123626582405571
10 24 -0.1933767232953112
10 25 0.8644251398048495
10 26 -0.7757642546848336
10 27 -0.35215175326183235
10 28 0.8100133402132232
10 29 -0.6575793462510335
10 30 0.8382156057178682
10 31 -0.1501940909211441
10 32 0.34879453314288567
10 33 -0.4503508724637797
10 34 -0.4574542331066831
10 35 0.06803176864975424
10 37 -0.025007921986422765
10 38 -0.17253652022288324
10 39 -0.022990582981781582
10 41 -0.08673568085929628
10 42 -0.5548924933084765
10 43 0.3459271636352561
10 44 0.08207041301125728
10 45 -0.5795678219180682
10 46 -0.08827901978967212
10 49 -0.8338367675771143
10 50 0.689557666988954
10 51 0.29636629033830997
10 53 0.06525880882486534
10 54 -0.35797605637017216
10 55 -0.5536114019714722
10 56 0.7195256224523254
10 57 -0.9812857215085522
10 58 -0.03784038527724376
10 59 0.8219633386236453
10 60 -0.26880990438394803
10 61 -0.6903078134830292
10 62 -0.8835088456690188
10 63 -0.6627762021385815
10 64 -0.24175505010249565
10 65 -0.12086769866544711
10 66 0.7828183264506627
10 67 0.5726433080597784
10 68 -0.07778137979742183
10 69 -0.28498048645657925
10 70 -0.6338442107326101
10 72 0.5746816145203324
10 73 0.8643432672903684
10 74 -0.3133288462757251
11 12 0.640192493800293
11 13 -0.28131251758669196
11 14 0.5222968105651251
11 15 0.26881579973193226
11 16 -0.7571617134773996
11 17 0.03398710977725106
11 18 -0.3812699647156268
11 19 -0.7951521527880181
11 20 -0.6657131985026457
11 21 0.8843770077941939
11 22 0.21798254211231471
11 23 -0.8799751489674741
11 24 -0.34504550335002837
11 25 -0.677637171624301
11 26 0.25778449110682833
11 27 -0.9332755002163662
11 28 0.6301704101743246
11 29 -0.7524333412480559
11 30 -0.9271335324315575
11 31 0.5961515269315929
11 32 0.8549986900992002
11 33 0.5963135440109133
11 35 -0.46888295352272413
11 36 0.7217747939216017
11 37 -0.24285845766698744
11 38 0.3320880528911261
11 39 -0.8583169065341556
11 40 -0.8369880382475523
11 41 0.6163822313468597
11 42 -0.49922750825573026
11 44 -0.6682930604022339
11 45 -0.9010144957802546
11 46 -0.5252320039513361
11 48 0.6499681386679252
11 49 0.7834429404873853
11 50 0.5410159847924629
11 51 -0.45643799238771443
11 52 0.6789988459055969
11 53 -0.5660242012619972
11 56 0.5015389475355927
11 57 0.16826480342757022
11 58 -0.34235696138386906
11 59 -0.8992243287287247
11 60 0.9007076932619154
11 61 0.6837092549815964
11 62 0.7973855028418269
11 63 0.3427662029010612
11 64 0.7884901398401352
11 65 -0.7603641716642631
11 67 -0.8561347571442293
11 68 -0.31603704157079116
11 69 -0.21135563112903855
11 70 -0.4644172562822091
11 71 -0.2080674450421942
11 72 -0.6050428328077371
11 73 0.4741613729062357
11 74 0.5373859636168579
12 14 0.1095869131753835
12 15 -0.23705471502107445
12 16 0.8119312202790825
12 17 -0.48158745956303206
12 18 -0.5667814533546818
12 20 0.8829897249022334
12 21 0.28357155533347833
12 22 -0.033163829106710674
12 23 -0.9970825406509785
12 24 0.7306702241111829
12 26 0.25370104331724663
12 27 -0.29202563720728025
12 28 -0.03945043363344247
12 29 -0.5105960113773795
12 31 0.5390151564159391
12 32 -0.1493991082946291
12 33 0.348693611977823
12 34 0.1092994417282005
12 35 0.9425950726699917
12 36 0.09057730058298685
12 37 -0.7070543691233468
12 38 -0.13060112195813467
12 39 0.4149792581900087
12 40 0.5970242468912381
12 41 -0.10211734474057166
12 44 -0.8200978355426698
12 45 -0.6347427121840408
12 46 -0.29018693574318855
12 47 0.943484558732121
12 49 -0.9313902700364716
12 50 -0.9545835049115632
12 53 -0.3216290013737355
12 54 -0.43184741085021683
12 55 -0.06545419992850898
12 56 0.7490036656808428
12 57 0.7872610292217725
12 58 -0.282043555959701
12 59 0.7443862661793028
12 60 0.0088720659467445
12 61 0.4733685312143743
12 62 0.2650322036409898
12 63 -0.2951545238602984
12 64 0.032665703910129684
12 65 -0.27496465422684313
12 66 0.024730074593550366
12 67 -0.9995401490418887
12 69 -0.7621648184771515
12 71 -0.8826201489493648
12 72 -0.04768463911485066
12 73 -0.8571622492645441
12 74 -0.042415883804135746
13 14 0.36843168648409796
13 15 -0.14784889505947296
13 17 -0.6795479673504761
13 18 -0.5762261224441965
13 19 -0.9699214608725271
13 20 0.06169216666906152
13 21 -0.04270560201142737
13 22 -0.7842934328070195
13 23 -0.718491253858464
13 24 0.7885615669097419
13 25 0.039093941802230026
13 26 -0.22836808790896912
13 28 0.7752798114191768
13 29 -0.5497176281610494
13 31 -0.05097729972971998
13 32 0.8406565825269654
13 33 0.7020515460170833
13 34 -0.1229951429063032
13 35 -0.9288117551052293
13 36 0.37127328505391843
13 37 -0.6471415660193887
13 38 -0.19600054402793043
13 39 -0.14222917433584126
13 40 -0.4464590053010369
13 41 0.806556502610573
13 42 -0.07527075341750478
13 43 0.5541183925438788
13 44 -0.7114612218890779
13 45 0.5508814692713548
13 46 -0.6004141651215547
13 47 0.6255094993725301
13 48 0.30899769209802375
13 49 0.3504028144982627
13 50 -0.37127661160707714
13 51 -0.5747855258634826
13 52 0.7337178856772835
13 53 0.1911555182226543
13 54 -0.9589019064001962
13 55 -0.5990142501291718
13 56 -0.24957440607517078
13 57 -0.003627172574203197
13 58 0.3897039241640723
13 59 0.19874198612179494
13 60 0.9873249960785415
13 61 -0.1782049159322021
13 62 -0.6297195334045096
13 63 0.6814215362056906
13 64 0.9750317959155508
13 65 0.8947210775908143
13 66 -0.14338073998373502
13 67 -0.5785316527857847
13 68 -0.3311156575682699
13 69 -0.921478372589932
13 70 0.8232658243329987
13 71 -0.9998150843218356
13 72 0.555928222302549
13 73 0.06736607827724073
13 74 0.5917589534163092
14 15 0.21955327893526255
14 16 -0.5680620929247031
14 17 0.7586602337872268
14 18 -0.14098044249308161
14 19 -0.10073118404798231
14 20 0.07703110929139956
14 21 -0.5744953986951424
14 22 -0.26775493815109663
14 23 0.4488024993768158
14 24 0.3529748887345092
14 25 -0.5437236505603218
14 26 -0.6306213249123938
14 27 0.43523216552064437
14 28 0.8837274427698187
14 29 0.6615078770705585
14 30 0.7149286921137576
14 31 -0.10506053930568293
14 32 0.4774699807559446
14 33 -0.6933978141902319
14 35 0.5048752221658217
14 36 0.8604626144292469
14 37 -0.5093748998352745
14 38 -0.24933991399795374
14 39 -0.09499457013347423
14 40 -0.4502918346076046
14 41 -0.3486066579785938
14 43 0.9070029051345254
14 44 0.5063026874424279
14 45 0.215552076919185
14 46 0.17765103732178678
14 47 0.9821327759538778
14 48 -0.4359522093605166
14 49 -0.7848077651579206
14 50 0.9809465992323443
14 51 -0.2572686967531448
14 52 -0.06226583044056744
14 53 -0.7145339087221012
14 54 0.824969635416722
14 55 0.9338994003549859
14 58 0.7000055842060018
14 59 -0.5045517118236578
14 60 0.5582494786865917
14 61 0.016555798699251723
14 62 0.7387823566859497
14 63 0.557226823917913
14 64 0.7686935771852852
14 65 -0.04126825327541361
14 66 0.8346099086816712
14 68 0.7923932581255964
14 69 0.8790199629238165
14 70 -0.22159582492432217
14 71 -0.0830840657240759
14 72 0.6411091978706491
14 73 -0.3101883989496863
14 74 0.6431659636533571
15 16 0.29613310730996334
15 17 -0.23927989706440322
15 19 -0.5323056371054142
15 20 0.29212571671095855
15 22 -0.7044750120474936
15 23 0.5401474400104018
15 24 -0.08557843037980195
15 25 -0.9031928336837616
15 26 0.14480316932993098
15 27 -0.05185204317531733
15 28 0.45609113321155514
15 29 -0.21523649842680048
15 31 -0.8006158406092974
15 32 -0.9632268058414457
15 33 -0.7173863618569212
15 34 -0.7448306178986397
15 35 -0.9683482830860679
15 36 0.38841099998258577
15 37 0.18753677372698174
15 40 0.03814732219953498
15 41 -0.08858471264980583
15 42 0.9534446239091887
15 43 -0.05464326318054069
15 44 0.6398316792359449
15 45 -0.04717728411860489
15 46 -0.507452737933646
15 47 -0.20000855908502535
15 48 0.7540028923682804
15 49 -0.24004722313874693
15 50 -0.07097575097690334
15 51 0.7648502828119776
15 53 -0.9437154120378992
15 54 -0.16476811348859988
15 55 0.2776516921521581
15 57 -0.5544963520973181
15 58 0.5376003803829592
15 59 0.5426737291696753
15 60 0.8853046337622676
15 61 -0.9987629831506764
15 62 -0.8798461267629138
15 63 0.38299358327370703
15 64 -0.5952331584248662
15 65 0.22465382897851915
15 66 -0.7547399593130484
15 67 0.9216193877470116
15 68 -0.07838708617732149
15 69 0.780657770674003
15 71 0.38607981002250047
15 72 0.7876793718163906
15 74 0.5565485269829387
16 17 -0.07246464042645018
16 18 -0.3049606545320751
16 19 0.4030925891645345
16 20 0.9911006582800557
16 21 0.4447652354752516
16 22 -0.0932146979955959
16 23 -0.6899290519926957
16 24 -0.6924309106590332
16 25 0.7878013568680786
16 26 -0.7696550458878735
16 27 0.6835025471181626
16 28 0.7873746427372248
16 29 0.2806991170358981
16 30 0.22447850402551128
16 32 0.4506721527795998
16 33 0.9867372705203692
16 34 0.3424393309674576
16 35 -0.30305519598107233
16 36 -0.8599405790556378
16 37 0.35230210536945505
16 38 0.7333266657307478
16 39 -0.4508980220193448
16 40 0.6170916876072592
16 41 0.6439925187601068
16 42 0.07972295436827626
16 43 0.7221896213579588
16 44 0.5637736255166459
16 45 0.8121080735841584
16 46 0.1864345398976639
16 47 0.5040554982868828
16 48 -0.6408681352264607
16 50 -0.3470463376660593
16 51 0.3068788197611272
16 52 0.5423512956932921
16 53 0.9409353763332571
16 54 0.752850082570812
16 55 0.8357791119234805
16 56 0.9977424158936856
16 57 0.2594881025158948
16 58 0.059156028654350656
16 59 0.30052934452100577
16 60 0.9579133852511437
16 61 -0.6208607664880568
16 62 -0.15588861092568984
16 63 -0.8422314217744664
16 64 0.9869254183370888
16 65 0.08233427079054345
16 66 -0.03352814562219786
16 67 -0.3742982610339105
16 68 -0.6271913988008786
16 69 -0.06392948948047406
16 70 0.86516052554899
16 71 -0.7796621774200498
16 72 0.8669339401628688
16 73 -0.41630828787851315
16 74 0.4079686700094671
17 18 0.3337806598181223
17 19 -0.6157078587802078
17 20 -0.8158890033858748
17 22 0.02750735949268379
17 23 -0.8042458688775584
17 24 0.8747738177776476
17 25 -0.6251085524645683
17 26 -0.5962439909276986
17 27 0.43317442181861576
17 28 0.29890983467221366
17 29 0.35195540526737057
17 30 0.9397652761396245
17 31 -0.9043736383491598
17 32 0.04794760153183364
17 33 0.6624849161958095
17 34 0.36747389585484913
17 35 0.7346175734076763
17 36 0.2731424158499498
17 37 0.8820044316434097
17 38 -0.6556174470428007
17 39 0.2787819489376355
17 40 0.20917816985631177
17 41 0.6552168426079579
17 42 0.39130365733043027
17 43 0.453365693708915
17 44 0.7198770771186034
17 46 0.38673263683575576
17 47 0.8087147806946069
17 48 -0.061007095635068564
17 49 0.6156454914326353
17 50 -0.8107687792508806
17 51 -0.8466140043024639
17 52 0.433712457293179
17 53 0.46730443235305397
17 54 0.8079219390869048
17 55 0.6296404078902385
17 56 -0.742076197290561
17 57 0.6745719159113244
17 58 -0.6463753328329687
17 61 0.24254162649433275
17 62 0.8346330879415242
17 63 -0.9107232590125522
17 64 0.8413873168418351
17 65 -0.7965154936396084
17 66 -0.8164468826340139
17 67 0.21728175866265298
17 68 -0.35556975488422293
17 69 0.7281032964746956
17 70 0.6436189601633544
17 71 -0.22816898729905422
17 72 0.08739012216940822
17 73 -0.5998522669465987
17 74 -0.15669263380099085
18 19 0.6650341840442935
18 20 0.1417852942381992
18 21 0.12930659959893998
18 22 0.1782060364130107
18 23 -0.5841606668182537
18 24 -0.38721878623139117
18 25 0.006204490371322313
18 26 0.9342631604972587
18 27 0.06695838711800461
18 28 -0.9707934783130814
18 29 0.933547912259812
18 30 0.3138316315382008
18 31 0.7536064190755303
18 34 -0.497580744510439
18 35 0.6251817404750115
18 36 0.5982447057312215
18 37 -0.016247415057790926
18 38 -0.7280807943997911
18 39 0.9829449371905294
18 40 0.5864508291914985
18 41 0.3717935077939145
18 42 -0.6069225960349804
18 43 -0.650275325190125
18 44 -0.6418018355722623
18 45 -0.16751434411557375
18 46 0.4440428082551131
18 47 0.46227215678467015
18 48 -0.7982749668294611
18 49 0.897884402249526
18 50 0.9777028881084933
18 51 -0.4119131957142834
18 52 0.7969486936348575
18 53 -0.19460680525990148
18 54 -0.18162497415888756
18 55 -0.7565832785863298
18 56 -0.38022445832641294
18 58 -0.7204996926501881
18 59 0.4791801450269835
18 60 -0.29466153565858466
18 61 -0.9118305375904587
18 62 0.3273385611763635
18 63 0.657231316107076
18 64 0.3824190783556656
18 65 0.06459661370605652
18 66 -0.9669059339454773
18 70 -0.2153905071885247
18 71 0.8849183382618713
18 72 -0.39977802130928364
18 73 0.8694322239814554
19 21 0.2905086404023218
19 22 -0.6439380768355627
19 23 -0.8573359857430436
19 24 0.8657092404485633
19 26 0.9592069024013965
19 27 0.09378503042449537
19 29 0.047378318677437026
19 30 0.9961381122918735
19 31 -0.09442004169302698
19 32 0.7593205395933793
19 34 0.9599735356975689
19 35 -0.8393742643328164
19 36 0.04138763685620872
19 40 -0.21463405111563016
19 41 -0.2821661416771659
19 42 -0.7867418205994052
19 43 0.504973446434898
19 44 0.8379822306648852
19 45 -0.3811106549000518
19 46 -0.027993075570723613
19 47 0.4329641594963727
19 49 -0.7772485928991448
19 51 0.8190160962336828
19 52 -0.30572845050813435
19 53 0.8987852818366517
19 54 0.6614705140842381
19 55 0.1788096782495825
19 56 -0.28408582859092624
19 57 0.5841698760916989
19 58 -0.7509595792250594
19 61 0.9925000140801432
19 64 0.6338056007817674
19 65 -0.9016499227577675
19 66 0.656746843718619
19 67 -0.0710304737182188
19 68 -0.11011301786999717
19 69 -0.30587327937385833
19 70 0.307108467413699
19 71 0.9502571083461966
19 72 -0.38273655089923597
19 73 -0.4343911392606705
19 74 0.7120440133967356
20 21 -0.15711802640419892
20 22 0.9312341341790704
20 24 -0.509115001661246
20 25 0.4027400101861396
20 27 0.9047848984652516
20 28 0.23912514225753245
20 30 -0.22877450486868822
20 31 0.046902035270030895
20 32 -0.7502331838192575
20 33 0.9160755122660513
20 34 -0.13736609083664364
20 35 0.4849873682450234
20 36 0.6297963427448308
20 37 -0.7469521858371964
20 38 -0.6042146289224177
20 39 0.43430373447285864
20 41 -0.7465306086882457
20 42 -0.9312889773983506
20 43 0.5765997506407472
20 44 -0.6509474209183475
20 45 0.08916096768245318
20 46 0.41971405770142556
20 47 -0.023979584953114585
20 48 0.9612819447861363
20 49 0.7529112791291177
20 50 -0.7584556035580856
20 51 -0.05583947884411722
20 52 -0.9376185221685001
20 54 -0.7706496144714683
20 56 -0.09029912281564689
20 57 0.8715367476533982
20 58 0.2791482068335678
20 59 0.5465808327845023
20 60 0.06853657214394282
20 61 -0.5800068035188579
20 62 0.8135603911602027
20 63 -0.2541252417139668
20 64 -0.7466912093442486
20 65 0.4683380191041715
20 66 -0.38787418697723375
20 67 -0.0039036868652408963
20 69 0.1281292236753273
20 70 -0.9596253503503296
20 71 -0.19214361485527376
20 72 -0.3822475433342174
20 73 -0.8161497597631528
20 74 -0.3069287494437405
21 22 0.4733758192155668
21 23 -0.7377890929756605
21 24 -0.09496726760224239
21 25 0.2700406619369593
21 26 -0.26085896491187044
21 27 0.14717976919764064
21 28 -0.6037953439092356
21 29 0.7472381089527429
21 30 0.39461342979076375
21 31 0.8384387172868546
21 33 -0.6570089111698263
21 34 -0.6690003002173359
21 35 -0.3461366996766846
21 36 -0.0797986597500755
21 38 -0.7489229787063214
21 39 0.5726245608322409
21 40 0.627919422074668
21 41 -0.5041600520779039
21 42 -0.2407294394335433
21 43 0.9684945704576573
21 45 -0.23778978645690474
21 46 0.6255529714040291
21 47 0.6320815473511519
21 48 0.027532363141446803
21 49 0.5498820304381498
21 50 0.5489259214263658
21 52 0.7591433894813218
21 53 0.5743041829919051
21 54 0.3794917654791716
21 55 0.7062266767168142
21 56 -0.594009466691346
21 57 0.4925438355442051
21 59 -0.3322381880005645
21 61 0.7104836509982366
21 62 -0.37064049348801054
21 63 0.875811975856061
21 64 -0.28112286546517473
21 65 0.6804530133402056
21 67 0.3194623111714481
21 68 -0.9810237917054019
21 69 0.6890060919838028
21 70 -0.45009203285752686
21 71 0.7711200752318419
21 72 -0.9176667291939056
21 73 0.5040545832761794
21 74 0.4452841019106619
22 23 -0.4057009554792166
22 24 0.07133356349786979
22 25 0.7881186012177217
22 26 0.13740670239785846
22 27 -0.6925191376457254
22 28 0.11563653124232354
22 29 0.725740074485258
22 30 -0.9534510619755008
22 31 0.2723483466629353
22 33 -0.9055147153165808
22 34 0.3384232072905491
22 35 -0.727654606131664
22 36 0.4061009901544397
22 37 0.7149393871715328
22 39 0.1156297865826621
22 40 0.7001339355355347
22 41 0.3965372348321077
22 42 0.02012675204956027
22 44 0.14675978694984648
22 46 0.2701594013412789
22 47 -0.25496523943650784
22 48 -0.5365499703070504
22 49 -0.5867006452302119
22 50 0.8330268432902614
22 51 -0.9876515113208346
22 52 0.6472621035177168
22 53 0.6536104166324903
22 54 -0.10395685582013003
22 55 -0.607706700724296
22 56 -0.18695695357756037
22 57 0.19672939256148103
22 58 0.0982740603854646
22 59 0.6350023349336784
22 60 0.556506326339218
22 61 0.8139372670156366
22 62 0.6914668248197084
22 63 -0.8084291403802031
22 64 -0.12646194041718384
22 65 -0.12662145909279787
22 66 0.093280614780203
22 67 0.46861973830263315
22 68 0.4737865105461099
22 69 0.42646371965067664
22 71 -0.1994786678392677
22 72 0.8152193427266172
22 73 -0.401332429242067
22 74 0.8660904731030901
23 24 -0.9917243856053597
23 25 0.7248267096316456
23 26 0.9923466937433798
23 27 0.7114050541920656
23 28 -0.7380160196025087
23 29 0.5832394608375824
23 30 -0.36447282427346006
23 31 -0.12541198287888378
23 32 0.014961277306960064
23 33 0.09191741090717676
23 34 -0.7445177812596004
23 35 -0.06016020492434082
23 36 0.11948503814602107
23 37 -0.8721353163491201
23 38 0.8164276367003012
23 39 -0.5141806596883016
23 40 0.07671984867240456
23 41 0.39718099259244233
23 42 0.5963830497132157
23 43 -0.7642813712466248
23 45 -0.09224537870678406
23 46 0.18484982620299317
23 47 0.011202478478094413
23 48 0.4434172571366164
23 49 0.539240165577151
23 50 0.6133880439082939
23 51 -0.2903105712766787
23 52 0.7021880901108231
23 53 0.04742624586714572
23 54 0.3813599366546283
23 55 0.6330836767474253
23 56 0.13922160016766982
23 57 -0.9308151421408584
23 58 -0.3914230715181872
23 59 0.004620105130785035
23 60 -0.829931851525672
23 61 0.06602756694292644
23 62 0.8728081109850907
23 63 0.8112492042063177
23 65 0.1767472008140294
23 66 0.2924825272597109
23 67 -0.9201917539520386
23 68 0.07377469793544589
23 69 -0.9832270884540408
23 70 0.528648727594438
23 71 -0.14026077776252488
23 73 0.20642269903807575
23 74 -0.27519286782255503
24 25 0.9501439193481445
24 26 -0.46780293451386457
24 27 0.025740565993638276
24 28 -0.5975659306141392
24 29 -0.8236263046643713
24 30 0.17527156200752536
24 31 -0.5467041341046863
24 32 0.5763857482944195
24 33 -0.20397614919418383
24 35 0.9531402897937866
24 36 -0.978358044371185
24 37 0.8506057903365758
24 38 -0.694911659282428
24 39 -0.922082754811121
24 40 -0.21650778374368818
24 41 0.9793599573675524
24 42 -0.01602610660044279
24 43 0.8045609793655168
24 44 -0.11476391586588797
24 45 -0.02509975177050383
24 46 -0.023264687170933884
24 47 -0.28629159458050335
24 48 0.36884993568963753
24 50 -0.9126802640547478
24 51 -0.2352312416998954
24 52 -0.9789750101728278
24 53 -0.6815449903403603
24 54 0.0317634520363117
24 55 -0.9049996178184212
24 56 0.011233145421419843
24 57 0.9987159213131416
24 58 -0.9611960812027207
24 59 -0.7234993303546746
24 60 0.6161215253586447
24 61 0.5321408725482233
24 62 0.3341550041181225
24 63 0.04331180252124933
24 65 -0.7109438986243106
24 66 -0.9040686020962923
24 68 0.5889415531709281
24 69 -0.17584979273517964
24 71 -0.8939718118243929
24 72 0.4006383716077935
24 73 -0.911058639199338
24 74 0.39922876367970983
25 26 0.7030980133149127
25 27 0.7716986835926101
25 28 0.5600099834816554
25 29 -0.07481759857127668
25 30 0.7696235805290463
25 31 -0.44322793811104
25 33 0.014054633604126732
25 35 0.5398557128856893
25 36 -0.0394240668776058
25 37 -0.9774525196941819
25 39 0.1816877083753241
25 40 0.8044516295736919
25 41 0.5426555926852226
25 42 -0.2902059403885753
25 43 -0.15692420795555595
25 44 0.6537090065516351
25 45 -0.13904757652496058
25 46 -0.9709826684663347
25 47 0.46496079480766483
25 48 0.3174923456692047
25 49 0.648682109837087
25 50 0.7830444284698566
25 51 0.8971192800018586
25 52 -0.41652545569979327
25 53 -0.9323361452110401
25 54 -0.8859606408027394
25 55 -0.44792330129559965
25 56 0.44775585539627527
25 58 0.09262661797583971
25 59 0.03853377787845891
25 60 0.08033305677524272
25 61 -0.27593690074133015
25 62 0.023536816041717312
25 63 -0.3038739103824999
25 64 0.5289982283353536
25 65 -0.6663649834720815
25 67 0.22534789155160584
25 68 0.5925226170846047
25 70 0.5944996824985427
25 71 -0.8505851973561824
25 72 0.4396619896980374
25 73 -0.3094087321014991
25 74 -0.023690533187424867
26 27 -0.149342145455597
26 29 -0.32277864342458296
26 30 0.7507343962398891
26 31 -0.7815474348647766
26 32 0.2699160732883856
26 34 0.13853122207557966
26 36 0.8408965942403441
26 37 0.3769374346063643
26 39 0.004636566564828026
26 40 0.11441323509403412
26 41 -0.809281830254553
26 42 -0.7224150915941352
26 43 0.12370949436678158
26 44 0.39755402157511655
26 45 0.8099734889316665
26 46 -0.3031240795866903
26 47 -0.2567458126768558
26 48 -0.5500009248945259
26 49 -0.8856953495754611
26 50 0.9505403529860157
26 51 0.44498625581144435
26 52 0.49235342519871317
26 53 0.15138183063276056
26 54 -0.0013714123786390253
26 55 -0.6026960313783702
26 56 0.3229692062153826
26 58 -0.8887846791021852
26 59 0.6300342945210609
26 60 -0.5065498768891701
26 61 0.6264187703117214
26 62 -0.3930540388344601
26 63 -0.336089133602695
26 64 -0.3906207350875295
26 65 -0.19055678009049437
26 66 -0.6857425753606294
26 67 0.3793309586438216
26 68 -0.8873232023717175
26 69 -0.05746439444614837
26 70 0.002681178415729679
26 71 -0.5183536560916344
26 72 -0.20214081003677387
26 73 0.533338433666223
26 74 -0.5404138727139953
27 28 -0.09368515638288688
27 29 -0.4963756256694234
27 30 -0.9902275760262003
27 31 -0.24989088540747506
27 32 -0.14185288521191408
27 33 0.19277090255626783
27 34 0.3505369409060184
27 36 0.22563748367576286
27 37 0.8376711959748728
27 38 -0.38751394481160384
27 39 0.3396331357543332
27 40 -0.2837701575415663
27 41 0.1937474095584475
27 42 -0.7756142327641571
27 43 -0.3364360702033167
27 44 -0.7857946193064236
27 45 0.47973539917739627
27 46 -0.2697001375206818
27 47 -0.3118044920838088
27 49 -0.5333228381201822
27 50 -0.7827260870458475
27 51 0.39758531519124696
27 52 0.7301906114162269
27 53 -0.2346076039753351
27 54 -0.45457009107337654
27 55 -0.24417409877209906
27 56 -0.8595842597694674
27 57 0.9798387779156252
27 59 -0.733558899688024
27 61 0.017047484363495125
27 62 0.0753945209778406
27 64 0.8490944257544939
27 65 -0.5023279917013237
27 68 0.10410409344801552
27 69 -0.25917334283446336
27 70 -0.6280698655908297
27 71 0.17499149821879012
27 72 -0.8105473704290886
27 73 0.7170593015280002
28 29 -0.42921416958415026
28 30 0.07487228604696772
28 31 0.3674376137647326
28 32 -0.490706267705483
28 33 -0.6572482572627265
28 34 -0.14786659137880775
28 35 0.13719165650695464
28 36 -0.8115996723592853
28 37 -0.25959457505746997
28 38 0.6963759143407804
28 39 0.2457904028209561
28 40 -0.15155849929427734
28 41 -0.3165314786397142
28 42 -0.906138779869861
28 43 0.5821062645835191
28 45 -0.947437235721188
28 47 0.6968798919850234
28 48 -0.8536773797076755
28 49 0.18332997464771061
28 50 -0.8299592374958369
28 51 -0.7134139452260835
28 53 -0.9647150677159888
28 54 -0.1369277834558782
28 56 -0.9914394706448044
28 57 0.15396157557438594
28 59 0.15399834453580863
28 60 0.33782377179629997
28 62 0.2981915859343187
28 63 -0.5088514010318079
28 64 0.7925797139930013
28 65 -0.2352343044737255
28 66 0.49945452180959493
28 67 0.49548859630728237
28 68 -0.605029088351668
28 69 0.2888543495326841
28 70 0.9765278838370584
28 71 0.20229774987997495
28 72 0.048152669739554455
28 73 -0.6059466408336933
28 74 0.6211949377281953
29 30 -0.9596730176530845
29 31 -0.18380556651727376
29 32 0.06649907084177187
29 33 -0.05545757274272445
29 34 -0.5670612766811487
29 36 -0.7329137408225392
29 37 -0.09224681377748722
29 38 -0.41711126475931737
29 39 0.5978698217964451
29 41 0.5371827052486013
29 42 -0.7461516538253699
29 43 -0.10218744394901558
29 44 0.08960339696297881
29 45 -0.6504749490949346
29 46 -0.2512719945597446
29 47 -0.9161266179803456
29 49 0.4751903548378522
29 50 -0.4196864346034437
29 52 -0.1468242848463197
29 53 -0.8920815097976271
29 54 -0.7663672574150611
29 55 -0.4762260016910609
29 56 -0.0633461098337551
29 57 -0.34226028875779546
29 58 0.2236484370166496
29 59 -0.67682793567224
29 60 0.15265303783853534
29 62 -0.5595148607581077
29 63 0.7373712723580861
29 64 -0.9477198618585465
29 65 -0.6957897868128393
29 66 -0.04147570350551022
29 67 -0.7398000494739918
29 68 -0.6798328947815087
29 69 -0.05788579789155657
29 70 -0.8518808611635038
29 71 -0.020354253922928223
29 72 0.023675260994303393
29 73 -0.6544543116871313
29 74 -0.8879476597320957
30 31 -0.676995697706934
30 32 0.8564596534936411
30 33 -0.22759881573988894
30 34 0.03394674300444045
30 35 -0.015204121639560197
30 36 -0.6918981972338434
30 38 0.29901611479474943
30 39 -0.3208160237623572
30 40 0.040272040293634515
30 42 -0.8439560487918571
30 43 -0.21917901687934616
30 44 0.45513733020604463
30 45 -0.947714318014284
30 46 0.4757383406412343
30 47 0.428331244141843
30 49 -0.048427638679826135
30 50 0.816978695579214
30 51 -0.6247309698015182
30 52 0.3155130673263453
30 53 -0.07618543222335816
30 54 0.4625939575696656
30 55 0.3696607482476102
30 57 0.49685435659813515
30 58 -0.8221962008526704
30 59 0.7520798053972029
30 60 -0.7051821401209863
30 62 -0.13808407393184563
30 63 0.7827702898752895
30 64 0.42485026365666534
30 65 0.2617749819256734
30 66 0.4132245586939922
30 67 0.9246839397393873
30 68 -0.6535644672665026
30 69 0.03667066376295014
30 70 0.012133380750086742
30 72 0.010913877533281768
30 73 -0.24709080704290476
30 74 -0.4524543806424086
31 32 -0.2550822890490565
31 33 -0.6982487981497136
31 34 -0.41651260089191955
31 35 0.9979318625432323
31 36 0.39378363344033995
31 37 0.13150917695313336
31 38 -0.37546312759636313
31 39 -0.4531199217336679
31 40 0.16020852572408706
31 41 -0.10230801034618842
31 42 0.8804884750403297
31 43 0.8703126948719879
31 44 0.37891305821426036
31 45 0.9920988727633684
31 46 0.5751147208038243
31 47 -0.15510367476945053
31 48 0.7553624330462916
31 49 0.11044698976731038
31 51 0.01334735666809439
31 52 0.8646783023175308
31 53 -0.018009619966543156
31 54 -0.3967282958309728
31 55 0.4646567507191983
31 56 -0.2359613318774858
31 57 0.04431466036164444
31 58 -0.254928390487245
31 59 -0.8966230259292256
31 61 0.34428771106443845
31 62 0.006672538930192928
31 63 0.8273710338695555
31 65 0.21359762662961335
31 66 -0.7674493705773291
31 67 -0.9241123923464567
31 68 -0.23119175490810284
31 69 0.2040133546919325
31 70 0.6751737291858728
31 71 0.13921728354586071
31 72 0.16983125001270571
31 73 0.7986386255793885
31 74 0.6624144121717634
32 33 -0.5985383268093811
32 35 0.07045110751836647
32 38 -0.623170605347432
32 39 -0.8346913763850639
32 40 -0.25172600020120783
32 41 -0.8095165843314571
32 42 0.9978728586194929
32 43 -0.06499555420415248
32 45 0.4820432708717677
32 47 0.563703522859081
32 48 -0.18208003957641172
32 49 -0.1880352489650976
32 50 0.12069882434029267
32 51 0.3447155681861034
32 52 0.8337465712136047
32 53 -0.09600097598450685
32 54 -0.6980125085786131
32 55 -0.9052578470902957
32 56 -0.49048645871372654
32 57 0.7356468873676814
32 58 -0.20622717245476863
32 59 0.8094792624231268
32 60 0.7796148246896146
32 61 0.3439536598827386
32 62 0.3666590436893118
32 63 0.39108752879570696
32 64 -0.7688537061699892
32 66 -0.746311097527421
32 67 0.09655518011650899
32 68 -0.2682720832829726
32 69 0.7923238396406134
32 70 0.22954862158620215
32 71 0.09982616097661401
32 72 0.46012543163057895
32 74 0.02223769630297312
33 34 -0.6743416803917417
33 35 -0.9272809889540683
33 36 -0.16713019502923832
33 37 -0.649735320819999
33 38 -0.22188554670248806
33 39 0.417980164546518
33 40 0.5357037395300626
33 41 0.28045032303096074
33 42 0.10957878496518214
33 43 -0.5444785624270847
33 44 -0.041296155549667146
33 45 -0.03846517522631543
33 46 0.5830271054357739
33 47 0.6564686748706947
33 48 -0.41045555109967213
33 49 -0.6366968980308447
33 50 -0.6259780576236293
33 51 0.05622693339096352
33 52 -0.6855093943402919
33 53 0.7496292739771457
33 55 -0.578089923647511
33 57 -0.8684776096130917
33 58 -0.7133162552021597
33 60 0.04441963092374279
33 61 -0.6818383319409793
33 62 0.6932323783600454
33 63 0.6045680996229787
33 64 0.7827655218733551
33 65 -0.5309674604627963
33 66 -0.369073723538496
33 68 0.3931273242180404
33 69 0.11813157081698278
33 70 -0.8797148611933148
33 71 -0.20484757335049375
33 72 -0.9570094195892631
33 73 -0.18993885963898394
33 74 0.3922278557636827
34 35 -0.1282189402512801
34 36 0.16987679964736757
34 38 -0.8714665941818147
34 39 0.575448275040924
34 40 0.6209508065601475
34 41 0.747018461424962
34 42 0.29611655756307864
34 43 0.36871144568630765
34 44 0.44187145450471865
34 45 0.15164577132600976
34 46 0.42941470925892555
34 47 -0.7646186266587196
34 48 -0.3384898969070482
34 50 0.14590152509032728
34 51 -0.7770788321403397
34 52 0.6380534238697682
34 53 -0.42337357769468786
34 54 0.6199742044092342
34 55 0.7955603217338267
34 56 0.43786296098625144
34 57 0.15665780887003722
34 58 0.3106518796368194
34 59 -0.15966434828668463
34 60 -0.1664379592862113
34 61 -0.8739861721077644
34 62 -0.2219325193219699
34 63 0.20578703170685064
34 64 0.6829983705471057
34 66 0.5664007546830476
34 68 0.04642016409686267
34 69 0.055443361595928
34 70 -0.02948302924202273
34 71 0.8970218323390291
34 72 0.7635092403904384
34 73 0.6253304792486896
34 74 -0.41622420458655474
35 36 -0.08287033484859307
35 37 -0.2596811732578639
35 39 -0.8593519496262316
35 40 -0.9863476213799289
35 41 -0.27717757983486746
35 42 -0.4377083187867594
35 43 0.9514818069615036
35 44 0.28091366409927954
35 45 -0.2483791099896122
35 46 -0.2546147181873346
35 47 -0.2835939345888385
35 48 0.0469229339346231
35 49 -0.3077041956446869
35 50 0.4973753260158291
35 51 0.9602376076292898
35 52 0.3878960035138963
35 53 0.02990840219572144
35 54 0.028412433116012714
35 55 -0.25041499295959624
35 56 0.20974082300933783
35 57 -0.211708641318765
35 58 -0.4965215221632371
35 59 -0.18095080203513003
35 60 -0.8230347216094971
35 61 -0.1395775869865763
35 62 0.5062276654834006
35 63 0.4880117571547393
35 64 -0.14445994511195348
35 65 -0.7760159863146343
35 66 0.5880056535719385
35 67 -0.5692704577940322
35 68 -0.9238677082413698
35 69 0.28140191569294726
35 70 -0.08150368237661176
35 71 -0.04995700767457345
35 72 -0.06468090492064271
35 73 0.003436264094035968
36 37 -0.219637149512951
36 38 -0.7570184254532157
36 39 0.19554108395560554
36 40 -0.40500183398784895
36 41 0.6404805974098413
36 42 0.8596584356321937
36 43 0.6452585556027166
36 44 0.6785408425426942
36 45 -0.25856103939104913
36 46 0.5409790377812249
36 47 -0.804462906218526
36 48 -0.6716092145876962
36 49 -0.7231835028057354
36 50 -0.020972867479342128
36 51 -0.9060750214424658
36 52 0.5590926517377934
36 53 0.9145532853980143
36 54 0.29167570018226274
36 55 0.18259591004100906
36 56 0.8865532386134651
36 57 -0.9365551955197713
36 58 -0.23335134671042246
36 59 0.44787740521745434
36 60 0.6776926956084504
36 61 -0.447742603520495
36 62 -0.03771215799250638
36 63 0.7696905712699789
36 64 -0.7370591077250868
36 65 -0.2884847046223902
36 66 -0.8996854951344511
36 67 0.999750342862624
36 68 -0.09771199199867242
36 69 0.16235633586082088
36 70 -0.4740327770939434
36 71 0.2821649802218962
36 72 -0.6479204792958722
36 73 -0.3296960893407923
36 74 0.34880061511565197
37 38 -0.8268350610042059
37 39 -0.6040038728358861
37 40 -0.09239421265981718
37 41 -0.5559813801390849
37 42 0.4961459548605014
37 43 -0.09852021657528343
37 44 0.024038364840559767
37 45 0.078545067023303
37 46 0.7819442535266796
37 47 -0.892277019974816
37 48 0.781825653471901
37 49 -0.4217002814563551
37 50 -0.1282220750944092
37 51 0.1640568807214795
37 52 -0.5045140490975191
37 53 0.7494918974293225
37 54 -0.8980274095409171
37 55 0.25923554701701756
37 56 0.7783098498621004
37 57 0.42301208308225124
37 58 0.9491653402694393
37 59 0.049357787524102026
37 60 -0.1743522589092923
37 61 -0.4392046131318199
37 62 0.695313479740983
37 63 -0.0722642106654563
37 64 -0.4453080182648472
37 65 0.022506576303461756
37 66 0.41275799320107853
37 67 -0.515065205879111
37 68 0.9408004436830382
37 69 0.7831990540937963
37 70 -0.7589574569015953
37 71 0.6995523450136163
37 72 0.749822779527423
37 73 -0.7576377032218602
37 74 -0.36276529490387066
38 39 0.7281965483206765
38 40 -0.9892311569107048
38 41 -0.31797485825902894
38 42 -0.726442546433345
38 43 0.9342088953588283
38 44 -0.930871024621019
38 45 0.5254602427379242
38 46 -0.8248433792693026
38 48 -0.6461260884879945
38 49 -0.4078553151351376
38 50 -0.24922233772019897
38 51 -0.2994820509682148
38 52 -0.3566140563711011
38 53 -0.78300202750897
38 55 0.03948214858665833
38 56 -0.21797042977375436
38 57 0.6884161831916782
38 58 0.03707750701927992
38 59 -0.8692831502704603
38 60 0.4738889239288986
38 61 0.09992735941835496
38 62 0.08568940725937058
38 63 -0.0398023909851688
38 64 -0.4228606487755777
38 65 -0.2651122578336269
38 67 -0.237050596567139
38 68 0.2431332467941194
38 69 -0.6075856019327999
38 72 0.9624728494127657
38 73 0.7289036481955018
39 41 -0.6549521306570674
39 42 0.8074965239608127
39 43 -0.6834516776540698
39 44 -0.11582044643789735
39 45 0.6686237615901731
39 46 -0.9931076232349572
39 47 0.6087002300433011
39 48 0.546845297905113
39 49 0.5054434742795597
39 50 -0.9092558118806031
39 51 -0.9857558280694168
39 52 0.1838795622146392
39 53 -0.303025771398026
39 54 -0.10876024234204063
39 55 -0.9110946399087543
39 56 0.5506344353722523
39 57 -0.3125821167022773
39 58 -0.9905463069618707
39 59 -0.34118177581150655
39 60 -0.8038970354346457
39 61 0.8336807285720411
39 62 -0.7421127384628299
39 64 -0.5334663222704863
39 65 0.17962089921202895
39 66 0.8432617192820524
39 67 0.1988771820028601
39 68 0.11593988981397296
39 69 -0.626191119422977
39 70 0.866224969005261
39 71 0.38698144310081894
39 72 0.49147061372038503
39 73 0.9022431985772148
39 74 -0.7013257840552445
40 41 -0.31222765549976095
40 42 -0.42974047685451633
40 43 0.30939745526825857
40 44 -0.8611527932485334
40 45 -0.02720438898598765
40 47 -0.24014701613769507
40 48 0.021836649328536906
40 49 0.3833946177175651
40 50 -0.15897083999737482
40 51 -0.4482917982882577
40 52 -0.39746780358118494
40 53 -0.6119253503328905
40 54 0.33168302771739144
40 55 -0.16160432527862434
40 57 0.5724528578013164
40 58 -0.8487266122502
40 59 0.10932630039579627
40 60 0.2677525307632096
40 61 -0.6220183340289749
40 62 0.3471955028204827
40 63 0.6292227810577986
40 64 -0.8774722216621282
40 65 0.1563744039124304
40 66 -0.043746959642559924
40 68 -0.7313105681682754
40 70 -0.1820683985895981
40 71 0.6641593866860522
40 72 0.5341959134764453
40 73 -0.43257899119133114
40 74 0.4567155265097578
41 43 -0.4335189054246944
41 45 0.6850702991888029
41 46 -0.011099623655903335
41 47 0.5236445122399891
41 48 -0.10309248764275325
41 49 0.9895010662904418
41 50 -0.38368881550592215
41 52 0.3087032236699465
41 53 -0.9126498003877554
41 54 0.5913945751458944
41 55 -0.20261311271642213
41 56 0.5262636650343908
41 57 0.8861643675140047
41 58 0.44207217887413197
41 59 0.114547168997847
41 60 -0.0026954019521154837
41 61 -0.6797631190029116
41 62 0.8253620002504527
41 63 0.836102029141369
41 64 -0.2021650006709974
41 65 -0.48618628271318265
41 66 0.539324503838009
41 67 0.8284353051306217
41 68 -0.028600611295100054
41 70 0.8787153354569741
41 71 0.27298103919881966
41 72 -0.643316515010596
41 73 0.19702429623561746
41 74 0.5912436000388424
42 43 0.6205394272072158
42 45 0.9783865287123208
42 46 -0.22705373123994965
42 48 0.6748704145198814
42 49 -0.884139056712177
42 51 0.3060479774524336
42 52 0.507513916966968
42 54 0.7764432229276892
42 55 -0.7671022970423378
42 56 -0.7837148199430697
42 57 0.7688712358209389
42 58 0.2187163603637452
42 60 -0.46935652500254665
42 61 -0.8010622894622721
42 62 -0.6891928945993371
42 63 0.15410029541424297
42 64 0.8732845671957465
42 65 -0.4253440761678313
42 66 -0.6693758100354827
42 67 0.4019720866132601
42 68 -0.166409389515894
42 70 -0.6060721385126546
42 71 -0.9946555816976419
42 72 0.8830090336697973
42 73 -0.5743901307712653
42 74 0.269830180245586
43 44 -0.7111761160581922
43 45 -0.47896267107031765
43 46 -0.893889005454928
43 47 -0.8058214874587513
43 48 0.5656434305092182
43 49 0.024115790275050175
43 50 -0.3110610275026173
43 51 0.8415473301290632
43 52 -0.40480981677464967
43 54 -0.8707587410813142
43 55 0.2851796054628428
43 56 0.7082645315766551
43 57 0.7823043461639843
43 58 0.3057673818977247
43 59 0.8175968323268659
43 60 -0.8639732156686781
43 61 -0.22207056502946299
43 62 -0.9908431213675164
43 63 0.08317266914712507
43 64 -0.762234905724795
43 65 -0.44132835403293313
43 66 -0.9202410304568462
43 67 0.41327296711549066
43 68 -0.5617320812535229
43 70 0.5100220755610378
43 71 0.5970724460712815
43 72 -0.43904819417512453
43 73 0.16596478410472582
43 74 -0.3233286281148393
44 45 0.27778072255060793
44 46 0.8168288406181625
44 47 0.776008046337249
44 49 -0.8896268777063532
44 50 -0.8429581782390589
44 51 0.9538942224921674
44 52 -0.4092054483177525
44 53 -0.06373440626111426
44 54 0.2387813473677054
44 55 -0.017373719301760238
44 57 0.6164837838456334
44 58 -0.3235740630030508
44 60 0.3745242709106773
44 61 0.6736389436282251
44 62 0.16174485549277806
44 63 0.2051434689343945
44 64 -0.46420118348387907
44 65 0.42583024037766015
44 66 0.4121722943129018
44 67 0.44311016708743844
44 68 0.36278165005151974
44 69 0.7664515874693485
44 71 -0.6189438092626367
44 73 -0.4136726224604661
44 74 -0.8003549056606842
45 46 -0.5879131762268135
45 48 0.9463532350040029
45 49 0.7047533792169813
45 50 -0.22611617943239293
45 51 -0.7130736142958587
45 52 -0.3255091443638607
45 53 -0.43702270403705135
45 54 0.26449308072657063
45 55 -0.3671588006674673
45 57 -0.24438600091946205
45 58 -0.8081020022479473
45 59 0.33938505203422165
45 60 -0.657001758737972
45 61 0.5132297141563489
45 62 -0.8519451698065181
45 63 0.9143408304490053
45 64 0.7130653417654027
45 65 -0.14405804279101875
45 66 0.2466111383738503
45 67 -0.3301432895929066
45 68 -0.3468048807557642
45 69 -0.36740613486610907
45 70 0.42173524558363473
45 71 0.8389550924425369
45 72 -0.06122591292794577
46 47 -0.06552977052613151
46 48 -0.5694923619811674
46 49 -0.452922363494215
46 50 0.45495509792736044
46 51 -0.6927905381093089
46 52 -0.8007680025936805
46 53 -0.4106170896772918
46 54 -0.32912368724367447
46 55 -0.9179822425383624
46 56 -0.23358604428194485
46 57 0.33948077365551055
46 58 -0.6648367296996343
46 59 0.02325821521001581
46 60 0.6426021373789168
46 61 -0.956926714394748
46 62 0.5636700981874649
46 63 -0.8799647143235734
46 64 0.8374517305350615
46 65 -0.804005045170799
46 66 -0.17094427634660025
46 67 -0.4530569704018803
46 69 -0.4825000426351431
46 70 -0.6465192274495124
46 71 0.15974688878657672
46 72 -0.5552365695918147
46 73 -0.23047937711903455
46 74 -0.9495424105887587
47 48 -0.7245192551889044
47 49 0.2417187902011353
47 50 -0.2189746510191397
47 51 -0.2013375973536915
47 52 -0.09652447936878827
47 53 -0.5357578165829511
47 54 0.1183910007677702
47 55 0.26238997665008545
47 56 0.1145277457181515
47 57 -0.6207085005191462
47 58 -0.36561292324729266
47 59 0.8722644906017394
47 60 -0.44831956498707326
47 61 -0.6645495712157861
47 63 0.5273983473235089
47 65 -0.8343203676751614
47 66 -0.1450868072094731
47 67 0.8446237750518659
47 68 0.10911305751940814
47 69 -0.9371730615922649
47 70 0.786153967388787
47 71 0.2127475969235968
47 72 -0.38668578640449036
47 73 -0.6694743155222174
47 74 0.658097060189412
48 49 0.5178784070664539
48 50 -0.06689283205601426
48 51 -0.791907320263787
48 52 -0.5860943956303553
48 54 -0.8408744859503507
48 55 0.5801703548321187
48 56 -0.5372858481091201
48 57 0.579909391649353
48 58 -0.025116404986739838
48 59 0.2611573872715309
48 60 0.30073647037287743
48 61 -0.7281956438370396
48 62 -0.03499960569003013
48 63 -0.8516367326167813
48 64 0.34223231123546527
48 65 -0.929251775749931
48 66 0.5612575260003323
48 67 -0.689205282481745
48 69 0.7861848276763015
48 70 0.20423575633795044
48 71 -0.1537551316423127
48 72 0.7540812716084282
48 73 0.4911812246980638
49 50 0.5048643292692443
49 51 0.10742398017472365
49 52 -0.6856873459451691
49 53 -0.41019111861790036
49 55 -0.977836143598628
49 56 0.49277507910354923
49 57 0.10392768014160625
49 58 0.7368112883398117
49 59 -0.888744508607533
49 60 0.18336885749968457
49 61 -0.27590255708975264
49 62 0.32934483621951616
49 63 -0.56750396730972
49 64 0.1248415575642925
49 65 -0.016809350812498014
49 67 0.27103877948599986
49 68 -0.9517048174035203
49 70 -0.7901200915523314
49 71 0.5135549849910808
49 72 0.8633641104800198
49 73 0.5497230965380924
49 74 -0.3300572141374061
50 51 -0.9219951542003533
50 52 0.9444232594470263
50 53 0.15055329466045486
50 54 0.7758592898347483
50 55 -0.0450810413865963
50 56 -0.3489456306490344
50 57 0.5114421362799695
50 58 -0.7256310120563958
50 59 0.9746987349550806
50 60 -0.8557618596532335
50 62 0.7648760591512684
50 63 0.4299849815909449
50 64 -0.40387754567956935
50 65 -0.14000146491065357
50 66 0.15410375693100664
50 67 0.6878255132390856
50 68 -0.3299262794587703
50 69 -0.18311360540670352
50 70 -0.3461003286801414
50 71 -0.5976402726650325
50 72 0.8795668725296253
50 73 0.7123582530077921
50 74 -0.13595526119155088
51 52 0.402924702391227
51 53 -0.13125123359857271
51 54 -0.2960161018461924
51 55 0.6127517648170848
51 56 -0.9977553644630839
51 57 -0.7442694990640333
51 58 -0.4496531269230666
51 60 0.5847746930742772
51 61 -0.03126658185560305
51 62 0.042060980977253415
51 63 0.3288104390446176
51 64 -0.8417322738151263
51 65 -0.8655299983185238
51 66 -0.6701030328212609
51 67 0.49734850417920207
51 68 -0.0007790278513328808
51 69 0.08036971443033836
51 70 0.7845958155426473
51 72 0.1845486901181035
51 73 -0.5615815091893501
51 74 0.07107784344067669
52 53 0.03217911271395746
52 54 -0.0609823294332712
52 55 0.5995807026649218
52 56 0.7304208800611744
52 57 0.9060005721174376
52 58 -0.40027030516330964
52 59 0.36617018861800443
52 60 0.7480882853657891
52 65 -0.18744554674585534
52 66 -0.2838252932354317
52 67 -0.16960896524872227
52 68 -0.2166065779835229
52 69 -0.49309123627464757
52 70 0.2356370756626478
52 71 -0.3277896816685153
52 72 0.8993927763564966
52 73 -0.6509657385614387
52 74 0.6120507775807595
53 54 0.1527308365988922
53 55 0.31801557274808845
53 56 0.0046136916362877756
53 57 -0.7236015547054111
53 58 0.623662902417615
53 59 -0.8207758501712388
53 60 -0.1656323019259951
53 63 -0.2476349458078615
53 64 -0.29579103308374965
53 65 0.5034908722055937
53 66 0.2574986569201716
53 67 -0.670360730472743
53 68 0.19203800705148
53 70 0.9832451749080329
53 71 -0.8125136704314442
53 73 0.667480935265093
53 74 0.19941038505161912
54 55 0.016927324206480687
54 56 -0.39199264149049684
54 57 -0.31111017620320425
54 58 -0.8570521351335889
54 59 -0.5780643913666306
54 60 -0.37396718417617736
54 61 0.6740691213969059
54 62 0.6502868400164317
54 63 0.6209994539358186
54 64 -0.4112335628662471
54 65 0.21232352312132163
54 66 -0.39088836521277837
54 68 -0.4899334555648669
54 69 0.36457497122605
54 70 -0.4344827852965596
54 71 0.540460068675719
54 72 -0.0885341747140842
54 73 0.3486772625103489
54 74 0.9515650907156095
55 56 0.5638343655954703
55 57 -0.7262167775306938
55 58 -0.9565145886164381
55 59 -0.33356206244320896
55 60 -0.7160357279160845
55 61 -0.8744660460470712
55 62 -0.3719699948627557
55 63 -0.7126792819473913
55 64 -0.5416563761232362
55 65 0.0007737316389972992
55 66 -0.9936988886584386
55 67 0.7287865254675312
55 68 0.9701402805759489
55 69 -0.05341945183713159
55 70 -0.11383073562117385
55 71 -0.09849339682464153
55 72 0.34302437677148223
55 73 -0.1890906442310969
55 74 -0.5984877685417709
56 57 0.2870537201340275
56 58 -0.6264578361266666
56 59 0.4292148877573092
56 60 0.9535143138664173
56 61 -0.14655973513939746
56 62 -0.0037006846791975967
56 63 -0.8631748440106906
56 64 -0.846053348610919
56 65 -0.45563750487086585
56 66 -0.7105763901186584
56 67 0.10617859889515091
56 68 0.7773718673273657
56 69 -0.26357044779536354
56 70 0.6231937073766827
56 71 0.2859907591263655
56 72 0.15227906354862464
56 73 0.30744270279837593
56 74 0.9192271292459444
57 58 0.943145555177132
57 59 0.5730019479397441
57 60 -0.924549795177555
57 61 -0.8705420362262566
57 62 0.2642102244448781
57 64 -0.27382740516724446
57 67 0.2729784492099485
57 68 -0.4949431457829254
57 69 0.223556200214291
57 70 -0.8961552021669954
57 71 -0.799782340388812
57 72 -0.2425705814435759
57 73 -0.35930588292080357
57 74 0.5738246763517119
58 60 -0.45966764393888093
58 61 0.13067680014773764
58 62 -0.30141470841524587
58 63 0.0023793489856587247
58 64 0.33906122808190875
58 65 -0.8532935847203362
58 66 0.3541407584876728
58 67 -0.08516025662449334
58 68 -0.7179602545425321
58 69 0.5308364752099146
58 70 -0.07398897958535278
58 71 0.36355101995054984
58 72 0.3287017861873438
58 73 0.3313163597498954
58 74 0.5989295697969468
59 60 0.5600146966280415
59 61 0.10122223090409532
59 62 -0.4499251826837418
59 63 -0.36441895967440097
59 64 -0.33691249151182445
59 65 0.6487878492633454
59 66 -0.7492866648476066
59 67 -0.9810817317855012
59 68 -0.22855509469257962
59 69 -0.9741142339349649
59 70 -0.24307508716196602
59 71 -0.4352715833240388
59 72 0.4528726525275111
59 73 0.6525691082580367
59 74 -0.5416487088436677
60 61 0.36174716174329324
60 62 -0.9495018562310085
60 63 0.9291276156701271
60 64 0.3347564620700971
60 66 0.07071169512649145
60 67 -0.5652642732502631
60 68 -0.4843852261968
60 69 0.3939035195007585
60 70 -0.6189269337932268
60 71 0.12469579108294959
60 72 -0.7709070371579645
60 73 -0.08102605622338621
60 74 0.992615889001002
61 62 0.42844946046056887
61 63 -0.18589748110350235
61 64 -0.09330623748490918
61 65 -0.4751457882440462
61 66 -0.5241734014062522
61 67 0.6421183607857472
61 68 -0.8755915457949692
61 69 0.13966130993339365
61 70 -0.9274593965709761
61 71 -0.5457772373056515
61 72 0.672647185449317
61 73 0.8974325689812828
61 74 0.6643206468805218
62 63 -0.7340301201999908
62 64 -0.2526331750930093
62 66 0.07242028303097325
62 67 0.5093967336903371
62 68 0.613344530785426
62 69 -0.48663849380660285
62 70 0.7419357273598775
62 71 -0.8044363886137771
62 72 -0.03290372378460216
62 73 0.34483783157104364
62 74 -0.2167750762711831
63 64 -0.0603022750377491
63 65 -0.2681780391121258
63 66 -0.6460716228000312
63 67 -0.2847569917188266
63 68 -0.1797804777459875
63 69 -0.012539076886773026
63 70 -0.10878012042023077
63 71 -0.7130854502927366
63 72 -0.7848325890614078
63 73 -0.8745348821551737
63 74 -0.4225633647924174
64 65 -0.1274927187814805
64 66 -0.6065770627277614
64 67 0.6708161344063921
64 68 -0.2908148807830224
64 69 -0.20527771976303733
64 70 0.14250546461744706
64 71 -0.47263699753935495
64 72 -0.7486070987582139
64 73 0.024342397762060264
64 74 -0.6152746318942857
65 66 0.9748761876599008
65 67 0.5308306391287421
65 68 0.6862312265168526
65 69 -0.5501757147605666
65 70 -0.6847890190469927
65 71 0.8855962925690042
65 72 -0.15069887027426998
65 73 -0.07307097529469209
65 74 -0.5788220439495988
66 67 0.7593481169232312
66 68 0.449007651873111
66 69 0.14711588455392022
66 70 -0.2431420964964297
66 71 -0.9395154713582601
66 72 -0.2694866340640336
66 73 -0.5380182941031688
66 74 -0.5289932012189831
67 68 0.3982015591319845
67 69 0.49446565200182735
67 70 -0.658977879175987
67 71 0.8040159687808395
67 73 -0.577880420008251
67 74 -0.40214049406843766
68 69 0.4441088007776224
68 70 -0.03402417475999253
68 71 -0.4615470822878738
68 72 0.6344327829257717
68 73 -0.8249214752119887
68 74 0.8649425291410082
69 70 -0.7856227123282375
69 71 0.7930647907878325
69 72 0.3049471779985704
69 73 0.659568832290492
69 74 0.4796932751111873
70 71 -0.3876185748392438
70 72 -0.9969877906748552
70 73 0.9690283649066296
70 74 0.19961704818808235
71 72 -0.9462686228552322
71 73 -0.9865404258492616
71 74 -0.8549228800452011
72 73 0.8869512196832725
72 74 0.3677560458903879
73 74 0.8992857284584668
