85 577
0 0.5183369377112512
1 -0.6062716463351419
2 0.804828093665628
3 0.6918553982641404
4 0.7103081763156001
5 0.53445858469673
6 0.8263270282978019
7 -0.588272519238553
8 -0.8809142693895398
9 0.6734938462958946
10 -0.24177143305525117
11 -0.08873783759653575
12 -0.1245614776498456
13 0.8241896887646847
14 -0.8589202517768624
15 0.09114587516061623
16 0.40224803913710105
17 -0.9510719066643165
18 0.5634822800629533
19 -0.9630927285412991
20 0.25899044418218353
21 0.4497638710087095
22 -0.06702508892843073
23 0.35347683559196486
24 0.21859238313635276
25 -0.7135834065499269
26 -0.7819058204660587
27 -0.8271151379128376
28 -0.5105447116918642
29 -0.17089910582863066
30 -0.9742006989029479
31 0.4897728169687676
32 -0.818888210615351
33 -0.030755618924209305
34 0.37581056969397
35 -0.59028612539332
36 -0.6829810856337617
37 -0.01468237734101896
38 0.11748312404660566
39 0.7657846459753195
40 0.34808969850728544
41 0.7578827367712613
42 -0.6017145527297778
43 -0.8068599699851853
44 0.5941536074465237
45 -0.3533038612601589
46 -0.01888690126344672
47 -0.9290065615050032
48 0.5524340010948001
49 -0.8196559077330314
50 -0.6188731039357183
51 -0.5367315110348552
52 0.7318067982590724
53 0.6547144638247655
54 -0.5250677559997168
55 0.2761088427131291
56 -0.11386290282792655
57 -0.7753429217375956
58 -0.8630811919355368
59 0.9552652735369895
60 -0.7864589734784238
61 -0.6001436958424755
62 -0.9979696708335344
63 0.6735810238703872
64 0.15299331904024926
65 -0.05432670471206791
66 -0.0684638805654878
67 0.7911189743926745
68 -0.60264780733264
69 -0.15509766213833398
70 -0.8482017471157732
71 -0.7381996549044136
72 0.7483220267505377
73 -0.21626106105312992
74 -0.8657319317542449
75 -0.6516307212108394
76 -0.6616293629749233
77 -0.14429640009097677
78 -0.006710996594518903
79 0.43377916882224876
80 0.0849447258031073
81 0.5614402593741654
82 -0.25971313373325766
83 -0.19599706512411164
84 -0.12840256816822504
0 8 -0.11281652362017991
0 9 0.5128973548642626
0 21 -0.13338207367488675
0 35 0.32271635477339133
0 42 0.26906340959102004
0 43 -0.03399618430893381
0 45 0.40292626207609605
0 49 -0.182548388128547
0 63 0.9451523038024976
0 66 0.24667379230413133
0 81 -0.9878895426439178
0 84 -0.2037587036984907
1 2 -0.16770530566555242
1 4 0.4684062073274158
1 5 0.8729285837199177
1 8 0.5856365998677164
1 15 0.5280997161134022
1 22 -0.9203874942594918
1 23 -0.2739062338044538
1 31 0.8310712131866544
1 32 0.6180030271287102
1 38 0.4723253828469638
1 40 0.5261354246568646
1 41 -0.6528356060808267
1 43 -0.7545080619236662
1 48 0.9778740399153436
1 50 -0.5417132381779595
1 56 0.9292705750664869
1 62 -0.05019315243687372
1 72 -0.1460140481731662
1 77 -0.4427439644540734
1 81 -0.08963860570508064
1 83 0.9658194198263932
2 10 -0.03532204157701635
2 14 0.20771340576389075
2 26 -0.3306699675450975
2 31 -0.17368706681455004
2 46 0.16264625567915325
2 47 0.8890035851592615
2 51 0.04509096139488222
2 54 0.056597975280632484
2 59 -0.5748986584505453
2 60 0.6829257239827786
2 63 -0.8105959627134647
2 65 -0.5027435728578364
2 73 0.4623238767949951
2 75 -0.5122345413311624
2 80 0.6751966866445844
3 8 0.7612209438417834
3 15 -0.6207894676327024
3 28 -0.12334769881597607
3 35 0.4059003512419719
3 36 -0.3413443846310278
3 38 -0.22212349146057475
3 49 0.45524721788964206
3 81 -0.6636708188344926
4 9 0.433486298723212
4 16 -0.03500519929361334
4 23 0.18065023874843367
4 27 0.887604099337773
4 34 0.658730271033908
4 37 -0.7101578935279498
4 47 0.09702771723797632
4 48 -0.01635914829211682
4 71 -0.4052459776788302
4 83 0.4231812482995523
5 7 0.5468171777463349
5 9 -0.7120654069098555
5 14 0.7216240770767914
5 24 -0.06091729821855485
5 29 0.2597105180410515
5 33 0.4547912191488548
5 40 -0.753251216436496
5 44 -0.4582758762678365
5 52 0.8816999294622496
5 53 0.5050067694031211
5 58 -0.2624838490776433
5 74 0.5842275708397375
6 7 -0.8636943045749368
6 17 -0.29498369517023004
6 18 -0.33519344637368875
6 21 0.11571255698569471
6 22 0.6361931049152731
6 24 -0.9778312082469434
6 28 0.9619707100890984
6 32 -0.5945575268620109
6 41 0.40435462849601045
6 42 -0.6696935575865695
6 81 0.9186705975723275
7 9 -0.5481952891304886
7 10 0.20559804190045217
7 16 0.4911200844590087
7 21 -0.40907315550991963
7 23 -0.2100508299183197
7 24 -0.02315005414010396
7 27 -0.09418581867336284
7 30 -0.5039806029522038
7 35 0.1636197541628568
7 36 0.06588902085784776
7 37 0.02654365124005631
7 46 0.4069810153122495
7 47 -0.8770890594352452
7 58 -0.4176317013386386
7 60 -0.321865240624577
7 63 0.4604507952062151
7 64 0.38895053452000306
7 68 0.8842522016434153
7 72 0.0597004086016073
7 76 0.6758939034457636
7 83 -0.8361564579351546
8 13 0.5862004064953961
8 20 -0.37836491021075136
8 29 -0.7956240605094815
8 37 0.4057996159874344
8 38 0.21317434465221496
8 53 0.500924532044291
8 62 0.14467771439239185
8 68 0.7298340062762163
8 80 -0.009273833931286557
9 19 0.1603225604423888
9 29 -0.6592264477198013
9 30 0.3932362741151907
9 53 0.8173864322248838
9 54 0.914499041867328
9 62 -0.269152406087906
9 72 0.34804941257608557
10 11 -0.15933017268539285
10 16 0.6664962464540816
10 17 0.4406415516538522
10 23 0.5855354844995155
10 34 0.4450768006453021
10 36 -0.8735466074254747
10 38 0.5254620231316633
10 43 0.8370510946781604
10 44 -0.7017042880710853
10 56 0.38357637941720646
10 65 -0.20521411782310262
10 66 0.8575645753824177
10 74 0.24206654662545857
10 78 0.9743338480902255
11 17 -0.38194387821296205
11 23 -0.6301093399484559
11 24 -0.025502548215627252
11 27 0.6232151092462039
11 29 -0.5337487982913769
11 35 -0.14143284271941026
11 38 0.4394452689839592
11 42 0.7576409985630639
11 43 0.7504494564955686
11 46 -0.7290272036531251
11 51 0.9804353172805182
11 52 -0.49983595843249673
11 56 0.15709513161715716
11 57 -0.10472916855809666
11 68 -0.22812972498540884
11 70 0.12110457435123578
12 15 -0.7627804566426843
12 16 0.3526564497235909
12 19 -0.5770701513758698
12 29 0.9646556965181816
12 31 -0.9668781472241621
12 37 -0.6426384100479459
12 39 0.2713349433222978
12 45 -0.39448100822269905
12 50 0.4505160177496519
12 51 -0.5948339157739226
12 56 -0.19456989884853426
12 58 0.15287434659690735
12 69 0.8887434199530904
12 71 -0.8207867637474049
12 75 0.5987425487657958
12 76 0.38032392474953136
12 81 -0.9726620129968324
12 83 0.8733299608595331
13 20 -0.17570579412123477
13 22 0.5896201194779103
13 27 -0.2905107287020021
13 30 0.1051380764017198
13 31 -0.9461420768950146
13 51 -0.43073342079960764
13 66 -0.482321009765285
13 71 -0.009761197046840087
13 76 -0.04158551406716082
13 79 -0.5985810716737328
14 15 0.8799838862957012
14 19 0.08404349948635259
14 22 0.7066530403630555
14 27 0.8036856483452597
14 37 -0.20204662475128266
14 38 -0.3237991688154209
14 41 0.06404299886165488
14 42 -0.17533923394487227
14 43 -0.08491227606843266
14 53 -0.9255991696673631
14 55 -0.6422499466601161
14 58 -0.9979796759506612
14 60 0.7409483576918643
14 69 0.7964407367213833
15 16 0.2721479607763828
15 28 -0.7163878722793184
15 37 0.17998445032383925
15 38 0.12301676434904718
15 42 0.4486885907351794
15 53 -0.58038979970865
15 56 0.8583525880295888
15 63 0.0068473883393782575
15 69 0.5095658080806582
15 71 0.7093633435884326
15 76 -0.2065439457433884
15 81 0.7313153107878847
16 25 -0.38331811772474667
16 35 -0.44106167062050194
16 49 -0.9845448483106423
16 51 0.07889186009401206
16 53 -0.26127587165289845
16 55 0.8378450548146714
16 56 0.7403944765263184
16 65 0.3246584182780352
16 66 0.9683958601287415
16 79 -0.47337259963334644
16 80 -0.945054068644291
17 18 -0.053446574125628254
17 20 -0.18604926485964124
17 24 0.673867378573505
17 30 -0.7347491421019516
17 31 -0.3541833716543963
17 40 0.3679793294608322
17 44 -0.49043351041158356
17 46 0.369644444422899
17 51 0.06730719654288198
17 52 -0.7880712365523144
17 55 -0.4553182363586279
17 65 -0.17103772265933626
17 72 0.8915604835910607
17 75 -0.7557809224783429
17 82 -0.49107474382672645
18 28 0.8386643145787207
18 36 -0.7924088835686238
18 42 -0.1503592558505089
18 46 0.3516628201081813
18 51 -0.4315300316068633
18 54 0.9315003480704387
18 55 0.315190015650173
18 64 0.601082097759289
18 68 -0.4278801126833969
19 29 -0.7807810106921593
19 30 0.4591402721796485
19 33 0.8193219245017878
19 49 -0.401005362200336
19 54 0.3363717616508848
19 62 -0.20542172295743577
20 25 -0.03093186309503837
20 44 0.7810576106810989
20 55 0.43005247873706276
20 73 -0.8025313254813202
20 80 0.7816757739884703
21 33 -0.640028333982325
21 39 0.24792333628074292
21 43 0.19258916941765847
21 45 0.7177849984735705
21 59 -0.8017638148884179
21 65 0.9085125298565853
21 77 0.8811425765903296
21 80 0.9550419947631246
22 24 0.8199632198802629
22 28 0.07639749515205363
22 39 -0.8028666886446447
22 41 -0.5140820815878626
22 51 -0.5669337319725214
22 52 -0.9896709085789335
22 63 0.563400291068914
22 67 0.2833079872287938
22 78 0.45561096284850033
23 32 -0.4438615703151918
23 43 0.7001160425104618
23 48 0.7560675963878862
23 60 0.9436589933835229
23 64 0.33641372894857
23 65 -0.45426742360083194
23 76 0.8393988140892108
24 34 0.7444420365026012
24 36 -0.6785473474880839
24 38 0.9057328366035133
24 39 -0.7285018609471041
24 40 0.2073448993018916
24 43 -0.07961870141095106
24 63 -0.3306938326682247
24 70 0.6022260124485153
24 77 0.30690871466109226
24 82 -0.5568261083883401
24 83 -0.7993863817314248
25 26 -0.2952368970694379
25 28 0.5193688400800567
25 30 -0.3221947917095853
25 45 0.7522684060684846
25 53 -0.44112685165103915
25 55 0.24186074463940366
25 61 -0.03987173712524794
25 62 0.5781917791320248
25 74 -0.7281057785574412
25 77 -0.6054986596943828
25 81 -0.7385455357208826
26 32 0.266898868259434
26 41 -0.4944928754617144
26 52 0.9264704877651724
26 54 -0.44195288227755714
26 55 -0.07350984167565344
26 61 -0.8549355924825053
26 64 -0.872565789477256
26 68 0.5736067651026153
26 74 -0.19810481154033566
26 78 0.7874395324919079
26 79 0.513852279617405
26 82 0.2864632388963273
26 83 -0.6081307766724571
26 84 -0.02051106316936324
27 31 0.7449077238376902
27 36 -0.6108818116650307
27 43 -0.1573973138949989
27 46 -0.767973721583463
27 47 -0.0854219858691907
27 56 0.7972704998996074
27 62 0.06250065084471546
27 63 0.8986470578185624
27 67 0.9203182211861347
27 81 0.9339635312973076
28 32 0.5581681121373236
28 33 0.2921575154179725
28 36 0.2869292094524807
28 41 0.7649721830853717
28 45 -0.4742313153645097
28 55 -0.05624971520780764
28 58 -0.27962551369983135
28 59 -0.02749986237903057
28 63 0.7429667475714208
28 64 -0.6744832475100782
29 33 -0.65684855015456
29 35 0.6254973815915701
29 38 0.8331087215334234
29 48 -0.5750529385428655
29 51 -0.022536680910993923
29 52 -0.40361367299665774
29 67 0.014225750377220958
29 70 0.7628094401001233
29 71 -0.7541463032330922
29 72 0.5682938040764283
29 82 -0.4479488351686618
29 84 -0.6122240535126602
30 35 0.3654568484988019
30 41 0.013910467961632866
30 52 -0.03528689825503184
30 54 0.8294090388111164
30 62 0.32265625994823655
30 63 -0.7313908534783791
30 68 -0.6386038080287748
30 72 0.0626663346673153
30 77 -0.14474444026918376
31 45 -0.7160595490329837
31 49 -0.11075588731205621
31 52 -0.9059670066687118
31 53 -0.24081484066122738
31 55 0.5763585808338387
31 70 0.3589893483013338
31 72 -0.5202629009323019
31 74 -0.5876261088107051
31 76 0.743765874398967
32 33 0.1058525538570716
32 36 -0.7756760935358704
32 38 0.1115268927818025
32 44 0.5401151653163929
32 45 0.5752974242197342
32 53 -0.35384538447045344
32 55 0.6114851184044676
32 60 -0.27172677431511305
32 66 -0.05506420184348837
32 79 -0.5619441201274862
32 81 -0.055390013421490414
32 82 -0.05673790822381153
33 42 -0.1415486633978258
33 46 0.012569602053962958
33 53 -0.9494436658219925
33 54 -0.2626745839861224
33 65 -0.1505655108332793
33 66 0.14563074757128303
33 76 -0.8799265142224448
33 77 -0.12042747006517862
33 83 0.6486115663408876
33 84 -0.9582935951575864
34 46 0.7115320893375412
34 58 -0.795453221289883
34 63 -0.10689408525653543
34 68 -0.6832289270397014
34 76 0.2445354139165281
35 67 0.6055299824315368
35 69 -0.49304517620884947
35 70 -0.246861356021576
36 51 0.25445254481421875
36 59 -0.5201803354612378
36 66 -0.9440272317856089
36 74 0.19287024150217746
37 38 0.9331529454123568
37 46 -0.9749219634890969
37 54 -0.15640257898890164
37 55 0.5838525696900194
37 59 0.205452759977512
37 66 0.38261468148970446
37 70 0.23926559437527373
37 82 0.7500031314796856
38 42 -0.5944336253327951
38 51 0.5198469511929922
38 66 -0.5032814535815913
38 69 -0.6739094627406759
38 79 0.1133670145534631
38 83 -0.3210067669833707
39 40 0.14146741041933786
39 44 0.5520245090746476
39 49 0.8060672119658974
39 58 -0.8262710584590001
39 59 -0.13561642440957122
39 63 0.7126019204522362
39 64 -0.9474701669767802
39 67 -0.6824886187609052
40 50 0.5836916055739909
40 54 0.8187327340415436
40 60 0.8098581115645269
40 67 0.9492588041122281
40 80 -0.8568378250309805
40 82 -0.3515866156551135
41 47 -0.8908861006370552
41 55 -0.41070538159777703
41 64 -0.17750335292109676
41 66 -0.4508401444989929
41 71 0.08880133205535401
41 73 -0.18135238155999533
41 80 -0.7315457694018639
42 43 -0.8143739067113718
42 47 0.18656953598510517
42 48 0.16761055607949937
42 56 0.7511479408035893
42 63 -0.0019140619604356424
42 66 0.668303308496526
42 75 0.37465039699304614
42 78 -0.37342600150550753
42 79 0.24199167789386133
43 53 -0.24080702505522367
43 55 0.532297704395428
43 72 -0.9985444569498556
43 76 0.7037229070306299
43 79 0.8421580046749613
43 82 0.1906152501337115
43 84 0.6538347202717258
44 45 -0.040248191293675184
44 50 -0.407486500269975
44 56 -0.7128960790743835
44 61 -0.4125807431649777
44 67 -0.9165661013026061
44 68 -0.9185417389948374
44 69 -0.5194618624444467
45 46 -0.6048003336039585
45 48 0.5167771036368509
45 55 0.3815923595957671
45 70 -0.06190023757387175
45 76 -0.5790986330280392
45 79 -0.975195213145827
46 48 0.6477296111771493
46 53 -0.888038569027884
46 63 -0.9258053560437016
46 66 0.617163022603066
46 70 -0.5170920583280363
46 77 0.5496492958745471
47 56 -0.800829029545683
47 74 0.612647497871603
47 78 -0.6022812291978794
47 84 -0.5091147914015708
48 49 -0.5907850706899913
48 51 -0.40422072238510864
48 61 -0.5788602029012346
48 72 -0.28580599808232865
49 67 -0.14126608805084895
49 69 0.8143335844498172
49 77 -0.41653351727338306
50 58 -0.5378291633314072
50 64 -0.3434926553237678
50 83 0.044668026336271094
51 53 0.6135502422164736
51 57 0.919519705932812
51 58 -0.12168103679271036
51 59 -0.1703182783451449
52 54 -0.810216614788976
52 57 0.43944019340486684
52 60 -0.7071920503289564
52 67 -0.46507872695820307
52 73 0.039654488629983664
52 78 0.7294270171324326
52 79 -0.1599860736962111
53 71 -0.6859496695143263
53 75 -0.851279542710192
53 77 -0.7935990483287545
53 80 0.8415883324425149
53 81 0.8584026926275248
54 68 -0.3065521394456061
54 80 -0.33840330534856244
54 82 -0.7360096645604903
55 58 0.2259317974000512
55 63 -0.8319753960716048
55 64 -0.1555967402907228
55 69 -0.44021936369251247
55 80 -0.36070355495899054
56 57 0.18942551317307288
56 60 0.6489517697983922
56 72 -0.4547380652912629
57 65 -0.06320113029223973
57 69 -0.29164408017745447
57 70 -0.13416501262252134
57 73 0.8579555353220694
57 76 0.42933922950095127
57 77 -0.28064836175175634
57 79 0.9057413259741853
57 80 -0.1737833329664329
57 82 -0.6128262013374872
58 64 0.1978277475632786
58 69 0.9281967826189803
58 75 -0.6435946103816155
58 78 0.38740765462038174
58 79 -0.41518240745057056
58 80 0.6843369619969921
59 67 0.8499100033392126
59 71 0.6921857979290331
59 73 -0.8983998381362244
59 81 -0.8792823274043395
60 65 -0.30616241265082533
60 71 -0.06281927496008421
60 74 0.8757896134936438
60 78 -0.4885343470995265
60 80 0.9449290550500131
61 64 -0.7407133243665838
61 74 -0.8569960272782284
61 78 -0.04009870303958496
62 65 -0.5268687757553234
62 76 0.6126021734391958
62 80 0.9081140850200178
62 82 -0.8679943478279732
63 70 -0.3997319610598562
63 75 0.5588350727442046
63 78 -0.7769968517842194
64 67 0.5484404309704132
64 72 -0.30879956830228306
64 77 0.43053382746192814
64 80 0.029464111995422204
65 66 -0.039761205143555856
65 77 -0.6782170985915141
65 81 0.5414535444413884
65 84 0.19488839750277887
66 80 -0.1653507447619038
66 81 -0.08407622890094957
67 77 -0.39748617279474385
67 78 -0.9290581488829168
67 83 -0.0024131642986078283
68 69 -0.5283374332310338
69 78 0.05188017705361947
70 77 0.9676636192269983
70 79 0.1671504328796607
70 81 -0.8391219772975025
70 82 0.1991834418657381
71 76 0.009818469109105221
71 83 0.49478415730940584
73 78 -0.40849207507393115
74 77 -0.5391699651376154
74 78 -0.2333968582495276
74 80 -0.08952296292451134
75 77 0.7508725324307337
75 80 0.18106407955638582
76 78 0.5628222896625947
78 79 0.16351418296181053
79 81 0.6921074853632037
79 83 -0.9846156092559608
82 84 0.5829115332920303
