85 188
0 -0.9706182087198674
1 -0.44483272796585926
2 0.8242834648831212
3 0.36358496396700546
4 -0.8113401097651813
5 -0.8582019019430072
6 -0.7350787914590884
7 0.8810231845035339
8 0.28701981580069225
9 0.6110888640222769
10 0.106070370471953
11 -0.47655592142662573
12 0.34109045669947213
13 -0.5063105366693663
14 -0.147702162987001
15 0.9190168384301538
16 -0.5189379808977947
17 -0.4795012242836254
18 0.13902965449248583
19 0.9624256669219609
20 -0.11508921896439972
21 0.6338497514526309
22 0.13967225139313966
23 -0.7341443483100936
24 -0.7877668291875699
25 0.01736580387005393
26 0.721810090033755
27 -0.29010345783476765
28 0.8772445174359165
29 0.7578242438863214
30 -0.34728929090992566
31 -0.9490824462802454
32 0.3587290628910096
33 0.019561087066588323
34 0.8580332560796813
35 -0.950109896484066
36 -0.6167070173722851
37 -0.6171221738882495
38 0.4363773418136794
39 -0.2777335260279292
40 0.9347404537088373
41 -0.851957517337903
42 -0.7384196160522418
43 -0.6491711826528783
44 -0.5846457838198218
45 -0.5554944471806122
46 0.40831681698571587
47 0.8131609249437837
48 0.9536071739277503
49 -0.34924282939363693
50 0.5083381469365225
51 -0.6111023548164145
52 0.8499877478977409
53 -0.04866707186640329
54 0.6705150143961973
55 0.5589284197621345
56 0.7374986552428555
57 -0.5399461992208467
58 0.8210430675124927
59 -0.2768209850605563
60 -0.681505132997712
61 0.6789795621532755
62 0.9880492866957438
63 0.7425241479760574
64 -0.44745783174726617
65 0.5295875465220576
66 0.6217471052032439
67 -0.2526706726851973
68 -0.28512174148885605
69 -0.2854338405474228
70 -0.3952962546011476
71 -0.2937179824372529
72 -0.3152213125002148
73 -0.48183736125317544
74 0.8952369104014171
75 -0.532103689978676
76 0.5584492165685304
77 0.6420976302353696
78 0.05178753619597942
79 0.5497076954775577
80 -0.13939138509282567
81 0.37856964153361883
82 -0.3570853517070607
83 0.8986536178921745
84 -0.8640890989560175
0 6 0.48683937693143764
0 11 0.5717284583742521
0 27 -0.15159190448112692
0 32 0.8138479972022366
0 59 0.36851466786897835
0 61 -0.4437669322480673
0 62 -0.3253152496381433
0 70 -0.7690473103429369
0 74 -0.4733721716834083
1 10 -0.5915433425818055
1 24 0.2200586978593233
1 59 0.7675339920249136
1 73 -0.10979823658802212
2 5 -0.3632422655478169
2 9 0.4967805325299304
2 28 0.3938466622464265
2 52 -0.2049295541734364
2 56 -0.4431061729680188
2 61 0.8303472504190821
2 83 0.4963418476396604
3 6 -0.3389005613865157
3 38 -0.6113530500539546
3 49 -0.6306470718380357
4 18 -0.9516055839618816
4 19 0.5437840852336657
4 61 -0.7643921198745625
4 67 0.686533162808427
5 17 -0.27835407676575374
5 39 0.6991496271428026
5 63 -0.345741373751024
5 68 0.469861747027682
5 74 -0.7510606399020006
5 80 0.10839120738884178
6 24 0.9038793890603494
6 29 -0.14197290099012094
6 32 -0.7636288974999672
6 46 0.44987638801207797
6 53 0.7646687226037854
6 57 0.5615033796828199
7 15 0.5974852269306681
7 52 0.40387441355566933
7 62 0.5275725875660864
8 39 -0.8969253838257432
8 50 -0.5489196654458566
8 70 0.014258690851612688
9 14 -0.4053461847143507
9 24 0.7001288093630198
9 26 -0.7199479668170297
9 75 -0.7083211586453315
10 25 0.2651064477345657
10 35 0.4538108027243315
10 45 -0.358492608091739
10 66 0.5174467361073287
10 71 -0.9898199348684737
10 75 -0.7828111138290503
11 37 0.40218267890511816
11 53 -0.6288525681427324
11 60 0.9980656959395335
11 66 -0.926972391823564
11 79 0.4759019413143408
11 81 -0.05314010556874327
12 50 0.09634490452277111
12 76 0.36479685045161636
13 17 0.09318996223159015
13 29 0.2614379889394185
13 55 -0.7587541447002122
13 65 -0.7994981495474034
14 26 -0.43533120931675184
14 50 -0.6027006183342445
15 20 -0.6366584625401739
15 51 0.8631639731196357
17 39 0.8368469571920016
17 55 -0.8467069499000697
17 57 -0.3355089754403644
18 35 0.9386777776487725
18 39 -0.8251858061669739
18 48 -0.5186595919345183
18 52 -0.6850802919726462
18 57 -0.010524751916976882
18 58 -0.042330748787870354
18 64 -0.8181247231213793
18 72 0.19309825458288654
19 59 -0.11501391771484748
19 84 -0.8791020183330633
20 31 0.041019997326345425
21 25 0.5394403040470646
21 36 0.4878434083414349
21 61 -0.3736064026628074
21 72 -0.5399699856933362
21 73 -0.2504014362341216
22 30 -0.7469154150762531
22 52 -0.07653309984866907
22 57 -0.23036396964701633
22 70 0.24058107391368955
22 79 0.501291151114899
23 25 0.9847319445709106
23 46 0.36363074104555415
23 48 0.8498683875530268
23 55 -0.21079820089586732
23 79 0.5212555912377295
24 28 -0.9254519425032717
24 50 0.6344065833285868
24 56 0.48126009866733876
24 58 0.2892929085668101
24 59 -0.454356361714225
25 68 -0.15479632154544287
26 57 -0.9381859997788708
26 58 0.4645424404926355
26 73 0.005461987271925262
27 52 -0.5976187082703366
27 53 0.34740710124011676
27 65 -0.3484709610177761
27 66 0.16259129644640513
27 84 0.9953334963103808
28 43 -0.9230394055877176
29 50 -0.008141119008345354
30 33 0.7441610308952744
30 38 -0.5236140712043986
30 50 -0.8684887208314269
30 51 -0.8973692911356639
32 38 0.922176396692979
32 39 -0.9977524815692413
32 52 0.8999486988875356
32 54 0.14042913497279463
32 57 -0.3464215342703021
32 59 -0.5862890239335903
33 37 -0.17178656895102673
33 49 -0.004980661577781653
33 68 0.23640547006815327
34 43 0.29641356779734895
34 52 -0.2872616762443878
34 79 0.1154582467337113
35 45 0.40079060407679146
35 81 -0.3775315548222611
36 45 -0.09346645263286968
37 48 0.079824952105777
37 53 -0.9964471015042742
39 46 0.3364622952457912
39 74 0.8020634576308261
40 54 0.6477193114536139
41 62 -0.0031039623183655163
41 72 0.7062711068834335
42 48 0.08080171568741634
42 49 0.19878723558371392
42 55 -0.9182329741087198
42 59 -0.03538901943204764
43 51 0.7127059450060531
44 45 -0.9060991140930452
44 52 0.16949265525000579
44 55 0.8621120054410294
45 52 0.5742932554335256
45 68 0.16935244208778188
46 68 0.05469399071403114
47 74 -0.9625284401851371
48 70 0.3258635980142721
48 79 0.7818420455696435
48 80 -0.9463112056864658
49 82 -0.1141552827757355
50 64 0.1559011590528132
50 65 0.26727570990581895
51 52 -0.47418425088713945
51 76 -0.9732159956581163
51 83 -0.8426189272050131
53 75 -0.07539463876467134
55 58 0.682512468071333
55 60 -0.3291055375670826
55 74 -0.16923192198163117
55 78 0.6434302828550877
55 82 -0.9689276650502441
57 58 0.741059873632155
58 63 -0.5559916538762673
58 70 0.5664272594024429
58 73 -0.7849071191735824
60 65 -0.8248219712224565
60 71 -0.3550977621085776
61 65 -0.8213817607796858
62 73 0.8899147741193791
64 68 -0.4190804510177979
64 75 -0.09768645733209325
66 69 -0.45217327875592206
66 72 -0.12032033701651468
66 74 -0.016298718981348603
67 79 0.39581403254621805
72 84 0.5717094495588719
73 75 0.7495561342384565
74 76 -0.6798989205807899
79 80 0.2535335908616976
82 84 -0.4728407611486396
