85 179
0 -0.5213007949303323
1 0.3582490622820005
2 -0.3322906291355945
3 0.07082843146090267
4 0.7521970822389175
5 -0.3346735615800347
6 -0.9885373235012909
7 0.07239963509640113
8 -0.4476872957600506
9 0.014995341169316223
10 -0.8084400629826822
11 -0.8318950629130708
12 -0.9107901281744315
13 -0.6706844985487252
14 0.8873417492305848
15 -0.7814390709633912
16 -0.645618027979552
17 0.11341279362046008
18 0.6025794975889094
19 -0.7550579556068806
20 -0.4010255292951008
21 0.2807931103619614
22 0.03959818559489281
23 0.5962637886848541
24 -0.12380048082762807
25 0.7036142034639981
26 -0.8906340735437566
27 -0.2902980008689491
28 -0.5461002619870534
29 0.8989254444217911
30 -0.15520860197500252
31 -0.0687543940195694
32 -0.06792977251982601
33 0.7894486831403784
34 -0.7727233548999728
35 0.9200862922286832
36 -0.28423064969971756
37 0.681028200984702
38 0.7675028256432213
39 0.6483891775322828
40 0.670635859253625
41 -0.16850776167896808
42 0.3477090038479824
43 -0.8049775317439083
44 -0.6836246488511744
45 0.0229108640290534
46 0.22874529214453898
47 0.16616510950140762
48 0.6489211292514228
49 -0.5952146540943328
50 0.5908961772603389
51 0.007156574874639388
52 -0.6160734725980661
53 0.711624533073292
54 -0.56119486580261
55 -0.6153413374148085
56 0.0736844585890859
57 -0.11156704658014305
58 0.30279650395654367
59 -0.5375959541098447
60 -0.7230836727608829
61 0.4590678556313883
62 0.3950991090510725
63 0.4920904749220465
64 0.6725304689143066
65 0.05859500580073096
66 0.2371436810819072
67 0.7680052865658604
68 0.4621147965983534
69 0.13318853280679654
70 -0.005712784444091179
71 0.6973774842264369
72 0.7952136851590887
73 -0.7596641646753888
74 -0.15948414230806485
75 0.6880754594790723
76 -0.18046595869802307
77 -0.6778138105559268
78 0.8446684360598404
79 -0.1647142627357292
80 -0.805246753111686
81 -0.17877890328155144
82 -0.46969553383480833
83 -0.2955510281997624
84 0.23834950975496505
0 6 0.9321446586083324
0 16 -0.05703220883799065
0 17 0.3856499225828012
0 31 0.004912344835278137
0 74 -0.7413586271207675
0 78 0.24715522492951392
1 2 0.9927454419896875
1 4 0.34148623299408976
1 17 0.33243942308481333
1 28 0.3486407868630834
1 29 0.8374058293970561
1 41 -0.776084013580058
1 43 -0.7154333939476138
1 84 -0.9408170020407476
2 26 0.43055372470386755
2 60 0.16662101977763588
2 68 -0.21012623514927276
3 4 0.405227919055442
3 33 0.9229188182246373
3 54 0.6506633618677029
3 67 -0.9742670771906847
4 6 0.5312691687602829
4 58 -0.7903350991682709
4 80 0.3415167158265233
5 11 0.7149643267293055
5 33 -0.7426842510384628
5 43 0.6023223817006047
5 45 -0.23478510346250747
6 22 0.8375023877747874
6 41 0.6866356030056961
6 49 -0.3171480787153367
6 56 0.477022442289756
6 79 -0.7450635881585412
7 19 -0.9441828476656879
7 61 0.4720408050848077
8 44 0.5998522418630563
8 50 -0.7131939643243199
8 60 0.5200258971655698
8 61 -0.5139789797253898
9 55 -0.2346309632462007
9 76 0.7387772358728508
9 84 -0.1041034334694424
10 14 -0.7136652200404934
10 67 -0.8999591930019986
10 73 -0.7514712731576507
11 16 0.9997784972269104
11 20 -0.32112625306624554
11 34 -0.5080470324350124
11 60 0.07192153657030897
11 63 0.07934920649372246
12 21 -0.9311846545255009
12 57 -0.5835343273273008
12 74 0.7165397430355154
13 53 -0.9449606062944127
13 67 -0.026060045560939438
14 15 0.20948870663742758
14 22 0.9961200866793545
14 37 0.7193829651795465
14 84 -0.03791639917693823
15 24 0.2469098986846292
15 27 -0.28038363962891455
16 31 0.3782152178774667
16 68 -0.4158050505573112
16 77 -0.21368394034906957
17 43 0.6832430493149073
17 46 -0.7650950394326022
18 22 -0.3231227278686879
18 25 -0.5683812380965925
18 34 -0.9099973390871932
18 45 0.025083366523353856
18 77 -0.010124150411046529
19 28 0.07545246866838595
19 49 -0.9772417141735519
19 62 -0.2823203316522118
19 67 0.35659367608683756
19 70 -0.058531154374833694
20 48 -0.032253783594755614
20 56 0.21994273624821736
20 81 -0.8234010153268494
21 49 0.5125722219343634
21 64 -0.5672158215144325
21 74 0.20919771366928352
21 78 0.629128913489843
21 81 -0.9939780179134623
22 37 0.2991106789115159
22 65 -0.5484263029415972
23 35 0.35680188344014385
23 37 -0.6930651793636495
24 26 -0.046433273737980896
24 43 0.00198463631382384
24 52 0.1301446602478984
24 59 0.8646957175467918
25 51 0.09076737160997772
25 57 0.589942520650981
25 59 0.8839497862801435
25 81 -0.16035727948682998
27 37 -0.7071928525111117
27 40 -0.7094319052973912
27 74 -0.5058280904490506
28 67 0.38268247153752855
29 31 0.11019659045977659
29 74 0.724367660499339
29 80 0.18216520116049373
29 83 -0.20909821171785548
30 76 -0.5027481643433225
31 39 0.2583604083093354
31 64 0.20545021292518584
31 76 0.291028365899098
31 77 -0.20872346041148737
32 52 -0.3293758846386903
33 58 0.37927188208156304
33 70 0.857131161886183
34 48 -0.6244696593356531
34 52 -0.18772874094341674
34 59 -0.2635023481232335
34 70 -0.2600651551309492
35 55 0.8069298395016398
36 39 0.9840346232764676
36 41 0.6305612453814351
36 71 0.14155419091184496
36 78 -0.7385262277182099
36 82 -0.4023236959630545
37 73 -0.03822188311490682
37 78 0.8508437124003239
37 84 -0.22120523761935362
38 47 0.33124092504014
38 71 -0.4312245880778198
39 58 -0.4491379635338477
40 50 -0.9109538388345364
41 53 0.9045224347083649
42 55 0.4983096916259131
42 56 -0.8114629879037893
42 82 0.6948137199274949
43 45 -0.03642218501942707
43 67 -0.5738627525760585
43 84 0.07090500368967279
44 54 -0.090594799299349
44 58 -0.26452090071721046
44 82 0.502653280428166
45 81 -0.5764642816995906
46 66 0.7488786995102445
47 84 0.47497313529427143
49 63 -0.859674811679529
49 68 0.7937307070504922
49 72 -0.8151437461407989
49 80 0.7326925863899119
50 66 0.73034702592088
52 58 -0.5323489415164684
52 60 0.9734978294595169
53 77 0.3897252291042912
53 84 -0.6151106007419782
54 70 0.9253037070350771
54 73 -0.96412497955937
55 63 0.09313736420650609
55 79 -0.08298367977116938
56 61 -0.11859777631028434
56 64 0.7341490627478124
56 73 0.6830884908206665
56 80 -0.8646312133531906
57 81 -0.19632298493363964
58 61 -0.22007015210594694
58 65 0.42112622024346513
58 70 -0.38327548890339136
58 80 -0.5002947519325787
58 83 -0.47636212258899935
60 66 0.49805968546465285
60 74 0.012595685686024982
61 66 0.06317564460479219
62 75 -0.27091874251403825
62 79 -0.15156556881098804
63 70 -0.5151901529290521
65 74 -0.16241578827744596
66 74 -0.2527897538098325
73 80 -0.5199885061934937
77 81 -0.03726042222292536
77 84 0.7977858744996822
78 82 0.06937162356202431
79 83 -0.12119536140388365
81 84 0.13688047799647118
