85 896
0 0.47677631640636653
1 -0.27565212586274
2 -0.12260933966284004
3 -0.42916627979526956
4 0.7479470469727225
5 0.9765577962840002
6 0.17513160940911354
7 0.8715458322124541
8 -0.5430280568793999
9 0.4497543543293432
10 0.7748513256108707
11 -0.3195978233124823
12 -0.776675210315223
13 -0.7314638892842789
14 0.3323378190856343
15 -0.7513075141585499
16 0.8399541732860543
17 0.3368665220300935
18 -0.6998646201330729
19 -0.5947893108348168
20 0.025044355225858794
21 0.6888101147419532
22 0.40847323228198973
23 -0.4664474018435758
24 0.558053213063094
25 -0.45611731833203617
26 -0.5800348867541965
27 -0.7247785855291442
28 -0.2490078960011426
29 0.42113921547217226
30 -0.19389962601040356
31 -0.6490530347263981
32 0.6955399910880458
33 -0.42131525670507464
34 -0.9864539504129408
35 -0.17057649208966863
36 0.318069960127336
37 0.7296224422429647
38 0.6112339015104016
39 -0.3374400600052765
40 -0.4348571591739794
41 -0.5127029830516558
42 0.4257782594178754
43 0.30390363299608647
44 0.3169035690833104
45 0.4644669337394045
46 -0.6177386331242942
47 -0.8083789396332879
48 -0.6359660342316367
49 -0.883165408495721
50 0.04299160372568478
51 0.09860633635683014
52 0.9181056670739081
53 -0.03814441203434238
54 0.3002235195639149
55 -0.605595472022634
56 -0.7935140263873777
57 -0.33419276300561274
58 -0.2618586084501633
59 0.93524758471961
60 -0.6390203836632034
61 0.42754508733674634
62 0.33549237549826905
63 -0.8751059305554949
64 -0.552841331087617
65 0.9310632517149358
66 -0.08986956333787832
67 0.12390998080051796
68 0.006692575812502932
69 0.6200462677898428
70 0.39995234532529245
71 0.40856266839413413
72 -0.5885071080626607
73 0.03761078420757191
74 0.5018452092987946
75 0.46947557072266344
76 0.4695499451338945
77 0.44082309575243217
78 -0.6122474621232221
79 -0.7024021113566219
80 -0.3526370533876104
81 0.9817896545719378
82 0.20365781154444895
83 0.9761941855141134
84 0.8103240805087082
0 5 -0.9069341672447111
0 6 0.5170174621720665
0 8 -0.5458748901988082
0 10 -0.6291045890054638
0 20 0.33156160199757645
0 27 0.3609209205397823
0 32 -0.9627048177378341
0 38 0.7055028240641505
0 42 -0.9692691684920651
0 44 -0.7411066771183608
0 47 0.6521528311538944
0 49 0.2003627265801704
0 56 -0.7502526248793342
0 60 -0.88724087802288
0 66 0.8064826427861724
0 73 0.01904123718742734
0 78 -0.887877747052469
0 81 0.38001349443094834
1 2 0.2627079478785401
1 7 -0.7839701113981115
1 8 -0.380625746019726
1 17 -0.300193723787767
1 21 -0.6458414084231112
1 25 -0.8710723879474376
1 28 -0.4676897503309916
1 33 -0.20413774655678596
1 42 -0.22954048744543787
1 47 0.6814447889943582
1 51 0.03202735388550426
1 55 -0.7792792585716368
1 60 -0.8970350162317964
1 62 -0.9564331518553613
1 66 0.958228526813026
1 68 0.7529803318958395
1 71 -0.6392541126553657
1 72 -0.001139882392953817
1 76 0.7120313102692843
1 79 0.013237501169530264
2 13 0.21856983302846045
2 14 -0.7912139657913788
2 15 0.42899340379908657
2 17 -0.5569843777981702
2 23 0.6162122039377815
2 26 0.16399792154574921
2 33 -0.9622907855860705
2 34 -0.3059097372505628
2 35 0.8063717165077249
2 36 0.8854473635174658
2 37 -0.8296405920946004
2 40 0.2801433930275208
2 41 -0.055489927186246346
2 44 -0.5390440983495901
2 48 -0.10482353462709382
2 55 -0.9239934909910579
2 56 -0.47382806683896295
2 61 0.6863949550838457
2 69 0.37631474021222777
2 75 -0.28110933921467374
2 82 0.7380005626164035
3 5 0.25589874270026214
3 8 -0.4848127742013364
3 16 0.7486605331092853
3 18 -0.011099937476569233
3 23 -0.8818170555262663
3 26 0.5778543466869221
3 27 0.2472090000763667
3 34 -0.8484095271089136
3 38 0.9953276357275658
3 40 0.21939788479688893
3 42 0.23305276725226842
3 44 0.1663487907199399
3 47 0.7400757177934636
3 56 -0.4748577906857163
3 63 0.07790133053483417
3 65 0.9577403680349652
3 66 0.27837913156448213
3 68 -0.4620593067511465
3 76 0.8522345587515145
3 77 -0.850386339969482
3 78 -0.24810233331783693
3 84 -0.1408445502479283
4 5 -0.11966725053942051
4 9 -0.5185726653279263
4 10 0.4251370466640545
4 11 -0.656877715820785
4 12 0.5472577998956336
4 16 -0.528415439747282
4 22 0.8650585178234929
4 26 0.8683626824415049
4 27 -0.5585379255396961
4 29 0.6110087579417038
4 30 -0.3639100857183908
4 32 0.8989893812447811
4 38 -0.24468481789895247
4 40 -0.7930035068566941
4 41 0.25354593961750105
4 45 0.7729955406491837
4 49 0.2510473459659248
4 50 -0.6950054849278979
4 51 0.8014020424373438
4 52 0.7649252008615259
4 53 -0.2432541380517026
4 66 -0.12368352448017639
4 71 -0.44117766840587347
4 73 0.9172023522285515
4 78 -0.951972900977242
4 81 0.8785569803405311
4 82 -0.14694739259104161
5 11 0.7523833118029453
5 13 -0.6713173192063351
5 31 0.4315138349718859
5 38 -0.471305693993068
5 40 -0.007265604663834191
5 43 -0.2895164516168831
5 46 -0.08780809859757888
5 48 -0.872721506037623
5 56 -0.9233088236383964
5 57 0.4369873606139565
5 60 0.590508084906995
5 61 -0.9555791329799062
5 80 -0.5647120282940612
5 83 0.17762772058353682
6 8 0.5503522041007873
6 13 -0.6337630707740618
6 14 0.009304854646776883
6 15 0.2117256972831114
6 16 -0.6327799974452106
6 18 0.05214271134401094
6 24 -0.20309944654343215
6 25 -0.5873688589748658
6 27 -0.2419442744733742
6 28 -0.42334696691016216
6 35 0.270722456446703
6 52 -0.8455250362783349
6 54 0.5245828505146091
6 57 -0.4196649061215951
6 58 0.70467965677973
6 61 -0.30736841425212824
6 63 0.012251714866116092
6 64 0.7298594261495934
6 65 0.15140830517183068
6 70 0.9725557208433337
6 72 -0.7371133781691597
6 73 -0.36150308093579686
6 81 0.1308553669046082
6 83 -0.22729170353950168
6 84 -0.6502760630045095
7 10 0.8674395534121437
7 12 0.1339688427033061
7 14 -0.18366688852515378
7 20 0.08191578148239675
7 21 0.9537449760076584
7 22 0.727117944852198
7 30 -0.9738972302942226
7 35 -0.7643778432651609
7 41 -0.6803519467326948
7 44 -0.7409622221888139
7 46 0.24967352148996946
7 47 0.7012210719616225
7 51 0.6994795054024543
7 58 -0.8909493713168373
7 59 0.6034022811271555
7 60 -0.9198241940700742
7 61 0.237555071088277
7 62 -0.9518859821448287
7 68 -0.9923120204836047
7 69 -0.10464196605686471
7 71 0.6328789205500716
7 74 -0.13853194124996948
7 77 0.8220469414138385
7 84 0.03641530516822433
8 12 0.39845987029955343
8 14 -0.7658003966849711
8 17 0.5726763251215388
8 20 -0.18084541476822258
8 24 0.4602965752809818
8 26 -0.14093142233246025
8 27 -0.27926763671610444
8 29 -0.05359115541717041
8 34 0.013539090384737884
8 35 -0.5581963627661157
8 40 -0.007350422322004446
8 41 -0.4138552710343246
8 43 -0.5891810832997681
8 48 0.4376865751862842
8 50 -0.4674147604471026
8 52 0.5566093520970403
8 56 0.7630105205058739
8 57 0.6086153930972755
8 61 -0.07539423146610069
8 62 0.482345430239536
8 63 -0.8478399763997757
8 65 -0.9281611944158998
8 66 0.5956224624663597
8 67 0.9586691425815301
8 69 0.3064338561601281
8 84 0.003237118204662215
9 10 -0.3774495458025733
9 11 -0.694546688548831
9 12 -0.41474331805844034
9 13 0.41854955050879217
9 14 -0.24077082991266296
9 21 0.019087551773829592
9 24 -0.23065181337181384
9 28 0.9348195298918704
9 30 0.05281652178406149
9 31 -0.3417845225654017
9 34 -0.5050842117269057
9 38 0.006212639263667219
9 47 -0.23047161205293643
9 49 0.9052259224182999
9 54 0.7770785471001016
9 55 -0.11977524576924758
9 57 -0.6359789392162021
9 59 -0.9814636965988182
9 63 -0.7264345411465338
9 66 -0.22029444817468247
9 68 -0.48811243228811296
9 74 0.9108053589163172
9 76 0.10877187256202703
9 83 0.858342876940791
10 16 -0.05776822985995156
10 25 0.544498871859493
10 31 -0.08073093862656977
10 32 0.5889403877066302
10 37 -0.8837548291913182
10 46 0.2045018380064778
10 48 -0.36446456954718576
10 54 -0.6446460284735698
10 55 -0.996500432670784
10 59 0.34067545877734373
10 61 0.6923683244607299
10 67 0.4653570796407738
10 72 -0.04723578382783389
10 73 0.19807002875490087
10 76 -0.4504754802152158
10 79 0.6755601632283899
10 81 -0.8501774805039342
10 84 0.6627352192497897
11 12 -0.002674337644504421
11 13 -0.8848073056462018
11 24 0.026621121094581923
11 26 -0.6109223723201607
11 35 0.39781021275781936
11 36 -0.8559453902600931
11 42 0.2426478090834565
11 43 -0.0033789771040133587
11 53 -0.06612617859236591
11 58 -0.7360355477302556
11 64 -0.9440036790561717
11 73 -0.8735531107875967
11 77 0.5470891388667192
11 82 -0.32290231455987217
12 18 0.4064520181152198
12 19 -0.43347812248899675
12 20 -0.7083760200113907
12 22 0.3750047784706618
12 24 0.5332846583667994
12 26 0.5424594871642663
12 27 0.6817425751568007
12 28 -0.7744605679127414
12 29 0.4568973906213727
12 32 -0.7562882930707628
12 47 0.002078718936930457
12 55 -0.25123303470999025
12 61 0.6142461902132179
12 62 0.9430940428999239
12 67 -0.7446197012650999
12 72 -0.6011287340517226
12 74 0.2792515679319916
12 81 -0.6554225789726102
13 23 -0.5414174209715439
13 29 -0.9795137190861931
13 32 0.4562678603416528
13 33 0.20444593187549476
13 34 0.32622396667780307
13 36 -0.46109447450900487
13 38 0.6005634144944187
13 46 -0.4754755454253885
13 51 0.5752550711506197
13 52 -0.4194879996307721
13 53 0.10012126121022358
13 54 -0.5936551405991233
13 60 0.5386757017176012
13 67 -0.8414256078284774
13 73 0.38416865078146545
13 74 0.06089480414581927
13 76 0.43658131203088923
13 77 0.9640028761975132
13 78 -0.3736062629227941
13 84 -0.04785499480648725
14 19 -0.44061116279313284
14 33 0.2745144313657777
14 37 -0.09667047708056598
14 40 -0.4785229676763558
14 43 -0.23340945923970113
14 48 0.13851665533102198
14 51 -0.06752205286520674
14 53 0.9192690638922809
14 55 -0.07290777874401733
14 57 -0.06761523999006624
14 68 -0.8991266473223609
14 75 -0.7456699913731037
14 80 -0.32402388973706286
14 83 -0.24972640804595625
15 19 -0.29187911224062635
15 35 -0.37675462993945064
15 36 0.7573919493688273
15 38 -0.11823428665452296
15 46 0.5113889197877726
15 50 -0.017228452251597526
15 58 0.5480358331383348
15 59 0.5876822165506215
15 62 -0.5576813046729767
15 66 -0.9127714190139313
15 71 -0.4815423390840543
15 74 -0.4404133819564082
15 77 -0.9601500427726826
15 80 0.0013678836806521044
15 83 0.4581525397953137
16 23 0.09195659621691643
16 26 0.20541164694699532
16 30 0.5819999818223709
16 32 0.9446054844871574
16 41 0.1307180889133106
16 42 -0.667899888816138
16 46 0.8089908309475278
16 47 -0.301400840727303
16 52 -0.3147573245587545
16 53 0.6094815539996754
16 61 -0.44004596176246524
16 65 -0.5013022900817374
16 75 -0.2967002344555034
16 81 0.9886934250384429
16 82 -0.6097850587706488
16 84 0.45412816526647615
17 22 -0.7656993204843723
17 23 -0.20472210205320596
17 26 -0.6308887619197137
17 27 -0.14417158187885515
17 30 -0.45425372037444434
17 31 -0.534071675498899
17 38 0.1956184560151637
17 46 -0.15261677256301875
17 50 -0.8619934131953058
17 51 -0.2121323674204012
17 64 -0.8784001307308205
17 65 0.15689521071729606
17 68 0.4030445844866599
17 77 0.45073870657292403
17 83 -0.04758226199830662
18 19 -0.17058428481880417
18 21 0.22732125610489118
18 28 0.5838701144538629
18 35 0.24756230478938046
18 36 0.7543676243737945
18 37 -0.33047851088200986
18 40 0.46300231554083937
18 43 -0.16999153136726375
18 46 -0.08617847030468662
18 48 0.4809780471315448
18 49 0.4207209791860629
18 51 0.9062174251899386
18 53 -0.412360579280709
18 59 -0.7472898433724244
18 61 0.526090187787386
18 63 -0.29408385706936757
18 65 0.6035926417391715
18 67 -0.9764008863662843
18 74 -0.09551852412530248
18 75 0.7905098545048037
18 77 -0.2783924847870378
18 80 -0.41061224267007
18 81 0.5907490701026561
19 20 0.4527136824190774
19 25 -0.94673683177256
19 26 0.22663948619746432
19 28 0.06267718832204294
19 36 -0.3829750513857799
19 43 -0.6155823212783595
19 46 0.5644412806786188
19 56 0.12550119853325925
19 61 0.5179963938701173
19 62 -0.10852583021366868
19 65 -0.5590144077118551
19 72 -0.6392806560301632
19 76 0.7033138152752947
19 80 -0.3276594061994367
19 81 -0.7839783109592353
19 84 0.030816772860425834
20 22 -0.8920023119955216
20 23 -0.6888191394076382
20 24 -0.27940508852730317
20 26 0.7884115754958847
20 27 0.14954655608699374
20 39 -0.5504588622809414
20 43 -0.7360489253714424
20 49 -0.6927740475766069
20 53 -0.11256205656359586
20 54 0.5690430555402068
20 56 -0.04088851365057611
20 61 0.35345960082636596
20 63 0.905131551860205
20 68 0.5684916043602166
20 72 -0.576448893603563
20 73 0.8614009419280326
20 76 0.8740261334004107
20 82 0.1978116097662279
20 83 0.7039504573137634
20 84 0.4912801611774864
21 23 -0.8904759025936448
21 26 0.8830246635514458
21 29 -0.5254808012352539
21 32 -0.9898973521326726
21 33 -0.5902848661206248
21 34 -0.9509369901061011
21 38 -0.53431652196345
21 44 -0.8802189090919972
21 48 -0.08946488634085958
21 50 -0.8972591134141856
21 53 -0.5373019917147268
21 55 -0.9434140758253051
21 60 0.10885953642162516
21 61 0.17806164418636494
21 62 0.27422981852991324
21 63 0.09846162941115444
21 82 -0.3133114332055422
21 84 0.882422591651489
22 25 -0.09455272555146332
22 33 0.48070584084492984
22 47 -0.6026438854563849
22 49 -0.39988744635498574
22 54 0.590053159011799
22 56 -0.27223871553587253
22 58 0.17543211555837157
22 59 -0.019015458689871867
22 60 0.5546459741029257
22 61 -0.46476574063535137
22 63 -0.8856472590691387
22 70 0.8307258920919418
22 76 -0.3030499066345198
22 77 -0.7798189746686297
23 30 -0.9129358011645781
23 39 -0.4408437716413134
23 44 0.8309176479652842
23 45 -0.671644054676453
23 54 -0.9486649380736569
23 55 0.6558113481974019
23 56 0.7755780249120348
23 57 0.3632063550133031
23 60 0.2348873261463107
23 65 0.3671277144058023
23 68 -0.4567374453114741
23 71 -0.3260964198957266
23 74 -0.7815343942609476
24 27 -0.16776235632826975
24 28 -0.8160565740929242
24 33 -0.1391230003118462
24 35 -0.11004665872888575
24 37 0.1760815246204117
24 39 -0.648851798226391
24 49 0.746968548209346
24 58 -0.4528623019229898
24 59 -0.25154407721512206
24 68 0.07463285885516013
24 70 0.5528757835690876
24 71 -0.20190016682449885
24 72 0.705744276108988
24 73 0.4659774693774701
24 76 0.3125344081569643
24 81 -0.6505796329373466
25 26 0.7800971758414912
25 35 0.17817249948892377
25 36 0.798934921509407
25 37 -0.6653530474059437
25 41 -0.24432364570100562
25 42 -0.9007612125435234
25 44 -0.03165490471871735
25 57 0.3399179783734039
25 60 0.2580545950352622
25 62 -0.498942585243344
25 68 -0.9739054565005043
25 71 0.16103582576552844
25 76 0.14866707466375706
25 77 0.9841977520036909
25 80 0.6583977911117049
26 31 0.9186303276853478
26 32 0.0009822688927201284
26 35 0.8334598970647942
26 37 -0.45162369768755606
26 38 -0.4486069525394152
26 42 -0.8331222931114155
26 43 -0.39775446171887396
26 45 -0.6030846107896839
26 47 -0.7928682604486841
26 48 0.1598760893543174
26 52 0.2309143912579792
26 61 0.34197191504577873
26 63 0.5068705760925754
26 69 0.5229229955224284
26 80 -0.5046245085394354
26 82 0.6529466102861825
26 84 -0.07655882861800034
27 30 0.1483320724001782
27 32 -0.9684954233857717
27 37 -0.09699797815368161
27 39 -0.028830359907182412
27 42 -0.5839581732275718
27 45 0.4142165913122544
27 50 -0.18861581691485552
27 52 -0.351521768073237
27 53 -0.9137996428235811
27 56 0.937077373909259
27 59 -0.9408844631183824
27 64 -0.4961782160142556
27 66 0.16573107082430183
27 75 -0.5025046241756439
27 76 0.20515725819428732
27 82 0.6110104079455978
27 84 0.7556148558104931
28 29 -0.10375008887527781
28 42 -0.9034829440502816
28 45 -0.9340713746285807
28 50 0.6042426054534469
28 51 -0.9914552693637115
28 54 -0.324696602306878
28 58 -0.36557370038304593
28 60 -0.9652395156721059
28 69 0.6017263626087903
28 75 0.8043395179339852
28 77 0.7313725673750955
28 78 -0.6828261635129573
28 81 0.11652294445037414
28 84 -0.07001399362240046
29 33 -0.4679159168862137
29 35 -0.9045402822832416
29 37 0.2828227951336857
29 39 0.2832951530415295
29 47 0.7389071827602998
29 50 -0.2819252484975827
29 57 -0.5049083038833055
29 58 0.04559293292442779
29 67 0.44232942343889214
29 71 0.041461901623241815
29 74 -0.5410555163755739
29 79 -0.4214908435593694
30 33 -0.10100818937167544
30 34 0.2671224666893608
30 42 -0.06324806294936636
30 45 0.4450571281675868
30 54 0.1484687963102318
30 58 0.061679971884348594
30 61 0.9561991163344714
30 64 0.7276733574875864
30 68 0.37767407929606445
30 69 0.28068262069028616
30 76 0.7845287139230479
30 79 0.13957903177227204
30 84 -0.30536184096649
31 33 0.4856878157421505
31 41 0.6733869565576314
31 42 0.44328992029244296
31 45 -0.5381985741618784
31 50 -0.17845545335208257
31 54 0.2510641785500145
31 56 0.794668956337987
31 69 -0.5948456433529667
31 72 -0.5175144556408142
31 77 0.4079163059418598
31 83 0.925151340092599
32 35 0.42916296661923825
32 38 -0.2703738367774271
32 43 0.9188225234750078
32 44 -0.04096745236499344
32 46 -0.5399583409368407
32 47 -0.34005264084757014
32 48 -0.15905270411636208
32 55 0.19701574134716293
32 57 0.6536470366307925
32 58 0.5576661581453399
32 62 0.9489861295891051
32 64 -0.47888099560694375
32 83 -0.7358132075445802
33 34 0.4565851114094308
33 37 0.6422648365416896
33 38 -0.06806971312542709
33 40 -0.2587250296443886
33 45 -0.11696800760922321
33 52 -0.4100285506532768
33 56 0.7892529945768676
33 59 -0.02981576479131487
33 64 -0.2859473160178718
33 74 -0.30887408764283264
33 77 0.6248463709896013
33 78 -0.726910666252806
33 79 -0.5227444183587715
33 81 0.1663546244134435
33 82 -0.9559599178846634
33 83 -0.7187015339765259
34 35 -0.21245508269075386
34 37 0.5430716602231989
34 39 -0.11244506137556343
34 41 0.8427294359741297
34 46 0.5019520812707103
34 47 0.9565848239512269
34 48 0.94636167597969
34 50 0.422501088400524
34 54 0.641484102361666
34 58 -0.29132642952883736
34 60 0.18442544660766869
34 76 0.299499750952825
34 77 -0.6712786662395822
34 80 0.25101762744849054
35 36 -0.89742710649826
35 41 -0.742722491500087
35 43 0.34144234767033455
35 44 0.032113371886373976
35 47 0.09943125067280834
35 48 0.07396211596333457
35 49 0.9751024417871739
35 65 -0.05677500568036242
35 66 -0.8298882925575435
35 67 -0.6831115646910781
35 71 0.15605315545228904
35 82 0.8818577893659778
35 84 0.8870034956190531
36 49 0.1706530735238001
36 62 0.9049862515890168
36 65 0.27330449835217685
36 66 -0.9319256603740154
36 79 0.828926693607746
36 82 0.5081701013813187
36 84 -0.5890964556510692
37 50 -0.8678294217964715
37 60 0.8566623934923123
37 64 -0.31773522495328543
37 68 -0.20331247005255837
37 72 0.7051881117707304
37 77 -0.4747517279385256
37 83 0.10344863042080554
38 51 -0.7827529402644273
38 53 0.9351478654865548
38 60 0.9400321478459668
38 63 -0.34233831468906994
38 64 0.5690471380407178
38 73 -0.20017679400356636
38 74 0.4196992381099558
38 75 -0.3974993037890351
38 78 0.061927730286987615
38 82 0.5462293131164067
39 45 -0.002775790767967967
39 60 -0.9101151106897483
39 61 -0.528214239730532
39 62 0.5779598755416149
39 74 -0.6660435650157344
39 83 -0.20107262992044395
39 84 -0.7419591570792734
40 41 -0.2363429925424565
40 44 -0.6570196850543704
40 45 -0.3081285418529225
40 55 0.4356018517378686
40 68 0.4820863254138603
40 71 0.6370159327615268
40 81 -0.9416829426378552
41 43 -0.8990597485684924
41 45 -0.43417167246506727
41 46 -0.769361705835075
41 49 2.4182882731649258e-05
41 55 0.25339260811467557
41 61 0.37084952872934807
41 69 0.6679345083234913
41 78 0.32848079270434827
42 51 -0.031410600859039794
42 56 -0.03605896720197577
42 64 -0.3478615664245397
42 67 0.36338513350320634
42 69 0.7328653249223136
42 70 0.18767761133923955
42 73 0.7765263187830578
42 79 -0.9796873306478779
42 81 0.9781503561795124
43 45 -0.8207400918006067
43 51 0.4440186425944339
43 52 0.8801840108197219
43 56 -0.7578799015913897
43 59 0.7278819082668682
43 62 -0.38848278271769665
43 67 0.993433601376881
43 69 -0.19298232392432046
43 70 0.16676671564939816
43 73 0.12589314808592356
43 82 -0.8323133352305787
44 47 0.9775595193045303
44 60 0.2420990051671308
44 61 -0.825577788719061
44 62 -0.717966545524249
44 64 -0.7273989704107195
44 67 -0.2275639365149993
44 69 0.47297303640160604
44 71 -0.710508968447316
44 79 0.058881002526181225
44 82 0.7647644247732113
44 83 0.017204418099106444
45 49 0.8500581897917678
45 50 0.22761272927855924
45 54 -0.379639683054507
45 57 0.5155675263222423
45 59 -0.5603109692362143
45 62 0.9004847842015886
45 69 -0.844671272316855
45 73 0.8600868377154467
45 74 0.6654987818728435
45 75 -0.46750846006241775
45 77 0.7147537190793942
45 78 0.13478103744536285
45 81 -0.9969213501413041
46 47 -0.8386829696234297
46 50 -0.2347710908664573
46 58 -0.421912753959347
46 62 0.3323109822954795
46 66 -0.30692614140383645
46 73 -0.6330351420033582
46 75 0.3480751571276133
46 84 -0.2970824458023662
47 49 -0.01082745057463308
47 51 0.3274190331479625
47 53 0.0834871097889971
47 56 0.904546776474749
47 61 -0.9549487356267419
47 63 0.38690344797022425
47 67 0.33876395751030053
47 81 0.06635426799730393
48 50 0.33243834349303336
48 51 -0.5018274752861784
48 55 -0.8282171430876586
48 56 0.6442901498408034
48 57 -0.1574949735132234
48 62 0.4330230575938496
48 65 -0.7988388419378873
48 68 0.03782494048746665
48 72 0.9026103797782712
48 74 -0.5073051347023192
48 76 0.6046575867968751
48 77 0.07892106340760296
49 61 -0.06715314769058933
49 66 0.5049967323236313
49 68 -0.42303920687214625
49 72 0.6071716890770038
49 76 -0.23336634448051496
49 83 0.2310983506015738
49 84 -0.6231366021776117
50 52 0.789244084547827
50 54 0.8309349637308667
50 60 -0.571547037071251
50 62 -0.09473391491695149
50 63 -0.8225387948598619
50 66 -0.42034191390364994
50 67 -0.1605946578016848
50 72 -0.0884078728781561
50 82 -0.4526665903835996
51 52 -0.9562191787496788
51 61 -0.8801994167586609
51 62 -0.9888343955464616
51 64 0.1623458338698862
51 65 0.13395281645647894
51 67 -0.11221769218021249
51 75 0.3166307852502319
51 77 -0.6539762976105636
52 55 -0.5589700548746996
52 60 0.2751436200985613
52 64 0.11525371479036184
52 65 -0.9552285708996004
52 66 -0.004785429655111528
52 71 -0.24529311446436264
52 76 0.7614148859447869
52 80 -0.9025620522417983
52 81 0.20362762009067947
52 82 -0.8919457812162985
53 58 -0.23243370879462844
53 63 -0.6535695380745106
53 67 -0.9503677777191
53 70 -0.5817796972870823
53 71 0.9194445548439105
53 80 -0.19412364610085953
54 56 0.9415467418645911
54 58 0.5771970430457545
54 59 0.21891742292015626
54 61 0.38702352931259254
54 63 -0.6384382718830981
54 66 -0.465746229349119
54 67 -0.1265078246079283
54 80 0.004132156323502834
54 84 0.8737250775331151
55 58 0.9329816446261281
55 62 0.3672648871373265
55 63 0.12894536768407217
55 70 -0.0012189473480224144
55 71 -0.506181394888825
55 79 -0.7249035639438572
55 84 0.2617597760895265
56 64 0.3327017393667411
56 66 -0.28388436936427985
56 67 -0.02715456399489935
56 79 -0.4172782274098257
56 80 0.30675542117021415
56 82 -0.2837092032522024
56 83 0.314626447122905
56 84 0.6326342780589085
57 65 0.7378890393461621
57 66 0.33901624369437555
57 72 0.7078353762379272
57 73 0.46997164509830247
57 74 -0.41069448599717306
57 77 -0.8694871265167132
57 78 -0.5007959733999605
58 63 0.6397824156598371
58 64 0.04370964307260272
58 65 -0.05883601889151624
58 66 -0.16869160096376756
58 67 0.8183804000103256
58 69 0.62578397059873
58 71 -0.051327002546625033
58 78 -0.9183295589623568
58 79 0.31745152626284523
58 80 0.06266122836540844
59 61 0.29118998035402344
59 65 -0.07097166969618551
59 72 0.8789427878536324
60 70 -0.7303197449289578
60 71 -0.3367484946651418
60 74 0.43144269740684393
60 78 -0.030858770952020054
60 84 -0.0782802849700841
61 67 0.8996684362073293
61 70 -0.49500027692225923
61 77 -0.7556149842000575
61 84 0.8525019912452618
62 77 0.0756396517151039
62 78 -0.5431763091468707
63 67 0.35277945792333676
63 77 -0.3908544272687775
63 82 -0.06766534518564393
64 71 -0.7297435444179228
64 72 -0.6424217024781695
64 79 -0.9454696199556456
65 66 0.2988626992411474
65 68 0.1070753428265343
65 76 -0.6110538523896598
65 79 0.09755085741238934
65 80 -0.3341869230348109
65 84 0.9183223304070234
66 68 0.45191332299140896
66 71 0.6691090981858361
66 74 0.2022973442787548
66 75 0.7467681565032582
66 76 0.014373089338517442
66 79 0.16784429002100332
66 84 0.5892630786869493
67 74 0.6669585957083886
67 78 -0.3407330950025309
67 83 0.5568152887052551
68 69 0.6361621366862775
68 71 0.8791263061641899
68 72 -0.40087030046478334
68 76 0.08670646744922217
68 77 0.6458537099629205
68 79 -0.1832904976970373
68 80 -0.12301621528223827
69 72 0.8420557562942961
69 74 -0.595071122617306
70 79 -0.8193470338609354
70 81 -0.3451256640429978
70 83 -0.9406869577626926
70 84 0.01268802450712081
71 73 0.1689822463343642
71 82 0.23051383975361284
72 80 -0.49526240117860176
72 81 -0.5328995695755467
72 84 -0.40636487825157785
73 78 -0.9617513292703865
73 79 -0.2259749718642401
73 80 0.02743576548777571
73 82 -0.7723434495924699
74 77 0.4893367258251722
74 81 -0.22124573518874469
74 82 -0.4673259303305164
75 78 -0.8055175990888606
75 79 -0.8933269187513726
76 80 -0.3134126365103673
77 78 0.7601822024264837
77 79 0.5336245087636724
78 80 0.5501847498012367
79 82 0.1973416603898237
80 81 0.0369771384864066
80 84 0.6956796417986169
81 84 0.21895322167423004
