85 3204
0 0.6963303765261388
1 -0.3019981216018899
2 0.23171579477548998
3 -0.5363492703005868
4 0.0275135551539214
5 0.48833378833524077
6 0.5495679495970078
7 -0.45060908527558374
8 -0.6023781240414734
9 -0.6294952369715934
10 -0.13017534790730867
11 0.35958628933384085
12 0.7750444802351937
13 0.7254978868723474
14 0.8755877752873853
15 0.2568118290695911
16 0.24370019608343418
17 -0.9553963373134182
18 -0.5535394369014319
19 -0.7645272135943382
20 -0.8720395277533115
21 -0.6152731724734888
22 -0.12187864610938326
23 0.367521332458733
24 -0.23917473752651386
25 0.7128818756262616
26 0.8419681282108955
27 -0.6787395594011822
28 0.7745866680161049
29 0.1831089894186928
30 0.19593689522233748
31 -0.7825956808509273
32 0.6133591927976476
33 0.8806630970392353
34 -0.3425014182925388
35 -0.3558664881582807
36 0.608797533188959
37 -0.6873026067223249
38 0.34296684276585565
39 -0.5578422634180917
40 0.5627311363176659
41 0.8962834641434918
42 -0.7570077626380329
43 0.7776850224776983
44 -0.6980071559670875
45 0.48955391217325683
46 -0.6195119005173453
47 -0.030926057387225203
48 -0.7460562440510523
49 -0.37476785278914804
50 -0.37375464086221566
51 0.5825910373038876
52 0.002471536257652618
53 -0.5491331488137527
54 -0.5545185746886157
55 -0.76333562945335
56 0.8357182383834845
57 0.8796050220843339
58 -0.002903878065657395
59 0.8101085277358406
60 -0.5458655360100371
61 -0.500467008738551
62 -0.4228948520348961
63 0.22418173497010718
64 -0.024494151418800403
65 0.5187929104243625
66 -0.741788183857262
67 -0.7966616349517486
68 0.20353741959414773
69 0.6895651946832642
70 0.09461604944932378
71 -0.8523973735540411
72 -0.8295522713851797
73 -0.27714833534904226
74 -0.6451604131055613
75 0.2963649837850486
76 0.9699495006903047
77 -0.09691838900843175
78 0.6848782926583619
79 -0.6726691713655173
80 -0.5279861914524133
81 0.9178843421515566
82 -0.10480344099994898
83 0.9299867747171877
84 -0.3399151556861142
0 1 -0.24762526219901004
0 2 -0.7240929421540643
0 3 -0.9331266582237703
0 4 0.27885718770853996
0 5 0.7148821784909891
0 6 -0.7517270112057597
0 7 0.14361328327521483
0 8 -0.6806520244861365
0 9 0.9600565880028875
0 11 0.5512576922858627
0 12 -0.09023117006153436
0 13 -0.9871353108030401
0 14 -0.15724957611884038
0 17 0.3162118050453735
0 18 0.8163389737641416
0 19 -0.8836237626620236
0 20 0.6500254570402086
0 21 -0.8082995858095487
0 22 -0.8029497330674416
0 23 0.6330377465851211
0 25 0.9112118492732537
0 26 -0.9420530513655523
0 27 -0.6233788100546886
0 28 -0.4892983613095214
0 29 -0.512390567328092
0 30 -0.6601157492757324
0 31 -0.2988088912082254
0 32 0.35717071460759575
0 33 -0.26893720566135126
0 34 -0.35575480732666187
0 35 -0.7048067835327372
0 36 -0.5389471920902329
0 37 0.5932889717253402
0 38 -0.19178947932539447
0 39 0.8627099285137643
0 40 0.03719160759175666
0 41 -0.9163363838047454
0 42 -0.993089110372984
0 43 0.34029610613444583
0 45 -0.015481878307498587
0 46 -0.05232452774303131
0 47 0.30618078604948584
0 48 0.47361876265712133
0 50 0.11311996012450254
0 51 0.9673715509773837
0 52 -0.2989654032278122
0 53 -0.23647118568463665
0 55 -0.5461401259521641
0 56 0.40142592606957184
0 57 -0.913977059432169
0 61 -0.8871086828443175
0 62 -0.6498694019555471
0 63 0.821544235685874
0 64 0.5617372045388145
0 65 -0.009339226249802435
0 66 0.0011495613234051572
0 67 0.37529005437365237
0 68 -0.8363718816599004
0 69 0.740626906282509
0 70 -0.9206535106597138
0 71 0.3460555348199197
0 72 0.04895042890789414
0 73 -0.5958529196821964
0 74 -0.5701477691759675
0 75 -0.6953434577430038
0 76 0.9347514915981614
0 77 0.6974293814147399
0 79 0.9986178517919639
0 80 0.10752427862867187
0 81 0.6237150071722697
0 82 -0.7453928802070791
0 83 0.5400169713013083
1 2 0.7160926403569097
1 3 -0.4198331291299999
1 4 0.6523616740810145
1 5 0.49457398659900265
1 6 -0.04175450687280935
1 7 -0.6576502907545592
1 8 0.32798406805467883
1 9 -0.5721966063905952
1 10 0.8793195934758748
1 11 -0.5321884788170428
1 12 0.04950406357269754
1 13 0.21846139506882545
1 14 0.3626371563964883
1 15 0.47897706372018445
1 16 0.3258613406863049
1 17 -0.47428824203103104
1 18 -0.09409672861672536
1 19 0.5100471264697466
1 21 0.18597079036561448
1 23 0.5134724967150719
1 24 -0.9982283055267416
1 26 -0.940292892475582
1 27 -0.8515711556129162
1 28 0.2625790867614568
1 29 -0.5437978612863501
1 30 -0.7511641604943777
1 31 -0.333147611073229
1 32 0.9388642447131472
1 33 0.06849734373229466
1 34 -0.34755337713710355
1 35 -0.3199126887131436
1 36 0.5685650666236468
1 37 0.21072119878931606
1 39 -0.09476073869398949
1 40 0.4562147588459873
1 41 -0.24155809390987315
1 42 0.024437596662064687
1 43 0.8891053226511043
1 45 -0.5784734644467542
1 47 -0.8973526896065231
1 48 0.4653584599537157
1 49 0.13593524841033933
1 50 0.7150337713773391
1 51 0.3215885199381685
1 52 -0.13797292829298535
1 53 0.8892081022611287
1 54 -0.9309276280068643
1 55 0.11439253404505956
1 56 0.5886656269494508
1 58 0.03747493916830624
1 59 0.8909061518068755
1 60 -0.2383532184505921
1 61 0.9223339064669438
1 63 -0.935554173389185
1 64 0.04772026828037301
1 65 0.1226768436106429
1 66 -0.49476966240551157
1 67 0.11204664268832665
1 68 -0.1522598077923667
1 69 0.23388164962015368
1 70 -0.7839954055026515
1 71 0.9811175970101194
1 72 -0.7351257096157104
1 73 0.2069086267906659
1 74 0.9923266852068611
1 75 -0.7315157101611414
1 76 -0.46096764054157524
1 78 -0.7002529659572996
1 79 0.23355448320142846
1 80 0.11227676382076357
1 81 -0.7040556844412451
1 82 -0.9061137463457845
1 83 -0.7270349891390762
1 84 0.9024338141771437
2 3 0.9300511527765676
2 4 -0.8577961085964263
2 5 -0.2747728078234406
2 7 -0.3581108927848726
2 8 0.16893404691386404
2 9 -0.4650886406632544
2 10 -0.6806365824955989
2 11 -0.48689755130502266
2 12 0.8371838871077797
2 13 0.0026346638182612736
2 15 0.46867638695939884
2 16 -0.43814138415248727
2 17 -0.9445930874670994
2 18 0.3209789248838004
2 20 -0.3700648735892873
2 21 -0.7420017234675274
2 22 -0.6774894802937941
2 23 -0.8772164394563915
2 24 0.5841337123904222
2 25 -0.09313092201206219
2 26 0.32242078079107284
2 27 0.453260410285544
2 28 -0.7736402706520078
2 29 0.37980661846743335
2 30 -0.7987651060624466
2 31 0.054415122214960476
2 32 -0.16704986829072022
2 33 -0.10495960799563364
2 35 0.07117853222125459
2 36 0.9880857557494409
2 37 0.3938492257471278
2 38 -0.08876673903056065
2 39 -0.815090400893749
2 40 0.1429377784512198
2 41 -0.44694821982438304
2 42 0.6049365225485415
2 43 -0.055373991054130434
2 44 -0.632789910422576
2 45 -0.7535676054679943
2 46 -0.6111817713506804
2 47 0.8064208411506728
2 48 0.8121987364026599
2 49 -0.06168296768387638
2 50 -0.1103791088616235
2 51 -0.6208385080056325
2 52 0.5273130602378391
2 53 -0.6125180260953651
2 54 0.8098361014167581
2 55 -0.4150992827453057
2 57 0.7277372954237278
2 58 0.9368771080253981
2 59 -0.1084166579275625
2 60 0.3198945398034485
2 61 0.41426348088290954
2 62 0.3494363560365046
2 63 -0.7722387001955053
2 64 0.8202890323430088
2 66 0.654529446303304
2 67 0.9704244508034479
2 68 -0.4333628608207818
2 69 0.6622801413736463
2 70 -0.7384818877051418
2 71 0.6797267574504682
2 72 -0.8009084526585675
2 74 0.9438499241457705
2 75 0.7669406206070986
2 76 0.5506936843448453
2 77 -0.37445252195143075
2 78 0.5871100315802242
2 80 -0.8413809093714448
2 81 -0.6933757664159848
2 82 0.8215536222651334
2 83 -0.8016329151388559
3 4 0.25001112810481185
3 5 -0.1334520585799479
3 6 0.8439141645762176
3 7 -0.3810296820413197
3 9 0.3845726629482933
3 10 -0.004543992196178959
3 11 0.5874731188313662
3 12 0.9731382941224951
3 13 -0.669325106831427
3 14 0.8125731247361905
3 15 -0.5064488088697927
3 16 0.1574311968311659
3 18 -0.555028681127641
3 19 -0.48351493692915515
3 20 -0.5229552188708502
3 21 0.28786452285250674
3 22 0.12014765196345278
3 23 -0.4161055594508909
3 25 -0.4868388017715952
3 26 0.20783616751333356
3 27 -0.21293998281822168
3 28 0.7619902375161731
3 29 -0.37140967605597486
3 30 0.531194305975969
3 31 -0.5241646827042512
3 32 0.7187442101980606
3 33 0.2838802867471353
3 34 0.042053976309045504
3 35 -0.619438179698445
3 36 -0.03543319720020843
3 37 0.0891849453982696
3 38 0.9331026999092671
3 39 -0.7711935969996659
3 40 -0.20233027918213842
3 41 0.4080804167208041
3 43 0.683071695894381
3 44 -0.11084835922388114
3 45 0.8597241963117017
3 46 -0.42204200832567174
3 47 -0.7168304960884693
3 48 0.3650102719718462
3 49 -0.7036853111330736
3 51 0.22497134928764595
3 52 0.32100896889937003
3 53 -0.45854628712266265
3 54 -0.7651323496140543
3 55 0.6284674498197378
3 56 -0.9627198322474357
3 57 -0.49878434699177454
3 58 0.052136685155912854
3 59 0.701987167036835
3 60 0.3237738714765599
3 61 -0.010226607699856727
3 62 0.955357220041648
3 63 0.7735546852653807
3 64 -0.994716788916195
3 65 0.6585212603821808
3 66 -0.6282826788264184
3 67 0.9434415789870925
3 68 0.9277888130258616
3 69 0.5679691609921107
3 70 0.21789136454652924
3 71 0.35046756723878003
3 73 0.38603523028322795
3 74 -0.2560933695832728
3 75 -0.5927084214670324
3 76 -0.7863782726977404
3 77 -0.5352586523413627
3 78 -0.3750773935012477
3 79 -0.046678233783580714
3 80 -0.3278199306670775
3 81 -0.7075808919219628
3 82 0.624887904407216
3 83 -0.4105402328520815
3 84 0.9976552069830353
4 5 0.015336444704841856
4 6 -0.18487081458920285
4 7 -0.250015779312458
4 8 -0.004227949248869489
4 9 0.4651327470452753
4 10 0.9212712564538315
4 11 -0.41148928377247174
4 12 0.7251389591644153
4 13 -0.3644285898354491
4 14 0.5097839758748584
4 15 0.3848178789164436
4 16 0.4510701723094803
4 18 -0.7248806074991696
4 19 0.8807618670924189
4 20 0.11798615570808835
4 21 0.17279470964836285
4 23 0.727973684824869
4 24 0.06402996735881317
4 26 0.13710542395673309
4 27 -0.025695360735080053
4 28 0.4460888085829138
4 29 0.02717234907390087
4 30 0.3535045328994699
4 31 0.640583148816279
4 33 -0.33849803448875004
4 35 0.5645092544591404
4 36 -0.5560128582393542
4 37 0.8713951173570691
4 38 0.5410573942207169
4 39 -0.3103009621903321
4 40 0.10189485553249855
4 41 -0.3099854710463301
4 42 -0.08593624928797428
4 44 0.8854713840706991
4 45 0.05358109857915272
4 46 0.6004869702628473
4 47 -0.7314626546540621
4 48 0.4200918955225139
4 50 -0.04248199406566644
4 51 0.059244578656062696
4 52 -0.8265889751135813
4 54 0.9284451887385299
4 55 -0.9649205587419893
4 56 0.553558419867106
4 57 -0.009164448426264293
4 58 -0.48627475195960734
4 59 0.7524174203287386
4 60 -0.3327639145338135
4 61 0.5292848929488772
4 62 0.7492142996241411
4 63 -0.9619306677475146
4 64 -0.0010043795401921685
4 65 0.04838782838283384
4 67 -0.7146681832955482
4 69 -0.019021291321816403
4 70 0.9241348020557911
4 71 0.9572656480485771
4 72 -0.5876054486440276
4 73 0.537434881293124
4 74 -0.22893955888943096
4 75 -0.684266122257573
4 76 0.9041081723932831
4 77 -0.843031612162825
4 78 -0.9152737466907426
4 79 -0.7368212872296906
4 80 0.1669093737555558
4 81 -0.9251271626427058
4 82 -0.9810500212306994
4 83 0.494260423282034
4 84 0.9499558838961224
5 6 -0.962887740610403
5 8 -0.517076955371689
5 9 0.6586227509150722
5 10 0.28057072259366245
5 11 0.7233671859359194
5 12 0.9920257805278814
5 13 0.8561716292213231
5 14 0.7642957405252808
5 15 0.48974772297017344
5 16 0.34446428552143726
5 17 0.9414088324671235
5 18 -0.9351644081715202
5 19 -0.691279779192512
5 20 0.1287866240893738
5 21 0.4301612128603809
5 23 -0.49404153658021266
5 24 -0.5829646855920827
5 25 0.10043572986614402
5 26 0.7658414782213578
5 27 -0.07627646944995048
5 28 -0.8461858663367203
5 29 0.778901149903837
5 30 -0.043277871781410404
5 32 -0.7307550035040153
5 33 0.7470024695140163
5 34 0.5634846318537554
5 35 -0.6628852409623078
5 36 0.1612953443473839
5 37 0.9112229917706811
5 38 0.9072235056851907
5 39 0.10888525197623022
5 40 0.7323796169688122
5 41 0.3455862669601526
5 42 -0.6390404871043283
5 43 -0.7195387516699168
5 44 -0.24730750391793377
5 45 0.3856543709700291
5 46 -0.47067275268097286
5 47 0.5347129852300505
5 48 -0.39092886493641354
5 49 -0.7614083149147957
5 50 -0.3571472634766044
5 51 -0.8724857622662063
5 52 0.35312843505298486
5 53 0.9975167475085875
5 54 -0.7395630752133338
5 55 0.1367267914978425
5 56 0.9176804644937473
5 57 -0.5800793424869155
5 58 -0.9835520357494885
5 59 0.8657911717538731
5 60 -0.04001167425394736
5 61 -0.039995035348123764
5 62 0.27604574420133954
5 63 0.9323841481443387
5 64 0.8812288047662826
5 65 -0.9800053900293961
5 66 0.2999890319205598
5 67 0.24999045650363683
5 68 -0.7938622826980297
5 69 0.9529487593101484
5 70 0.8310835892834774
5 71 -0.993937366722434
5 72 0.45325651724296656
5 73 -0.9416300564389564
5 74 -0.4813498786374364
5 75 0.020554717979255788
5 76 0.29511905784777004
5 79 -0.502072333143295
5 80 -0.20113542182857524
5 81 0.2360405851712455
5 82 -0.545916233235729
5 83 -0.641307765133607
5 84 0.1906665186704828
6 7 -0.15101107476818787
6 8 -0.8810616986289033
6 9 -0.41099311864801535
6 10 -0.08116492554745824
6 11 0.1685205490779984
6 12 0.43786764597155736
6 13 -0.6792951939604006
6 14 -0.4115794104837165
6 15 -0.3054071137957659
6 16 -0.7821546490339537
6 17 0.19334250993286917
6 18 -0.6313669560687987
6 19 0.6367628225664168
6 20 -0.47074568845235176
6 21 -0.05552827343156741
6 22 0.6529621681178208
6 23 -0.007677381064689959
6 24 0.323425125004837
6 26 -0.8706901698835909
6 27 0.13601400865159285
6 28 -0.33400472895742994
6 29 -0.806060977065058
6 30 0.002917507745294756
6 31 0.7075047395214131
6 32 0.14689703692130718
6 33 0.02894641468514436
6 34 -0.6115609895637695
6 35 0.9343691572896433
6 37 -0.8530843552035068
6 38 0.8028636462091459
6 39 -0.43202725365851546
6 40 0.8818459137417816
6 41 0.8448464085192104
6 42 -0.4899450568653656
6 43 0.399631319893061
6 44 -0.14483882758700029
6 45 -0.8150720346066882
6 46 0.1313264896921058
6 47 0.013771508240685293
6 48 -0.48772994302911155
6 49 0.6416821173489331
6 50 -0.6977933639434077
6 51 -0.22513083133917444
6 52 0.5071719725335315
6 53 -0.6459634968661525
6 54 0.09436671176760814
6 55 0.8460889128128328
6 56 -0.0012177605661485291
6 57 -0.6510663531992174
6 58 0.25590243247897115
6 59 -0.5945415566298902
6 60 -0.38924142802936834
6 61 0.41381386437922174
6 62 0.31189077143351107
6 63 -0.5348343254272636
6 64 0.6777580073067042
6 65 0.9278519731776846
6 66 -0.11405465515673319
6 67 -0.3648546168374176
6 68 0.11373415436208578
6 69 -0.02497334639029547
6 70 0.867999250305657
6 71 0.42653478323869853
6 72 -0.011700865927743331
6 73 -0.5392723364047725
6 74 -0.24072118773990003
6 75 0.5897257383679486
6 76 0.19994514233393246
6 77 -0.26270173171865174
6 78 0.4136980843828315
6 79 0.5006873200514623
6 81 -0.7361663334844957
6 82 -0.8186005580314955
6 83 0.07429527483625309
6 84 0.8490722615409056
7 8 -0.7865441992187858
7 9 -0.33293924530648455
7 10 0.35231388848960443
7 11 0.1763732945279961
7 12 0.9379216499442122
7 13 0.6427612116001147
7 14 0.16846266922948505
7 15 -0.7329413481656071
7 16 -0.042558548755709635
7 17 -0.5199681633371094
7 18 0.5122038135295091
7 20 -0.17799691451767474
7 21 -0.05421172645854622
7 22 -0.539886022583711
7 24 -0.06336974444533028
7 25 -0.5127465586877076
7 27 -0.4559093920745565
7 28 0.33159778923777283
7 29 -0.6426870307154431
7 30 -0.9372331629128274
7 31 -0.37969276909921335
7 32 0.5565740276726008
7 33 0.7594671067899406
7 34 -0.6901532567926483
7 35 -0.19843737162523278
7 36 0.8892103517973602
7 37 0.13823212730112955
7 39 0.9340151419041056
7 40 -0.6498297326660778
7 41 -0.5321541180654716
7 42 -0.7700188040838871
7 43 0.5707626817798843
7 44 -0.3050941567865171
7 45 -0.33854242429970194
7 47 0.1385166283094974
7 48 -0.4106606605720464
7 49 0.9860064535497501
7 50 0.95209074619741
7 52 0.8573284791973179
7 53 0.5512121371769159
7 54 -0.21136883334543843
7 55 0.27943554838954054
7 56 0.3825953379223943
7 57 -0.020047776419005015
7 58 -0.05533604077030718
7 59 0.9880379477387644
7 60 0.2328339273277895
7 61 -0.48289765431226805
7 62 0.4998830151596856
7 63 -0.15603041283425267
7 64 0.9158878838268243
7 65 -0.8525504483382196
7 66 0.3434870314541669
7 67 0.5561991111296138
7 68 0.8784698014447316
7 69 -0.947684850657303
7 70 0.9130896948827596
7 71 0.4161075510844441
7 72 -0.26334412227414394
7 73 -0.5798972312313424
7 74 0.4858763051714903
7 75 -0.399623026249295
7 76 0.3071236284109302
7 77 -0.19371582478982963
7 78 -0.9486727998035669
7 80 0.038655664699459136
7 81 -0.887987232875739
7 82 0.1067810533353426
7 83 -0.5852472922253571
7 84 -0.5671789171612691
8 9 -0.6648511856998962
8 11 -0.5267190915755433
8 12 0.7586597028369189
8 13 0.28219246126397834
8 14 -0.5818386619289655
8 15 0.3851820831348136
8 17 -0.8586701548646185
8 19 -0.44652191879401526
8 20 0.0020803216586493534
8 21 -0.10636475270469004
8 22 0.7882394296203306
8 23 0.7739530433171538
8 24 -0.16598404620457807
8 25 0.9328373273665049
8 26 0.5853560819506014
8 27 0.8054447359092267
8 28 -0.5531263844094798
8 29 -0.44134095071525525
8 30 -0.20389517780488453
8 33 0.44770693120025573
8 34 -0.7463226756722077
8 35 0.6171779559427062
8 36 0.2704790322021777
8 37 0.5081348951830365
8 38 -0.611266243476885
8 39 0.29180165791287926
8 40 -0.16210615362660752
8 41 -0.23382176061960114
8 42 -0.9194844391446606
8 43 0.36948728345082027
8 44 -0.7303140215966466
8 45 -0.6312295460689539
8 46 0.6539353599602609
8 47 -0.2881903658050504
8 48 0.646101908020716
8 49 0.43029127233560027
8 51 -0.7796264226137646
8 52 0.9662853869008596
8 53 0.8958194306521823
8 54 0.4919297096098083
8 55 -0.009627741443490212
8 56 -0.607007906819313
8 57 0.47205308636837384
8 58 0.2716215037785348
8 59 0.22998553536053934
8 60 -0.9218355106256877
8 61 -0.7526123238574143
8 63 -0.23421737553258137
8 64 -0.4178671543778931
8 65 -0.636402323296483
8 66 -0.6243344948556393
8 67 0.8637254372641336
8 68 -0.8708007670913192
8 69 0.5051937435818532
8 70 -0.21725157447264243
8 71 0.06273083016071923
8 72 0.38784495849905865
8 73 0.8158442314491179
8 75 0.7804620119664938
8 76 0.7343001379576866
8 77 0.0035990603275000144
8 78 -0.5859080373843659
8 79 -0.7994677131705656
8 80 -0.6636467852251506
8 81 -0.2786279999603314
8 82 0.5288213887476638
8 83 0.09668056522816837
8 84 0.17419044629581415
9 11 -0.0678833728090884
9 12 -0.45319556535904204
9 13 -0.6015425369685647
9 14 -0.225528165850432
9 15 -0.2426291359066648
9 16 -0.5912693965824096
9 17 0.7351304318859877
9 18 0.3748012148695943
9 19 -0.8100601915835794
9 20 0.9285596022852733
9 21 0.6925656455279277
9 22 0.30480359784968014
9 23 0.12983194993545055
9 24 -0.5301923403302746
9 25 0.6955621831225698
9 26 0.5947430228523289
9 27 -0.7888357135793982
9 28 0.0731893419515639
9 29 0.5651381414001992
9 30 0.539962787685281
9 31 0.24882216554616243
9 32 -0.6180865518386125
9 33 -0.31082150179202994
9 35 0.16359919310763749
9 36 -0.9362962964870587
9 37 0.2389144996736583
9 38 0.6089348547651183
9 39 -0.14410478473086719
9 41 -0.5251619206450464
9 43 -0.5917567114583184
9 45 0.004555391587630631
9 46 0.40758670693340004
9 47 -0.9336772578015409
9 48 0.3217881599535901
9 49 -0.4272382754071531
9 50 -0.4447537054377648
9 51 -0.18044689726134755
9 52 0.46617544283746626
9 53 0.18954858697540722
9 54 0.7889957763299476
9 57 0.9569707449180875
9 58 -0.6484636068815837
9 59 0.305542686124054
9 60 0.00973860585991404
9 62 -0.8525142740443983
9 63 -0.7721788274823147
9 64 0.598286252024953
9 65 -0.8835383224576245
9 66 -0.8940597799345138
9 67 -0.24938173907377825
9 68 -0.19217151370950392
9 69 0.6889779269519629
9 70 0.4284393424866688
9 71 -0.11264214861754662
9 72 0.9161186136576873
9 73 0.15327965264238785
9 74 -0.045767253817799336
9 75 -0.0030759872415411227
9 76 0.7288761262494603
9 77 0.841083424276023
9 78 -0.14174407516777077
9 79 -0.2275137031648491
9 80 -0.6893932683122579
9 81 -0.14711021760762732
9 82 -0.4004491816492104
9 83 -0.4544502069419325
9 84 0.85740467814505
10 11 0.6988668485675389
10 12 -0.8218545592895756
10 13 0.33220592826620354
10 14 -0.16574045733913323
10 15 0.563311720661084
10 16 -0.6009473780573686
10 17 -0.6892378138186932
10 18 -0.20123263425460913
10 19 -0.8988658242139198
10 20 0.8184882121387942
10 21 -0.7923118074035378
10 23 -0.33809554710845124
10 25 -0.8351208658572602
10 26 -0.16960193639468568
10 27 0.27985214413076376
10 28 0.12184364186547247
10 29 -0.8357347711277041
10 30 -0.25988707615962325
10 31 -0.5502431697315113
10 33 -0.6095704865826084
10 34 0.991293072554025
10 35 -0.013137624793087443
10 36 -0.1698237376109315
10 38 -0.5169253488245766
10 39 0.26346000606703845
10 40 0.26979545722227005
10 41 -0.5947344795755583
10 42 0.25477956354433484
10 43 -0.15354344978710888
10 44 0.754323835694753
10 45 0.17525705012611592
10 46 -0.6904807932615926
10 47 0.6610840497917962
10 48 0.3626132863728513
10 49 0.689596341874186
10 51 0.26621094405339374
10 52 -0.15936342116651447
10 53 -0.008924807826338865
10 54 0.012124280698014633
10 56 -0.3378531573714041
10 57 -0.13382945915004263
10 58 0.3674511524313655
10 59 0.03493835499534903
10 60 0.5496918927570962
10 61 0.2954722665551561
10 63 -0.5178716876579101
10 64 0.2814473618538351
10 65 -0.9352576553965848
10 66 -0.26030217055891347
10 68 -0.569436563353217
10 69 0.8663388562881962
10 70 0.10096904415761743
10 71 0.17183657807131625
10 72 -0.1017176595214333
10 74 0.4133732745561389
10 75 0.7095650242912528
10 76 0.6989423132311778
10 77 -0.8896035085782115
10 78 0.26196558336513753
10 79 -0.9478992043104091
10 80 -0.08877259155315742
10 81 -0.3017896808785334
10 83 -0.44287331469981916
10 84 -0.7264780822627073
11 12 0.5299993262341163
11 13 0.1279523265671303
11 15 0.5849448640403025
11 16 0.21866171556536296
11 17 -0.18529750369032882
11 18 -0.23543985349040386
11 19 0.3388403638555406
11 20 0.9741834829870759
11 21 -0.21854498233068154
11 22 -0.40913864923459253
11 23 0.46928979966559936
11 24 0.04203092953292886
11 25 -0.2030783965078684
11 26 -0.8702109078242695
11 27 0.006984297402716777
11 28 0.2212416793643952
11 29 0.15123298407422414
11 30 0.47723182733507974
11 31 -0.12723188553369735
11 32 -0.6282796033471942
11 33 -0.029456799496157204
11 34 -0.03878980549355138
11 35 -0.9709012619254496
11 36 0.2988865526089688
11 37 -0.10957172853135289
11 38 0.18128543329694247
11 39 -0.3957747878602129
11 40 0.42550777340308854
11 41 0.46106606251815885
11 42 -0.861519255711892
11 43 0.9684449478838906
11 44 -0.06614649517352955
11 45 0.5363259870930142
11 46 -0.2456408475176548
11 47 -0.7194277501511155
11 48 -0.4367757016195357
11 49 0.5224664786991973
11 50 -0.5977687393661284
11 51 0.7681153345145988
11 52 -0.5064192745742697
11 53 -0.2967039424646174
11 54 0.07360966926970569
11 55 0.9152326119948189
11 56 0.21736257916533663
11 57 -0.22560471594120135
11 58 0.2548402310317992
11 59 0.5584644787724644
11 60 0.5948912685338894
11 62 -0.8148217232363264
11 63 -0.7413939544794257
11 65 0.6720535474572047
11 66 0.8302431107813644
11 67 -0.5037696282419861
11 68 -0.8797423084138971
11 69 -0.614184713400389
11 70 0.10819749877604568
11 72 -0.9035713403695735
11 74 0.3405795034884649
11 75 0.03643037506912172
11 76 -0.5892776977748979
11 77 0.5443595196181086
11 78 -0.2757276070785042
11 79 0.20426937520562993
11 80 -0.6453208331366844
11 81 0.7256009183455476
11 82 -0.9656223020416523
11 83 -0.7926860642562037
12 13 0.34173194718210365
12 14 0.5116050569364623
12 15 0.4040212248571653
12 16 0.3508122474209763
12 18 -0.4183933133510205
12 20 -0.5280700234045552
12 21 -0.8405825908754803
12 22 -0.23749751674065078
12 23 -0.8156163064901283
12 24 -0.6045869185908663
12 25 -0.11157308959687162
12 26 -0.19471821331730021
12 27 0.9935046872006004
12 28 -0.5442806033824592
12 29 -0.9296730031361393
12 30 -0.9852759870777115
12 31 -0.03842824805599809
12 32 -0.3926145327886703
12 36 0.784843437243411
12 37 0.6512075851536461
12 38 -0.3611893569288993
12 39 -0.34979019321269544
12 40 -0.40836786782451084
12 41 0.8675592062463335
12 42 -0.18211957359400022
12 43 0.5459806374377125
12 45 0.02300982062297874
12 48 0.9308240144529725
12 49 0.34178465595789453
12 50 0.9736666892643169
12 51 0.3843948697201087
12 52 0.3281250119701291
12 53 0.6093341593595132
12 54 0.11433265820754346
12 55 -0.20116504150158598
12 57 -0.18241991312313077
12 58 -0.7075560477012561
12 59 0.4201213333235869
12 60 -0.3138649670257396
12 61 -0.48094348687589106
12 62 0.27867641087744044
12 63 0.3846747536717072
12 64 -0.5456036410001748
12 65 -0.43367976407537423
12 66 0.21331774289404937
12 67 0.5305860851763726
12 68 -0.3510694527774203
12 70 -0.23775030678072628
12 71 -0.10762201145121875
12 72 0.29972054696409445
12 73 0.007978935068938542
12 74 -0.8083020740171662
12 75 -0.6702162711832891
12 76 0.15877693896870992
12 77 -0.47597893907470246
12 78 -0.9681643506709012
12 79 -0.2957141007068367
12 80 -0.06040854820368469
12 81 0.7798325944259368
12 82 0.049099083248412834
12 83 0.3905992790926882
12 84 0.16860838769164155
13 14 0.9256756233369843
13 15 0.42471056962271114
13 16 -0.9126890098755069
13 17 -0.9853694541170714
13 18 0.7889466877962301
13 19 -0.3356882774406178
13 20 0.42432540773191296
13 21 -0.6757910162472733
13 22 -0.329795319403857
13 23 -0.8666958573317904
13 24 0.3968767724521616
13 25 0.42643584843945903
13 26 -0.4661393750894316
13 27 0.31954061176437176
13 28 0.557607689799813
13 29 -0.7046510266274373
13 30 0.6060688592861025
13 32 0.9149980110998253
13 33 -0.48202965869530523
13 34 0.42001600318845056
13 35 0.34881581324816535
13 36 0.8393181395889553
13 37 0.3861430000265331
13 38 -0.4421514633941004
13 40 -0.006743555340126273
13 42 -0.33039441579819995
13 43 0.14709419616128194
13 44 0.6266046680580699
13 45 -0.836843363348295
13 46 -0.4196261286879901
13 47 0.8262715528732285
13 48 0.6138455703662395
13 49 -0.9289229307012945
13 50 -0.5445031394464346
13 51 0.015857389689012624
13 52 0.8072862977075403
13 53 -0.8434580673523351
13 54 0.23550925507917864
13 55 -0.6867958538104175
13 56 0.5693499980290366
13 57 -0.6847382475257311
13 58 -0.27754692033652817
13 59 0.13576387344171081
13 60 -0.28946971934156784
13 62 0.9444177061762007
13 63 -0.04350634483552862
13 64 0.6872903978270024
13 65 -0.7451738914759041
13 66 -0.7940541062457656
13 67 -0.7439930356713205
13 69 -0.42996912575923774
13 70 0.036215168763469086
13 71 -0.3145774549080156
13 72 0.1352105633795635
13 73 -0.3204935342900106
13 74 -0.16731702749764943
13 75 -0.9541999773863235
13 76 0.5743142270868424
13 77 -0.7806582003130749
13 78 0.4827041112412962
13 79 0.24619259784624448
13 80 -0.27176004994075065
13 81 0.816538622353902
13 82 0.8158587670295923
13 83 -0.6737967636363342
13 84 -0.7707208640994314
14 16 0.1869926974819316
14 17 -0.35899105949524657
14 18 0.9193931677972185
14 19 0.9424941002723735
14 20 -0.4039893364554741
14 21 0.853929110406356
14 22 0.7420123833273573
14 23 -0.9098946929166196
14 24 0.27936297842566105
14 25 -0.8674941833806844
14 26 -0.9092496289930163
14 27 -0.07528670571293294
14 28 -0.36304125281912647
14 30 0.5810343971661436
14 31 -0.8705594568852055
14 32 0.8746383365117649
14 33 0.4928356775528151
14 34 -0.691672989376144
14 35 -0.6506593213597558
14 36 -0.3706560097624543
14 37 -0.418282209619254
14 38 0.7624086585046173
14 39 -0.40269489966792293
14 40 0.7952598618744131
14 41 0.6442469678391021
14 42 0.25622740486950213
14 43 0.3164547054770932
14 44 0.23761039744371115
14 45 -0.2651128480314755
14 46 0.061671480303049586
14 48 -0.5658563318413006
14 49 -0.2062936979001202
14 50 0.9056031971192877
14 51 -0.013547961227915462
14 52 0.5572715398111159
14 53 0.38952303086610884
14 54 -0.2808365218398541
14 55 -0.9295987644425117
14 56 -0.5835836650996957
14 57 -0.0015958689992077169
14 58 0.07502297907316269
14 60 0.9413722080054372
14 61 0.4014350109552507
14 62 0.4786436617891012
14 63 -0.8080413717518835
14 64 -0.907024202407509
14 65 0.47721959378499657
14 66 0.16894709274721387
14 67 -0.17218743868944686
14 68 -0.8689456534854312
14 69 -0.8321549849386625
14 70 0.9654108103189354
14 71 -0.4494717149363332
14 72 -0.9615357024310538
14 73 -0.8108093458180177
14 74 0.9149698978830187
14 76 -0.628893755368575
14 77 -0.09125032039604464
14 78 0.6628716012270426
14 79 -0.3658580591741871
14 80 -0.4313561641256931
14 81 -0.743778942767277
14 84 0.24503509305101034
15 16 -0.9550968143296634
15 17 -0.20727343514416185
15 18 -0.38401687468001255
15 19 0.7406674018188728
15 20 -0.5341301827534588
15 22 -0.7360581986548642
15 23 0.8318735919533202
15 25 -0.5498032573299043
15 26 -0.6528132031011733
15 28 -0.25192781849184676
15 29 -0.5339878443294379
15 30 -0.808747762299201
15 31 -0.7235084155241234
15 32 -0.04545881525747952
15 33 -0.8421125413062229
15 34 0.3041928797008202
15 35 -0.08565383463699883
15 36 0.04693889450797406
15 38 -0.31348772626065946
15 40 -0.23359040801186048
15 41 -0.6960095247047742
15 42 -0.8403382381379891
15 43 0.8198668835805869
15 44 0.6955834679499517
15 45 0.38939239315796503
15 46 0.29599571031651783
15 47 0.9176433087373344
15 48 0.8397246643630709
15 49 -0.09455921202460837
15 50 0.19992719344617393
15 51 0.5134806348145331
15 52 -0.32939693296491535
15 53 0.7279732612335863
15 54 0.29706134764979053
15 55 0.4204696644074617
15 56 0.050515706504398405
15 57 -0.04064592182594606
15 58 0.3505559947436332
15 59 -0.8239636622657553
15 60 0.7883985771609954
15 61 -0.549598420781586
15 62 0.9016417594975832
15 63 -0.8472166398654215
15 64 -0.8155761177487675
15 65 -0.945068512868525
15 66 -0.17282898115464262
15 67 0.18500561095599566
15 68 -0.6802377050122677
15 69 0.4196819983814004
15 70 0.13514722859689554
15 71 0.6389206781381582
15 72 -0.6319430266015085
15 73 -0.9914294930574552
15 74 -0.12566437768769645
15 75 0.8606218536058143
15 76 -0.09217729905139138
15 77 0.6558782630098325
15 78 0.08524412717550045
15 79 -0.9575472556996998
15 80 -0.2941490317621722
15 81 0.3902648214113942
15 82 -0.14981991476002898
15 83 0.8149053166537708
15 84 0.5539927858785778
16 17 -0.47822376013993706
16 18 -0.006425707837284911
16 19 -0.9924203501483537
16 20 0.3179507020798369
16 23 -0.6002355432250936
16 24 -0.5873606326791709
16 25 0.3442505441200281
16 26 -0.20507046297319143
16 27 0.794767097197385
16 28 -0.23393264954865356
16 30 0.3999801359563151
16 31 -0.8265978882614065
16 32 0.6007419989777394
16 33 -0.6915948193553394
16 34 -0.9942490912438493
16 35 0.5434006731472454
16 37 0.22953393952959056
16 38 -0.2586831282767863
16 39 0.8104266500665096
16 40 -0.1348599373656889
16 41 -0.4203022867441879
16 42 0.3819459656275579
16 43 0.10959456868765427
16 44 -0.34542131244723717
16 45 0.33856066130263684
16 46 0.35742473720103574
16 47 -0.0358326583161197
16 48 -0.7790244828546367
16 49 -0.16515103887820293
16 50 -0.47249376365447815
16 51 0.06699730603438603
16 52 -0.9894975003810269
16 53 -0.10688236845695576
16 54 0.7980463158546756
16 55 0.29023191829654316
16 56 -0.19264771177612006
16 57 -0.772687235419047
16 58 0.019159351683357695
16 59 0.5251557234353312
16 60 -0.566876861824817
16 61 -0.6414948336309789
16 62 0.9819642454704429
16 63 0.21088230127459595
16 64 0.8882183510798956
16 65 -0.055377028268285944
16 66 0.9440435719463107
16 67 0.15434105200524617
16 68 0.75571342352694
16 69 0.8447572688808045
16 70 -0.49280761888738644
16 71 -0.02816342112104242
16 72 0.47240294965772844
16 73 -0.36358951459238376
16 74 0.8820091772686958
16 75 0.005385966224293659
16 76 -0.09867641725482024
16 77 0.451148903904214
16 78 0.7789886688299625
16 79 0.18839887481493922
16 80 0.5899837121821914
16 81 0.8057335524920559
16 82 0.03460647036569786
16 83 -0.7460008400105944
16 84 -0.8513739789991626
17 18 0.6847233890905475
17 19 -0.47368987121289874
17 21 0.2037888053918948
17 22 -0.3786652422858836
17 23 0.2639245624355566
17 24 0.7477170372542188
17 25 0.1379894217183062
17 26 0.32039643412208085
17 27 -0.021280310249006673
17 29 -0.22831478134770822
17 30 0.984558362259492
17 31 0.39435121105306803
17 32 -0.8648841913673011
17 34 0.6540395416018658
17 35 -0.07587708349339528
17 38 0.09939069361846009
17 39 -0.9771234132685802
17 40 0.36932853876654614
17 41 -0.2748818203129433
17 42 0.43847714431888885
17 43 0.07043087972432738
17 44 -0.02257743577568294
17 45 0.36096916858947714
17 46 -0.8182796110543782
17 47 0.7055159316869313
17 48 -0.5089355072831359
17 49 0.664928260438997
17 50 -0.10893340753093095
17 51 -0.7374124283903962
17 52 0.04888447211915459
17 53 -0.4510615213146163
17 54 -0.7329480708242784
17 55 0.7438965233802002
17 56 0.9216255502045481
17 57 -0.14695531242616178
17 58 -0.09525424156051177
17 59 0.17521696481536586
17 60 -0.5712858598030186
17 61 -0.31119539004559993
17 62 -0.0997438990786399
17 63 -0.9871282433278563
17 65 -0.46254599303225685
17 66 -0.7952392855877362
17 67 0.9079634658617648
17 68 0.9403494418168012
17 69 0.293097256839584
17 70 0.035766958588898
17 71 -0.09938452162323808
17 72 0.25401730045510784
17 73 0.9140367408469106
17 74 0.9541678966955909
17 75 -0.19989044200787776
17 76 -0.7035789837987518
17 77 -0.734451331519149
17 78 -0.6383474562884941
17 79 0.5055517201443886
17 80 0.6396531185367682
17 81 0.42533492051361654
17 82 0.9050771846755594
17 83 0.22952620216965847
17 84 -0.2542767431033406
18 19 -0.3972842714388556
18 20 -0.3701685414590481
18 21 -0.6153491137887808
18 22 0.6422860356414433
18 23 0.2587862956449558
18 24 -0.3788295440366476
18 25 0.2347645858973051
18 26 -0.582554070872684
18 27 0.7937577718998088
18 28 0.5976101098223299
18 29 0.7116923508548485
18 30 0.9054021294994237
18 31 -0.6430604629492103
18 32 -0.9365672967643879
18 33 -0.9251760555091411
18 34 -0.45535720991733375
18 35 -0.8532315459375608
18 36 -0.7949340324338912
18 37 0.8925528725569558
18 38 -0.8030022203182205
18 39 0.5213935518246731
18 40 -0.1504940185010737
18 41 0.20424894243262015
18 42 0.828752113691752
18 43 -0.6907074952459127
18 44 -0.47927767419306755
18 45 -0.05978427265223796
18 46 0.24524246550183526
18 47 -0.9878552953054855
18 48 -0.9408390713407826
18 49 0.53683757025907
18 50 0.8296481852396917
18 51 -0.07247358386131131
18 52 0.7862961126945465
18 53 0.20445828454665826
18 54 0.9345667376583169
18 55 0.03169023774924962
18 56 0.5887602120397613
18 57 0.9894644276964155
18 58 0.595750877982195
18 59 0.725638616737927
18 60 0.4509012315823022
18 61 -0.6398863955029146
18 62 -0.6515444930724152
18 64 0.9939982064145036
18 65 -0.9564149182658419
18 66 0.8045424432090984
18 67 0.37093030962960527
18 68 -0.42216629930212735
18 69 -0.05648233198667407
18 70 0.7759370197596609
18 71 -0.5762774042991854
18 72 -0.8647579724908727
18 73 -0.7536561628326262
18 74 0.5665124448464136
18 75 0.37204210333830523
18 76 0.3231129795645189
18 77 0.4385817095375837
18 78 -0.6204993133991235
18 80 0.20434390339738773
18 81 0.4178052063710853
18 82 0.05327118703479461
18 83 0.9129418290568858
18 84 -0.4141283092238688
19 20 0.18752442357050958
19 21 0.7999054756797674
19 22 0.46995882874353656
19 23 -0.0881129653811874
19 24 0.979921110564727
19 25 0.4687295393989821
19 26 -0.6464357773069702
19 27 -0.3602910973345892
19 28 -0.09795784147740694
19 29 -0.2682530883499854
19 30 -0.033543234706593816
19 31 0.526965240446676
19 33 0.10593671961518814
19 34 -0.44835364342813344
19 35 -0.14962257441777793
19 36 0.8404324752958512
19 37 -0.2507518315626598
19 38 0.6850622825708392
19 39 -0.2397033852791901
19 41 -0.6479077581559454
19 42 -0.394877210357079
19 43 -0.9536424374107424
19 44 -0.894463203438649
19 45 0.3896046701905196
19 46 0.3520239288143603
19 47 -0.3255267079244475
19 48 0.5705895793450022
19 49 -0.8834375849533256
19 50 0.8882505568030472
19 51 -0.3857057769118255
19 52 -0.3728391105771862
19 54 0.6807915252504122
19 55 0.25902543429523406
19 56 -0.6005613664452931
19 57 0.5799672720782445
19 58 0.8199942777876519
19 59 0.8313083497374463
19 60 -0.17195377281708346
19 61 -0.9954589657811586
19 62 0.733107495227266
19 63 -0.7423632846478894
19 64 -0.7689957908980631
19 65 -0.1586448790472379
19 66 0.007338454223102309
19 67 -0.4009319643910829
19 68 0.9008491336420961
19 69 -0.6221010274443308
19 70 -0.9853129757515193
19 71 -0.6022734306410937
19 72 -0.5034853985971195
19 73 0.25208538958607085
19 74 0.27357745177607096
19 75 -0.6464688004597472
19 76 0.597376265576546
19 77 0.5872297809597244
19 78 0.6890540658239799
19 79 0.6477295021679741
19 80 0.9335996759089464
19 82 -0.9234712151442468
19 83 0.6774066584778362
19 84 0.10399394485722024
20 21 -0.4393316853493152
20 22 0.2502679130022889
20 23 -0.016242643698723747
20 24 -0.3964586819739586
20 25 -0.7960559702069678
20 27 -0.2810779043777618
20 28 -0.8843217395190777
20 29 0.21279985165579696
20 30 0.12347135164455914
20 31 -0.30887910686166475
20 32 0.816225147874587
20 33 -0.7517550572404785
20 34 0.5656396412983133
20 35 -0.22075363693324856
20 36 0.7930596742184723
20 37 -0.3028489233146656
20 38 -0.05433438957040648
20 39 0.5208592105292891
20 40 -0.980036522477024
20 41 -0.6286725135138977
20 42 -0.07327938224520136
20 43 0.7000565994437775
20 44 -0.4207522171586189
20 45 0.5297680374538569
20 46 -0.7595904521723431
20 47 -0.30090162158686606
20 48 0.16184150585270962
20 49 -0.29022568360131706
20 50 -0.34027985332065214
20 51 0.968043402182523
20 52 -0.13860223531877547
20 53 -0.7744116644254311
20 55 -0.887749870738445
20 56 0.3942587997391551
20 57 -0.9707328834401663
20 58 -0.8690272265350487
20 60 0.3642019091346642
20 61 -0.07859796372385985
20 62 -0.05856171337300786
20 63 -0.6499982846993462
20 64 0.989204196374964
20 66 0.10108010232243014
20 67 -0.5319010213607855
20 68 -0.22502660701836907
20 69 0.24484200573095438
20 70 -0.6794479163469029
20 71 -0.30604555543513046
20 72 0.9325753757321575
20 73 -0.8616266223952949
20 74 -0.23749781649882262
20 75 -0.038276434529810555
20 76 0.6876438465117147
20 77 0.8735975731375598
20 78 0.08114901210806469
20 79 0.5658198972717401
20 81 -0.8546382734806492
20 83 -0.11411765606888657
20 84 -0.28970150082395785
21 22 -0.8253657282066222
21 23 -0.02858499587305774
21 24 0.6888002785575105
21 25 0.5326207748477074
21 26 -0.35565703441533136
21 27 -0.3890165923194939
21 28 0.610730115628604
21 29 -0.7193982008472577
21 30 0.8575922801316718
21 31 0.7966084650839804
21 32 0.0052584121253735905
21 33 -0.6722352965583629
21 34 -0.5826347189708863
21 35 0.3424871145039321
21 36 0.42865111165796543
21 37 -0.3967238548217431
21 38 0.8013226365474098
21 39 0.04896778417718606
21 40 0.8754423930701771
21 41 0.5975430589763289
21 42 -0.8220207222740681
21 43 -0.1503943013921374
21 44 0.4495144057308762
21 45 -0.6709153473336971
21 46 -0.95465541413297
21 47 -0.2341138341745117
21 50 -0.15451129949208142
21 51 -0.547459104294749
21 52 -0.17276754645363934
21 53 -0.5884537600799455
21 54 -0.8058107019668592
21 55 0.5659858465805523
21 56 0.37292720665948353
21 57 -0.009145224551865727
21 58 -0.8993096706081476
21 59 0.9696715421245068
21 60 0.5161246524868879
21 61 0.787500962491678
21 62 -0.9700972598344224
21 63 -0.557900677730855
21 64 0.35117534542127493
21 65 -0.214394542316946
21 66 0.1738452253545062
21 67 -0.8582368579239941
21 68 0.03313627746292669
21 69 -0.3037305886884061
21 70 0.12710144682079583
21 72 -0.04494544596841732
21 74 -0.338562915769705
21 75 0.5255278059975521
21 76 0.23316234932492685
21 78 -0.20987600247195304
21 79 0.6260585219624839
21 80 -0.4659230070086855
21 81 -0.3187094806493327
21 82 0.34164603042917396
21 83 -0.4833810732141388
21 84 -0.6480485735934405
22 23 0.9242296826166005
22 24 0.09780179675936762
22 25 0.6935246285038572
22 26 0.45327981526901917
22 27 0.9966039892678822
22 28 0.1141399039363451
22 29 -0.017771954250073607
22 30 0.10339319992584173
22 31 0.41011454575429296
22 32 0.2943603667331287
22 33 -0.8609826475316358
22 34 0.9282736121435011
22 36 0.7005012551668675
22 37 0.6746538511616114
22 38 0.28539066952662484
22 40 -0.8986427867456201
22 41 0.7557893322012548
22 42 0.689435996231941
22 44 0.021387536739741364
22 46 -0.465121183296076
22 47 0.43891757316092983
22 48 0.8448764798822797
22 49 -0.44704965666685337
22 50 -0.03052571616038713
22 52 0.8931453572807337
22 53 0.2037640780963863
22 54 0.6919508221681985
22 55 0.23328553076305503
22 56 0.02210377780016448
22 57 -0.635897652165252
22 58 0.737571246891707
22 59 -0.9060752379141521
22 60 -0.9802138443952038
22 61 0.26520398752242946
22 62 0.6515845438357073
22 64 0.2428045389215303
22 65 0.8141607887205629
22 66 0.532745154329219
22 67 -0.860107400924953
22 68 -0.4669757526992451
22 69 -0.18417100186659807
22 70 0.32161432860280526
22 71 0.0030279828050665536
22 72 -0.7033643257858104
22 73 0.7536705867538944
22 74 -0.5903856581986595
22 75 -0.28021694729431457
22 76 0.9920530956198441
22 77 0.5498013743804466
22 78 0.06603403449749279
22 79 0.4350522942563184
22 80 -0.6520434748341228
22 81 0.306952246765132
22 82 -0.7223540600311513
22 83 0.09126724056480895
22 84 -0.6452282764651036
23 24 0.5641657795892798
23 25 0.18167002299199786
23 26 -0.7732284545810906
23 27 -0.5902087134253722
23 28 0.5761675370427433
23 29 0.038981569882733824
23 30 -0.8533816102590803
23 31 -0.9418162920734869
23 32 0.3934365030613949
23 33 -0.9765530478524318
23 34 -0.5531106995409429
23 35 -0.5455224451865199
23 36 -0.6350235715055894
23 37 0.24023153774985095
23 38 0.2778752938654172
23 39 -0.48158413190728644
23 41 0.48826089667254857
23 42 -0.3341547770815587
23 43 0.5414623404226613
23 44 0.8769820777378929
23 45 0.5559943743445457
23 46 0.05750830944650542
23 47 -0.8047638035904867
23 48 0.23071745500504282
23 49 0.028792533911499607
23 50 -0.9822842603796844
23 51 0.02264154801039564
23 52 0.25312250453716456
23 54 -0.6969664626865038
23 55 -0.4511326064013019
23 56 0.06942436761243465
23 57 0.7717030676580958
23 58 0.6512280373560058
23 59 0.9265565756551919
23 60 0.8055982542923219
23 61 -0.045641772558681515
23 62 0.43102906980338673
23 63 -0.8742371686331707
23 64 -0.9487176241412787
23 65 -0.24367472176858196
23 66 0.21910655854114602
23 67 0.28622619792874593
23 68 0.021392876678013595
23 69 0.162888945839609
23 70 -0.0870502886767246
23 71 0.6957587394503064
23 72 0.21953950163433333
23 73 0.1542157991911155
23 74 -0.029411301252703304
23 75 -0.9207536879512741
23 77 -0.5168181781220895
23 78 0.9720892430716608
23 79 0.9223170984229394
23 80 -0.6879680883840167
23 81 -0.9078277719997845
23 83 0.21886343859901958
23 84 -0.06139455252697412
24 25 -0.81545865217285
24 26 -0.43495499821859607
24 27 0.9140303444265478
24 28 0.5371502120043627
24 29 -0.5237985587989049
24 30 -0.8723890138925066
24 31 -0.2669459826712792
24 32 0.9244894277257427
24 33 0.41483833512845236
24 34 -0.8196923622762815
24 35 -0.8112298908962687
24 36 -0.4983059370192058
24 38 -0.5299959656270488
24 39 -0.021755740972211557
24 40 -0.4018301079484934
24 41 0.35243156370747397
24 42 -0.8899796678801495
24 43 0.96527625141992
24 45 -0.12191737264527691
24 46 0.5514100668571675
24 47 -0.4219931217537862
24 49 -0.3785031061895232
24 50 0.9461786723033905
24 51 0.5483001023734384
24 52 -0.5143384831671702
24 54 0.7115758653833539
24 55 0.1902989099857919
24 56 -0.8169788634436908
24 57 -0.231156560163444
24 58 0.9697686078020966
24 60 -0.09885900564068217
24 61 -0.4623713349899643
24 62 -0.5516470799651976
24 63 -0.6934555891841567
24 64 0.7715224790075779
24 65 -0.12262386319470209
24 66 -0.22723754858468292
24 67 -0.0802158742665724
24 68 -0.5648670334111159
24 70 0.4213349035848888
24 71 -0.8110803454864934
24 72 0.6790335834118184
24 73 -0.8320753850161613
24 74 0.119315182856228
24 75 0.8514583110140932
24 76 0.7726828149529559
24 77 -0.15826392543665713
24 78 0.808848308672784
24 79 0.8071082704629162
24 80 0.7642695957954724
24 81 -0.36191102215002924
24 83 0.42991730776871684
24 84 0.8652417242068182
25 26 0.36791344883853494
25 27 0.8323965619557026
25 28 0.256444548304241
25 29 0.18179090886250693
25 30 0.8863397657377117
25 31 0.14860561307502596
25 32 0.05014342847349984
25 33 0.3355872396478403
25 34 -0.30584259071020203
25 35 -0.9897110594650285
25 37 0.7130647322603041
25 38 -0.3477586781925983
25 39 -0.20117215446604297
25 40 0.315558466304545
25 41 0.6338860188064521
25 42 0.6948064511660565
25 43 -0.5970256817568078
25 44 -0.4633102490267691
25 45 -0.5062623415830148
25 46 0.6009683362304419
25 47 -0.6256783592276756
25 49 0.24331651698015633
25 50 -0.22029108505267292
25 51 -0.7041540032300038
25 52 0.3263551879045712
25 53 0.2121239164195392
25 54 0.20179414808703178
25 55 0.4783479382718281
25 56 0.17024681787111628
25 57 -0.9473428094096836
25 58 0.07371425629436668
25 59 0.9490132560157736
25 60 -0.9444317892819565
25 63 -0.9051767373631494
25 64 -0.6177721195386965
25 65 0.45162232545526737
25 66 -0.3019511342240748
25 67 -0.029994974332360425
25 68 0.6997892868523699
25 70 0.1137130645954012
25 71 -0.9287729749982896
25 72 0.9134828186882415
25 73 -0.5787625644917824
25 75 -0.5287579358403816
25 76 0.9241559127172945
25 77 -0.869162241517959
25 78 0.38079141364565694
25 79 -0.49731505500909035
25 80 -0.3031633798820226
25 81 -0.5482758242123427
25 82 -0.8447164965346863
25 83 0.2636574151544042
25 84 0.45864515478039847
26 27 -0.7185730629027156
26 28 -0.5244347151492619
26 29 -0.15144670599456145
26 30 -0.7738751333437566
26 31 -0.48405939293753564
26 32 0.14964387139140234
26 33 0.8944741505748575
26 34 -0.007535206149592577
26 35 0.4298165587602225
26 36 0.9898376041822661
26 37 -0.27782582290355773
26 38 0.49011755641215293
26 39 -0.6949640838103406
26 40 -0.3245487393758304
26 41 0.6560116510939837
26 42 -0.7295687398531816
26 43 0.03691536954151187
26 44 -0.9265747416521035
26 46 0.48138652573489815
26 47 -0.8712548869022954
26 49 -0.3502933547817495
26 50 -0.6164241677127111
26 51 0.2639126302548185
26 52 -0.16214327361925873
26 53 0.4121098358760473
26 54 0.6345801239154196
26 55 0.054765403997460105
26 56 0.30024917090947034
26 57 -0.4720674325926286
26 59 0.4113976913542243
26 60 0.4389384414231148
26 61 -0.5868873343316259
26 62 0.0420173940011388
26 63 0.11085946233281319
26 64 0.8539127347800783
26 65 0.5915628135812139
26 66 0.035625201232347914
26 67 -0.23350457518467516
26 69 0.3000223529783348
26 70 0.6710867433577394
26 71 0.6883542036565617
26 72 -0.7079493830882011
26 73 0.8387158628052325
26 74 -0.3641576899870249
26 75 -0.10905630817461343
26 76 -0.9493354881839775
26 77 0.7519439324696664
26 78 0.22021751141968804
26 79 -0.9046372050950049
26 81 0.5429132072733494
26 82 -0.4531242030204248
26 83 0.4669525701750663
26 84 -0.5404830002199636
27 28 0.49900921120332153
27 29 -0.6920988928051277
27 30 0.033539090380283465
27 31 -0.02282100214463756
27 32 -0.19741213271591973
27 34 -0.7498684549111565
27 35 0.9904727259566246
27 36 0.3128389898103354
27 37 -0.4396678873162234
27 38 0.8587178360121446
27 40 0.7586992419145655
27 41 -0.07996968587076347
27 42 0.28381631885461833
27 43 -0.4880206984529116
27 44 -0.6437600371848946
27 45 0.08312221277608267
27 46 -0.4258185406987396
27 47 -0.6533062817701614
27 48 -0.43367296763111063
27 49 0.9151276495924807
27 50 -0.31686473618144095
27 51 -0.6911717506114714
27 52 -0.3332423616525477
27 53 0.7214676714643087
27 54 0.8537662719609187
27 55 -0.850925494588493
27 56 0.639654508732463
27 57 0.42394296794494557
27 58 -0.3164326290285169
27 59 0.25117318813255873
27 60 0.5828387089146325
27 62 -0.109364909101199
27 63 0.20227136716465455
27 64 -0.6985433726469066
27 65 -0.6085838560410852
27 66 -0.720310412026602
27 67 0.8851821987101893
27 68 0.20563328866806208
27 69 -0.73068717475271
27 70 -0.419672053613255
27 71 -0.6387879921871407
27 72 0.027977919680387764
27 74 -0.48696446971117924
27 75 -0.5016297709507758
27 76 -0.5740252255081799
27 77 0.7490862245664269
27 79 -0.5925403190983178
27 80 0.9798153271020178
27 81 -0.030948857512827832
27 82 0.016672262382335212
27 84 -0.8178754264912613
28 29 -0.181955667757441
28 30 -0.92491058526966
28 32 0.26505054415419416
28 33 0.7692161662147401
28 34 -0.5596024660330392
28 35 -0.6980370440664108
28 36 0.879596127523407
28 37 0.5125705385065766
28 38 0.400791160130737
28 39 -0.23322022846531
28 40 0.3053820212953906
28 41 0.5858405507382094
28 42 -0.20744206777907448
28 43 -0.7184569650531514
28 44 0.154654511243965
28 45 -0.7967716781891623
28 46 -0.9943595674758965
28 47 -0.29656083966214863
28 48 0.31684855889576014
28 49 -0.8061630988915962
28 50 0.5859688416545565
28 51 8.892567119267447e-05
28 52 -0.8436325129832816
28 53 -0.5795116260146338
28 54 0.9043312760454683
28 56 -0.809098247229791
28 57 -0.07849683629260817
28 59 -0.9221786082462069
28 60 -0.7129074387908807
28 61 0.6223341434009051
28 62 -0.8310941170438269
28 63 0.6439380682127271
28 65 -0.8151090961008463
28 66 0.20242977507630777
28 67 -0.8279663568631741
28 68 0.6632082578731686
28 69 -0.027438406094623113
28 70 -0.8366034425652589
28 71 0.5649160523892858
28 72 0.2239492237252907
28 73 -0.10398350277552693
28 75 -0.18484451163440174
28 77 0.28112988661579097
28 78 -0.6974989818003627
28 79 -0.8920978837744702
28 80 0.9917303679863232
28 81 -0.054193184270458605
28 82 0.7857954650903765
28 84 -0.3616724615805542
29 30 0.28175871488071524
29 31 -0.502803135326158
29 32 -0.9853807931265672
29 33 -0.654774558213125
29 34 0.6318313494814036
29 36 0.01822111163283524
29 37 0.1565055906602073
29 38 -0.5421554869321159
29 40 0.1528002396111321
29 41 0.9446961374264706
29 42 -0.022285568724455196
29 43 0.6487677897575888
29 44 0.28208666238893265
29 45 0.44015952545383197
29 46 -0.4148274875275517
29 49 0.7273450039013005
29 50 -0.2368658276551443
29 51 -0.4399908642522501
29 52 0.9472294839364335
29 53 0.21578863131384907
29 54 0.16134038264697081
29 55 -0.22551087272407577
29 56 0.5119431271671342
29 57 0.5037597125870708
29 59 -0.9229443427557813
29 60 -0.8331814949780023
29 61 -0.8279404523563656
29 62 -0.9120897983979828
29 63 -0.037155350759335626
29 64 -0.7490279628623233
29 65 0.40380352816243814
29 66 -0.5174369203859734
29 67 0.7251498614761254
29 68 -0.9769583321424757
29 69 -0.3241197112526628
29 71 -0.21964727728326094
29 72 -0.45420288507958606
29 73 -0.29270980569882377
29 74 -0.9947556520157148
29 75 0.7664565586509302
29 76 -0.8516568988398407
29 77 -0.8775644189862972
29 78 0.8478468139562734
29 79 -0.06394485100603386
29 80 -0.8448262170955607
29 81 -0.8015420953454617
29 82 -0.18875261847792824
29 83 -0.6106678057235118
29 84 -0.3541675507618298
30 31 -0.420226347718224
30 32 -0.9275488231666191
30 33 0.5904856482993075
30 34 0.1549668175924077
30 35 0.15422746884011396
30 36 0.4542643907193389
30 37 0.6562998910758071
30 38 -0.675642224939959
30 39 0.519985800874383
30 40 0.28083165671614485
30 42 -0.9262005062958873
30 43 -0.38915917958627744
30 44 -0.3284029222262421
30 45 -0.9129375023778639
30 46 0.49006546282786934
30 47 -0.20628952463430705
30 48 0.4937414153894293
30 49 -0.4176457678565233
30 50 -0.9772714131140665
30 51 -0.4742702142380375
30 52 -0.49061229167329357
30 53 -0.3752423429357321
30 54 -0.2831502577210563
30 55 0.989475021303698
30 58 -0.29140381496826073
30 61 -0.7311442404045174
30 62 -0.9965684331416031
30 63 -0.40265459468381026
30 64 -0.3893672107322852
30 65 -0.9724120383968315
30 66 -0.1552360664664807
30 67 -0.9125274459139661
30 68 -0.14588103742983094
30 69 -0.9424655970760725
30 70 0.362958562841907
30 71 0.6196697691998343
30 72 -0.7372085226640139
30 73 -0.42498859334950523
30 75 -0.5002599836462289
30 76 0.27081053563258917
30 77 -0.9415100565845196
30 78 0.6431372523669554
30 79 0.13287564900690785
30 81 -0.9869183340676624
30 82 -0.24946403274618079
31 32 -0.9100721031035957
31 33 -0.37853550834264205
31 34 -0.2702909949561556
31 35 0.43546807360275364
31 36 0.3080161259988521
31 37 0.06641408955769545
31 38 -0.599498741796832
31 39 0.14779371424991972
31 40 0.25529178426286636
31 43 -0.7567306986795233
31 44 -0.4621247315198391
31 45 -0.11294147299907209
31 46 0.24988215427403526
31 47 -0.779970223437662
31 48 -0.37226949560007716
31 49 0.17690320488220102
31 50 -0.4927531934391718
31 51 0.4906462991296996
31 54 -0.6327453844959441
31 55 -0.8552802942933908
31 56 -0.03768410734198291
31 57 0.924676095802708
31 58 -0.45216527622191327
31 59 -0.07227471908447525
31 60 -0.9207418461751082
31 61 -0.9010183061840107
31 62 -0.3991394806196553
31 63 -0.07139025578904312
31 64 0.5943877782581488
31 65 -0.621348835293261
31 67 -0.011607930816674328
31 68 0.29472304255445403
31 69 0.21681981362184577
31 70 0.8555864896270988
31 71 0.9169817140965868
31 75 0.9774117217833267
31 76 -0.10848724978675839
31 77 -0.6083755595437763
31 78 -0.9496753390641057
31 79 -0.09015197628632787
31 80 0.19959026528996326
31 82 0.02567040370819318
31 83 0.8332867822029819
31 84 -0.5698664067701065
32 33 0.15515365923911362
32 34 -0.8106369385577663
32 35 -0.5430053020034205
32 36 0.8738683995486907
32 37 -0.9610517941277703
32 39 -0.07282904652516486
32 40 -0.4132936352558829
32 41 -0.9005144130198153
32 42 0.33554939347710766
32 43 -0.2622713830655439
32 44 0.1856344690094507
32 45 -0.2409567473443146
32 46 0.5571400485263596
32 47 -0.4662493558296452
32 48 -0.2808230281112123
32 49 0.829796219316927
32 50 -0.07845396544901728
32 51 0.16315796321809728
32 52 0.1674856316878004
32 53 -0.9646279374129894
32 57 -0.3045489738774043
32 58 0.6824284918457986
32 59 -0.16836614271593375
32 60 -0.02844176010444599
32 61 0.17295221440940356
32 62 -0.6923055542497618
32 63 0.3237741223670261
32 64 0.6770544323609331
32 65 -0.4972686802077686
32 66 -0.4468729209424609
32 67 0.5898618131169271
32 68 -0.9276985780881049
32 70 0.2621745319168487
32 71 -0.7347679434782244
32 72 0.7038941343137317
32 74 -0.26502002215868337
32 75 -0.6852897187726943
32 76 -0.1251251853916453
32 77 0.9086993898248052
32 78 -0.5832872684473511
32 79 -0.036377370984708834
32 80 0.7006185353442194
32 81 0.5751673579439138
32 82 0.7072747390138376
32 83 0.06454013454389695
32 84 0.3295606112420144
33 34 0.7499743075339222
33 35 0.49719184764195035
33 37 -0.26000475674197254
33 38 -0.5164643011019983
33 39 0.059732033233281356
33 40 -0.5164163203089083
33 41 -0.47896887524965437
33 42 0.015965215267863098
33 44 -0.23867661728025835
33 45 0.7389776451632906
33 46 0.9406159114483292
33 47 -0.8160231668933515
33 48 0.699650025354724
33 49 0.7169753053554575
33 50 0.17275593087224173
33 51 0.9695122847843967
33 52 -0.8105776980191968
33 53 0.005998773261734591
33 54 0.9480185589121055
33 55 0.38605179897827546
33 58 -0.7864072403395141
33 59 0.6140601494139586
33 60 -0.6365278397762286
33 61 -0.7834459323098804
33 62 -0.8975811681448314
33 63 0.8353751368692999
33 64 0.9168215988458812
33 66 -0.2683574299395104
33 67 0.14639642574322775
33 68 -0.9151325019587564
33 69 -0.20060083274442508
33 70 -0.5560873030535096
33 71 -0.7265713571820962
33 72 0.18793015108359112
33 73 -0.8916682284782325
33 74 -0.4632281788849002
33 75 -0.6616517855221973
33 76 0.38378807146983274
33 77 0.18403299282624563
33 78 -0.024669663193934932
33 79 0.9539771997937052
33 80 0.04556706250390197
33 82 -0.19265461799374384
33 83 -0.35338502426122376
33 84 -0.7458159185845863
34 35 0.734898503690161
34 36 -0.19319842288321465
34 37 -0.38010835476594984
34 39 0.5707587474360647
34 40 0.14297011419583083
34 41 -0.15396503912699888
34 42 -0.1380932706273903
34 44 -0.24660137555364692
34 45 0.21764455207932953
34 46 0.25512688606137957
34 47 0.9283341239125942
34 48 -0.413430023213905
34 49 -0.683135303441011
34 50 -0.8429913538356864
34 51 -0.6522817257334126
34 52 -0.8553340490509258
34 54 -0.4545614067965036
34 56 -0.13905418960124538
34 57 0.4631321432266762
34 58 0.35243543926962606
34 59 0.6707467766951771
34 60 -0.5351139754428138
34 61 -0.23522434716904672
34 62 0.9119916500955714
34 63 -0.8586880380042106
34 64 0.14449366766064786
34 65 -0.08266147126930545
34 66 0.402389886660266
34 67 -0.6766573139131904
34 68 0.3204313711141138
34 69 0.8468936189988079
34 70 0.3424316022594849
34 71 -0.8974268217931858
34 72 -0.3893247206316346
34 73 0.5709005872446382
34 74 -0.17805583164484862
34 75 -0.6993698960189225
34 76 -0.48653099489219676
34 77 0.00408762110941896
34 78 -0.7925037388330181
34 79 0.7689708914391578
34 81 -0.7186311648869967
34 82 -0.607301791880033
34 83 -0.34077101575177604
34 84 0.6110727796040154
35 36 -0.3926786284023476
35 37 0.7594458931608012
35 38 -0.8544742655757485
35 39 0.7974269123307365
35 41 0.8320828132353912
35 42 -0.19231995786283895
35 43 0.3211091810731068
35 44 -0.9184092233515433
35 45 -0.8254155723421355
35 46 0.689193450332616
35 47 -0.6242153916737883
35 48 0.5336340695926458
35 49 0.19456309940461836
35 50 -0.6479403678737408
35 51 0.7695143787228047
35 52 0.23974224563095858
35 54 0.15844702930408627
35 55 0.7090595681574179
35 56 0.18348388394915127
35 57 0.9458357145891783
35 58 -0.099406200386849
35 60 0.6978319300932714
35 61 -0.3545514077201739
35 62 0.47713164785900686
35 63 -0.4271618258528924
35 64 -0.19430227731706062
35 65 -0.661601631994343
35 67 0.1935618291233112
35 68 -0.6559502236152297
35 69 0.2408567112330473
35 70 0.21809036908875212
35 71 -0.8707790487170084
35 72 0.35033528791135504
35 73 0.5037409112058358
35 74 -0.9339240268973343
35 75 0.6963737550435438
35 76 -0.5472437321494283
35 77 0.8802478677022827
35 78 0.17670084610440595
35 79 0.36196213915193587
35 82 -0.5314771541709735
35 83 0.47024483478407353
35 84 0.023584374723015555
36 40 -0.18689822967529812
36 41 0.35510248686317847
36 42 -0.3973987114650277
36 43 0.7686981508058603
36 44 0.6762138543929075
36 46 -0.0023016905782708985
36 47 0.05431829272176869
36 48 -0.22965987424351209
36 49 -0.7017712829471154
36 50 0.23685584853883768
36 51 0.9809310447512591
36 53 -0.6270663447852083
36 54 -0.13007080876278754
36 55 0.33433257484967505
36 57 -0.0809784183895963
36 58 0.8416615242514407
36 59 -0.9329756272009335
36 60 0.6571232847564228
36 61 0.37582444082730837
36 62 0.05975654683564846
36 63 -0.7972930317303892
36 64 0.6660240865255918
36 65 0.052882689885231926
36 66 0.26017661215526067
36 67 -0.7533951026760077
36 68 -0.21038668845015485
36 70 -0.8421104135400372
36 71 -0.617471226649859
36 72 0.4897974516766943
36 73 0.6109434540923999
36 74 -0.07919464039758606
36 75 -0.220326284485715
36 76 -0.6076880682771864
36 77 0.3543870041003463
36 78 -0.6377811717233712
36 79 -0.9201126789684115
36 80 0.20033103566026056
36 81 -0.7902848341479127
36 82 0.8844867239913827
36 83 0.7784967644627168
36 84 -0.4402392379322204
37 38 0.5240860093605171
37 39 -0.10224422605233441
37 40 0.6294263700876699
37 41 -0.8509283279746573
37 42 0.987174728211897
37 43 0.45028141895914087
37 44 0.2999374814936995
37 45 -0.0632915464084911
37 47 -0.6723125698906371
37 48 -0.8593911360649316
37 49 -0.43497685503597516
37 50 0.6977605283033053
37 51 -0.6646810474224021
37 52 0.951719597262876
37 53 -0.7865795573096197
37 54 0.17457897233646147
37 55 -0.14814065603177284
37 56 -0.154289891830643
37 57 0.16362073680767586
37 58 -0.46925772142632227
37 59 -0.25239537921251975
37 60 0.06005153765358484
37 61 0.8242648907739891
37 62 0.11554824704092415
37 63 -0.9231525548325428
37 64 0.03753811022822773
37 65 -0.10294292260003979
37 66 -0.8482438700941497
37 67 0.5686239030622258
37 68 0.422990620705475
37 69 -0.2958067887129514
37 70 -0.48385763601086107
37 71 0.8736121112593886
37 72 0.312303194426778
37 73 -0.5886842837099413
37 74 0.8089612606076186
37 75 0.6954701950245188
37 76 -0.021195834277078607
37 79 -0.7101322844772573
37 81 0.12344293557572406
37 82 0.8439868240533768
37 83 -0.06403768901189921
37 84 0.8940106102251972
38 39 -0.11070892268970622
38 41 0.2361638503264687
38 43 0.29444219626838364
38 44 0.9659526845827651
38 45 0.6679027777273792
38 46 0.7086826752783522
38 48 -0.46455637783296844
38 50 0.15431885172648707
38 52 0.32604024095935014
38 53 -0.7805981669050366
38 54 0.8500722600767432
38 55 0.3426291106460324
38 56 -0.4617984583943866
38 58 -0.6358364509406222
38 59 0.3997800304845942
38 60 -0.35264272965024834
38 61 0.7061127210154559
38 62 0.2136960097938465
38 63 -0.4658670895605641
38 64 -0.1973046532914713
38 65 -0.05826669819138597
38 66 0.6906926680100942
38 67 -0.3239855498015187
38 69 -0.8773068811178244
38 70 0.7611792528310319
38 71 -0.13696167391154757
38 72 0.1597788522732806
38 73 -0.8967940287202725
38 74 -0.8715540126521719
38 75 -0.7412512441104808
38 76 -0.605728009428518
38 77 -0.29703923528653164
38 78 -0.7060290760174126
38 79 0.0016874862351690112
38 80 -0.522662623855304
38 81 0.594730574623914
38 82 -0.6124195945840771
38 84 0.8060118589558334
39 40 -0.8590686332747219
39 41 0.41863243250236737
39 42 0.02817766237465169
39 43 0.46892342447161806
39 44 0.8501885365137958
39 46 0.40590845912829354
39 47 0.5337611476351976
39 48 0.5506343136768359
39 49 -0.4233840801167086
39 50 -0.9525703235820426
39 52 -0.9420689850654653
39 53 -0.9150559037999162
39 54 0.24746355194678005
39 55 0.15442749724219618
39 56 0.9524593187885033
39 57 -0.24755949734879756
39 58 0.3219804014593759
39 59 -0.7235436549480485
39 60 -0.13475329689850213
39 61 -0.10781898944343227
39 62 -0.8683434142619229
39 63 -0.716277936895489
39 65 -0.41395664721329983
39 66 0.514683046702652
39 67 -0.3269820072337617
39 68 0.6024189666644022
39 69 -0.27096194961783904
39 70 -0.7340022869442424
39 71 0.5176559688172997
39 72 0.08445568879715615
39 73 0.47941344928132446
39 74 -0.3807115511095984
39 75 -0.7075272184536996
39 76 0.5158330374693139
39 77 -0.7119717688223366
39 78 0.4976261388769556
39 81 0.13914159370757928
39 82 -0.19470263360362883
39 83 0.7428576980249404
39 84 -0.9135697080779908
40 41 0.6858576356791186
40 42 0.45224118460746143
40 43 0.8468711176450285
40 44 -0.806875025358196
40 45 0.11624630595235574
40 46 -0.8656667298296103
40 47 0.21580020765750008
40 48 0.2380516838440705
40 49 0.3328912358553806
40 50 -0.9628452982212921
40 51 0.32780573525716905
40 53 0.25988498226321166
40 54 0.14227923747182425
40 55 -0.37750985654927294
40 57 0.6302860370929511
40 58 0.37202904048108265
40 59 -0.043054841053076665
40 60 -0.22129935736768558
40 61 -0.3352618692137721
40 62 -0.46475433049418857
40 63 -0.9926537210927049
40 64 -0.8107295235704985
40 65 0.6585618141255991
40 66 0.1770371789887455
40 67 0.607287826318138
40 68 0.45397039250707083
40 69 -0.5171307173710824
40 70 -0.6527798199186627
40 71 0.7750353439375595
40 72 0.62970891267995
40 73 -0.3053925807000457
40 74 -0.7666305309328771
40 75 0.3312457872444201
40 76 -0.29567509127991265
40 77 0.3937167347063457
40 78 0.28313186172488214
40 79 0.9904106951276852
40 80 -0.9463457212873088
40 81 -0.28471742642551456
40 82 0.33536952879705506
40 83 0.7124468306529399
40 84 -0.0756513585645111
41 42 0.9164403652975919
41 43 0.7494198465790387
41 44 0.22562749203441168
41 46 0.07745012829369258
41 47 0.5182823779205554
41 48 -0.9727853039100143
41 49 0.7751492742635349
41 50 0.9213933877063794
41 51 -0.43246622787876143
41 52 0.3154056855555123
41 53 -0.20682844146988977
41 56 -0.9138946604851066
41 57 -0.15649982255975403
41 58 0.6529268128693166
41 60 0.8897638731244648
41 61 0.9255173371520597
41 63 0.05064799557758204
41 64 -0.6648309623330486
41 65 -0.9269081945058957
41 66 -0.7304055102566722
41 67 0.9465158552268274
41 68 -0.15257762448284917
41 69 -0.8868362598818773
41 70 0.34213695489103535
41 71 0.7732442818808998
41 72 -0.8437047689338246
41 73 -0.8305257193818891
41 74 -0.8823989309328482
41 75 0.10506866237110768
41 76 -0.3392009016258095
41 77 -0.8957989812668259
41 78 -0.20773100796849753
41 79 -0.05400038873713964
41 80 -0.3834385191398779
41 82 -0.49476178689235084
41 83 0.39015846487999406
41 84 -0.7665313136689491
42 43 0.3257469021534085
42 44 -0.9110666430047185
42 45 0.9957465703923305
42 46 -0.7873489910259752
42 47 0.794997288094909
42 48 -0.6040342928830984
42 49 0.40370940665555377
42 50 -0.5328221947274681
42 52 -0.30596205239430274
42 53 0.6426517741542253
42 54 -0.021823950870728526
42 55 0.5854589037772511
42 56 0.25048940469416614
42 57 -0.9531227020825686
42 58 -0.5049374110648872
42 59 -0.0021013029193153177
42 60 -0.8309816331306188
42 61 -0.6826765521585483
42 64 0.7530695684095021
42 65 0.933156502500246
42 66 0.7740402473831718
42 67 0.19695637167957147
42 68 -0.2275421292948907
42 69 -0.6421904970079775
42 70 -0.7301961315805632
42 71 -0.24763398414635085
42 72 0.867546978742342
42 73 0.6844238978519281
42 74 -0.47095452435350693
42 75 -0.04957830707519162
42 77 0.8929237109095873
42 78 0.6622914702453324
42 81 -0.902053545298461
42 83 -0.40030651972596165
42 84 -0.8779859239739554
43 44 0.819635775711685
43 45 0.4306733267905456
43 46 0.6819161617975698
43 47 -0.29334651082477015
43 48 -0.0768348476330003
43 49 0.09554713260637704
43 50 0.2967970067316896
43 51 -0.09941955662362356
43 52 -0.6889420778920392
43 53 -0.7016438926598936
43 54 0.8533122609652923
43 55 0.23236571970101805
43 56 0.7208023914630606
43 57 0.8543816018753463
43 58 -0.14535765494168884
43 59 0.6457043682586552
43 60 -0.4051242134825852
43 62 0.14089932795078153
43 64 0.6492286239540717
43 65 0.5956891158508282
43 66 0.3165943459812217
43 67 -0.40269003055308095
43 69 0.1110294767639255
43 70 -0.9763869855618577
43 72 -0.603255640682749
43 73 -0.8857840353516704
43 74 0.03646598790458677
43 75 0.5834943561006909
43 76 0.7524270098921941
43 77 -0.3740956669143489
43 78 -0.17400849342740643
43 79 -0.7376017231851049
43 81 0.8466901168212517
43 82 -0.784707973117069
43 83 0.03710553159920926
43 84 -0.1356793281627009
44 45 0.25090526651462985
44 46 -0.7541122747244284
44 47 -0.4574861985572607
44 49 -0.728102352061702
44 50 0.15920635849506093
44 52 0.10180109467643139
44 53 0.21541383251480206
44 54 -0.15471789466296149
44 55 -0.0965266815140351
44 57 -0.7429717119282557
44 58 0.014803664350658163
44 59 -0.2029094823879356
44 60 -0.43841694952515353
44 61 -0.1943601029105575
44 62 0.24957854510276145
44 63 -0.24980392295263054
44 64 0.3448595377704504
44 65 0.8404063042917664
44 66 -0.5654849521428653
44 67 -0.33921291423956146
44 68 0.4123857973706466
44 69 -0.7482083280349687
44 71 -0.8090091011268352
44 73 -0.3120595728344546
44 74 0.16932837614217844
44 75 -0.4951560514212583
44 76 -0.8193408505395476
44 77 -0.14730382325063363
44 79 0.4767207609371984
44 80 0.7792725286750388
44 81 -0.10303096152617575
44 82 0.13503043002066528
44 83 0.2906795218061822
45 47 0.8333187652547873
45 48 -0.6197086826168785
45 49 -0.7791951605092864
45 50 0.3746759959032633
45 52 -0.2485634156015475
45 53 0.7108640840464382
45 54 0.6717661522923275
45 55 0.7045298405784035
45 56 0.31868688783295296
45 57 -0.7942004617389917
45 58 0.36196814378952125
45 59 -0.622819446844485
45 60 0.5686613256816322
45 61 0.039084891719689985
45 62 0.02981638719853752
45 63 0.7380215471278644
45 64 0.4308199199648246
45 65 -0.9898809711201024
45 66 0.9075489949159938
45 68 -0.909768489493963
45 70 0.54965496920876
45 71 0.11389985953296611
45 72 0.6678906960969249
45 73 -0.21274729859056896
45 74 -0.4210329326096538
45 75 -0.32368742927418137
45 76 -0.12246177371898215
45 77 0.16413694542178647
45 78 0.6606179187458785
45 79 -0.735118575886659
45 80 0.23299264074052584
45 81 0.9141721375707281
45 82 0.23455362038033223
45 83 -0.47165153773729984
45 84 0.7028007200215403
46 47 -0.7517582308994453
46 48 0.44774881434825153
46 49 -0.9318697782761773
46 50 -0.3389623972168698
46 51 -0.1621592473416711
46 52 -0.6224202960284944
46 53 -0.4652685286365439
46 54 -0.9341846191853023
46 55 0.10839200487775758
46 57 0.7251725440590595
46 58 -0.3748191413315469
46 59 -0.7572622195645009
46 60 0.9054526722850926
46 61 0.9455063729550819
46 63 0.8339567210160765
46 64 -0.7600760636883883
46 65 0.0018612150799977023
46 66 0.9424257020003344
46 67 -0.40513576653955097
46 70 -0.6653396081079856
46 71 -0.6631519618807264
46 72 0.7052755708660208
46 73 0.9624128536652792
46 74 -0.23826719241792316
46 75 0.04249675144781162
46 76 -0.8488465261481413
46 77 -0.9918434248856856
46 78 -0.8082651292868923
46 79 -0.38243280226758114
46 81 0.944924807418581
46 82 0.652135054226896
47 48 -0.5471088297580657
47 49 -0.5050146307056365
47 50 0.24727998090858483
47 51 -0.21604334331837327
47 52 0.0694408691762205
47 53 0.638350320407826
47 54 0.34586653952870194
47 56 0.5076214964134314
47 57 -0.6929341269643947
47 58 -0.2619897471392336
47 59 -0.4583748234227756
47 60 0.6272442758456276
47 61 0.8030316212999355
47 62 0.36639530929791864
47 63 -0.7183811919094667
47 64 -0.6992184241730164
47 65 -0.2856422264346754
47 66 -0.48732358356814687
47 67 -0.997934646644183
47 68 -0.8541346635925702
47 69 0.6663351861856479
47 70 -0.32143542189182517
47 71 0.6018820123601851
47 72 0.7790937469167583
47 73 -0.16411620241455704
47 74 0.40876012158541797
47 75 0.01694678978120212
47 76 -0.8013525630315426
47 77 -0.3011809059589521
47 78 0.12349010099325741
47 79 0.025350380855370336
47 80 0.5100184200380795
47 81 0.7736908864225682
47 82 0.2668918205313622
47 83 0.6555090490635724
47 84 0.27847213760182843
48 49 -0.05012266466116899
48 50 -0.11712282818425135
48 51 0.36252703486462035
48 53 0.6690554710109249
48 54 -0.11366128653668595
48 55 0.3427451396945149
48 56 -0.6352905117288068
48 57 -0.00418397427978201
48 58 -0.5554761198725748
48 59 0.6372436707946687
48 60 -0.7124094379798667
48 61 -0.8822215826016262
48 62 0.17466319178635414
48 64 0.26575824444515694
48 65 0.8727506522989925
48 66 0.8268623854974
48 67 -0.9011398909316681
48 68 -0.6689199131709986
48 69 -0.00970022624111433
48 71 -0.12113710546989465
48 72 -0.9102519958960438
48 73 0.13287737714040881
48 74 -0.09453959098469267
48 75 0.7009283230129144
48 76 0.341599750345547
48 77 0.9686673013592997
48 78 0.3655502938815103
48 79 0.39512146829269934
48 80 -0.7389735616156232
48 81 0.6468253113490228
48 82 0.40684158486375344
48 83 0.8573743237847435
48 84 -0.5189398788700308
49 50 -0.23139364123917638
49 51 -0.5443185169801243
49 52 -0.9417206535087648
49 53 -0.4310598892356754
49 54 0.8105861719853846
49 55 -0.9138197215461807
49 56 -0.951722733667979
49 57 -0.25069087847726146
49 58 -0.5970402666159178
49 59 -0.2634223118453469
49 60 -0.9454039811001202
49 61 0.5412602625018306
49 63 -0.2808650252828402
49 64 0.9522624624182541
49 65 -0.9257084370267894
49 66 0.24400820695666603
49 67 0.9503940411521079
49 68 -0.5109317636403585
49 69 -0.017869488737261685
49 70 -0.8742346594392538
49 71 0.8329482752342467
49 72 -0.7504743417013586
49 73 -0.67278485031472
49 74 -0.5818571543649544
49 75 0.21463491466188556
49 76 0.41900900169453226
49 77 -0.371119220747135
49 78 -0.3052880066753556
49 79 -0.3482340842543161
49 81 -0.09161940131339796
49 82 0.2884906714159283
49 83 0.2812438331260434
49 84 0.8665935317464395
50 51 -0.7665986957066053
50 52 -0.259092709998876
50 53 -0.763692384705666
50 54 0.602284983616511
50 55 -0.08079022040660622
50 56 -0.5228881688353437
50 57 -0.8566615624264233
50 58 -0.47110399432164396
50 59 0.33211628854094477
50 60 -0.2003401984164579
50 62 0.7356910401963521
50 63 0.993131104111068
50 64 0.6580555869607412
50 66 0.6711979091024334
50 67 -0.28031682027598825
50 68 0.6574868131773128
50 69 -0.5226086693574108
50 70 -0.5059011737008521
50 73 0.10603563639123692
50 75 -0.4273653044308954
50 76 -0.6242917957718694
50 77 -0.22939665843903634
50 78 0.6648075588044238
50 79 -0.4715956001192956
50 80 0.08644386824360861
50 81 0.7836713273832923
50 82 0.3072315362070577
50 83 0.4139188041879889
50 84 0.7009125837866119
51 52 0.8336035278940486
51 53 0.9984232291197257
51 54 -0.07309313910788595
51 55 0.06800398723320678
51 57 -0.984351668771992
51 58 -0.24906458020867528
51 59 -0.304527673523032
51 60 0.28853322139009907
51 62 0.10390248709966388
51 63 0.7190881876661976
51 64 0.9687768485641794
51 65 -0.5807881708071332
51 66 -0.5507586871468684
51 67 0.7968359064807589
51 69 -0.9478298004690924
51 70 0.6202317132138764
51 71 0.21791479554037907
51 72 -0.6047873126785968
51 74 -0.836122789640785
51 76 -0.7173758780457147
51 77 0.1633950259862138
51 78 -0.7733675573443222
51 80 0.951111082419674
51 82 0.10328656361033772
51 83 -0.5826418369030091
51 84 0.8139165016740728
52 53 0.9610722709445623
52 54 -0.19732164558540166
52 55 -0.784931074310157
52 56 0.17386861104651397
52 57 0.043223387810642055
52 58 0.18308525111467389
52 59 -0.6091068472950061
52 60 -0.9158149531269986
52 61 -0.5456127093210228
52 62 0.8929301045879932
52 63 -0.768374573961127
52 64 0.7088186266435286
52 66 -0.13339766892946714
52 67 0.10336008337309743
52 68 -0.8336848533473153
52 69 -0.18815084154301465
52 71 -0.7109140813588275
52 72 0.9620902583569186
52 73 0.8428653703222608
52 74 0.3268773778017644
52 76 -0.12311056048395819
52 77 0.14755448623432366
52 78 0.607428634916992
52 79 0.32147317503847517
52 80 -0.05163459289954586
52 81 0.8547898073536757
52 83 0.17628509854417906
52 84 0.8953638282205667
53 54 0.07938244880465306
53 55 -0.05669899110787835
53 56 0.7331527331407133
53 57 -0.8045086791056129
53 58 -0.17341076355584928
53 59 -0.24727737031153407
53 60 -0.9848633775746216
53 61 -0.4303715163519446
53 64 0.8395568157428008
53 65 0.2799647239507743
53 66 0.15068580101511353
53 68 -0.2384333843648927
53 69 0.20462824280717684
53 70 -0.6022549767104382
53 71 -0.683460499484555
53 72 0.5397372478411033
53 73 0.24394030420658686
53 74 -0.24415611297086737
53 75 -0.6268345997400704
53 76 -0.9922100689904503
53 77 -0.1637181503240397
53 78 0.6629978887702181
53 79 -0.9637222418841696
53 80 0.11685788249087325
53 81 0.37160903246126553
53 82 0.8101816114159117
53 83 -0.20138322331464265
53 84 0.7021281951084972
54 55 0.2633505775969194
54 56 0.42114185777544777
54 57 0.6008575028722303
54 58 0.37292504281518535
54 59 -0.5519088327661026
54 60 0.4520585805762327
54 61 0.7427160535283885
54 62 -0.8561600360764634
54 63 0.2093615012985084
54 64 0.5950182334348875
54 65 0.5591980452510834
54 66 -0.5447582834350049
54 68 -0.12209303533057314
54 69 -0.5788255505208304
54 70 -0.6823307257163624
54 72 -0.8607052189919389
54 73 0.24640177452134426
54 74 -0.9192933273743615
54 75 -0.3364283062404778
54 76 -0.647580583487972
54 77 -0.2171425106354845
54 78 -0.17986744530480392
54 79 -0.1340255891870059
54 80 0.9681137090865899
54 81 0.6115241689427993
54 82 -0.09653497480313522
54 83 0.48547175334455095
54 84 0.17301167692581698
55 56 -0.9409165123221881
55 57 0.4716824127878514
55 58 -0.5746474925418092
55 59 0.9850729255260016
55 60 -0.27829271255908217
55 61 0.39649006715804336
55 62 -0.5351051838348986
55 63 0.008887186390847734
55 65 -0.5035882156937532
55 67 -0.5601000531493099
55 68 0.46607482363475805
55 70 -0.9332609147561313
55 71 -0.3380559870443536
55 72 0.0960281501203133
55 73 -0.9060919480920786
55 74 -0.651821009686959
55 75 -0.6545694923555925
55 76 0.28230943941015396
55 77 0.8053090063816064
55 78 -0.04524775663967451
55 80 0.3933915904997185
55 81 -0.6674588632176313
55 82 -0.30994277227264755
55 83 0.22642134893878674
55 84 -0.1503773525113703
56 57 0.14356967577046764
56 58 -0.7179394412048279
56 59 0.20414470052066958
56 60 -0.6513971347558427
56 61 -0.9672604127013873
56 62 0.4362388733034257
56 64 0.2517218411681079
56 65 0.5735618223269332
56 66 0.3988702666294419
56 68 -0.5142472898238168
56 69 0.28792452662767576
56 70 -0.7454940874531468
56 71 -0.31997107201365105
56 72 -0.23180427971358464
56 73 -0.5202082673725448
56 75 -0.2770533458691089
56 76 0.5859448973421184
56 77 -0.5773079768735379
56 78 0.7477891342374949
56 80 -0.5521560065875162
56 81 0.8574734592620121
56 82 0.4974476342379739
56 84 0.5512764310921823
57 59 0.2360386734077098
57 60 0.8337196509098062
57 61 0.8186094782311306
57 62 0.2280149775306628
57 63 -0.40316730006108004
57 64 -0.37938124968035813
57 65 0.46784939270833203
57 66 -0.441946374601198
57 67 -0.20793439223919918
57 68 0.5484509655226992
57 69 0.41022167524090514
57 70 -0.19324858278553414
57 71 0.25413394008294876
57 72 0.972736529094361
57 73 0.2713210901477705
57 74 -0.5398775862144882
57 75 0.1010911709807949
57 76 -0.9161493491060779
57 77 -0.8276574610901686
57 78 0.8899515977436339
57 79 -0.4743368603367508
57 80 -0.007235333437193292
57 81 0.313342077959333
57 82 -0.29244300708487136
57 83 0.6890257538150022
57 84 -0.1729285704241037
58 59 -0.38539279500608625
58 61 -0.6443678032407008
58 62 -0.6848923688321729
58 63 0.34074955747324087
58 64 0.6742811699760749
58 65 -0.003523957719894444
58 66 -0.8192098483160117
58 67 0.5429565032477777
58 68 0.8719328393340295
58 69 -0.6553930702284598
58 70 0.37853468190472683
58 71 -0.2997876853847403
58 72 0.8116309024025512
58 73 0.2251733640372231
58 74 0.22143194788159248
58 75 -0.1836422917911873
58 76 -0.6238473166913547
58 77 -0.5809929621480279
58 78 -0.5206139185020908
58 79 0.5150020550641736
58 80 0.4570770304360041
58 81 -0.48070135878024045
58 82 0.9956092588565342
58 83 0.942880074001271
58 84 -0.8540045798543536
59 60 -0.94607017262509
59 61 0.672649267356592
59 63 -0.5344277671752986
59 64 -0.6336067657136872
59 65 0.6542415362020637
59 67 0.7322332722897464
59 68 0.86291116430199
59 69 -0.7131920734933033
59 70 -0.9491174564037343
59 71 0.09191978530179612
59 72 0.7482962618471243
59 73 0.9219917195943834
59 74 -0.8067231742468379
59 75 0.5350794021316931
59 76 -0.08357996545023605
59 77 -0.019244767154986242
59 78 -0.27146676749350296
59 79 0.07898294315546894
59 80 0.3262534346843857
59 82 0.5271732370938504
59 83 0.23509426318022597
59 84 -0.8679344754662888
60 61 -0.5805824420858539
60 62 -0.738209912899769
60 64 -0.32433190021057356
60 65 0.3055445233557903
60 66 0.8728129554803319
60 67 -0.2966083191433777
60 69 -0.2448193235485563
60 70 -0.8784316402144188
60 71 0.6750297484258732
60 72 -0.30962388238493155
60 73 0.9565163028558825
60 74 0.26544378097864385
60 76 0.24409042042710394
60 77 0.0047290877757628635
60 78 0.0897401378631979
60 79 -0.3318488452750923
60 80 -0.9558716493879469
60 81 -0.880983703987331
60 82 0.8956376135970554
60 83 0.11849622778537361
60 84 0.817462433587028
61 62 0.16532954356786722
61 63 0.22746433318074022
61 64 -0.7876361121073978
61 65 -0.7527553949845773
61 66 -0.4405149635864536
61 68 0.575496271469585
61 69 0.7522133907926827
61 70 0.595543040198232
61 71 0.22921391967373594
61 72 0.41265735704209017
61 73 0.023489877110889346
61 74 0.9906261444760984
61 75 0.3252027974288365
61 76 -0.5585626932038146
61 77 0.7084582810445306
61 79 -0.2634689939388888
61 80 -0.5082064557007229
61 81 0.5000241993608046
61 82 0.8431759638752254
61 83 0.7536207614681585
62 63 0.30100635094997763
62 64 -0.6232692953613914
62 65 0.010874397214311049
62 66 0.7279279061144013
62 67 0.841359414230491
62 68 -0.49622487986545716
62 69 0.7763591309933646
62 70 -0.598029661695821
62 71 -0.8296155533344376
62 72 0.29597691931161685
62 73 -0.0953556006093561
62 74 0.6443394065536605
62 76 0.6638390530248375
62 77 -0.21119320704052114
62 78 -0.9625186003740489
62 79 0.8250327307288376
62 80 0.8486083009037058
62 81 -0.3026068550954666
62 82 0.38545100181544356
62 83 -0.051484995718843685
62 84 0.10294255671902519
63 65 -0.6349355906779783
63 66 0.2401634972556992
63 67 0.8290438673804952
63 68 0.2623841536438649
63 69 -0.4854215161249549
63 70 0.6648072445088022
63 71 0.041613541052258896
63 72 0.514221599421105
63 74 -0.9574634473027968
63 75 0.8777517082978727
63 76 -0.4092818498325965
63 77 0.3502217519727808
63 78 -0.7176309325581745
63 79 0.5022967139789989
63 80 -0.8392977129773427
63 81 0.8395823121975319
63 82 0.7470494444716069
63 83 0.25387548393887127
63 84 0.7207184484806592
64 65 -0.036110026586939625
64 66 -0.35007374630970833
64 67 0.2834271545782763
64 68 0.7571837142077478
64 70 0.2861130950241404
64 71 0.868937359693102
64 72 0.029816370005119497
64 73 -0.3169689071604247
64 74 -0.5095812679358616
64 75 0.7384365425052193
64 76 0.8807682052700179
64 77 0.2992506521147029
64 79 0.13994455342328482
64 80 -0.11590889544266703
64 81 0.9806116918334666
64 82 -0.8771002424744345
64 83 -0.2927815377213312
64 84 -0.8056433521067219
65 66 0.6923789111971688
65 67 0.011939459193623048
65 68 -0.38617084500822063
65 69 0.9416468917815499
65 70 0.3821045377881407
65 71 -0.5049126975980247
65 72 -0.8404802928867958
65 73 -0.6034069743144295
65 75 0.02154373225527695
65 76 -0.5657671370332382
65 77 0.8030598167572081
65 78 0.735510048602876
65 79 0.8982795947138826
65 81 -0.6906727286002159
65 82 0.4322662780302151
65 83 0.41872076269532776
65 84 -0.13801589975809514
66 67 -0.007983415590345766
66 68 0.3109646104478845
66 69 0.22741990774185195
66 70 0.22641374185734398
66 71 -0.4172082369286161
66 72 0.730717893965465
66 73 -0.515628598153741
66 74 0.9555820965913484
66 75 0.6250189296011186
66 76 0.7007302669997051
66 77 0.4840775146694707
66 78 -0.09596871308613553
66 79 -0.16671433360748478
66 80 0.45598362821428506
66 81 0.18916518773283264
66 83 -0.4358898430967728
66 84 -0.2796955588916201
67 68 0.6321477964458713
67 69 0.7985287278345738
67 70 -0.37741485071028436
67 71 0.5956259792425773
67 72 0.2603818017531476
67 73 -0.4846710421788085
67 74 0.8807610372574124
67 75 0.2981680490150189
67 76 -0.43886809170773566
67 77 0.2946088869074357
67 78 -0.811938844731434
67 79 0.86334943561998
67 80 -0.023387826231107134
67 81 -0.6193823027654255
67 82 -0.1608980037728378
67 83 0.6520981244538886
67 84 -0.4075622515171555
68 69 -0.774141312862779
68 70 -0.031042068694813185
68 71 0.6466163490526489
68 72 -0.7329834213050428
68 74 0.736295990826108
68 76 -0.5830783242338247
68 77 -0.905765111937761
68 78 0.02432039454312962
68 79 -0.07258455874117553
68 80 -0.5560229966648766
68 82 -0.4138327842593976
68 83 0.3889582124167519
68 84 0.31311870155666455
69 70 0.38270768640005026
69 71 0.4056686848131097
69 72 -0.03860319899111153
69 73 0.6049428461602617
69 74 -0.4924203213264646
69 75 -0.8496041377572778
69 76 -0.8808310682297886
69 77 0.696373719543711
69 78 0.7578213356590626
69 79 0.848017353264495
69 80 -0.35280375623324467
69 83 0.9167648831509585
69 84 -0.8287870334363223
70 72 0.7464686737292681
70 73 0.0794460580842049
70 74 0.9082999330189416
70 75 -0.5664658283360469
70 76 -0.269591286301728
70 78 -0.11447496024923609
70 79 0.5626006013213078
70 80 -0.9481220758573521
70 82 -0.08497488487666383
70 83 -0.7016749998046239
70 84 -0.8321413102186426
71 72 -0.45333637611706523
71 73 -0.6687568020830632
71 74 0.4212318445811636
71 75 0.4362365649535236
71 76 -0.979668863846946
71 77 0.7786100493293748
71 78 0.4508887925332514
71 79 -0.7669270577427347
71 80 -0.606193741420163
71 81 0.8746511037765667
71 82 -0.5995428261604203
71 84 0.31434710716168257
72 73 0.21834603082476756
72 74 -0.3984539550575952
72 75 0.41242834445685084
72 76 0.012842158567356377
72 78 -0.09434313123103122
72 79 -0.318896355713272
72 80 -0.6140297020422625
72 81 0.8532056383709554
72 82 0.7129813503930613
72 83 -0.36968922342672594
72 84 0.9056749384130685
73 74 0.8836318546081634
73 75 0.9671168488012085
73 76 0.658404394624895
73 77 -0.1348967299476056
73 78 -0.9467433268098062
73 79 0.6162159751275238
73 80 0.9536450380452182
73 81 -0.9036429572983451
73 82 -0.7916696167316086
73 83 0.01760204126852405
73 84 -0.6487727065710736
74 75 0.5765136793212526
74 76 -0.2688944655989385
74 77 -0.8189859904085284
74 78 0.9544801696297609
74 79 -0.927170389841534
74 80 -0.9970071091346278
74 81 0.49554127439992723
74 82 0.7157320893094472
74 83 0.3534835385964339
74 84 -0.11580869636802227
75 76 -0.9310766543196156
75 77 -0.8651987407041111
75 78 0.3520987815232284
75 79 -0.13552635616610265
75 80 -0.19806377149359045
75 81 0.09566499431364472
75 82 -0.27732777818223076
75 83 0.5313018550484307
76 77 -0.5427295359498987
76 78 -0.9858918863149262
76 79 0.4459722685306595
76 80 -0.9593343465394013
76 82 -0.30680909473166507
76 83 0.037219408389833175
76 84 0.3100363581094059
77 78 -0.7702589436245839
77 79 0.5987508658778704
77 80 0.8344929933790743
77 81 -0.9688410806811847
77 82 0.8859260512217113
77 83 0.30640954356310957
77 84 -0.5448759285943228
78 79 0.22287393252637555
78 80 0.6109322932339569
78 81 0.6254166320492363
78 82 -0.01864433615596761
78 83 0.18853407990848026
78 84 -0.44414222013949334
79 81 -0.09685934503460891
79 83 0.31478352986867164
79 84 0.0546809872189451
80 81 -0.65619086479564
80 82 -0.5637785170051108
80 83 -0.6713129556267714
80 84 0.5689686854731044
81 82 -0.6350940709483532
81 83 -0.2007100930394985
81 84 0.1469986622776469
82 83 -0.402985253124728
82 84 -0.9307739290248445
83 84 0.7476604503550819
