85 2508
0 0.25267370794841737
1 0.42695041672747847
2 -0.42178667478208376
3 0.8505811483418833
4 -0.10138672395227455
5 -0.4766509435169566
6 0.7918731158632764
7 0.5981582062777187
8 -0.000803654269532661
9 -0.047097156721268796
10 0.38841488323756446
11 0.34021108680483225
12 -0.10700200507104207
13 -0.5122201754433175
14 -0.6767942187521676
15 -0.7829129707779658
16 0.6784815685772894
17 0.5707986162059622
18 -0.501915695414421
19 0.8899923555857367
20 0.5535372769093707
21 -0.33618003496805615
22 -0.9582756746616079
23 0.23563083139345653
24 0.10478749881145921
25 0.43950269612007653
26 -0.7502518900048327
27 0.7075062020813738
28 -0.8918543736696589
29 -0.5661702491913481
30 -0.0038921938657197064
31 -0.5356848225960835
32 0.5336424362585093
33 0.8505411355688799
34 0.540694692180751
35 -0.15596616566474197
36 0.012712365138437098
37 0.3856976195759598
38 0.2638088862522423
39 -0.4200852444690746
40 0.768367344268412
41 0.4840844082758513
42 -0.6166699690099586
43 0.4787677647281363
44 -0.9863630082345307
45 0.37277911179179357
46 0.13944817579459134
47 0.6057853492839074
48 -0.3438430994738193
49 0.569553157622323
50 -0.27344365975586404
51 0.3740611483876253
52 0.17800022573671948
53 0.9092478399686246
54 -0.9878680790170593
55 0.06028748568541853
56 0.27256122123838256
57 -0.14671373575987046
58 0.8320227473388353
59 0.5192594487167583
60 0.95287865580637
61 0.8292530785569174
62 -0.6266451587272714
63 0.025011107312006287
64 -0.6242661398835769
65 0.21912330962912363
66 0.9081153904895694
67 0.7432652691368671
68 -0.7650385222744414
69 -0.416549961967148
70 0.3621587300268414
71 -0.06853052492349576
72 -0.7472856880318781
73 0.4675138813039934
74 0.1828935938476819
75 0.5254030280457762
76 -0.867688268942634
77 -0.1413693275332113
78 0.13504830311497695
79 0.587836460974511
80 0.031054366373527875
81 0.09226084508832089
82 -0.5577566032594943
83 -0.8915401257821369
84 -0.8522838332445799
0 1 -0.7073655567178776
0 2 0.18085806640553703
0 3 0.6683149529364327
0 4 0.27405881025321
0 6 0.7780861888976218
0 8 0.7832726848659379
0 11 -0.6716363349249839
0 12 0.5206586874881314
0 14 -0.14965284698823478
0 16 -0.24895512245354556
0 17 -0.07324733534914984
0 19 -0.7715251821274836
0 20 -0.15856756348949363
0 21 -0.09175119045302038
0 22 0.4832619317402116
0 23 -0.4932795622538806
0 24 -0.18152148747619035
0 25 -0.9797497484813795
0 26 -0.09631147425091457
0 29 0.6778846423394913
0 30 0.6837239452961807
0 31 0.13336067602995794
0 33 0.849345005015069
0 36 0.9920511734532118
0 40 0.6315477236584208
0 41 0.7486206157619884
0 42 -0.6896271570805934
0 43 -0.40221877129836914
0 45 0.43926083310181663
0 46 -0.14016137997433753
0 48 0.6052055625295443
0 49 -0.5491664630594484
0 52 0.033565862882174446
0 56 -0.6221105196867296
0 57 -0.6602542782068554
0 58 0.7697102869562127
0 62 -0.012821906097181923
0 63 0.8639283042007031
0 66 0.03345234578497358
0 68 0.6363454291565325
0 69 0.9197935836727171
0 70 0.07025090776490761
0 71 -0.21093137476646429
0 72 -0.23518309721817587
0 73 -0.21875155466198493
0 74 -0.31899806455270996
0 76 -0.45703406520829404
0 77 -0.17297104012171638
0 78 -0.5336788683059694
0 80 -0.472778471938595
0 82 0.6978231905120156
0 83 0.47160501703871427
0 84 -0.8372402635192728
1 2 0.6693616524223875
1 4 0.6280815451892046
1 11 -0.2781354191186671
1 13 0.27419047585113154
1 15 -0.8625068756393546
1 16 0.53256430582425
1 17 0.8862176221203693
1 18 -0.8238550372798072
1 19 -0.641445781315761
1 20 -0.8201744452222186
1 21 -0.6079467081475518
1 23 -0.31593264746137373
1 24 0.5822663756238868
1 26 0.4591296135399634
1 27 0.35646069868007046
1 28 -0.09294600576564083
1 29 -0.24005992205122184
1 32 -0.5377048432310612
1 33 -0.12660759041743175
1 34 -0.5681636039428344
1 35 0.6389836767974453
1 36 0.44912139281550156
1 38 -0.6305482035186214
1 39 0.05698921678304747
1 40 0.7333944049571943
1 44 0.2097485602439122
1 45 -0.9599054499969273
1 48 0.26027803454479637
1 49 0.384599778747732
1 50 -0.7853175021185403
1 51 -0.637843898895732
1 52 -0.38635948342179294
1 54 0.530401656288382
1 55 0.03358768597827044
1 58 0.5922229649493338
1 59 0.6947174968716368
1 61 -0.9953336578615577
1 62 -0.6407556921643422
1 63 0.8975462799857363
1 64 -0.3171283932216742
1 66 0.012769529392709034
1 67 0.18560541756756788
1 68 -0.31620148566569495
1 69 -0.7903089096427434
1 71 0.3067972560572454
1 72 0.6878720898418105
1 73 -0.9597331057075542
1 74 0.044654688570445744
1 76 -0.14183670415269112
1 77 -0.8459478765862432
1 78 -0.2803586380162104
1 79 0.21100266016158553
1 80 0.6751452639860904
1 83 -0.23726116548594112
1 84 -0.31406855126488975
2 4 0.3866500491517728
2 6 0.5861766299480526
2 8 -0.30588913060305667
2 9 0.48760439980298953
2 10 -0.45881044562064366
2 11 0.117268192779302
2 17 0.8336453180488868
2 19 0.9075874728294837
2 20 -0.6743547291957694
2 21 0.6235393016163295
2 22 0.6415746634079407
2 23 -0.5307425514030457
2 24 0.006153002767150584
2 26 0.2471683796033426
2 27 -0.28605673490747785
2 28 0.48323543474091846
2 29 0.8616250087972139
2 30 -0.35398546849522683
2 32 -0.9972587609670869
2 33 -0.8918565868125534
2 34 -0.18321468462096702
2 36 -0.5274362450009467
2 38 0.5764244709071342
2 40 0.6860034662036532
2 43 -0.08631165644442529
2 44 -0.03537349875570572
2 45 -0.07858399822943407
2 46 0.6758884570665022
2 47 0.15898221469287788
2 48 0.5210941769394766
2 49 -0.45507522541361034
2 50 0.9297216265371548
2 52 -0.46461999691634226
2 53 -0.39591247010132946
2 54 -0.9066213454401217
2 55 0.9287316935744843
2 56 -0.3452362825920594
2 57 -0.9809914512711162
2 58 0.8722163281824016
2 59 0.9759521677379452
2 60 0.9170857939247503
2 61 -0.11348547144950771
2 63 -0.6648316338119478
2 64 -0.3187990918202732
2 66 0.2548163993715693
2 67 -0.9891627145260564
2 68 0.23161189102549096
2 70 -0.7482533147793375
2 71 -0.04127212653065149
2 72 -0.7730169234230511
2 73 -0.7842323777212286
2 74 0.6532802892939966
2 76 0.0763249759031821
2 77 -0.13350595606620463
2 79 -0.7310477050205682
2 80 -0.6216576385731603
2 81 0.822017196500672
2 82 -0.11505421168861107
2 84 0.20866836349565432
3 4 0.8188650505703197
3 6 0.09913656771088619
3 7 -0.5523407334094814
3 11 0.8891570004913665
3 12 0.5325004529807258
3 14 0.75599916619479
3 15 0.7303293439555774
3 17 -0.90080143573677
3 18 0.710395788466982
3 19 -0.48820184449955395
3 20 -0.3692704148521546
3 22 0.016486263310879545
3 24 0.7113062668396306
3 25 0.24986775700427888
3 27 0.34836671042559586
3 28 0.42903104041059703
3 29 0.1146217416840758
3 30 0.19038340258837416
3 31 -0.643471023589723
3 32 -0.9483789586180951
3 33 0.3956078072115168
3 34 -0.754159049634691
3 35 -0.28455577691386535
3 36 -0.5386051975882657
3 37 -0.13349499885411498
3 38 0.9107293747610354
3 39 0.8113313820950872
3 41 -0.4407230268560276
3 43 0.6373137158807103
3 44 0.11573385469672992
3 46 -0.9486040791557142
3 47 0.37920917227073847
3 48 -0.23138834952162668
3 49 -0.25765529095027384
3 50 -0.8028367575096613
3 51 -0.5396320783681603
3 52 -0.32836787678806556
3 55 0.7840351632256497
3 57 0.407732374950891
3 60 0.13708733201634438
3 61 -0.9285222545151628
3 64 0.1250823058246291
3 65 0.6751817075563546
3 66 -0.8644906790736249
3 67 0.3268710960741432
3 68 0.3112087448257983
3 69 -0.07662488798856648
3 72 -0.2502582254850112
3 76 -0.1331105943061297
3 77 0.5502511910651415
3 78 0.05102283445762068
3 80 0.7825401951821247
3 81 -0.19529813602048973
3 82 -0.7221904804289325
3 83 0.177835049074891
3 84 -0.9081191575830794
4 5 -0.4818829111686749
4 7 0.8886364040957018
4 8 -0.7711539236271547
4 9 0.23457277733288429
4 11 0.014186409984387804
4 12 -0.4626156054555577
4 13 -0.8614440665578578
4 14 0.017769054873060908
4 15 -0.879065254327863
4 16 0.3192074681957138
4 18 0.10471432273912118
4 19 -0.9641917402555957
4 20 0.6267878227733705
4 21 0.6874132470153125
4 23 -0.0858116304506229
4 24 0.019691514892078654
4 26 0.7163529137262279
4 27 -0.8923937087688354
4 28 0.6703850796556352
4 29 -0.6145359627035385
4 30 -0.5068705387731918
4 31 -0.14785874336323523
4 32 -0.8187386199210256
4 33 0.6481242828443858
4 34 0.7597236763813686
4 37 0.07376807195131319
4 38 -0.04882489458172312
4 39 -0.39439434773876303
4 40 0.29490709964342154
4 41 -0.0779243266541414
4 42 0.224857908076328
4 43 -0.33960264250696715
4 45 0.24650076993317804
4 46 -0.030899702495064796
4 47 -0.07887196015738951
4 48 -0.19495970320597356
4 49 -0.10605060167965341
4 50 -0.33304620115062766
4 51 0.44733837671598287
4 52 -0.6968049275634487
4 53 -0.014985366717862991
4 54 -0.8441599719089685
4 56 -0.03255120799817934
4 58 0.10387769260799806
4 59 0.8172890002045148
4 60 0.24054482987889103
4 62 0.5133261405356442
4 64 0.20390755950690753
4 65 0.9164934244084815
4 69 -0.800246470506782
4 70 0.4888178491316104
4 71 -0.5937118801806853
4 72 0.28315395946808364
4 73 0.2714740079107676
4 74 -0.5192967262041868
4 75 0.6577571599147987
4 76 0.5033288296474543
4 77 0.054585462615667435
4 78 0.6669069554017724
4 80 -0.37946099874129824
4 81 -0.10165619453629748
5 6 0.7132357500115589
5 7 -0.7307120017326751
5 8 -0.7856744082147176
5 10 -0.16997931748426587
5 11 0.8544742022480092
5 13 -0.26485203344674924
5 14 -0.5871627878905663
5 15 0.5558225785442823
5 16 -0.8918102778325483
5 19 0.8955439120512114
5 20 0.45600800383922935
5 22 0.7307749422027754
5 23 0.05279948800454792
5 24 0.7068130749154677
5 27 0.09586647706726326
5 28 0.10545085918467212
5 29 0.9138763002005303
5 33 -0.7821193014500736
5 34 0.8646641840268199
5 35 -0.08235042467642129
5 37 -0.1063006341792434
5 38 -0.7456897988649271
5 40 -0.17027645703374916
5 41 0.4412360750663047
5 42 -0.9600465684208332
5 44 -0.03129951729640612
5 47 0.9855258146609764
5 48 -0.5053368391419681
5 49 -0.5652969121760496
5 50 -0.9740190703572646
5 51 0.007561408996260344
5 53 -0.2725279866401187
5 54 0.08406438404427097
5 55 -0.9173229849002198
5 56 -0.042504437778795756
5 57 0.6688983974928244
5 58 0.9718583295579002
5 59 -0.7728336055037459
5 61 -0.6473347784587236
5 62 0.05686804205111695
5 63 0.8617104220622194
5 64 0.46724238795675666
5 66 -0.3878525730313518
5 68 -0.2105829344061525
5 69 -0.932133236075595
5 70 -0.9802015089401646
5 73 0.2912094733749844
5 76 -0.7697790435646805
5 79 0.040604013394917704
5 80 -0.06702546829705813
5 81 0.7503335324450289
5 82 -0.8841814229741181
5 84 0.008363347512486907
6 7 0.827170629309723
6 9 -0.9721640905639959
6 13 -0.974154540656599
6 15 0.8493372999149265
6 16 -0.5218044822929802
6 17 -0.7366451640455711
6 18 0.18491048064040938
6 21 0.07457523202648186
6 22 -0.5330547834679231
6 26 -0.744585773440168
6 27 0.37298691149557106
6 28 0.2193277782074452
6 29 0.8353204467273019
6 30 -0.5473898039996925
6 32 -0.4214259215159901
6 33 -0.048839503641494364
6 34 0.4622984680370603
6 35 -0.9042335578547731
6 37 0.6755127646295058
6 38 0.5681332306490758
6 39 0.8237419586792021
6 40 -0.9654124388477632
6 42 0.06407886181823597
6 43 -0.3070621804628584
6 45 0.18480401867401053
6 47 -0.8901097544028302
6 48 -0.9984335509774074
6 49 -0.7495221218903734
6 50 0.03753142420225131
6 51 0.3691262837768705
6 53 0.017452949605780477
6 54 0.4006653539036724
6 55 0.6925311633121698
6 56 -0.39085383363718695
6 57 0.7438801985901224
6 58 -0.3831698243095958
6 59 0.1417260403863696
6 60 -0.6410761400066856
6 62 0.8823537069567815
6 63 0.9644239772970828
6 64 -0.21570178997955392
6 65 -0.8123610637571259
6 66 -0.47311467022851605
6 68 0.10954302790946202
6 69 -0.7504957548790596
6 70 0.6523309606026186
6 73 -0.7651893077633705
6 74 -0.7832055277300638
6 75 -0.690346593002461
6 77 0.8881765278105389
6 78 0.7162660781197105
6 79 -0.38435748737900677
6 81 0.993567066374035
6 82 0.35659230469852443
6 83 -0.7324850569061361
6 84 -0.315163382334257
7 8 -0.5154250569551919
7 10 0.33979876665111775
7 11 0.6603969813692867
7 12 -0.6596114144341223
7 13 -0.3196507140048068
7 14 0.5949825009304655
7 15 -0.3090502542405402
7 17 0.25618915770491335
7 20 0.8428253612242889
7 22 -0.17602299439167068
7 23 -0.461151789171351
7 25 0.31750619177270467
7 27 -0.05341801514049527
7 30 -0.9356690303403343
7 31 0.3309032441513402
7 33 0.6329423613280738
7 34 0.25631602533923115
7 36 0.973485214266403
7 37 -0.7171373877827374
7 38 -0.11959141664727313
7 40 -0.022289431726331577
7 44 -0.5890586746413398
7 47 0.6036164630447747
7 48 0.11506435332302334
7 49 -0.2580204870197256
7 50 -0.004932934594248817
7 51 0.920475906252975
7 52 -0.5390063381171113
7 53 0.2879265625118379
7 55 0.3625278385083581
7 56 0.9277781060091239
7 57 -0.28892552312597797
7 58 -0.39441364898625064
7 59 0.9602274567867981
7 60 0.8818394885979306
7 61 0.985974567141098
7 62 0.3700529037870206
7 64 -0.8878193469220867
7 65 0.1111477791168145
7 67 0.28470639146843224
7 69 0.7716764214332277
7 70 0.8764305893339388
7 71 -0.939036807682589
7 73 0.9487219034511845
7 74 0.31076081356412266
7 75 0.9894213594206167
7 76 -0.749839448571965
7 77 -0.3640342369488503
7 78 -0.30439972432919227
7 79 -0.937923478754904
7 80 -0.7592354591967467
7 81 0.7601179469757633
7 82 0.3189828298798483
7 84 0.1798218436073562
8 9 -0.76498695039554
8 10 -0.5883942274320209
8 11 -0.3963706178840538
8 12 -0.09017223470607272
8 13 0.40741231195885863
8 15 -0.5360686280690572
8 16 -0.24360538627030937
8 17 -0.08043384192211533
8 19 -0.06650876539031603
8 22 0.18444420635754155
8 23 0.5506915303591353
8 25 0.3170232182438586
8 27 0.6429905141051111
8 28 -0.7271959662785232
8 29 0.5130099756437512
8 30 0.8639411049559322
8 32 0.4307104619691233
8 36 0.8040767218540679
8 37 0.7564826727070098
8 38 -0.46705250283630106
8 39 -0.32877504169464755
8 41 -0.33188654117058936
8 44 -0.4532798996448919
8 45 0.9866877881687091
8 46 -0.8366271310021576
8 47 0.9640942746902161
8 48 0.47243730824462227
8 50 -0.8495931216879486
8 51 0.04657595867321529
8 53 0.9093306679972759
8 54 -0.4394461625813424
8 56 -0.019149089604349356
8 57 0.18121172812215036
8 59 0.27117861872460214
8 60 -0.27237906041206705
8 61 0.41356119762447174
8 63 -0.19541753191148414
8 64 -0.93554179773643
8 66 0.44787488805740816
8 67 -0.5165159366081808
8 68 -0.8172015871459961
8 71 -0.38312715612005865
8 72 0.928176418662878
8 73 0.8389822501556301
8 74 0.9823052590788055
8 77 -0.26881802432390556
8 79 -0.935232522105852
8 80 0.6328567816666146
8 81 -0.4666612818372502
8 83 -0.9770518064902354
9 10 -0.9195574579259873
9 13 0.7713388034965505
9 14 0.042741261570072187
9 15 -0.01674427877978646
9 16 0.5933451823917804
9 17 -0.6256055180402313
9 18 -0.7334733884093221
9 19 0.2681589361833696
9 20 -0.9228033265161995
9 22 -0.32970746591767575
9 25 0.8572816184347636
9 26 0.8045074426441636
9 27 0.3338254195568544
9 29 0.4520178339072145
9 30 0.4072076308890755
9 31 0.1828002089688996
9 32 -0.9530788135592507
9 35 -0.008960424754677732
9 36 -0.11559844834001898
9 37 -0.2635950955871358
9 38 0.8552866715979022
9 39 -0.05716039039495735
9 40 -0.06622863350723396
9 44 -0.6435663181969833
9 49 0.035958631116022266
9 50 -0.988258120274417
9 51 0.9156485679803474
9 52 0.22858084522790367
9 53 0.9444985850854057
9 54 -0.08538699038492759
9 55 -0.016114558788536737
9 56 -0.2710271730139564
9 58 -0.832212646346594
9 60 0.9652200579035428
9 61 0.6394668410493078
9 62 -0.5361289246064984
9 63 -0.5597975810011477
9 64 -0.9947778006525596
9 66 0.2873545993781319
9 67 0.3254441137404993
9 70 -0.6150977972337661
9 71 0.22157855252891578
9 72 0.977752298302399
9 73 0.3342186169232877
9 74 -0.9179177572364425
9 77 -0.07359313183823901
9 80 0.703526463170608
9 81 -0.0707783014505936
9 82 0.7322594244818377
9 83 -0.26037109241864664
9 84 -0.2175606182664136
10 11 -0.45458436750976405
10 12 -0.19313603952865788
10 13 0.9962205504698429
10 15 -0.6917613707568777
10 16 0.7892330152217304
10 17 -0.8726657700012459
10 18 -0.7170975657830494
10 19 0.45162104141904935
10 20 0.014623485040127004
10 21 0.7026134712842831
10 22 0.4662407187719322
10 23 0.3053877572006394
10 24 0.7955539790269806
10 25 -0.43357179462196016
10 26 -0.9214964440122471
10 27 0.4966170904618792
10 28 -0.346571280766772
10 29 0.9850363920273044
10 30 0.47646888420015654
10 31 0.993347423991993
10 32 0.3414741863556914
10 33 0.7516219470335808
10 34 0.023679921977268537
10 35 -0.03611923249666038
10 37 -0.8701834183428232
10 39 -0.607462599490223
10 40 -0.984639422104943
10 41 -0.2548897743751184
10 42 0.7512283753869409
10 43 -0.9739863639143995
10 45 -0.43899465285865924
10 47 -0.4028272978186256
10 48 -0.07801607833438107
10 49 -0.6915127196060014
10 51 -0.23183029889022877
10 52 -0.3738724907510049
10 54 0.9042203545522187
10 55 -0.08143984092575418
10 59 0.03930968814501612
10 60 -0.5514997879791348
10 61 0.8879964564081324
10 62 -0.48457405614248183
10 64 -0.06729734051296754
10 66 -0.47103436618849015
10 67 0.7617800252427629
10 68 -0.1933670283983011
10 69 0.5540400619933767
10 72 0.20845253068507041
10 73 0.46870921160222045
10 74 -0.7379652317318899
10 75 0.2539314758781377
10 76 0.4686987019753701
10 77 -0.11238955774320547
10 78 -0.8047596529415044
10 80 0.6768728380750608
10 82 -0.9859647353565297
10 83 0.34725512565833094
10 84 -0.29069820299670446
11 12 0.016799668623423303
11 13 -0.6596062749659475
11 15 -0.5726083850953312
11 16 0.29336474833522574
11 21 -0.6638051094367898
11 22 0.3738733330632229
11 24 -0.21317050452052966
11 25 -0.6584161802102801
11 26 0.6746991783035572
11 27 0.1476637818058828
11 28 0.4787576013613011
11 30 0.0024172004892928367
11 33 0.13959879047878854
11 35 0.5774401934634865
11 36 0.5634619085065982
11 37 0.43749553211312353
11 38 0.9610186283400131
11 39 -0.39910020647532085
11 40 -0.12363161702040082
11 41 -0.7031269097632711
11 42 -0.9630352368865058
11 44 0.17185699998314008
11 45 0.23247329498883484
11 46 -0.809846552889498
11 48 0.48336019902760685
11 49 0.4601970408234266
11 50 -0.5907387879512518
11 51 -0.8576889205886284
11 52 0.7024695491804049
11 54 -0.32466359819040536
11 55 -0.2034925761054609
11 56 -0.934558020127864
11 57 -0.5992075765989617
11 58 -0.6612830187338057
11 59 0.5696858943858301
11 60 0.9995230105797535
11 61 0.8144858324344246
11 62 0.6466109887856197
11 64 -0.9033068423472053
11 65 0.0397316063944988
11 67 -0.909993641938952
11 68 0.9282210215353566
11 69 -0.20626998681476372
11 70 0.3095271259046508
11 71 -0.9909297776184021
11 72 0.5886501360680778
11 73 0.13501639505367535
11 74 0.868010444610001
11 75 -0.7326607364785214
11 76 0.14506384136750028
11 77 -0.78382870604021
11 78 -0.7123002855490819
11 79 0.44598898905825024
11 82 0.7920985203311808
11 83 0.12692172479549835
11 84 -0.5512257254545769
12 14 0.17251619645737892
12 16 -0.8685333607421666
12 17 -0.19397786364153724
12 18 0.7299284393461465
12 19 -0.45977674389272405
12 20 -0.9017761160219895
12 21 0.8526025187206179
12 22 0.45684762740419593
12 23 0.694319372182403
12 25 -0.35021276743358976
12 26 0.9656713905719836
12 28 -0.022847122882009074
12 29 0.4909190114955244
12 30 0.35526258859297033
12 31 -0.5233309795142691
12 32 0.15331242055648686
12 33 -0.40266943249698217
12 34 0.8669108369163414
12 35 0.3837375644067096
12 36 -0.5444054270407539
12 37 0.3547613855327718
12 38 0.3193574800916019
12 39 -0.23720420764385408
12 40 -0.722609259159994
12 43 0.9431500771116861
12 44 0.754305541680691
12 45 -0.8652574694814916
12 46 -0.01064019535051064
12 47 -0.18791292527008951
12 48 0.9961274917627527
12 49 0.8111107142408289
12 51 0.5790631174239456
12 52 0.8220158271280522
12 53 0.007959313978712634
12 55 0.32003525441229863
12 56 0.11216661153879137
12 57 0.2720597666437172
12 58 -0.7624801510889436
12 61 -0.6813579797044933
12 62 0.03980637352073213
12 63 -0.2249410603353168
12 64 -0.06522152196123066
12 66 0.7786666513305684
12 67 -0.13712674335916408
12 68 -0.5636139932713642
12 69 0.817723146981084
12 71 0.9346483326837702
12 72 0.4944839273635606
12 74 0.14106085100087995
12 75 0.5015704793292424
12 77 0.4751040430804452
12 79 -0.30920631107620067
12 80 -0.17175818022984268
12 83 -0.47788926908826634
13 18 0.12390467753496148
13 19 0.5458750505391896
13 20 -0.5434601519846134
13 21 -0.0075648677486901406
13 23 0.19827702396347813
13 25 -0.8830641885182169
13 27 -0.10916902725202116
13 29 0.4012240566655658
13 30 0.31241471265845266
13 31 0.5516279418045249
13 32 -0.48982252777457336
13 33 0.33036603603375014
13 34 0.3465371700713471
13 35 0.05720083361989725
13 36 0.4889021946692458
13 38 0.37379051038559874
13 39 0.7780666937434508
13 40 -0.5219550263551458
13 41 0.5093497731452312
13 43 0.9318639033727332
13 44 -0.7160450785057566
13 45 -0.3030324115074343
13 47 -0.21610796023654721
13 48 -0.8395151567293386
13 49 0.19203674811749782
13 50 0.04894813314177959
13 51 -0.25931535277703555
13 52 0.019761680189902098
13 53 -0.30966378217858415
13 54 -0.06898772250190066
13 55 0.061001917820924234
13 56 -0.4716325185483301
13 57 -0.4105074876933872
13 58 0.06124558478447639
13 59 0.32735617803340866
13 61 -0.7068651383571118
13 62 0.6444896763578174
13 63 -0.526828438914638
13 65 0.21969275836742863
13 66 0.3123487815204331
13 67 0.908413700744708
13 68 -0.4811486561527851
13 71 0.8208604588763802
13 73 -0.6841524321487982
13 74 -0.4904105304397586
13 75 0.9445585495217892
13 77 -0.8660894241344705
13 78 -0.3440449559793306
13 80 0.8492980655642037
13 82 -0.5878553266480107
13 84 0.72671913522104
14 15 0.6596777875452886
14 16 0.27606921017842856
14 17 -0.2838686688445351
14 18 -0.6787005306903502
14 19 0.6065205319666775
14 20 0.8191675903221258
14 21 -0.2319309574784556
14 22 -0.1997813273591338
14 23 -0.091421632745736
14 25 0.9575841518772534
14 26 -0.8905983159300506
14 27 0.4851404054375601
14 28 0.2782865035736368
14 29 -0.5960362002025221
14 30 0.04747324440167433
14 31 -0.4431246126355084
14 32 0.03944520472833135
14 36 0.9823375211777474
14 37 0.7142994628091734
14 40 0.6446507560759465
14 42 -0.12332721565474802
14 43 -0.4488535608052042
14 45 0.0068197293443472695
14 46 0.7717925311475586
14 47 0.1674945457512358
14 49 0.5014419988458165
14 50 0.08375960590309628
14 51 -0.17717357491151753
14 52 0.19927216290817173
14 54 0.3538219652270038
14 56 0.5615064802028575
14 57 0.24801237965887313
14 58 0.43832355380727517
14 59 -0.9983427989867202
14 60 0.49668706977273125
14 61 -0.7722615458953677
14 64 -0.11871245246477602
14 65 -0.5140012572582888
14 66 -0.856554446168255
14 67 -0.6468246433072877
14 68 -0.6769583137426274
14 69 0.7411023960333536
14 72 -0.9750156175933078
14 74 0.2829321901320938
14 75 0.13305602655828297
14 77 -0.3074745854272043
14 78 -0.5394944485669126
14 80 -0.15862240130249883
14 81 -0.04281356041509721
14 82 0.758973063532046
14 83 0.6826376107400169
15 16 -0.21108864676168015
15 18 -0.5981708900025939
15 19 -0.059822281994013515
15 20 0.7698376409369045
15 21 -0.3835155338188323
15 22 0.24830984485851815
15 25 0.2991610155065598
15 26 0.7522253676950033
15 27 0.02342446877296611
15 29 0.4625374722676274
15 30 0.7741589548671635
15 32 -0.22401955731703183
15 33 0.4627726804711141
15 34 -0.8549299119059548
15 35 0.2508166839298067
15 36 0.7445404378531628
15 38 -0.062467746806253555
15 39 -0.1814302079368617
15 40 0.24289805329664205
15 41 0.23697969800568863
15 42 0.6814124047446384
15 45 0.07771780113902116
15 46 0.11366331563025756
15 48 0.09574224912924856
15 49 -0.37274076012966373
15 50 -0.5809993955023074
15 52 0.39349561097996477
15 53 0.012553025494940417
15 54 0.11223698323773967
15 55 -0.8445477103495009
15 56 -0.31851292330933223
15 57 -0.4795881543743006
15 61 0.7734233249318352
15 62 0.8383795212863543
15 63 -0.36599616373355603
15 65 0.8704429076359843
15 66 0.6388370716021514
15 67 0.6249659160930401
15 69 -0.31820552584812023
15 70 -0.7260459490571407
15 75 -0.6046794335269674
15 76 0.15252567699788244
15 77 0.9503875357065383
15 79 0.18113407088020517
15 81 0.34850054020507115
15 82 0.9613216103532818
15 83 -0.3107945155919354
15 84 0.49677737764240937
16 17 0.9774077790875106
16 18 0.3523645416404979
16 19 -0.21155163066305605
16 20 -0.687152576717309
16 23 -0.7697040447842813
16 24 -0.7989834776981177
16 25 -0.9160729476277074
16 26 -0.03931609970624672
16 27 -0.5556793973645724
16 28 -0.4795113301811078
16 29 0.4519083807152744
16 31 0.7228116888390064
16 32 0.0042281111957589435
16 33 -0.7350048560894293
16 34 0.6246587913221942
16 35 -0.8227548761257233
16 36 -0.51692392378784
16 37 -0.8819092373497304
16 39 0.6747500176803185
16 40 0.7155356079004407
16 43 -0.58955467178715
16 44 -0.5704846659817617
16 45 -0.7546858536075856
16 46 -0.7959696868781925
16 47 0.7332577389987078
16 48 0.41314015319005604
16 49 -0.05105308949050058
16 50 -0.8120167673974092
16 51 -0.06340829206542153
16 52 0.2623186070435757
16 53 0.35661612846965185
16 54 0.28565577594756686
16 55 0.996812496082859
16 56 -0.6206546294968145
16 57 0.7233723936432637
16 58 0.9814055149037175
16 59 0.8874613148357218
16 60 0.18905619177808797
16 63 -0.9587922217936036
16 64 0.9160440341836706
16 65 -0.6678114873776873
16 66 0.5297637430172837
16 68 -0.5487720466206654
16 72 0.35820408900990985
16 73 0.3921932490747624
16 74 0.8332283516642598
16 76 -0.0990210047133171
16 78 -0.6775290368844122
16 80 0.990902470486053
16 81 0.47648559673930246
16 83 -0.2675951652511408
17 20 0.02305129153738017
17 21 0.22778135482686124
17 22 0.21138749079690622
17 23 0.7471976084436269
17 25 -0.7520033237507353
17 26 0.6515289161799018
17 28 -0.6426157355379882
17 30 0.24035859839639784
17 31 0.8760434564789819
17 32 0.8326426876786672
17 33 -0.5137963046656142
17 34 0.6468656124550061
17 35 0.622503518849991
17 37 0.8974182410689628
17 38 0.24527576787826333
17 40 0.8227120887733514
17 42 -0.21288982395016598
17 43 0.4925146938399385
17 44 0.1453155098529748
17 45 0.8337430870647025
17 46 0.5705076299609062
17 47 -0.14307274979187534
17 50 -0.18070927115304336
17 51 0.05163819847585871
17 52 -0.7867852720884669
17 55 0.07364057351134567
17 56 0.5318564818358087
17 57 0.4229429600873791
17 58 -0.18846753147778528
17 60 0.07975579342134487
17 61 0.7867569316608927
17 63 -0.7524248635559112
17 64 -0.9471537769574936
17 65 -0.3622203603255896
17 66 0.12055146735661082
17 67 0.5422830068189959
17 68 -0.02397127136020516
17 72 -0.3447727685265527
17 74 0.1951827729321225
17 77 0.3643827823368786
17 78 0.9052857967885908
17 80 -0.6258781825582589
17 82 -0.9277467283919065
17 83 0.9059341744429168
17 84 0.3479837876136247
18 20 0.9173321876750193
18 22 0.5277636505065066
18 23 -0.8797041334025353
18 24 0.5818066664366701
18 25 -0.38726415199760367
18 27 -0.48491325974184085
18 29 -0.8711486669759476
18 30 -0.5092552545129825
18 31 -0.1298972612654945
18 32 -0.6470539073686723
18 33 0.5800483415514575
18 36 -0.35437850735448007
18 37 -0.7698421720628732
18 39 0.5884321558833085
18 40 -0.5751033969109702
18 43 0.17360953357646158
18 44 -0.5462867087999568
18 45 0.4936834057089765
18 46 -0.10925468693370144
18 47 -0.24617857485308337
18 48 0.041917166211613566
18 49 -0.6411483255458776
18 50 -0.9347743091131762
18 52 0.7960045107229603
18 53 0.6132198199424836
18 55 0.6926934143556935
18 58 0.32626813863702386
18 60 -0.6924686437876839
18 63 -0.42848226735918504
18 64 0.18614529742235497
18 66 0.8490165671763588
18 67 0.038664914508564685
18 68 -0.5754770972372047
18 69 0.9426701574259253
18 70 0.6572963619775747
18 71 0.1421786970907548
18 72 0.14211276205870416
18 73 -0.3038062088716189
18 74 -0.32220224486691906
18 75 -0.7604290757330698
18 76 -0.58330909587775
18 77 -0.9165888718886228
18 78 0.20274239717371212
18 80 0.986286708068717
18 82 0.07681047189781465
18 83 -0.993859825756795
18 84 0.7975583145512786
19 22 -0.07396972984748418
19 24 0.8305500996984367
19 25 -0.6182557216785074
19 26 -0.7331274429690715
19 28 0.5852591481433724
19 30 0.21658621127342204
19 32 0.6512485992550627
19 33 -0.7767288153146101
19 34 -0.730753900836824
19 36 0.2808552320377238
19 39 -0.09828987591114258
19 40 0.5314497226661765
19 41 0.7968306743589317
19 43 -0.508238371825678
19 45 -0.6744914226957395
19 46 0.2348054617043105
19 47 -0.867703786845871
19 48 -0.4077701869217394
19 49 0.8010999514832131
19 50 0.21928785281726726
19 51 -0.3217262289717575
19 52 -0.4911157983964347
19 53 -0.575028761398134
19 54 0.2882707472000403
19 55 -0.1324428435700482
19 56 0.5173953492766885
19 57 0.9447693407312769
19 58 0.7675268507396564
19 60 -0.45021610354997277
19 61 0.816071363857306
19 62 -0.8410232907443722
19 63 -0.2319110123845538
19 65 0.7895774492939522
19 66 0.06443316822207334
19 67 -0.8423364068468511
19 69 -0.35182109647413484
19 70 -0.16378978302537983
19 71 0.14557013173722289
19 72 0.7595206233752687
19 73 -0.23244780891908445
19 74 -0.5456598900817549
19 75 -0.5865826842572406
19 77 -0.782244401078211
19 78 0.9641437727205031
19 79 0.4720480903458646
19 80 -0.8071029633617797
19 81 0.602877979521214
19 82 0.017091297293352126
19 83 -0.5313392196185833
19 84 0.39329841754170514
20 21 -0.7214542799870287
20 23 0.8067270123343646
20 25 -0.6796359540006374
20 26 -0.49092373894238306
20 27 0.5373066318276774
20 30 -0.8150845374344058
20 32 -0.8420932329230628
20 33 0.8765008948440371
20 34 0.06671698526622682
20 35 -0.9516496044658169
20 36 0.5793881651320558
20 37 -0.6963907499784301
20 38 -0.24560771345366494
20 39 0.8043239780976601
20 40 0.7844471899128747
20 42 0.8473654525984675
20 45 0.23567871177482513
20 46 0.7045147364444275
20 48 -0.932893535840448
20 49 0.37694330465448833
20 51 0.1436445662725967
20 53 -0.8953514884803302
20 55 -0.9183995903138784
20 56 0.26135023374861754
20 57 -0.1686312445604612
20 58 -0.08957483610857953
20 59 -0.8601840167693293
20 61 0.9775038483153133
20 62 0.8023143300258775
20 63 0.3621334737731492
20 64 -0.10825975130042043
20 65 -0.31584908632001096
20 68 -0.3555304141217941
20 70 -0.5545265859371018
20 71 -0.6063114131134455
20 72 0.2999146201491931
20 73 -0.019776954160158677
20 74 -0.16259213550334461
20 75 0.7649404725997058
20 76 -0.44490582982462645
20 78 0.4676119711397664
20 79 0.6439256223127965
20 80 -0.020137028457522854
20 81 -0.9880906285546371
20 82 0.13365997113400785
20 84 -0.11609638366793695
21 22 -0.6887602253696568
21 23 -0.7839845290049396
21 24 -0.5719550395719437
21 25 -0.18665826921640405
21 26 -0.6907204147556714
21 27 -0.8108564375293768
21 28 0.0758516221708252
21 33 -0.26395215823696505
21 34 -0.46682698229523867
21 35 -0.6573963474885851
21 36 -0.16923847722502283
21 38 0.9578635793381656
21 40 0.36389992081021605
21 43 -0.5588237237328952
21 44 0.5715893943425632
21 46 0.3816880724032281
21 48 -0.195285972905616
21 50 0.07938277488277401
21 51 -0.6228666716810767
21 52 -0.47020136775762156
21 54 0.14987266231889285
21 57 0.5351501059589139
21 58 -0.6933067155953796
21 60 -0.7770487401584603
21 61 -0.528998963591069
21 62 0.10326184935138594
21 66 -0.9261885582175922
21 67 0.9224864776344672
21 68 -0.3786154296169775
21 69 0.6073077733501457
21 70 0.49732571697529404
21 71 0.3047529988336324
21 72 -0.27069696761283923
21 73 -0.5994388267191493
21 74 -0.8462999215523317
21 75 0.6765910839497515
21 76 0.2171526641557182
21 77 -0.7210065391879501
21 78 -0.3686235907270048
21 79 0.7141891911486269
21 80 0.4627103481013193
21 81 -0.0389307496532989
21 82 -0.6477230963971501
21 84 0.3270383005578916
22 24 0.02006502899258411
22 26 -0.2620876269814534
22 27 -0.23423815422430683
22 30 0.05639794374054463
22 31 -0.9898194236380684
22 33 -0.8711828690629277
22 34 0.16953746918656565
22 35 -0.23078309926846208
22 37 -0.8405602224034698
22 39 0.7533204718681421
22 40 -0.7507273617559471
22 42 -0.3497841254518741
22 43 0.8034112803567668
22 45 -0.9250758052929369
22 46 -0.4524328867440788
22 47 -0.9268143682864161
22 50 -0.0420602081305228
22 52 0.32985328450970774
22 53 0.8999348251154973
22 54 -0.8379232440056368
22 55 -0.4713460142794894
22 56 0.815430577172451
22 58 -0.2455295011381755
22 59 0.16690003996816505
22 63 0.5306276059667245
22 64 0.866787536499618
22 65 -0.40220566892696397
22 66 -0.9031404537882484
22 67 0.23022795117629835
22 69 -0.09906880902537929
22 72 -0.21530731082295484
22 73 -0.4691837101784848
22 75 -0.04522717492689576
22 78 -0.35093294455172797
22 79 -0.6879424291725427
22 80 0.3484172976665374
22 82 -0.863676754989755
22 83 0.560588870514553
23 26 0.8520702577646879
23 27 0.15943931280172396
23 28 0.2127393056610285
23 30 0.2611577313391471
23 32 0.29900257072602554
23 34 -0.157634502234969
23 35 -0.8807066431969333
23 38 -0.5569762441422537
23 39 0.8201236767660025
23 40 -0.6515199087885399
23 41 -0.04131241150466991
23 42 -0.13881177015192092
23 43 -0.21814198598489276
23 44 -0.16535916089575986
23 45 0.2685368383918396
23 46 0.13603283402373134
23 47 -0.5315621903930932
23 51 -0.004210199468528852
23 53 -0.4536499106198777
23 54 -0.6234137864822573
23 55 0.9085354708215663
23 56 -0.7782523247788196
23 57 0.7105063652862598
23 58 0.8076290655277993
23 59 -0.049986538401561864
23 61 0.7256066956374225
23 62 -0.283902774418497
23 63 0.4150914260830154
23 65 -0.9791372564940424
23 67 0.8031158202189825
23 69 0.9527960033889862
23 71 -0.43088267060062013
23 72 -0.7327317684723029
23 74 0.8865115422137151
23 76 -0.7660862226775049
23 79 0.8487749841646746
23 80 -0.8862244980965195
23 81 0.09101666731378577
23 82 -0.4601422179839594
23 83 -0.6338799408506874
23 84 0.731932457202781
24 25 -0.49301848016572536
24 26 0.40961803726904744
24 28 0.6365723886346157
24 29 0.6610719650657213
24 31 0.7562038981373294
24 33 -0.5832577943819583
24 35 0.12861673698268983
24 37 -0.20510078778668595
24 38 0.9757277371788495
24 39 -0.7847412247631436
24 41 -0.8379652520444234
24 42 0.19027006299792615
24 43 0.8919068731932069
24 45 0.08656032288233484
24 46 -0.8514704336078878
24 47 -0.48628671549847846
24 48 -0.15889445989636508
24 49 -0.4131661070004684
24 50 0.8252842001714487
24 51 0.36852758885151204
24 54 0.7251445872372864
24 55 -0.9561494572658948
24 56 -0.436792262574655
24 57 0.46335670441847876
24 58 0.8199268097877523
24 60 -0.38660426378717205
24 61 -0.591803227069664
24 63 0.6588670197598017
24 64 -0.9397522466610659
24 65 -0.4264889932040079
24 67 -0.8718330059254222
24 68 0.07866290993620573
24 74 -0.8693651919065293
24 75 0.9932199057199633
24 76 -0.5366864335650225
24 77 0.19517719362491737
24 78 -0.45959288275309707
24 79 0.07718337383482421
24 80 0.6390903635579268
24 82 -0.7353157459603088
24 83 -0.24102899149643098
25 30 -0.49931629896786855
25 31 0.17833379061975152
25 32 -0.5442355401307319
25 33 0.7904237281154698
25 34 0.5324878930500607
25 35 -0.8347194410771839
25 37 -0.6460792648467397
25 39 0.35485641638419985
25 40 0.984412619305336
25 42 0.9348596510434146
25 43 0.52365062701514
25 44 -0.36953515276289517
25 45 0.9185586070125269
25 46 -0.7359696443053929
25 47 0.9629565252307251
25 48 -0.29051851915954563
25 49 0.510800248595858
25 50 -0.20744940279392488
25 51 0.9183428658559099
25 52 -0.0623393627071922
25 53 -0.19570439251590654
25 54 -0.24777351649660906
25 55 0.0015023502296958036
25 56 -0.287759324596383
25 58 0.763562589688054
25 61 -0.1225391348065219
25 62 0.005327064065542286
25 63 -0.952723817385571
25 64 -0.6078385653415037
25 66 0.8428472590032534
25 67 -0.7873378547585514
25 68 -0.7147138325225497
25 69 0.256823313130883
25 71 -0.5101458701187245
25 73 -0.037274514781970636
25 78 -0.28751002641384993
25 80 0.034870696279159175
25 83 -0.6799092931104156
25 84 0.7767565185446945
26 28 0.4454173247286983
26 29 -0.10519225297750845
26 30 -0.4787021627224999
26 32 0.21343817477040883
26 33 -0.09607586954717284
26 34 -0.7154622477474728
26 35 0.531790299915617
26 36 0.3830240890478258
26 37 -0.9537824197226572
26 38 -0.37745335918986633
26 39 0.15694384467528777
26 40 0.15810949238278393
26 41 0.6898693431241569
26 42 -0.10699868688590719
26 43 0.6099118273299688
26 45 0.658925970202817
26 46 -0.5226617433815879
26 47 -0.19390627437862595
26 48 0.387829566703382
26 50 0.21763509768615474
26 51 0.0778498074066094
26 53 -0.6540160264322716
26 54 0.8544256609100607
26 55 -0.20786470062632767
26 56 0.9855999092843792
26 61 0.7599368634848969
26 62 -0.8096499571146454
26 65 0.6068841180962354
26 66 0.29218495801894107
26 67 -0.48225871276793786
26 69 -0.1384261869038208
26 70 0.39836836420905564
26 71 0.7101842355984611
26 72 -0.2858138718642331
26 73 0.35652248090757044
26 74 -0.6579663763256398
26 75 -0.801875593106609
26 79 0.15358747467002032
26 80 -0.013615284685748463
26 81 0.6768327149271935
26 82 0.5629963566920468
26 84 0.14680622997461468
27 28 0.5419397824422332
27 29 -0.29056708329394043
27 31 0.6877287767294691
27 33 -0.07901777103047736
27 34 0.4579571730875891
27 36 0.4898622925373679
27 38 0.8790315317033537
27 40 0.15759128705924796
27 41 -0.8731948939060132
27 42 0.8076052378690308
27 45 -0.0890921567142482
27 48 -0.3449804791244444
27 51 -0.7445660504419673
27 52 -0.967895655186991
27 54 0.01544514648339379
27 56 -0.997959179481281
27 59 -0.006125748782963347
27 60 -0.9538619029178781
27 61 0.904986255259195
27 62 -0.4530993297886261
27 64 -0.3471951086853533
27 66 -0.2846785810869179
27 67 0.8822211890393519
27 68 -0.588305066312776
27 69 -0.4115108436750725
27 70 -0.9644327633438454
27 71 0.9341436386651238
27 72 0.13048753853099115
27 73 -0.6431861370731196
27 74 0.8888491500677009
27 76 0.4275036698470527
27 77 -0.6620513068863587
27 78 0.38848469684885134
27 79 0.35043307006591795
27 80 0.7616469381149293
27 81 -0.8817959570788898
27 83 -0.7660611087076654
27 84 -0.4681727278455017
28 30 0.18688571853003233
28 31 0.06111535497656129
28 33 0.4767221257485037
28 34 -0.37031459758735563
28 35 -0.9941260770234386
28 37 -0.11882305849805941
28 40 -0.8157516939772242
28 41 0.9612074270008939
28 42 -0.18160737101944036
28 44 -0.12719533478145317
28 45 -0.1422336823490875
28 46 -0.6361641146358281
28 47 -0.5311767215620995
28 49 0.6161010185083438
28 50 -0.9897386133717927
28 51 -0.7761415241787952
28 52 0.839588756545502
28 53 -0.9028345155108961
28 54 0.5261907592729751
28 55 -0.2845351456638989
28 57 0.7968187495674672
28 58 0.21740391417121652
28 59 -0.11284208006883545
28 60 0.8970847816509413
28 61 -0.004339974735802832
28 63 -0.23196161226189638
28 64 0.6496878530912775
28 65 0.5643287191100779
28 66 -0.49114315633153005
28 68 0.6923951172258678
28 70 0.2918691485527056
28 74 -0.8301941280466318
28 75 0.3561544390457976
28 76 -0.07695473794003971
28 77 -0.6392669453027775
28 80 -0.8952930687135456
28 82 0.09414496398702621
28 83 -0.30614917276766973
28 84 -0.9805340541781893
29 30 0.660002435016023
29 32 -0.6324011239829586
29 33 -0.21258151005336923
29 35 0.3008126261841748
29 36 0.5978881631546049
29 38 0.08106979783177448
29 39 0.4543167823776315
29 41 0.5167773139912513
29 42 -0.1652334530078441
29 43 0.06311928664765132
29 45 -0.545475139981833
29 46 -0.2822229029634584
29 47 0.49450230643356297
29 50 0.5001108967264078
29 51 -0.8966141848973668
29 53 0.08931340973863322
29 55 -0.7391553855732942
29 56 0.2647493356084223
29 57 -0.6224394104293389
29 59 -0.6601511682958985
29 61 -0.7942814000929577
29 62 -0.7148527323448155
29 65 -0.832503948500932
29 66 -0.7757435565375757
29 67 0.4081148584404275
29 68 0.4600262935838684
29 69 -0.09086583018911121
29 70 -0.5717753716778657
29 71 0.041967793071574944
29 73 0.44983637905864615
29 75 0.07887820519512023
29 76 0.6572016607363786
29 77 -0.021938824489703412
29 79 0.5703975034586299
29 80 -0.47338139051960315
29 81 -0.21395298678197716
29 82 -0.19965882757261988
29 83 -0.07631049706859683
29 84 -0.1084102270889522
30 33 0.7285697822526118
30 34 -0.9033168681888051
30 35 -0.7399903425454855
30 39 -0.2164793999148149
30 40 0.5348932989748687
30 42 -0.13857588336293225
30 43 -0.8046020567748535
30 46 0.2184709809216403
30 50 -0.4552192959835488
30 51 -0.8715441707974805
30 52 -0.30771391907944534
30 53 -0.42282198666484017
30 56 0.0013203406148225572
30 59 0.01104368462960581
30 60 0.5058604161955134
30 61 -0.45138945433437416
30 62 0.9060462758152301
30 63 -0.552607386940521
30 64 0.9826348843753909
30 66 -0.4070058839464643
30 67 0.3288262207239674
30 68 -0.8013622884966127
30 69 0.5163935760780685
30 70 0.5808673366680626
30 71 -0.21089587837408974
30 72 0.9596078323046917
30 76 -0.4021324361053267
30 77 0.9671105125578776
30 78 -0.38751266073988866
30 80 -0.8401801176098649
30 82 -0.4175935901965666
30 84 0.9668677456692554
31 33 -0.05186179731222018
31 34 -0.3908765451124536
31 36 0.28296867961362926
31 37 0.40191684255157556
31 38 0.566936679361858
31 41 0.43407227671349546
31 42 -0.4615895922903539
31 46 0.05795545474414965
31 47 0.5083108062951638
31 48 0.3275293527669991
31 49 -0.25396616954486007
31 51 0.7872196945911214
31 52 0.7368015668221082
31 53 0.9435158131061809
31 54 0.9128732100475141
31 55 -0.43337350967526955
31 57 -0.4331764291540192
31 58 -0.8968791269913055
31 60 -0.7520270318106548
31 61 -0.1468717353755702
31 66 -0.40641819556036474
31 67 -0.5041218142248038
31 68 0.26241224615620284
31 69 0.6072037075236059
31 71 -0.41936087147054635
31 72 0.8575883088324714
31 73 0.5049350055004098
31 74 -0.5808830561894254
31 76 0.5722486309502051
31 78 -0.4826232650910145
31 79 -0.9782324796704551
31 81 -0.7646242572168187
31 83 0.8312336824230406
31 84 -0.05121029350444917
32 35 -0.5926600339936521
32 36 0.6884383918494517
32 37 -0.37989584158233947
32 38 0.7280935867388825
32 39 0.6649846537623545
32 40 0.9505063828181957
32 41 0.6484908584134519
32 42 0.31494635246622704
32 43 -0.5540844313170603
32 45 0.7279708511114191
32 46 -0.7445825918986808
32 47 0.9535814859410634
32 48 0.7366554948515838
32 49 0.0033757195175179167
32 50 -0.7863097000952244
32 51 -0.45938690771253254
32 52 0.6425032551439076
32 54 0.24150461168498527
32 55 -0.25989214176463915
32 56 0.5915569428618084
32 59 0.6703688566317694
32 60 0.8634183589038382
32 62 -0.3429258528113628
32 65 -0.8891875073809095
32 66 -0.47369819108447486
32 67 -0.5615422153376446
32 68 -0.46012896674825354
32 70 -0.6274300567375863
32 71 0.23188772464213914
32 72 -0.44592662042980513
32 74 0.6701897439542612
32 75 -0.8646112314719119
32 78 0.6590297981575131
32 79 0.5557441466692761
32 80 0.051270559758514134
32 82 -0.010581594921690973
32 83 -0.7354520206019646
32 84 -0.6090992842661982
33 35 0.022557207740421026
33 37 -0.01309767445249177
33 38 0.43843653996317533
33 39 0.3839311258234088
33 40 0.5971515028911547
33 43 0.2769670059065572
33 46 0.805328900590556
33 48 0.22385993498400802
33 50 0.773269748648511
33 51 -0.3941087853072831
33 53 -0.4599939313473502
33 54 0.3108615919703279
33 55 0.28370614723289544
33 56 -0.640758542009245
33 57 0.3373588915134542
33 58 -0.6567242767213748
33 59 -0.8947829335133941
33 61 0.9706358323070359
33 62 0.8131018552644007
33 63 0.9774948360019351
33 64 0.6648440265887599
33 65 -0.7265642461163295
33 67 0.7124624891603979
33 69 -0.7832994779835842
33 70 0.5179413404341693
33 72 -0.024151862497791
33 73 -0.3898364452720715
33 75 -0.5784161643974846
33 79 0.8517619943286747
33 80 0.7664573094329301
33 81 -0.9457688984084942
33 82 -0.9015907433485151
33 84 -0.6710057888347285
34 35 0.6341660096783917
34 36 -0.6390644577158033
34 40 -0.7406689514675464
34 42 0.6921635795584125
34 45 0.2956732804081563
34 46 0.8681341323249996
34 48 0.24304769950169058
34 49 0.2908414246060187
34 50 0.946338894216443
34 51 -0.7559195997408132
34 52 0.6898126039143644
34 54 -0.677019591413843
34 56 0.4731404991846526
34 57 0.12729669313253011
34 58 0.3122948782455697
34 59 0.8829684468510293
34 60 0.7051148771974398
34 62 0.5006697428340043
34 63 -0.010282478035765319
34 64 0.8356619659670004
34 65 -0.8870117273289322
34 66 -0.8170891047005657
34 68 0.08896170544688786
34 69 0.8900704534328439
34 70 -0.3152137051036552
34 71 -0.30757702114953434
34 73 -0.49126423614530434
34 74 0.008485186323273997
34 78 0.8382454821435157
34 79 -0.7463851006530386
34 80 0.9348270649590664
34 82 -0.4605560586583284
34 83 -0.3644921702189394
34 84 -0.898288730118113
35 36 0.5201733893112124
35 38 0.9087277530484366
35 40 0.869128265672827
35 41 0.8654591568731402
35 42 -0.7077028466984434
35 44 -0.005819322284140727
35 45 0.8445759566166204
35 46 0.966170448324595
35 47 -0.4924993637958668
35 48 0.4182596659877047
35 49 0.2711367415171373
35 51 0.26766893099079514
35 55 -0.8855913289726494
35 56 0.27606787975875835
35 58 -0.18652777573452273
35 59 -0.9369002004134916
35 60 0.8076412552861212
35 62 -0.01837079714035461
35 63 -0.06847803881996972
35 64 0.4375114684439285
35 65 -0.3736469042650634
35 66 0.4027427101987422
35 68 0.8638255856340988
35 70 0.2524654243041091
35 71 -0.7061267564697493
35 72 0.11728095526265325
35 76 -0.17032157189194308
35 77 -0.20040367359424804
35 78 0.5793533043264318
35 79 0.6269149337878261
35 80 -0.5377058358282423
35 81 -0.3082074758407074
35 83 0.5925537337794426
35 84 -0.2489148049549632
36 37 0.8839598813805072
36 38 0.6216677832147515
36 41 0.24538531905476102
36 42 0.829600085631309
36 43 0.19648149064756626
36 44 -0.33888421075896424
36 46 -0.39648819501562604
36 47 0.5734478080983962
36 49 0.8073910496574013
36 50 -0.46526779544412666
36 51 0.06601216588396097
36 53 -0.37184515823934405
36 54 -0.602784827386966
36 55 -0.39634420053013497
36 56 0.13962857366040948
36 57 0.4118561113448256
36 58 0.14796375592774447
36 59 0.0019476839068690577
36 60 -0.12683261448739946
36 63 0.5027321403902807
36 65 0.21586722764863997
36 68 -0.5527043476248621
36 69 -0.4367033412997894
36 70 -0.8135938080631706
36 71 0.9593839590254756
36 72 -0.29265296681970754
36 73 -0.5541274452480809
36 75 0.36982592126502145
36 76 0.8189788443461072
36 78 0.8576593452577197
36 80 -0.6155467621226198
36 81 0.9285957825476749
36 82 0.7354540976356949
36 83 -0.19790291361787005
36 84 0.988648521673809
37 38 0.7787628842722101
37 39 0.4373314223948115
37 40 -0.38915499141674403
37 42 0.8328983216194323
37 45 -0.35341912452790547
37 46 -0.5190796616543474
37 47 -0.37260481642177545
37 48 0.783541626772349
37 49 0.8987392271098915
37 50 -0.8183897427407996
37 51 -0.32802415299980825
37 53 -0.8768790438271596
37 54 0.8425917204206561
37 55 0.16605125587270075
37 58 -0.5602843226766832
37 59 0.1325269536812428
37 61 0.6320509580307259
37 62 0.6485536279651523
37 64 -0.3518515866295353
37 66 -0.7128790375975234
37 68 0.9150592111830087
37 71 -0.7389696989761401
37 72 0.6103649192486953
37 73 0.07828982849407806
37 74 -0.8956598784815422
37 76 -0.915540823736706
37 78 0.2573407445648268
37 79 0.21667068185144278
37 80 0.13575573471885738
37 82 0.7515513066051724
38 39 -0.8286336895193416
38 40 0.7295166909443325
38 41 0.3548805387808798
38 42 -0.6304113521635033
38 43 0.03641666624634765
38 44 0.3789281173618848
38 45 0.671276096822002
38 46 -0.5452853761301468
38 47 -0.9941483987766313
38 49 0.35368085900977686
38 50 -0.9281002511430319
38 52 -0.6130261114153635
38 53 -0.4715706053952564
38 54 0.1404889267241689
38 56 -0.8848331873577322
38 57 0.3175504501209756
38 59 -0.7396270524783737
38 60 -0.9938260008824609
38 61 0.4026154182377675
38 62 -0.30998319925934226
38 64 -0.3127770280131583
38 65 0.8796080714066892
38 66 -0.3898824114978632
38 67 -0.05857664318026434
38 68 -0.073586345440243
38 69 0.009759924171245826
38 71 -0.0686518118408006
38 72 0.5391402364802491
38 75 0.5603175206029365
38 77 0.7076643988451623
38 78 0.8915730586350248
38 79 -0.7889068239219452
38 80 0.2827555060863769
38 81 0.10718715369345988
38 82 -0.0682820173854175
38 83 0.16347690617798039
39 40 -0.7601893832229376
39 42 0.3948425792618626
39 43 0.4951328503035095
39 45 0.44395995579723824
39 46 0.10840970934153749
39 47 -0.08481651570480686
39 51 -0.03552893481951758
39 52 -0.622203234160511
39 53 -0.4714914837737887
39 54 -0.8710049380741687
39 55 0.9032784112307142
39 56 0.06585750488024278
39 57 0.5812394289933474
39 58 0.1935280857123407
39 59 -0.8026628168936316
39 60 -0.21223771602479036
39 61 0.5901136816450581
39 62 -0.6299330905796059
39 63 0.38953526464162547
39 66 0.36183415170076283
39 67 -0.42886572771204
39 68 -0.6089581287455021
39 71 0.7537844705881764
39 76 0.8105012048335738
39 77 -0.08794721510393133
39 78 0.9262474927609996
39 80 0.06566175588198875
39 81 0.038465775626445264
39 82 0.05674888427262981
39 83 -0.0496759925225192
39 84 0.7296873768454966
40 41 -0.2078661620987301
40 43 0.07052780941831527
40 44 0.15977783766850862
40 45 -0.9438288753713187
40 48 0.43580735806240956
40 49 0.5052166615684668
40 52 0.1581247134845183
40 53 -0.6323582022080034
40 55 0.3159141380262156
40 57 -0.19131945245611104
40 59 -0.21473506553941557
40 60 -0.9381246146474862
40 61 -0.42681289249564625
40 62 0.9398042752123508
40 63 -0.7780070086691748
40 64 -0.5120039019530715
40 67 0.29063359070220174
40 68 0.5482863393403303
40 69 -0.42996322085174166
40 73 -0.744915331883224
40 74 0.5601540831102623
40 77 0.606326494548538
40 78 -0.37741325450032814
40 79 0.5983408605873011
40 80 0.8087102777199575
40 81 0.7866782952870288
40 82 -0.05929057121146708
40 83 0.641430316723079
41 42 0.3325707965221498
41 43 0.7722519499238034
41 44 -0.9539382212858691
41 45 -0.3340404432147992
41 46 0.7048442539638753
41 49 0.06959271663208977
41 50 0.15006520350484154
41 51 0.06497871257585364
41 52 0.55124129388859
41 53 0.3288179267821243
41 54 0.05672049621243325
41 56 0.541133823651027
41 57 -0.5418319474189235
41 58 -0.8615859374884234
41 59 0.5084002596278794
41 61 0.1977773812302248
41 62 -0.5484966161594498
41 64 -0.17558223832560382
41 67 0.29780788809727565
41 69 -0.08820339742405525
41 72 -0.10421922850451915
41 73 -0.0707067136384647
41 74 -0.5209274805471791
41 75 -0.07581750931699105
41 76 0.7991445977074727
41 79 -0.16533242592092368
41 80 0.8673693851477349
41 81 0.1889377006894799
41 82 0.9433182353312577
41 83 0.8660476976703488
42 43 0.23781950883762581
42 44 -0.12413915667501385
42 45 0.21732457954717566
42 46 -0.9173257775491868
42 48 -0.014317924413489669
42 49 -0.832846587184074
42 50 -0.011727445358596933
42 51 0.7222139719778191
42 52 -0.5274117556324998
42 53 0.2025612845966711
42 55 -0.6429228376672398
42 57 -0.9810198775055905
42 58 -0.7907317197045873
42 59 -0.6692528784959719
42 60 -0.1930838554698604
42 61 0.540945460017429
42 62 0.40105682729559655
42 63 0.2946375309340594
42 64 0.6641662414943366
42 65 -0.581669472619107
42 66 -0.7916044664142583
42 67 0.6476902671953995
42 69 0.4740939685921135
42 71 0.532928138893979
42 72 0.7213272645257398
42 73 -0.3082660639443986
42 74 -0.28225412196592714
42 76 -0.7620696619537164
42 77 -0.4313208999460545
42 78 0.0514488310627188
42 79 -0.5629894795499242
42 80 0.20770696637655495
42 81 -0.984075167788333
42 83 0.6325802670171887
42 84 0.6807990337330154
43 44 -0.8298960448631623
43 45 0.05154838048256494
43 46 -0.7828285752513444
43 47 -0.5893479766501839
43 48 -0.8860942788719486
43 50 -0.4113050500790645
43 51 -0.6548685526647093
43 52 -0.8693780178045794
43 53 -0.33489739520432216
43 54 0.38495762803306177
43 55 0.3872125994281861
43 56 0.29985127187376226
43 57 -0.8390119391890649
43 60 0.04877825719095186
43 61 0.6711959713023055
43 62 0.23447973742483086
43 65 0.4958580810315747
43 66 -0.762481499561964
43 68 -0.9107553858978876
43 70 0.6435765137831835
43 72 -0.4043291942787255
43 74 -0.6184236545125212
43 75 -0.6370772363917314
43 76 0.42305328113497187
43 77 -0.4479384260764687
43 78 -0.6174439217507817
43 80 0.18328327285937696
43 81 0.05326278525464878
43 82 0.051591818148908786
43 83 0.9322984958712082
43 84 0.19168364624944378
44 46 -0.9741600473123102
44 47 -0.4742165323731591
44 48 -0.3185930574631819
44 50 -0.9115787093349057
44 51 -0.8870291486853734
44 52 0.49579033662357075
44 53 -0.09117791044858392
44 54 0.799308959525846
44 55 0.8611647415894037
44 57 0.08683396418632827
44 59 0.0020658996254556694
44 60 0.38542309707120026
44 61 -0.04216721862721662
44 62 0.144135649136913
44 66 -0.07795721699299674
44 68 -0.5490971819500188
44 71 -0.6100130169436329
44 72 -0.8004517953398675
44 73 -0.9494432453468369
44 77 -0.06202049551040112
44 78 -0.24057995643441354
44 79 -0.9472798422114337
44 80 0.8277134076149986
44 81 -0.6693559307334116
44 82 0.7023685549552685
44 83 0.35487979588926355
45 46 -0.4514621548908746
45 47 0.043012322169901474
45 49 0.4640996357559266
45 51 -0.40134212074315556
45 54 0.010721505219124738
45 55 0.0602724482048651
45 56 0.8402004926205726
45 58 -0.3887632997272734
45 59 -0.16144401488241966
45 60 -0.3318143793181032
45 61 0.678561062211601
45 62 -0.41576976324954074
45 64 0.09600446334015156
45 65 -0.8908959642186303
45 66 -0.7258918370061698
45 67 -0.7293850530298218
45 68 0.5168791794045635
45 69 0.4621637123839246
45 71 -0.004058489524872755
45 73 -0.1661172899260026
45 74 -0.13689421030274818
45 75 -0.12146808725275027
45 76 0.40598801544529795
45 77 0.8610562719061485
45 78 0.0673186517023594
45 80 -0.3651615387429241
45 81 -0.6479208409878074
45 82 -0.7001785926558488
45 83 -0.3175193951321813
46 49 -0.008425412454756032
46 51 0.07804062640331444
46 52 0.04473563696976268
46 54 0.033773495192323866
46 55 0.4179203833175966
46 57 0.9718458662233067
46 61 -0.1281742074393164
46 62 0.8528276354564366
46 65 0.1524800580646386
46 67 0.9136250409011686
46 70 -0.036946047035140595
46 71 -0.22647206937189135
46 72 -0.8285848881384856
46 73 0.7643642089844254
46 74 -0.7675423346872792
46 75 0.657465240545634
46 76 0.4718123755937269
46 77 -0.0440700985197604
46 78 -0.5348208583108618
46 80 -0.05560940700460404
46 81 -0.2057193333239471
46 83 -0.4436813809683915
46 84 -0.1773910443909248
47 48 0.16601607516321248
47 49 -0.0600827513589286
47 51 0.8849850379859174
47 52 0.47644143427869223
47 53 0.9867087802529573
47 54 -0.07041593310272742
47 55 -0.17244966744900836
47 56 -0.2986143020527152
47 58 0.41358195124108876
47 61 -0.6609645973832283
47 62 0.14183079436847734
47 64 -0.10830060584038614
47 65 -0.9466013529763584
47 66 0.7966887819126416
47 67 0.8286276685955902
47 68 0.7805021598414676
47 69 -0.7444881638903564
47 70 0.36034780551740986
47 71 -0.03478076820626974
47 72 -0.47416089853698407
47 73 0.2202131344208904
47 74 -0.3153268040638051
47 75 -0.6272609374073377
47 76 -0.5936141334843543
47 77 -0.7929162035932142
47 80 -0.5725371931232186
47 81 0.2238847824239869
47 82 -0.7743494252126357
47 83 0.5143163237566009
48 51 -0.26522969354272985
48 52 0.670597985747583
48 53 -0.43715874794232445
48 54 -0.428282452177432
48 55 -0.9932464606662721
48 56 0.8636412385855807
48 57 0.1786539016177071
48 59 0.3050074912843561
48 60 0.028038597949253452
48 61 -0.6491063679282758
48 62 -0.8208752588047867
48 63 -0.21191126019033013
48 65 0.6825886630279769
48 66 0.13803427206305252
48 68 0.42556819542690016
48 70 0.6188865823840195
48 71 0.8566926111604185
48 73 0.877228251710819
48 74 -0.7302935776593675
48 75 -0.9862905552321921
48 76 -0.799866719022635
48 77 -0.21253845275307182
48 78 0.5025050855174706
48 79 0.23660893307997322
48 81 0.9599547434881646
48 82 -0.47054567287712645
48 84 0.0737650380442294
49 50 -0.6833925845305149
49 51 0.6889425873424271
49 52 -0.24316406235172505
49 54 -0.7438864740830415
49 58 -0.14396731268426644
49 59 0.6839293555023818
49 60 0.1716638441907654
49 61 0.0773930418646176
49 62 0.4236130685899038
49 64 0.13165796515654882
49 66 0.03450250460163895
49 68 -0.9274685287252393
49 70 -0.4541046834061855
49 71 -0.10606633266639154
49 72 -0.7020861018989224
49 73 0.5345109830410206
49 74 0.33165787666131297
49 75 0.4569159473170876
49 77 -0.3799998918742855
49 79 0.0380747572587492
49 80 -0.685557650910503
49 81 -0.5266427400889722
49 82 -0.8074973557136027
49 84 0.8963201316071656
50 51 -0.21715439236027012
50 53 -0.8025654681028926
50 55 0.9852555697552732
50 56 -0.3832794192232849
50 57 0.31155277776568546
50 58 0.1953710200469092
50 59 0.6385572045504142
50 61 -0.21996285597608733
50 62 0.3059567429684482
50 65 0.8322570605590667
50 67 -0.7027089262244559
50 68 -0.06982568180194537
50 69 0.04949651054563953
50 72 0.9094938912302089
50 74 -0.12284680683335236
50 77 0.05739146823873331
50 80 -0.671562606940072
50 81 -0.09855736593392295
50 82 0.7219276598847919
50 83 -0.04907683317114375
50 84 -0.8811592865438969
51 52 0.6687423869832985
51 53 -0.25422301360974964
51 56 -0.1388882121471715
51 58 0.8599657908510101
51 59 -0.5426997714644144
51 60 -0.8289960060313912
51 61 0.8783024300240432
51 62 0.5260695046651533
51 64 0.058744154874695864
51 65 -0.3244013333053499
51 66 0.8201758946425395
51 68 0.42264371328861716
51 69 -0.5144102267483897
51 71 -0.8594592797007601
51 73 0.6460951870180571
51 74 0.614503659217394
51 76 0.26974999700161906
51 77 -0.8177653669734681
51 80 0.8370888112431645
51 82 0.6653577917651736
52 53 0.1970195867238902
52 54 0.2917564938632893
52 57 -0.8168285304460241
52 60 -0.3809003092448975
52 61 -0.005782255608558051
52 63 -0.1549006121663714
52 66 0.8629325014615019
52 73 -0.004710553824235797
52 74 -0.6167269708104226
52 75 -0.569844036147054
52 76 -0.15447024402637743
52 77 0.7661757895219801
52 78 0.3410681327998033
52 79 -0.9355989394190871
52 80 0.5453097703624807
52 81 -0.5821550149900965
52 82 0.744984431806925
52 84 -0.7241015746064685
53 54 0.5326307630153475
53 55 0.41999083472158194
53 56 0.9632378834318127
53 59 0.03555929189596463
53 60 -0.9974781367424386
53 61 0.3023481962170922
53 62 0.6138348255209387
53 63 0.009508863316810778
53 64 -0.4264878509425587
53 67 0.9806045967317396
53 69 -0.43446082033781286
53 72 0.2787987677868755
53 73 0.35713284388246147
53 74 -0.34369039653644773
53 75 -0.2855201607349771
53 76 0.12723287245501913
53 78 0.5013696739060871
53 80 -0.37689996759806665
53 81 -0.6647664539171305
53 82 -0.697368585367524
53 83 -0.5789076503887998
53 84 0.00047189354764554103
54 56 0.3021506262123046
54 57 -0.769536925642669
54 59 0.8050927217042008
54 60 -0.5927613482928473
54 61 -0.22179588739344247
54 62 -0.3167929719368847
54 64 0.2001573973114299
54 65 -0.9001527769899531
54 67 -0.877294539883192
54 68 -0.8132275338731656
54 69 0.2883403164309877
54 70 0.933715740479304
54 72 -0.6389183951094926
54 75 -0.8865500457240805
54 77 0.21932270372549745
54 79 -0.3370538863949053
54 80 0.8548309327423704
54 81 0.3519875064779503
54 82 -0.782398116198284
54 83 0.4846758928506445
54 84 -0.8105580382706765
55 56 0.06785491911576713
55 58 -0.3490519940510619
55 59 0.6561649684496635
55 60 -0.24719714643965873
55 64 0.008383402707698107
55 65 0.07808736003658834
55 67 0.02882313990762153
55 70 -0.8937625809559917
55 71 -0.16748192202656376
55 72 -0.2581462771123464
55 73 -0.4546902486758573
55 74 0.012457004768951618
55 75 -0.987994192612722
55 76 -0.27581669612332305
55 77 -0.3383654688877058
55 78 -0.6197371430330971
55 79 0.4407510903260774
55 80 0.5647674965593712
55 81 0.36207653816983476
55 82 0.7442097667294387
55 83 0.9516710003034476
55 84 0.772712929014818
56 57 -0.754038100539121
56 59 0.8434608674196511
56 60 -0.6290937971871675
56 61 0.7968474224495474
56 62 0.9454532562072875
56 63 0.6680712522005201
56 64 -0.29208376897877275
56 67 0.2890994159103002
56 68 -0.9472519579635805
56 69 0.29624226933773623
56 70 0.6230592500135432
56 71 0.7807813749374968
56 72 0.4895978179821112
56 73 -0.21483218912712587
56 74 -0.8945083262337095
56 77 -0.7996397875124179
56 78 -0.6662767463603261
56 81 -0.4837516978148313
56 82 0.16410551441779297
56 83 0.40685128381930724
56 84 -0.19473019582990503
57 58 -0.6986310801272675
57 59 0.4206523786923315
57 60 0.188022067912889
57 61 0.7504002821608853
57 62 0.7700790044087256
57 64 0.10391368545265056
57 66 0.9455194737312622
57 67 0.5725830404103769
57 69 0.26828286497403586
57 70 -0.05813130244280962
57 71 -0.5017323850726898
57 72 0.08528947579219248
57 75 0.8449322550224001
57 76 -0.6744762950754006
57 77 0.8354483184805976
57 78 0.5428371916386636
57 80 0.6058526055342384
57 81 0.9927211762787269
57 82 -0.4191008232583804
58 59 -0.0697502192730941
58 60 -0.7536550688637607
58 62 -0.9179004062162726
58 63 -0.18886819441305458
58 65 -0.09487692155808536
58 66 0.44262961950165436
58 67 0.2863151427525492
58 68 0.8760081582906427
58 70 0.4697279676747712
58 71 -0.03912214295575134
58 72 -0.1655627325544311
58 73 0.07302008909506541
58 74 -0.585018997035295
58 75 -0.7840481429061155
58 76 -0.4684083455243018
58 77 0.17726601375892437
58 78 -0.01397948636023938
58 79 -0.7583036382958894
58 80 0.9361089322224292
58 81 -0.23441759982685295
58 83 -0.3629607772392558
58 84 -0.4905166429985286
59 60 0.3881879771991015
59 61 0.5389606236755751
59 62 0.026904072800158163
59 64 0.3382643250474431
59 66 0.24906236680822036
59 67 0.06503554667421274
59 68 0.73773472317688
59 70 -0.7183490337315714
59 71 -0.0839777503480843
59 72 -0.5779457954058909
59 73 -0.855529998928535
59 74 -0.24246357885429237
59 75 0.6341182963990115
59 76 0.35935970073222223
59 77 -0.7276331321972387
59 78 0.47976405415815715
59 79 -0.3883876986143273
59 80 0.7666068938754842
59 81 0.6804421494020474
59 82 0.8432287928371527
59 83 0.783858555238554
60 61 0.08111171152605112
60 62 -0.37871257032879435
60 63 0.8408396409449082
60 66 -0.5012467864599748
60 68 0.9282080549336962
60 69 0.5627447141067492
60 71 0.14011795926173853
60 72 -0.9430454447380459
60 74 0.17911734448247985
60 75 -0.04683801540776322
60 76 -0.8497413717127869
60 77 -0.1079825336984086
60 78 0.5770340279438511
60 79 -0.44067008238078653
60 80 -0.9754581647892622
60 81 -0.618807313384883
60 82 0.3649967755495349
60 83 -0.5939505075351199
60 84 0.045647697822915
61 63 0.8402458061654157
61 64 -0.43152141890850326
61 66 -0.45328098233373293
61 67 0.04477729474851477
61 68 0.42489262967988184
61 69 -0.19246138781851574
61 70 0.8601082102252984
61 72 -0.2647713225139581
61 73 0.5343713372198948
61 75 0.021962009796854032
61 79 0.03864981521994415
61 80 -0.9678906086112986
61 82 0.9400154624887889
61 83 0.11393528153724253
61 84 -0.8887680633084813
62 63 -0.1566968227125758
62 64 -0.8289402331804496
62 65 -0.32549887971673686
62 66 0.2699175716403073
62 67 -0.5502260773862484
62 69 -0.5267255637156494
62 71 0.24346943792555198
62 72 -0.9465713037508088
62 73 0.5825408831324925
62 75 -0.7508266476481944
62 76 -0.8344541031514985
62 78 -0.2705386592166854
62 79 0.8483505936711646
62 81 -0.12295219319725503
62 82 0.46691261863995437
62 83 -0.46336731793244046
62 84 -0.7140761027613545
63 64 0.7821323428453351
63 65 -0.5509375646947077
63 66 0.3727233468907596
63 67 0.23811191792470798
63 68 -0.47263931856648855
63 69 0.534893903978322
63 70 -0.3540278004740731
63 71 0.10727361191748441
63 72 0.45977209743367986
63 73 -0.05020275511282102
63 74 0.39776434411985195
63 75 -0.3223604417982451
63 77 -0.009589859186645233
63 79 0.1445615139334211
63 81 0.34553901340937565
63 82 0.10967273757250795
63 83 -0.8075330539437593
63 84 0.9531571399741436
64 65 -0.837951684570549
64 66 0.4219336471986621
64 67 0.33807700394615225
64 68 -0.27733124271087384
64 70 -0.6401903160172329
64 71 0.41480326678258517
64 72 0.932826282275091
64 73 0.2671561496087942
64 74 -0.8422499941053532
64 75 -0.6334591026848482
64 76 -0.7389242258538045
64 77 -0.17282967130824312
64 78 -0.45832082566336063
64 79 -0.16975075062158163
64 80 -0.3848877701046127
64 82 -0.028482142096778462
64 83 -0.42988830107377796
64 84 0.9258708518538876
65 66 0.4795789313924401
65 67 0.5279524054206752
65 68 0.6134610875749575
65 71 0.3844345858350342
65 72 0.32641714301660474
65 73 0.569498784701377
65 74 -0.5103935464870206
65 76 -0.7844783276386993
65 77 0.40448596385712365
65 78 -0.9802236579183432
65 80 -0.5622053828803231
65 81 0.9705416937371802
65 82 -0.9725721658280098
65 83 -0.44103956396344435
66 70 -0.7979730747583547
66 71 -0.11711126335090749
66 72 -0.5933560571195946
66 73 0.5124661636785268
66 74 -0.2142081727944587
66 75 0.6553395002373015
66 76 0.9702037396542718
66 77 -0.9717923209068342
66 78 0.51978768886912
66 79 -0.4130075355581031
66 80 0.6101955566129249
66 81 -0.9926904636752252
66 82 -0.05687824680079667
66 83 0.8523407203797995
67 68 0.21707155055689586
67 69 -0.030202928032442955
67 71 -0.06950537692026226
67 72 -0.8829486730242548
67 75 0.7446313891233431
67 76 -0.13450319290398816
67 79 0.19481634249147595
67 80 -0.9075237073340559
67 82 0.5642017020691279
67 83 0.09507589292442886
67 84 -0.7766322324802319
68 71 0.38905439980810685
68 72 0.3978288330476356
68 74 0.27595848163497316
68 75 0.46117963185076505
68 76 0.3910184969648447
68 78 0.2825399506269741
68 79 -0.3365824167916762
68 80 -0.06293043296748557
68 81 0.05737514358169693
68 83 0.17373137211447442
69 70 0.4480755642400902
69 71 -0.9059495041506196
69 72 0.6301008807892841
69 78 0.362975903775014
69 79 0.2751903256058197
69 80 -0.09868397806178075
69 82 -0.5432764829190608
69 83 -0.5960287332491943
70 71 -0.0797220012026707
70 73 -0.541936669018287
70 74 0.8807306366054712
70 78 0.9037212176388196
70 80 0.2513299852248987
70 81 -0.35483849167896087
70 82 -0.026922976331138493
70 83 0.7352609752492694
70 84 -0.6555171542204161
71 72 0.22642740136101902
71 74 -0.42873195719790225
71 76 -0.37744397843310473
71 77 0.5931162938891772
71 78 0.004602706483952224
71 79 0.5300853145992515
71 81 -0.5306801194980653
71 84 -0.08267050315579194
72 74 -0.464192615476253
72 76 -0.5971006093380085
72 77 0.12025245741399027
72 78 -0.5072168444301248
72 80 0.9598601046566451
72 83 0.22193066285518204
72 84 0.9805042494416203
73 74 0.14838807806181986
73 76 -0.523935772790413
73 77 0.6752853164544315
73 78 0.46471685821336783
73 82 -0.13803575906550147
73 83 0.37607164582956587
73 84 -0.30011855479188365
74 75 -0.6587177642758821
74 76 -0.4857738183014835
74 77 0.06872777333628477
74 78 0.09062413278200654
74 79 0.6413479851864761
74 80 -0.098332873805832
74 81 0.7128284614050451
74 83 -0.09621124353024002
75 76 -0.024799290780982197
75 77 0.6252822082071865
75 78 -0.4400740537407437
75 79 0.2929502165940119
75 81 -0.7605975828354397
75 82 0.7260367912083592
75 83 -0.6385759697021129
75 84 0.2929757661599306
76 77 -0.9714762124969436
76 78 -0.894808852784833
76 79 0.14178110627385476
76 80 -0.41143560849274485
76 81 -0.1506811063075173
76 82 -0.22391188165518727
76 83 -0.6675024451301286
77 79 -0.37514066735368745
77 81 -0.8184526239155243
77 82 0.5275516261056583
77 83 -0.18865866403640408
77 84 0.8093020137174864
78 80 0.20190253117861512
78 82 0.7905297425141233
78 83 0.7798341692938009
79 80 -0.2675891000185584
79 81 0.1375251349622586
79 82 0.8646923726139797
80 83 -0.8412258253918357
80 84 -0.46193721084417216
81 82 -0.26211527726548445
81 83 0.09344934635197699
81 84 -0.10656315620643064
82 83 0.8249306737685487
82 84 0.9127267510023038
