85 329
0 0.6535296615640964
1 -0.9574982782084727
2 -0.6246811912369077
3 0.41628369392573505
4 -0.7057461773007272
5 0.5640610856727168
6 -0.5393065067136238
7 -0.8480992043593121
8 -0.7678697770220793
9 -0.06719005591761573
10 -0.8049941391491047
11 0.5757641663712896
12 0.5610587104541347
13 0.9618891455747307
14 -0.7384850227020137
15 -0.4180407861820483
16 0.1651104793703746
17 -0.04064127006853657
18 -0.6622623188246581
19 0.09483311045654341
20 0.7488572451117417
21 -0.5626559509278966
22 0.9390175734998958
23 0.01785644888258142
24 0.34625629631971044
25 -0.3387027577057755
26 0.5829379002897139
27 0.7755601817715774
28 0.7487655367416874
29 0.10952750098274167
30 -0.47843771450260353
31 0.3948142781253168
32 -0.8081200546375731
33 0.6357006723098069
34 -0.30351468878971843
35 -0.6464549432922844
36 -0.4814030078016145
37 -0.5468017995070076
38 0.7995338514649546
39 -0.5956116986957718
40 -0.4019295038745203
41 0.904141033340589
42 0.1408853622604067
43 0.5872960514288252
44 -0.8664657613352889
45 0.8749337426554624
46 0.5574033205877058
47 0.5656157565471529
48 0.2363186350581472
49 -0.5462359287386604
50 -0.20239674198785096
51 0.2620517006499363
52 -0.3934391653495801
53 0.7986290544615571
54 0.3116604126810272
55 -0.8865797757167149
56 0.5121088691426274
57 0.910846931398291
58 -0.41077994996885825
59 0.15647594440773505
60 -0.8184053113269603
61 -0.12944606241650414
62 -0.5599855271927665
63 0.7184803790425822
64 0.519927638129718
65 -0.16168559310327346
66 -0.40526849128865194
67 0.6641996347635821
68 0.4822525289221631
69 -0.8693274885421989
70 0.1525132910331859
71 0.9605773756369771
72 -0.8346568428376215
73 -0.17510616649171773
74 -0.2963533771359581
75 0.7117468511339404
76 -0.4675516555230006
77 -0.9131243968148244
78 -0.3436286253972982
79 -0.24072497214805422
80 -0.4713925290926424
81 0.5308998139710646
82 -0.03320448494709938
83 -0.800719954654481
84 -0.5938010713478767
0 6 -0.26117355067232273
0 12 -0.9273514463841779
0 14 -0.3167670429553249
0 26 0.6959307861847881
0 33 -0.4626624303629272
0 42 -0.29255237462954664
0 49 -0.010487050593450453
0 58 0.8760592868401222
1 9 -0.5506021263482404
1 15 0.6167659286676357
1 26 0.789891336006528
1 30 0.935834596810057
1 34 0.18281182007413221
1 42 -0.8753904792517893
1 44 0.7396398951998087
1 65 0.6492800751493819
1 84 -0.7282196049982503
2 9 -0.8414097923313537
2 48 0.987095822550796
2 51 -0.9760915595222126
2 72 0.07677708922621451
2 77 0.4253090825511461
2 82 -0.9543650723779082
3 32 -0.4111724453159369
3 36 -0.6169393586030063
3 43 -0.3276136159787839
3 57 -0.17003428362827866
3 76 -0.5608558544081079
3 81 0.5663621284465481
4 9 0.9388951187791605
4 22 0.47440908262604653
4 30 0.5170199976901129
4 35 -0.6094315611161982
4 39 0.7327492086579812
4 40 0.048509373009611556
4 73 -0.40946290112635886
4 78 0.5009888337662647
5 32 -0.2062778448190803
5 40 0.8658607588333938
5 64 -0.9373941071371095
5 70 0.04028521591628165
6 9 0.9613943220162908
6 16 0.508874079479062
6 17 0.506378238659865
6 18 0.9083853455771502
6 30 -0.1872675971815303
6 38 -0.9309244417626941
6 47 -0.5498494667951319
6 56 -0.8845754127369592
6 64 0.35564651162441785
6 73 0.06854826375969347
7 26 0.8030045571192677
7 28 -0.5548479266039386
7 38 0.03504907771235888
7 43 0.7400133184568618
7 53 0.6557542381876127
7 68 0.5706769213573453
7 77 -0.12845625333853827
8 33 0.38876850588235334
8 36 0.014447575035105631
8 42 -0.7567889457997308
8 45 -0.5203574922107981
8 48 -0.5295542434815463
8 49 0.36221547115347064
9 18 0.43512901962277284
9 28 0.08792506040373471
9 53 0.7780963855551641
9 82 0.9770207351285933
10 21 0.32652847724148004
10 22 0.40028716848702284
10 28 -0.38893762573318447
10 57 -0.6628359229081668
10 70 -0.9927793493311063
11 24 -0.2769327518014253
11 41 -0.11533061084800655
11 44 -0.9320738198475158
11 46 0.7710522300931235
11 51 -0.22928665994408193
11 55 -0.14408884925817111
11 63 -0.05600946917650651
11 83 -0.3382703207873212
12 25 -0.5063201245844049
12 41 0.14946845607042825
12 49 -0.9362463053826577
12 53 -0.14969549694561013
12 71 0.9062092106672344
12 75 -0.2983727038075139
12 76 -0.5535297953749336
13 18 0.9840502538637053
13 29 0.6299415462861331
13 30 -0.608708813324444
13 36 0.09725304471569607
13 38 -0.8676566974037998
13 48 -0.3253131725987424
13 49 0.20264611301574265
14 24 0.7845193278434293
14 30 0.6627620422792693
14 37 -0.9077789998962409
14 54 -0.2334252741795826
14 55 -0.11592558470376635
14 60 -0.7054021187018311
14 72 0.054448299490148955
15 34 -0.2475064717351283
15 43 0.41186937643760624
15 46 -0.37307058490944334
15 55 0.9122797920275401
15 56 -0.7869634748950358
15 64 0.32539810038248196
15 78 0.5798015684867783
15 82 0.6385786886530338
16 26 -0.9084763420906767
16 30 -0.3304107392673379
16 38 -0.8288625640962584
16 72 0.40021557245815464
16 78 -0.33395126029449584
16 80 -0.2553283313817585
17 33 -0.8686960918286319
17 36 0.4758253421485419
17 38 -0.07817227140939154
17 51 -0.9193758930715079
17 59 -0.02485558831057233
17 60 0.5298997647419068
17 66 -0.45084827887226653
17 72 -0.7731103220296416
18 20 -0.10890807726524443
18 21 0.3814504653661088
18 25 -0.2540596904544179
18 36 0.6064196421876917
18 50 -0.8485216773666262
18 54 -0.6018174321003766
18 67 -0.8487852468245254
18 77 -0.14768564107723958
19 22 0.7504151552144851
19 52 0.24107284476562163
19 62 0.20683815869156397
19 78 -0.5242561874582203
19 81 -0.20718254047566043
19 83 0.6937218118372799
20 25 -0.9414617502852278
20 47 -0.8669717625986588
20 48 -0.8184703578347925
20 51 0.4612538792458569
20 57 -0.03893952949843427
20 64 -0.1797587240393561
20 71 -0.12781758271594956
21 47 -0.1266349721567761
21 53 -0.46394540736471956
21 55 -0.6984845818382714
21 82 -0.6549453449140323
22 28 0.5251668836345635
22 37 -0.41214965934735215
22 41 0.06484563226140505
22 46 0.6624586971184556
22 48 -0.10831525756094607
22 52 -0.48748708014880715
23 28 0.019467110489364226
23 35 -0.29499640384514025
23 40 -0.5094579905444014
24 27 0.530576582485929
24 28 0.9036385051070586
24 43 0.27438003026248037
24 60 -0.23989927948498146
24 62 -0.7664916436618427
25 38 -0.6864618020614472
25 52 0.2743089063294608
25 54 0.9663149974088516
25 72 0.9897065647944727
25 75 0.8038633558824564
25 80 0.5576950827107297
26 36 -0.9437361954245098
26 57 0.2768455630898843
26 66 0.5787425941141171
26 73 -0.6902054406495877
26 83 0.7589874102706529
27 45 -0.06260277923170299
27 62 0.8299549755065281
28 38 -0.001631340783724733
28 41 -0.40805826167127157
28 50 -0.6901574241813329
28 64 -0.08755215414576334
29 32 0.29193870295281577
29 36 0.04661210400341753
29 48 -0.6525182857122585
29 54 -0.3753155927043872
29 59 -0.040377309244096216
30 43 0.8686541702833999
30 50 0.3276864342321555
30 56 0.46618814424982435
30 78 0.6394214084055889
30 82 -0.09590549278553318
31 33 0.7392984862811902
31 46 -0.3826765364142559
31 48 -0.718006436288396
31 55 -0.16037116253052353
31 57 -0.8275795238536565
31 60 -0.1400056280052282
31 66 0.9600383086295903
31 74 0.23126890024979918
32 46 0.6509160668735146
32 63 -0.5609518678017065
32 67 0.1360456481018073
32 71 0.882118898649243
32 76 -0.0611728306417787
32 81 0.4681057676796805
33 60 0.7252355588105825
33 72 -0.8571673062507608
33 82 0.8327874035724281
33 84 -0.7715332143256066
34 35 -0.382423171296812
34 42 -0.3197853613211814
34 55 -0.08570260750695113
34 63 0.006964842882208222
34 68 0.06707454562121051
34 78 0.5939715734317066
35 52 0.2803335688316888
35 57 -0.974559623957413
35 60 -0.8183252883103485
35 63 -0.05255789913343012
35 75 0.6491934769456524
36 38 -0.9125917464232107
36 44 0.8686150853891068
36 55 0.1672192196636848
36 81 -0.9062893690931586
37 51 -0.43196941326419425
37 54 0.5954738106136774
37 70 0.4778521354493972
38 62 -0.44119153889242635
39 46 0.4221805189756689
39 52 0.9912420592018021
39 55 0.687215106924371
39 58 -0.8946937693434431
39 66 -0.31834052491043185
39 69 -0.6322898034155346
39 79 0.08509837155240785
40 69 0.09008719843412183
41 44 0.6015125062235154
41 47 0.9886226869989407
41 48 0.72914002848257
41 50 -0.6996797100133709
41 55 -0.637616743811402
41 66 -0.6855632152134175
41 67 -0.5972360890440627
41 69 -0.3607681265111897
41 81 0.3342236864474324
42 59 0.08540256736372887
42 61 -0.5487827978597835
42 62 -0.007671253349697427
42 65 -0.9382279367148334
42 66 -0.6174392759208283
43 46 0.6458302303673253
43 47 -0.6132827083773968
43 52 0.46713598869595074
43 63 -0.951272635446567
43 75 0.9397435546064612
43 79 0.7574425135457103
44 66 -0.010517092570353936
45 55 0.17424942643671182
45 77 0.6105239659693535
46 49 -0.43415505354052764
46 60 -0.35445191312241353
46 68 -0.14856102776019675
46 78 -0.8834395143373228
46 82 -0.38935230138876253
47 49 0.7448564397091662
47 50 -0.5252392187373145
47 56 0.8825117871317372
47 61 -0.8960831275495891
47 69 -0.38778136304385047
47 79 -0.6506867912538212
48 49 0.21570018987184492
48 71 -0.9667151979308337
48 78 0.7321670416621848
48 80 0.825243180247001
48 84 0.5114123834318103
49 50 -0.1683057819393643
49 64 -0.9146104063509992
50 60 -0.14316396477285842
51 52 0.7137720219006172
51 62 -0.30858317526391144
51 67 -0.018944358152688467
51 69 -0.863769662405997
51 72 -0.20140852553157917
51 75 -0.4558513321966553
51 81 0.1418626980007318
51 82 0.5373857872888557
52 55 -0.6699244179740116
52 62 -0.7060997831325477
52 64 0.17733816985351836
52 78 0.17699980727801923
53 61 -0.3738650842325135
53 70 0.15303652364872566
53 76 0.8263266015833501
54 69 0.5792557735904897
54 74 -0.9188953228066661
55 59 -0.08014822014063383
55 83 -0.8490660719545098
56 60 0.32692177635446606
56 67 0.169965256436291
56 80 -0.42794728887011635
57 62 0.6943217212827233
57 65 0.14966795208704364
57 82 0.4222382340141648
58 71 -0.40343946653957286
59 76 0.6821163768741247
59 82 -0.05143155150309431
59 83 0.4222057041060081
60 62 -0.3928012919740256
60 65 -0.22883820014327427
60 66 -0.31451153085023686
60 83 0.7799249520180491
62 76 0.05574377000361874
62 80 0.1469373074232767
63 69 0.5861190864676968
63 79 -0.23476884933027065
64 84 -0.21806946459073973
65 72 0.18880522954056556
65 82 -0.5739094529717579
66 67 0.39672960148129066
66 74 0.7147717723332478
66 75 0.7217133060291803
67 73 -0.17335059762754312
67 76 -0.6293560986468176
68 76 -0.5118450376127122
69 70 -0.7130024304337872
69 72 0.6520037013445206
72 77 0.8846688375375462
78 79 0.05662017217476567
78 80 0.7332607101743089
80 82 0.1708460305134456
