85 713
0 0.6161067768281483
1 -0.01726302355815945
2 0.0323471990570412
3 0.9112920722253446
4 0.05805629174461613
5 0.4664383572867714
6 0.8441544790519375
7 0.5890416744862601
8 -0.41170596066192156
9 -0.6552828376931135
10 -0.3111486482859678
11 -0.32078716086554127
12 0.5949281551280614
13 -0.2592833931275067
14 -0.9521382630019577
15 0.6081906190465294
16 -0.4244703253830968
17 -0.8707397596339608
18 0.2625624053610536
19 0.9744803419260495
20 0.11389376377357951
21 0.5925811389982758
22 0.7203783233282663
23 0.6127367295632296
24 0.960542450879039
25 0.7971069657247816
26 -0.6561926271422298
27 -0.06682252699843194
28 -0.9709284189418326
29 0.49747429808162313
30 0.230891087638601
31 -0.2659181646664537
32 0.3734670214099993
33 0.2329829213998671
34 0.6343598796486416
35 0.8677831806351173
36 -0.12064187413005945
37 0.280678692746571
38 -0.9200298355058993
39 -0.21521203541968048
40 0.04300635429951227
41 -0.7297244543234442
42 0.13228498688638246
43 0.34834024440341427
44 -0.21445539290037452
45 0.4841879467279002
46 -0.9130765087806654
47 -0.7302556021736673
48 0.5842762671386139
49 -0.3380885444789399
50 0.1391021907860921
51 -0.4125416190437048
52 -0.43093741722956347
53 0.1364871711640503
54 0.13746955099564007
55 0.3046122687391033
56 -0.6817739305776107
57 -0.6644971459614222
58 0.021033932536746125
59 0.5426610160981453
60 0.13786472239511638
61 -0.49992387511979675
62 0.3774248302265413
63 0.3944572215850026
64 0.799995526418745
65 -0.9142544152048009
66 0.32287866710839097
67 -0.9951315775517333
68 -0.23453970091536158
69 -0.6342706742456425
70 -0.8142473928625569
71 0.6670510186205081
72 0.020155576216099425
73 -0.9650232577767621
74 0.8258007588776177
75 -0.8205265070863055
76 -0.7575440170388732
77 -0.051900811042692174
78 0.3526577682071723
79 0.12415208984499193
80 0.25404937842333264
81 0.08772909105476945
82 -0.26166237704295625
83 0.8201715504195277
84 -0.877454909500416
0 5 0.7971080788590506
0 7 -0.2079624384098775
0 11 -0.83883991707473
0 12 0.5530775668054955
0 23 -0.9894624440526747
0 26 0.6010802830500441
0 31 -0.98692336825095
0 35 -0.43856349901482505
0 36 -0.28050275842922323
0 41 0.9263043662893296
0 44 0.5975345265753904
0 48 0.8066567291981666
0 55 -0.3281206075946699
0 56 -0.12453338303374273
0 64 -0.3867003756095484
0 66 -0.6022187010261246
0 67 -0.20028914791219865
0 68 -0.2397863691702633
0 69 -0.6601675563558209
0 79 0.45125742020984605
0 81 -0.8471350054662787
1 2 -0.981626333524076
1 3 -0.44860865464223476
1 12 -0.3738971552745969
1 21 -0.6001938639796265
1 30 0.45727868629003865
1 36 0.6967408502344805
1 37 -0.8082428612626773
1 38 0.6501906991753343
1 40 0.671412706082877
1 41 0.18390964521385555
1 42 0.45751707314764767
1 46 -0.7265480491544576
1 47 0.5260977872002386
1 61 -0.830956659693145
1 62 0.602566808572025
1 64 0.5200639989645977
1 67 0.14590867080657
1 72 -0.5779544237666516
1 80 -0.42197291260607095
2 3 -0.05753960111498757
2 6 -0.6342628178132981
2 18 0.660468999798193
2 21 -0.9504424328371481
2 24 0.9991498299608252
2 27 -0.30592657770166043
2 37 0.8518304145993485
2 43 -0.9870631808725112
2 45 0.5756442318432458
2 47 0.9099767991500147
2 53 -0.6648022638834639
2 63 0.3163805880437991
2 65 0.569879344916854
2 70 0.933087799678429
2 73 -0.24948337812925647
2 81 -0.5452839278033115
3 5 -0.007933964067872612
3 9 -0.5917733538765213
3 15 -0.0681750237776324
3 16 0.6210031009389838
3 25 -0.1342609083926578
3 30 -0.5262915548540796
3 39 0.43521778099589015
3 41 0.9240711346725075
3 47 -0.5644987888405846
3 50 -0.5005780740782748
3 56 0.6593304559904678
3 65 -0.4766172735763259
3 67 -0.45044694637626503
3 81 -0.8348541776943346
4 9 0.5908859992850415
4 13 -0.353619492691315
4 31 0.06404420222041285
4 32 0.5365251948844798
4 34 -0.032319506301975
4 69 0.0461527848219363
4 70 -0.5197039401445616
4 74 0.6868275490851037
4 78 -0.5272993035148346
4 82 0.00894192242367886
5 8 0.7207602307524621
5 9 0.061925197444876456
5 24 0.9393066361926936
5 41 0.3939498026231667
5 45 -0.5210533260784871
5 47 0.14145464177225864
5 53 0.867460263805151
5 55 -0.5012127845784866
5 57 -0.46795060374052944
5 58 -0.7171874843855326
5 64 -0.6572581553190551
5 73 -0.2930904829855383
5 77 -0.7332310211775162
6 8 0.5987615055358004
6 10 0.6758893104627663
6 18 -0.1916994930176612
6 31 0.24740300292934458
6 32 0.30921522459199835
6 33 -0.3199794640568858
6 38 0.5170994647437301
6 42 -0.9139235587457655
6 45 -0.05375178394105551
6 51 0.7698543181666819
6 53 0.06126626897931464
6 56 0.739387635126499
6 59 -0.9460532126015111
6 69 -0.23594701179951394
6 74 -0.5522427911993038
7 10 -0.5195573799151223
7 25 0.4939798160131863
7 28 0.9045364182129925
7 30 -0.8755876869841854
7 46 -0.29054431824403615
7 47 0.6332090036664588
7 52 0.15100215413783036
7 60 -0.13556795908225072
7 70 -0.36485772519493587
7 74 0.193916865963224
7 77 -0.3817387036608346
7 82 -0.17973227925555912
8 14 0.023227333017974416
8 16 -0.7833225454751238
8 26 -0.45479513972012064
8 31 0.9832221010777209
8 32 -0.7706001656119423
8 48 0.41271424196138984
8 71 -0.8546713572662699
8 72 -0.007861448934894044
8 81 -0.09155498389445027
8 83 -0.973923489684807
9 19 0.22685753647748785
9 24 -0.4442052939065704
9 48 -0.31783447708104173
9 53 0.048988020968889545
9 56 -0.9035995748173455
9 61 0.5216298861683579
9 66 -0.2888700662715078
9 77 0.6965009894340946
9 78 -0.5579509235016982
9 81 -0.07200035099368973
9 82 -0.7165890609825172
9 83 0.9804270421898356
10 13 0.1623325309160828
10 14 0.6137011517407147
10 15 -0.8294209189535813
10 20 -0.22796427993109347
10 27 0.40676034487697343
10 28 0.47027181730292233
10 33 0.722879834060314
10 38 -0.929088309733715
10 39 0.15708073930623145
10 42 -0.4126922242218434
10 44 -0.2623137479865276
10 52 -0.8915577208112051
10 56 -0.4730770733264522
10 67 -0.8998284920155823
10 68 -0.6863774551482433
10 70 0.5325929486541159
10 76 0.13116792802888821
10 81 -0.6909825595518013
10 83 -0.22320065692815616
11 18 0.11124309022677492
11 29 -0.3242021594331157
11 32 -0.12824030054924074
11 33 -0.04692572336255063
11 36 -0.9135438007954908
11 41 0.8456751468647612
11 50 -0.3813077648796357
11 52 -0.9818293707173531
11 57 0.192327044931206
11 61 0.4467429489114847
11 62 0.9114827470296467
11 73 0.17910513709285136
11 76 0.8312670422081581
11 79 -0.8356466174895489
11 82 -0.5029875960265999
12 17 -0.6302608491369914
12 31 -0.8578398055968148
12 37 0.6864259186362753
12 39 0.0698598653068816
12 45 -0.0731268287150495
12 46 0.5516891965042467
12 48 -0.9259023093525729
12 60 0.7155826264015199
12 67 0.6310818628630943
12 76 0.4025103401784438
13 16 0.3336424624919312
13 18 0.3598419303976219
13 22 -0.476762688360133
13 29 0.2072789563199764
13 30 0.872072418612228
13 33 -0.22846138419167739
13 34 0.21715337258236045
13 35 -0.5631780946993807
13 36 -0.7371915215538423
13 37 -0.8455408897391854
13 49 0.44661233149099266
13 56 0.3799473531979236
13 58 -0.5813618590724465
13 60 0.36605594342524617
13 61 -0.40346816667625585
13 62 0.8971856740018327
13 71 -0.8434394142140071
13 73 -0.9928958550566356
13 81 -0.7099016670121059
13 82 0.10807700992812341
14 25 0.29056151762225046
14 30 0.002384127043644879
14 32 0.33896010535835974
14 45 0.7227394015771975
14 46 0.3914364264781127
14 50 -0.417862634721625
14 51 -0.9941388412765162
14 54 -0.7308758086743958
14 55 -0.26960250687196985
14 56 -0.5059370176792788
14 60 0.6700045055617263
14 64 0.6977975600383781
14 66 0.39282402949105166
14 67 -0.7780163868467678
14 70 0.23640741958166522
14 80 -0.34470724713774015
14 83 0.47037925753911547
15 16 0.4737364791396672
15 18 -0.9975358583889309
15 22 -0.3677207681434256
15 40 0.43698603379331447
15 42 -0.5384789385270912
15 48 -0.3004233832629297
15 52 0.015772437970459352
15 62 0.8388057815670584
15 71 0.6822824056880745
15 80 -0.4947890943687525
15 84 0.5452661492594197
16 17 -0.41249732496771996
16 23 -0.19158198352958578
16 24 0.3427085124475784
16 27 0.20929259354715657
16 35 -0.13925262543577555
16 36 -0.4014145053271261
16 38 -0.9448835015537282
16 41 -0.9772774002900153
16 48 -0.25251999105446066
16 51 0.9346969167868058
16 53 -0.6568589131987499
16 57 0.1263027348369956
16 58 -0.33538134514381457
16 59 -0.27877892019074846
16 60 -0.7632560426585944
16 64 0.8532023166441043
16 65 0.9277148660147585
16 71 0.4849522223616767
16 75 0.3589634579237402
16 80 -0.35350561358722943
16 84 -0.6405560595502555
17 27 0.1557382867628061
17 28 0.6502121891327319
17 30 0.49257299049105696
17 34 -0.14164590854340764
17 35 0.27299423324792893
17 39 0.7544833188805788
17 45 0.8197407330510285
17 47 -0.3981503339811283
17 58 -0.11877026568288218
17 59 0.9154310285882763
17 63 0.13902823531279163
17 65 -0.6569552246978752
17 66 0.5112575432135993
17 67 0.03750989968262153
17 70 0.04338346839244278
17 72 0.9803185938477079
17 75 0.5978198753685746
18 22 0.7478479287078987
18 30 -0.6993762316671268
18 31 -0.9026122793944169
18 40 0.8071921418268218
18 44 -0.575871583022477
18 47 0.9401508496954609
18 52 -0.8968049001203084
18 54 0.554548845608136
18 57 -0.1743474625613819
18 63 -0.4707621711472263
18 75 -0.9175684580534946
18 84 -0.6809331929857032
19 27 0.14938320241238978
19 35 -0.3970786007542071
19 36 -0.6374788952465962
19 39 0.5946627200703503
19 40 -0.3788486370109494
19 55 0.2616523947909848
19 57 -0.8303952260518699
19 62 -0.8006491606268455
19 71 0.6759809756539723
19 75 -0.0403158790825362
19 82 -0.4769802898970388
20 34 -0.09014100227368105
20 35 0.5747955773535787
20 36 -0.4039581744066776
20 43 0.03351779320962689
20 45 -0.014228179951448094
20 50 0.289068426668212
20 52 -0.7490379916106675
20 53 -0.18460091117684962
20 58 -0.3907175721868097
20 59 0.36156006080287506
20 84 0.1265368591208207
21 23 0.5447885631532405
21 28 -0.40904914861695296
21 43 0.40750509964082315
21 48 0.8627683861282343
21 54 0.6682122200372522
21 56 0.9995263028421184
21 64 -0.19667204301913999
21 76 -0.3807753633412263
22 25 0.8184551992035303
22 29 -0.8567006665000634
22 30 -0.4218724482761438
22 31 0.8637805947835715
22 33 -0.6259343279679732
22 43 0.9361375350961285
22 48 -0.8886510173950524
22 61 0.3148640844769033
22 63 0.5200675148267881
22 67 0.8345193359856069
22 81 -0.3239865049069519
22 84 0.9971573760274015
23 25 -0.8180107640351129
23 33 0.3063159553036645
23 34 -0.8275940688955905
23 37 0.014565475938338013
23 47 0.39605709304460834
23 59 -0.8851969295159758
23 64 -0.7165721566209582
23 66 -0.41656276823260163
23 68 0.2707225233304311
23 70 -0.07629152676305462
23 74 0.5200347492690942
23 81 0.678981625738815
24 25 0.8025388837496044
24 30 -0.5477537079366595
24 33 -0.6749080346389096
24 39 0.3045156709783361
24 42 -0.1129353179144641
24 48 0.11693454593768182
24 51 -0.3889345698820068
24 53 0.7981355222568551
24 63 -0.9729111886247506
24 64 -0.6624500543023966
24 74 -0.7904012025665319
24 75 0.6099755031548943
24 76 -0.5227345817892759
24 81 0.06766460440951794
25 31 -0.4039841892423839
25 42 -0.06490072713173789
25 46 0.7198326728444759
25 47 0.27687884430765064
25 51 -0.8784481375585664
25 53 -0.6234504787123145
25 55 0.5860952522581855
25 56 -0.18697013951009556
25 61 -0.9555205947128396
25 67 -0.027772474287523607
25 73 0.4435732000550414
25 78 0.8340698566974263
25 80 -0.21584577856738885
26 27 -0.6753017115393201
26 32 0.9943690105964498
26 41 0.4897913563981222
26 42 -0.2453372174414048
26 43 -0.2828300850788412
26 59 -0.7388640388977217
26 72 -0.6435907868379918
26 76 -0.8095110300973101
26 77 -0.7147849739063992
26 78 0.2175797760766518
26 80 0.544154079256552
26 82 0.03211786045580722
27 34 -0.5604851737860401
27 38 -0.5637548455214698
27 45 -0.6325716800979708
27 46 -0.004705397951576318
27 49 -0.24301674321363675
27 56 0.07953051403474953
27 60 -0.12675092017819467
27 69 -0.18597759627880617
27 71 -0.05982733596226053
27 77 -0.05599944622486519
27 83 -0.37487606278038066
28 39 0.8726487544455055
28 45 0.3371307305326212
28 49 0.6506255175858451
28 54 -0.18196365902718958
28 66 -0.03381534623632687
28 68 -0.8325844796877888
28 71 0.8825623704708128
28 81 -0.06737482576226816
28 83 0.017554625360197917
28 84 -0.46335726221034634
29 56 0.9716772008159784
29 59 -0.6431547177352597
29 68 0.8836820695114747
29 72 0.6418428348376304
29 80 -0.6300974868628224
30 39 0.20380790897680878
30 41 -0.7518402199361767
30 42 -0.159341104150162
30 46 -0.8332183870373413
30 47 0.33454994996421417
30 53 0.3080063189728366
30 61 0.9465009021634456
30 68 -0.7265057107113564
30 70 -0.21341815277958442
30 73 0.20068508037803778
31 43 0.6519211692895568
31 52 -0.16447554685708643
31 58 -0.5070641657297592
31 76 0.72286844446325
31 77 -0.7206226893673786
31 82 -0.5502303656476366
32 39 -0.42264727813282943
32 40 0.2888040118425472
32 44 -0.5844450679009863
32 46 -0.453719983875569
32 49 -0.6873834337185738
32 52 -0.1587680128395481
32 53 0.5016539234996746
32 55 0.9034437852274613
32 57 0.09522190719258439
32 59 0.19477088811298193
32 67 0.1523858683316468
32 72 -0.22001530116311852
32 75 -0.24128465396333576
32 77 -0.20298581687437434
33 35 0.021145577247932534
33 37 0.19692417169662102
33 38 0.9455397934324321
33 40 0.557779764867721
33 48 0.5993913294676456
33 50 0.2874044779967979
33 53 -0.004502004281542238
33 56 -0.3147107914532741
33 57 0.12942581232492456
33 58 0.8198248182459318
33 61 -0.25222143799481445
33 68 -0.16452003477830024
33 81 0.14223391866659618
34 37 -0.2827892571488215
34 40 0.982523401688371
34 42 0.311776117365383
34 46 0.7583789261802492
34 47 0.39262176380430414
34 52 -0.4875790912329667
34 53 -0.6714986427568934
34 54 -0.08234136993095142
34 56 0.6238003156301684
34 57 0.6713887794294493
34 58 0.16136218545694447
34 62 -0.2844194621587406
34 71 -0.4828194107198647
34 74 0.973759271938881
34 76 -0.7293205579785313
34 78 -0.14476450310620104
34 79 0.4541283856967495
34 80 0.5091964643304054
34 81 -0.7390771308137014
34 83 0.7182224377180311
35 40 -0.32310004453775676
35 41 -0.8712554089330116
35 55 0.7769145827298949
35 65 0.47776987448853103
35 69 0.7355626873916423
35 80 0.0768665743436574
36 47 -0.2768924137948343
36 55 -0.18514910028910236
36 69 -0.5148015164482471
36 74 0.04883919174919349
36 75 0.6412982507902871
36 79 -0.8717599403601264
36 80 0.604309978323804
37 42 -0.9114193171024596
37 49 -0.5533448169622608
37 54 0.19315302361120312
37 60 -0.7303871779108524
37 63 0.011078450548753338
37 65 0.6276074816593387
37 66 0.29976206823453877
37 74 -0.09916733014203216
37 75 -0.6870305720707766
37 82 -0.8556190042492449
37 84 -0.5996334207427485
38 48 0.08930295625299967
38 49 -0.642723801554272
38 52 -0.25609670869375556
38 55 -0.6108413750365025
38 71 0.4935218030906141
38 74 0.5633077277321135
38 75 0.04512919309027663
38 78 -0.8783186625775501
38 83 -0.2448151164752621
39 40 -0.7436812875322274
39 46 -0.6009549042431239
39 48 0.8793294495840047
39 49 -0.8908221496092503
39 50 -0.6543656531374769
39 62 -0.778565934020897
39 64 -0.8601122858132755
39 67 0.47684490778755384
39 79 -0.5898869611235524
40 48 -0.33188376947834786
40 59 0.9408354970525421
40 67 0.550182505335792
40 75 0.9394102272104519
40 76 0.569835034741657
40 79 0.1921501324629753
40 81 -0.8699689430329487
41 42 0.17445284400474104
41 52 0.7778516489917291
41 59 -0.4479380733447931
41 66 -0.4929338135003152
41 69 -0.2814972501103059
41 79 -0.47714237775277435
41 84 -0.4708140489995716
42 44 -0.42590039064708685
42 46 -0.43094398099979303
42 48 -0.13092401590204839
42 54 -0.38959804235915585
42 70 0.12075860719016296
42 71 -0.49815595956265013
42 75 -0.9936894061656207
42 77 0.5067194752923545
42 82 -0.9381462379323371
43 44 0.09990899300259226
43 45 0.3751079323775963
43 51 0.680995676102738
43 57 0.8152680224752571
43 64 -0.9063103331937841
43 66 0.09110451227607275
43 68 -0.058373660527939464
43 74 -0.522308066998538
43 80 -0.6686971727572675
43 84 -0.8888526707802529
44 48 0.6210628622217169
44 50 0.6893085747741774
44 51 0.18317281687971865
44 55 -0.4512259437077528
44 59 0.9542919111637114
44 61 -0.9418590680516556
44 63 -0.9710073195434634
44 67 -0.7968634215452619
44 71 0.2686803725739251
44 78 0.20808260039163762
45 47 -0.230995561258587
45 52 0.014361849521204118
45 54 -0.4693297625326527
45 59 -0.6968511129606296
45 66 0.041922715486462536
45 74 -0.5289632022782988
45 77 0.023946932572536994
45 78 -0.7065040489498937
45 79 0.5033153243711759
45 80 -0.1627076015622957
45 81 -0.7863799909756335
46 47 0.28133145897257994
46 49 0.5195439351613871
46 52 -0.7128865325291622
46 57 -0.2592896441839512
46 77 0.038140678265965455
46 81 -0.8199072328581158
47 54 0.22899347436082174
47 56 -0.4582060266014294
47 59 0.067996273419344
47 61 0.27634571363720384
47 67 -0.9218732578973134
47 70 -0.00534106630982234
47 74 0.31768849704206903
47 75 -0.8789829453998212
48 54 0.5920299274055558
48 55 0.7793773918304499
48 59 0.9512458511830557
48 61 -0.6076086844193318
48 63 -0.14685515746485223
48 84 0.18051281574630207
49 50 0.42172096634950806
49 56 0.48420977822769173
49 77 -0.6080369854568997
49 84 -0.6878891530765134
50 51 0.1576590719501605
50 54 -0.09392922157069417
50 60 0.2370634516960084
50 61 0.5085758841284049
50 64 0.5960101569402017
50 67 -0.3547236494301762
50 68 -0.04786998922667829
50 76 0.35841838220630606
50 78 0.13059593125423796
50 83 0.044480756046186176
51 60 0.8369691125208023
51 61 0.4092248168466339
51 63 -0.3085546570858757
51 66 0.012766027011497316
51 67 -0.4491185934718249
51 70 0.5013418305022985
51 72 0.7031021429522135
51 80 -0.2272535382356804
51 81 0.8842917455543766
52 54 0.5369593298627766
52 57 0.4824271596135239
52 62 0.8988220003571226
52 71 0.9266023154824776
52 77 -0.8847632550507829
52 78 -0.08525067799803532
52 83 -0.12681163604307155
53 59 -0.6356680975709299
53 60 0.724918703126811
53 67 -0.8488646326331222
53 76 -0.6598312302285032
53 81 0.19325190626116528
53 82 0.3285659995353243
53 83 -0.5774966734023252
54 63 0.8966196100576431
54 65 -0.2551079197105508
54 67 0.33387168929977906
54 68 0.43711014756078415
54 70 -0.3986366669070196
54 73 -0.9710556211789432
55 60 0.15425560676662564
55 69 -0.1563413518092116
55 71 -0.10617970627750406
56 59 0.4696016820530937
56 62 -0.8488247939228357
56 67 0.48846596180990276
56 72 -0.5702703612196529
56 78 -0.5733272541418111
56 83 -0.9020395753786556
57 66 0.2613401550553647
57 67 0.05773911518034258
57 70 0.4031766713786673
57 71 0.1702276655681616
57 75 -0.3617439812897332
57 76 -0.3218723688172691
57 79 0.3818043053627571
58 59 -0.08324977704387382
58 65 -0.6596279571355028
58 67 0.38455522871971404
58 72 0.6988841711988423
58 79 0.8115780156976629
59 67 0.42627427883475555
59 68 -0.911983306817135
59 73 0.8121728253730831
59 80 0.9690568686564858
59 83 0.447373718974148
60 63 0.5385971474054994
60 65 -0.715360952992355
60 67 -0.11408968015212917
60 71 -0.4614408245989423
60 74 -0.3769090436927063
60 76 0.8355555227140237
60 79 0.3395560925671326
61 64 0.23664294704403832
61 65 -0.48929535374277444
61 71 -0.6184977414517236
61 72 -0.15978085369511907
61 77 0.6471436808879032
61 80 -0.7264943127602512
62 67 0.901395347268156
62 77 -0.01912403008863639
63 67 0.9884230584453155
63 79 0.9397718493902931
64 71 -0.2987309562438576
64 72 -0.8511068214162973
64 79 -0.5872437910230792
64 80 0.5676284926055002
65 76 0.2061611171207096
65 81 -0.30313471516152446
65 84 0.49804540280092624
66 78 0.9147777268524688
66 79 -0.8279594359430067
66 80 0.1452820497025722
67 75 0.5581878605561699
67 78 0.9705361382637447
67 83 0.5029487343316081
68 70 0.9984614356175021
68 71 0.4394008587039453
68 73 -0.21985505251199
68 74 0.9081314536721143
68 75 0.3562153638171188
68 81 -0.6205839733417386
68 82 0.12248358182030383
69 70 -0.9746663854611894
69 73 -0.0816558677260073
69 75 -0.39203466469662507
70 73 0.7860735934762544
70 78 0.6060792175412868
71 73 0.9402662327590285
71 76 0.8588895924009232
71 78 0.549116002581814
71 80 -0.9002527154872659
72 74 0.8338355693233914
72 78 0.930580505003302
72 84 -0.4869759828629099
73 79 0.7982925381473551
74 78 -0.12536601335716613
75 80 0.22737445298235426
76 77 -0.25650668879368954
76 78 0.6085513707904722
76 81 -0.09447107025041546
78 82 -0.09954232265637275
78 83 -0.49576756378509157
79 84 -0.3452260854893423
80 81 -0.3993007011500862
80 82 -0.1461496187546758
80 83 -0.40844378278794125
82 83 -0.6648602843084526
