95 942
0 0.018589494474127166
1 0.34511934940792455
2 -0.38522614961428614
3 -0.10645867033455003
4 -0.7707563481332225
5 -0.2951692251303799
6 -0.5771506257201213
7 -0.3440706199244885
8 0.18624836189765048
9 -0.04526578587771324
10 -0.0505026123480794
11 0.3916385044550046
12 -0.8717062795766901
13 -0.4712789852068795
14 -0.5864363550467162
15 -0.8354777264168787
16 0.8340503916095612
17 -0.7813097426870144
18 -0.7353001203289546
19 -0.15868490530567803
20 0.03766564630794478
21 -0.7852027132229977
22 -0.8001146662059071
23 0.9243771254919837
24 -0.7214054860779018
25 -0.13127313459091927
26 0.4509238520351233
27 0.49497793012966307
28 0.07640373798684119
29 -0.97087204531045
30 0.8657459218034489
31 0.6550065472370561
32 0.8921623900899669
33 -0.8037015631640587
34 0.255081461116635
35 0.1759649955477689
36 -0.11394940822238597
37 0.3875813568029749
38 -0.5354878926841029
39 -0.8546394601179346
40 -0.8854734758303524
41 0.5209372081045827
42 -0.5692200215086571
43 0.2796695935906768
44 -0.19441855199108793
45 -0.6006972521535425
46 -0.4451333557133954
47 0.7859557813846578
48 -0.7505309765735599
49 -0.49345156864239503
50 0.8925853076274812
51 0.6368397093986755
52 0.26903664197857435
53 0.5946218151299538
54 0.31190104865748336
55 0.9048752421652231
56 0.9719083516353451
57 -0.8094840012872282
58 -0.9912795885499841
59 -0.04297788599031027
60 0.9353479492278258
61 -0.8990597654414387
62 -0.2889227785880686
63 0.8649121554250061
64 -0.5735235972679533
65 0.11038428818400914
66 0.8334535339232791
67 0.3167179118132213
68 -0.5691823080026253
69 -0.735143169245887
70 -0.2992404499400534
71 -0.14474212249497187
72 -0.26515744741425484
73 0.685023781937673
74 -0.1771007423787916
75 -0.5469113585294523
76 0.8047400446774506
77 -0.5729242296297978
78 0.30340533796440616
79 -0.07200216256770453
80 0.373758572274383
81 0.439672393423729
82 -0.5782399094376967
83 0.5080303423609285
84 0.7419551819626797
85 -0.5557396518196793
86 -0.7750511017817587
87 -0.4372253753286184
88 -0.444150540028023
89 0.45945042512185874
90 -0.38773921419167046
91 -0.23476979215077076
92 0.24658746490787187
93 0.9119391251961853
94 0.14248244819392664
0 10 0.030771030173902814
0 13 0.06746728518483458
0 19 -0.9210903127993202
0 21 -0.2882343540726364
0 25 0.3043032196046409
0 27 -0.19316628765309019
0 29 0.10455240746684358
0 34 -0.1612097820999332
0 40 -0.36262997724054946
0 60 -0.7017252662581195
0 63 0.6210450470429136
0 76 0.5512226271282963
0 79 -0.960996233075804
0 87 -0.5906545733534327
1 20 -0.10530843279656366
1 22 0.42254161740981666
1 29 0.42848029287161404
1 35 0.8346112800299132
1 40 0.9463073151665939
1 45 -0.5696345786751418
1 46 -0.6268566220560434
1 58 0.008494295024190857
1 59 -0.8533255515351654
1 61 -0.4463086306917019
1 64 0.3741616724596186
1 65 0.763696991700147
1 73 -0.22426577125742342
1 78 0.20325922714352695
1 82 -0.8543911970603242
1 83 0.19826041347649337
1 87 -0.9015334827577743
1 92 0.5077318747991486
2 8 -0.3149962962847559
2 9 0.5544536463551513
2 10 0.43798646045684997
2 14 -0.09632817398500615
2 20 0.6958591712936575
2 22 -0.10270800008918157
2 26 -0.5079273557668293
2 33 0.020211134588036694
2 36 0.951776191169984
2 37 0.9288796404638964
2 38 -0.6348472405826464
2 40 -0.21088205942645133
2 42 0.543282049963302
2 49 -0.045357563157058856
2 52 0.5660947613518588
2 53 -0.18578215920886043
2 55 -0.3628714015046761
2 56 0.12126590938931514
2 57 -0.7639344461998543
2 63 -0.5969012535558897
2 82 -0.6919028155652092
2 93 -0.3673469003925154
3 10 0.033872083915019946
3 12 -0.3096716604186798
3 25 0.09684263292595041
3 27 -0.5039634952945011
3 28 -0.027090406737006356
3 30 0.6689188569851106
3 33 -0.16298623742525575
3 36 -0.3531525808187468
3 37 -0.8809101794738832
3 39 -0.2845573105298209
3 40 0.3079576145991285
3 45 -0.1534855215171338
3 46 0.6531466748551733
3 51 0.9755615074929764
3 56 0.3074215920756951
3 57 0.87951556925647
3 62 -0.9275873867745024
3 63 -0.10360923372981379
3 64 -0.2419412726206771
3 65 0.4290937515814761
3 71 0.29920882153131667
3 73 0.485461131242114
3 80 -0.4564727117564342
3 82 -0.5332361585763699
3 83 -0.5417997879754941
4 5 -0.7984434071041686
4 12 0.4523520148038611
4 16 0.4445628993630817
4 25 0.6375181277421944
4 37 0.276121950196075
4 41 0.3337253945473626
4 50 -0.796927542475746
4 52 0.14665739436720404
4 60 -0.5844797124165564
4 67 -0.8854082181515721
4 73 0.43357255184710963
4 80 0.8709546878339225
4 90 0.06225081826705625
4 91 0.4436726350729978
5 7 0.006630244162676213
5 23 0.01266927556979569
5 27 -0.5841892358957959
5 32 0.04285817977861406
5 34 -0.26232274141056866
5 41 0.7174989921953483
5 50 0.5360741059122343
5 53 -0.6532818250848427
5 59 -0.8951870643281787
5 65 0.42303494286186916
5 69 -0.4896173364915932
5 73 -0.18498857762874987
5 78 -0.5554683803859883
5 81 0.637806635709673
5 82 0.9929444953852296
5 88 -0.01944871859613495
5 92 0.985586356645711
6 9 -0.6363680209871341
6 23 -0.9479722631632395
6 44 0.7351575477816139
6 46 0.20746928949113252
6 49 0.2007040075549944
6 53 0.38396088420624297
6 59 0.140599477731973
6 60 -0.4799281507956705
6 65 0.815156117297881
6 71 0.24561128824301637
6 74 -0.37534528432353365
6 75 -0.47844041953431704
6 76 0.9946029919142274
6 85 0.7999281341219842
6 93 -0.29081003595081056
7 16 -0.03812187344879692
7 17 0.8712068609395967
7 18 0.1351675446145526
7 32 -0.2893019930440843
7 33 -0.04529526382341609
7 40 0.42766806967078486
7 48 -0.23369607831336126
7 54 -0.20840948254909564
7 61 -0.8078749113494963
7 69 -0.7213500389571634
7 73 0.8055748177686135
7 75 -0.622906338351068
7 85 -0.49935578390562285
8 17 -0.36011944186084
8 18 -0.1835030139282252
8 26 -0.3309528409345397
8 37 -0.07707260101663715
8 39 0.9226988132773801
8 40 -0.4810909644147303
8 41 -0.8401988015496393
8 42 -0.05792900222646313
8 44 -0.8434136584694261
8 49 0.3499475790874649
8 52 -0.9650796346019923
8 56 0.05809787478694739
8 71 -0.44301129226491986
8 72 -0.823902482028116
8 77 -0.7658595229870915
8 80 0.3271081030254217
8 81 0.47017945635181446
8 88 0.36064804723973043
8 91 -0.2755403488986512
8 92 -0.9955588206555901
9 13 0.00805908639540509
9 18 0.3205577547134202
9 19 -0.14806126370440675
9 20 -0.04136494686779124
9 22 -0.45923013102123633
9 25 -0.6710655103276326
9 30 -0.961595227612924
9 33 0.18353810404316095
9 42 0.22380771355475848
9 44 -0.9179887205227031
9 48 0.04061976411520618
9 58 0.6446346928074289
9 59 -0.7313608843688579
9 64 -0.5799586452441856
9 65 0.21982278351986229
9 71 0.17537685828147764
9 73 0.04097874188619133
9 76 0.3895373816125076
9 77 0.26676982769648605
9 78 0.4800949604924496
9 81 0.8139015926499051
9 83 0.28296225201022684
9 84 0.024533193706487877
9 93 -0.7361194026901299
10 22 -0.3771332800855127
10 31 -0.6468190541584113
10 38 -0.009894847226070924
10 48 -0.012775875017542404
10 49 -0.01961858326213073
10 51 -0.651172092312176
10 52 0.7289950551820692
10 53 -0.022541009165887527
10 54 -0.394794007095878
10 57 0.6885475078721421
10 60 -0.7212500618721476
10 72 -0.7003375243441146
10 78 0.40774291215846414
10 85 -0.5376528702331889
10 92 -0.18217218742625074
11 21 0.5595134969479656
11 26 0.8659733035555557
11 39 -0.1931702391657164
11 53 -0.9991012473581395
11 65 0.17231372478072826
11 72 -0.31923588540746195
11 73 -0.04175745910903572
11 79 -0.28536944066739056
11 80 -0.8859691201611322
11 84 -0.5794829787418538
11 90 0.3676483491146896
11 93 0.4886673544807225
12 14 0.9308929266569128
12 15 0.5117184640333923
12 16 0.8295575084153262
12 23 0.6295587684087791
12 25 -0.9607313903266308
12 26 -0.04032392230164783
12 27 -0.37079603328172794
12 28 0.6332310907183685
12 35 0.27674496531793924
12 42 0.8980794848546911
12 51 -0.8181763543469964
12 54 -0.8411646602298839
12 59 0.14258291063316197
12 60 -0.46516370093929416
12 61 -0.5753500922812149
12 71 -0.3727892596662963
12 72 -0.9846628211489663
12 79 -0.37897228727807586
12 81 0.7373523706525216
12 82 -0.7464264709837916
12 84 -0.5788129489811109
12 86 -0.6673082053772341
12 92 0.5072361025149175
13 23 -0.34374049213650815
13 31 0.2112121315044746
13 34 0.5879799038899927
13 49 -0.198326446648047
13 52 -0.026066371954259093
13 56 -0.31873159528433237
13 72 -0.6504688020135716
13 76 0.7767047809882568
13 80 -0.32029644142347147
13 83 -0.5182536806930793
13 84 -0.2170866288227662
14 15 0.6339091298773647
14 18 -0.8503424197359091
14 31 -0.6137156223913045
14 34 -0.39895694887901767
14 37 0.11010691488109714
14 38 0.8028241466293626
14 39 0.1609728652749851
14 41 0.08832105828603698
14 61 0.6505881433296734
14 63 -0.8001786336701895
14 67 0.7883957224018261
14 68 0.05261447841364664
14 78 -0.45368058354002727
14 83 -0.599789823222818
14 90 -0.12092398500849044
14 91 0.11392917236727063
15 16 -0.8561122204604283
15 21 -0.20522968195264646
15 23 0.7497208380928797
15 28 0.28207095517388203
15 29 -0.7733336989941368
15 30 0.5245784696234115
15 40 0.7651731963521002
15 43 -0.4208631118607036
15 47 0.12062366427541238
15 55 0.7030339609897205
15 63 0.9446102335288644
15 73 0.2512718193976302
15 74 -0.3307922448669056
15 75 -0.16274029585646566
15 77 -0.9371770380240529
15 78 0.10242695280440461
15 82 -0.4437338022782982
15 88 0.8703710880044673
15 89 0.5176652643783874
15 90 0.9837944913832977
16 19 0.8693512672528756
16 26 0.9803344435982659
16 31 -0.5027383271369135
16 37 0.08977061322296276
16 39 0.30529805169426294
16 47 0.19317883818321313
16 54 0.08467987382439235
16 59 -0.16857200917218962
16 63 -0.3971202441648358
16 64 0.8111966463862608
16 66 -0.7794308509313239
16 68 -0.3913820392991523
16 69 -0.5952097078546019
16 75 -0.05480770450483341
16 84 0.13429389797882685
16 89 0.49153683634482803
16 94 -0.4472787756347234
17 23 0.5997573554793878
17 24 -0.6697625836162684
17 29 0.8543326749386655
17 33 -0.7775521332114843
17 35 -0.9003622078017763
17 36 0.07935597795179761
17 42 -0.02491924678720303
17 43 -0.37310759238321634
17 44 0.2685443227999793
17 59 -0.6421239885813121
17 65 -0.6413761361006705
17 81 0.5568169232915003
17 82 0.8532515624700698
17 83 0.7861439262984511
17 91 0.13918067120069666
17 93 -0.8829735089387156
18 25 -0.5752551297414423
18 26 -0.2364270221211513
18 27 -0.7138302623244972
18 31 -0.11881477457682554
18 37 0.3883008491017763
18 61 0.5041095773407418
18 63 -0.13342524358193564
18 67 -0.8497487552693885
18 68 0.8648996981764334
18 70 0.9208459277376069
18 71 0.23038751194440077
18 72 -0.3700892281197601
18 74 0.5108020022033974
18 75 -0.7290326098704096
18 76 -0.6056656047206614
18 80 0.2816228030910821
18 82 -0.3546298983959899
18 83 0.3748224173930903
18 86 -0.7797568761541658
19 29 -0.16926248195645943
19 33 -0.7687209668249464
19 36 0.8947029545982832
19 39 -0.7254217887214416
19 40 -0.03061415592000305
19 45 0.0301861151535483
19 49 0.24431951710619138
19 50 -0.8922169415332462
19 52 -0.06762639821597416
19 58 -0.9027951310430335
19 62 0.16145882235900877
19 65 0.7658429328105969
19 69 0.7712881679580805
19 70 0.088093299584453
19 71 -0.9507672833032417
19 72 0.7890803862195475
19 73 -0.3168054308139918
19 81 0.06697384857985411
19 82 -0.2873973361252462
19 90 -0.00577328387514342
19 94 -0.5121260150835059
20 21 -0.23189142218268421
20 22 0.6196472125319381
20 27 -0.2799963749981986
20 30 -0.1699347185722775
20 33 -0.9276929956229651
20 34 0.9043767985671443
20 49 -0.12083881033466937
20 50 0.937241231464834
20 56 0.6615065924308476
20 57 -0.043457417146647526
20 62 -0.010580250532048696
20 63 -0.6765867129481051
20 65 -0.008588531609947436
20 69 0.8426300194043987
20 70 -0.5392773555725463
20 71 0.272582355583614
20 73 -0.4244885846904842
20 74 0.7297804171500195
20 91 0.09151778955490486
21 22 -0.5106347647374372
21 28 0.29839980446258174
21 34 -0.09178079669723016
21 37 -0.6220304871653259
21 46 -0.15333594215103163
21 47 -0.34724655331768517
21 51 0.9826155293339194
21 55 0.15141380032408414
21 56 0.659169180080698
21 60 -0.6788071549433252
21 66 0.4552128383358296
21 70 -0.24571742584886436
21 72 0.33742151904097306
21 74 -0.08752052268993138
21 81 0.5316999108541227
21 87 0.24974567646580392
21 89 0.8419367399968105
21 90 -0.6288229900240603
22 24 -0.7943394035832796
22 30 -0.7916164192822217
22 34 0.5421124223971385
22 39 -0.5789062202288247
22 40 0.5867756815382077
22 43 0.3128189985686558
22 45 -0.04102275646678888
22 51 0.07175627853053101
22 52 0.9032478278866576
22 54 -0.8054160001877471
22 56 -0.4057814852652024
22 58 -0.14246814487735882
22 61 -0.004875860163658485
22 75 -0.4306775956342912
22 76 0.5211222158232176
22 79 -0.20338389051999184
23 26 -0.5391966391925687
23 30 -0.24959212075601878
23 33 0.9248035738082139
23 36 0.6173098511492203
23 40 -0.38543888550883953
23 41 -0.3457853281806116
23 49 -0.155001880340065
23 56 -0.39004602420006984
23 88 -0.5641597360042165
24 25 0.5150542940994809
24 26 0.7854279142397658
24 31 -0.4056374620743606
24 32 -0.48555636921361733
24 40 -0.48911267495022637
24 42 -0.7163735382823908
24 46 -0.682294505217707
24 49 0.207209130299419
24 53 -0.47689841649323883
24 58 -0.03192632941443807
24 61 0.3582507408969411
24 62 0.8707859364164152
24 63 -0.410622621575796
24 68 -0.4918391984584154
24 83 0.38538895146909113
24 84 0.5047889013190092
24 85 0.7962145303113768
24 87 0.37952909409787816
24 89 0.10632331667168038
25 32 0.7656540109198187
25 34 -0.6671392854758318
25 35 -0.8632160131006383
25 40 -0.2882462068371243
25 46 -0.44555139112680453
25 47 0.37421035882729425
25 52 -0.870326649669924
25 68 -0.8074138521196148
25 82 -0.9108366674930155
26 32 -0.2765647380673606
26 45 -0.702188276850441
26 53 0.2572304991301302
26 54 -0.5576292970245877
26 61 -0.44620747382743753
26 66 0.031693645564117245
26 70 0.9665824811284798
26 75 -0.564570686463101
26 79 0.7745801841607085
26 85 0.5382162149429683
26 86 0.197570344155086
26 87 0.7608489211966705
26 94 -0.08079446372316323
27 28 -0.8688148443908514
27 37 -0.1049306492285551
27 40 -0.6375812766707625
27 48 -0.9717063511410053
27 53 -0.22945417113086375
27 54 -0.8502278053551373
27 59 0.5503516147100729
27 69 0.607126057839344
27 76 -0.09419576893024817
27 81 -0.17117313861369388
27 83 -0.3251715772663899
27 86 0.36392189566427535
27 88 0.759503072770277
27 94 0.7635482460405685
28 30 -0.2610982980246048
28 32 0.8735281501716794
28 33 0.4571992279073558
28 35 -0.15920209048229284
28 36 -0.21335191654348473
28 48 0.12702640876321225
28 73 -0.9941853560169722
28 75 -0.20483957247125617
28 76 -0.8648880689294098
28 82 -0.1662547332043951
28 83 0.45469060656764304
29 36 -0.4061458811368215
29 39 -0.33704432970330456
29 42 0.29044426602281725
29 44 -0.4065537112961868
29 57 -0.6832815761730626
29 60 -0.7949539220363249
29 61 0.9099361800841455
29 68 0.13951666290553422
29 76 0.4547792000993447
29 77 0.24871685271841337
29 79 -0.9193497751874906
29 86 -0.19595881713899677
29 91 0.18332719069979642
30 31 0.7522197881065731
30 35 -0.943931628719767
30 39 0.5384996046236761
30 48 0.2586803677385092
30 58 0.4810979595461926
30 64 0.2988865597114161
30 66 0.6504963263169181
30 69 -0.16964690701987206
30 70 0.7882708009124557
30 75 0.3270253394259932
30 85 0.7961637806130322
30 86 -0.8497949960871376
30 88 -0.9474287506641874
30 90 0.5745096854662035
30 94 -0.5574729158326792
31 33 0.39688948944325775
31 44 -0.3700733151240141
31 51 -0.15399899122747818
31 57 0.7803860973164236
31 64 0.6234675311592115
31 65 0.13318980315430684
31 69 -0.03442998383973861
31 75 -0.2558067781728486
31 80 0.12569307781641847
31 83 -0.931363673402587
31 84 -0.2560331061056762
31 87 -0.6449035868975799
32 38 -0.08623983887172404
32 42 -0.8134943038339408
32 45 0.549710675329421
32 46 -0.8209231115896676
32 50 0.6691977620016423
32 51 -0.8807757012098221
32 52 -0.44607351656071903
32 53 -0.4423052734373607
32 56 0.5847896424968606
32 58 0.2091996319360494
32 68 0.19221240898248393
32 70 0.34197220706073184
32 71 0.7558238739386414
32 76 -0.6292605028371512
32 79 -0.2178847460138844
32 86 0.34915977770055595
32 88 -0.14428835146642038
33 39 -0.5421663532932983
33 42 0.39231806545396775
33 53 0.9793132142507923
33 58 -0.3154300549578135
33 64 0.9162881058873802
33 65 -0.8345373538970062
33 69 -0.2130813411471122
33 73 -0.40627073990222695
33 77 -0.6769801485848175
33 91 0.0178276223516749
33 93 0.5010947565978567
34 38 0.759740249151234
34 39 -0.7345264907934406
34 42 0.9616721215637365
34 44 -0.6750790038837129
34 45 -0.8581588439049606
34 48 0.9850454944562896
34 55 0.36510688418256665
34 62 0.6837870606867353
34 64 0.4390764582595801
34 74 0.4817985214150391
34 78 0.600679842089608
34 90 0.6217346649922237
34 93 -0.6339954758356692
35 38 -0.6402365971445272
35 41 0.8299800230870433
35 43 -0.33354644828471014
35 44 0.2423749581429706
35 48 -0.4451145087647703
35 51 0.42701189637957393
35 56 -0.8860588232538684
35 61 -0.2758577614443296
35 62 -0.49022362688882737
35 65 -0.6787042499934572
35 66 0.1609970263560898
35 68 0.44184890564966617
35 78 -0.3148459954349061
35 86 -0.3737654094095477
35 94 0.6394197414639253
36 38 0.9246349601039086
36 40 0.204708897369684
36 44 0.048699125297271495
36 71 0.36543120833057574
36 72 0.8448098104022967
36 86 -0.6416382026432028
36 88 -0.8810960092991404
37 38 0.9026205990730962
37 46 -0.5164542472451006
37 52 0.49846260877755766
37 53 -0.44284613593451083
37 57 0.4767801013767523
37 59 -0.6687355355876559
37 61 0.41547825978014385
37 64 -0.5367207439478612
37 68 0.3233995488193675
37 73 -0.7851940711038587
37 74 0.8752568875867339
37 75 -0.20747597748277813
37 88 0.8626468897937645
37 90 0.5995424279111885
37 91 0.9875378492682017
37 93 0.34904917008413183
37 94 0.11420502057610427
38 43 -0.6859533999967506
38 46 -0.14852354038517368
38 48 -0.2028644331630325
38 54 -0.7010977993766405
38 57 0.11159146489028005
38 61 -0.773727483398156
38 71 -0.2369379352260752
38 72 -0.28878175605224676
38 82 -0.9392719800326825
38 85 0.4118257760922397
38 94 -0.6111721291399612
39 40 0.31828271663076046
39 48 0.8318968475227864
39 60 -0.11005121552937647
39 62 0.5213379590627321
39 70 0.3615627885803787
39 73 0.9599133590658024
39 75 0.9298610025370586
39 81 -0.780744720096733
39 82 -0.68721079134652
39 83 -0.4456011631742567
39 91 -0.7514801933772353
40 43 -0.3879142574905543
40 47 0.7523159075840491
40 50 0.40261370131797514
40 58 0.47899336573495566
40 59 0.47701468409026937
40 68 0.927880567964934
40 70 0.061693739798375
40 73 0.5234420739294847
40 77 -0.28615095578355443
40 79 0.22671481254775716
40 81 0.2653091018277527
40 84 0.5534060552460214
40 86 -0.469933480224753
40 87 0.8522018692918201
40 91 0.9175264226034032
40 92 0.7228883380571958
41 51 -0.49304794273512464
41 58 0.8835499185467575
41 60 -0.5400769248150186
41 61 0.6107510855757523
41 68 0.812388195798255
41 70 -0.99407373301117
41 74 -0.728606274920832
41 76 0.5406996917910711
41 78 -0.6862048818253677
41 79 0.5353584387205907
41 92 -0.5002325069269546
42 53 0.7023939963399892
42 55 0.5216814404619916
42 60 -0.4042706172804804
42 61 0.5685263328212733
42 66 -0.5486490310479215
42 91 0.005757348035576815
42 93 0.004124872759346365
43 46 0.5897562500422173
43 47 0.8531749078616553
43 57 -0.34393020899971316
43 63 0.07961455375820048
43 67 0.18722242979386783
43 73 -0.9891932672041732
43 80 -0.17983976531782342
44 48 -0.43398388213397987
44 53 0.28822889486744097
44 55 0.2936544743814731
44 56 0.48293325100392104
44 60 -0.15414792306051583
44 64 0.9202690108315961
44 67 -0.696022045230337
44 70 -0.7424036170676305
44 74 -0.3870620980976949
44 83 0.8632798369689125
44 85 0.4996187441558668
45 51 0.961626641935037
45 52 0.21227642170904937
45 54 -0.6010787046151504
45 55 -0.07721821493142667
45 67 -0.6710794481528923
45 77 0.21242543779790313
45 78 -0.9112994013908793
45 79 0.7738429400907019
45 81 0.42879984333479193
45 82 -0.811421179912841
45 83 -0.2119598742867035
45 84 0.09802119880277194
45 85 0.3298201817878348
45 88 -0.4278052928655103
45 93 -0.7845901480538968
46 58 -0.4763272826290861
46 60 0.5778135905487287
46 62 0.963444958765751
46 66 -0.3412269798323937
46 67 -0.9789842330826368
46 73 0.2475621672093189
46 76 -0.15446428091821485
46 77 0.5640206348962247
46 85 -0.7591505796393279
46 89 -0.5696567597746862
47 49 0.8893540646672669
47 54 0.15272115717877144
47 63 0.472046151875378
47 75 0.5856577847705127
47 76 0.5346825660140251
47 80 -0.9792043280325191
47 84 -0.7449886436292941
47 94 -0.9341097251531543
48 50 -0.30890298819893647
48 53 0.28132395124443055
48 66 -0.626812049081982
48 68 0.2585122236361026
48 71 0.4453908780992706
48 72 0.6114789175156039
48 74 -0.8424936984662184
48 77 -0.7929652306903747
48 82 -0.1428370299287134
48 92 -0.18651778399136254
48 93 0.8750099959290842
49 50 0.8052887797325796
49 51 0.05819722562613738
49 54 -0.9325473821661154
49 58 0.14642616520198604
49 61 -0.8069421994490913
49 64 -0.6610724458276587
49 66 -0.7768326377463493
49 67 -0.5311432453692011
49 70 0.7204932336444076
49 75 0.3213889455436496
49 76 0.007946835138495478
49 79 0.7083506857940853
49 82 0.8718103915746263
49 84 0.6711084266307252
49 85 0.676909651839656
49 87 0.12155258932596702
50 52 0.21884494087578554
50 57 -0.9881483971829794
50 61 -0.7619747061757076
50 65 -0.21954614663422634
50 88 0.46184279886435564
51 53 -0.7186247718911427
51 54 -0.9841367625204858
51 56 0.42644805100191885
51 58 -0.6808461417123568
51 59 -0.29679005762173305
51 63 0.583062248270386
51 65 -0.4385560723881865
51 68 -0.0830084227069201
51 70 -0.9545711931607899
51 89 -0.6589980232905002
51 92 0.2497477944052504
52 55 -0.2350104937735109
52 59 -0.04939007526636008
52 66 -0.611231145271387
52 68 0.3363452727934968
52 69 -0.2019777973432717
52 71 -0.6797571563525788
52 76 0.5101568292505849
52 77 -0.08763342608386249
52 79 -0.39099177252528405
52 90 0.9708213971112962
53 57 -0.16181950855296923
53 59 -0.25703216841568044
53 62 0.9005999804806328
53 64 -0.3927169071232721
53 66 -0.19303476628084693
53 69 -0.45415046451296837
53 73 0.19762909414103702
53 75 -0.683371276920024
53 80 -0.7095654972589802
53 82 -0.5344907222338167
53 84 -0.30694455943302645
53 86 0.9941302369017189
53 92 0.25585114555299815
53 93 -0.5292116603147949
54 57 -0.04399590506960416
54 61 -0.6836407394056412
54 63 -0.4257116821462201
54 69 -0.8353015597169398
54 80 0.3334608271915125
54 81 0.19727274279052165
54 82 -0.9215622931671479
54 89 0.603316871691332
54 93 0.6126410228576198
55 56 0.12378556294156584
55 66 -0.8597032170135743
55 68 -0.9815653343657329
55 71 -0.5031672882423011
55 72 -0.897155739302733
55 75 0.49158533637823476
55 83 -0.07468183588840205
55 86 0.3647108327163082
55 87 -0.4840473739566984
55 88 -0.18651632715608812
56 58 -0.569383422295074
56 78 0.01625007759485375
56 79 0.5862847746602826
56 80 -0.7919293100366214
56 90 -0.5801195802809489
57 59 -0.09622795609695123
57 61 -0.8215933627430245
57 67 -0.08359228365443028
57 72 -0.7182162320897008
57 78 0.37446981821736136
57 81 -0.9891887505450321
57 87 0.8832846872296924
58 61 -0.7782419771140212
58 62 -0.469304724105138
58 63 -0.92849593817965
58 74 -0.8660754193344762
58 75 0.05161418406317542
58 79 0.5610689685160266
58 90 -0.6285760014576436
58 93 -0.9328956788882485
59 74 0.8048500503215918
59 75 -0.5908635222360008
59 77 -0.9009840094628265
60 62 0.7189567392597691
60 63 -0.5271152687653464
60 65 0.3706708411103996
60 72 0.46025318377649804
60 73 -0.20549076024397728
60 76 -0.8934764326574827
60 77 0.1886282699619075
60 78 -0.31369891485373236
60 82 -0.5623049168068526
60 88 0.9456021318269063
60 89 0.28707950815359173
60 92 -0.48646390415029717
60 93 -0.9973594103166898
61 62 0.45337989290130287
61 63 -0.8173145629438743
61 69 0.7014244419109998
61 75 -0.5904982476458722
61 80 0.8289857671845418
61 82 -0.2981437661181092
61 93 0.48231342753911854
62 68 -0.6978679940715289
62 85 -0.7185169084054723
62 86 0.34778624256578095
62 88 -0.7447212446496143
62 90 -0.4205699086856709
63 66 -0.09612708509619239
63 69 -0.33841431267640276
63 73 0.8992362395248381
63 77 -0.40013278146174636
63 78 -0.06971214778211654
63 85 0.4850142904834229
63 87 0.9894138529648693
63 92 -0.26597329126506897
64 67 0.08463466682989296
64 69 -0.26004139214194777
64 71 0.7763803157309019
64 75 -0.5817509835456405
64 77 0.8943387952094137
64 80 0.1397427752182998
64 81 -0.21599646808095785
64 84 0.14568311543361268
64 87 -0.5462664880252117
64 93 0.27135006106882353
65 69 -0.06141676897590287
65 71 -0.17327408673206146
65 79 0.8948889730758989
65 80 -0.07584492360810557
65 81 0.18140281011205306
65 91 0.4965955883672801
66 71 0.12000298124565156
66 73 -0.654332344397363
66 75 -0.6419187276366587
66 87 0.6163849593932325
66 89 0.7474051168773279
66 92 -0.8942247619273878
67 73 0.24372389925225102
67 77 -0.9996707770337423
69 72 -0.8916670457436771
69 75 -0.6333963350425631
69 83 0.8270772436701623
69 84 -0.49308862705445566
69 89 0.01266587232258476
69 91 0.6951553799893266
69 92 -0.2865239907912429
69 93 0.8084795083435072
69 94 0.9172264493565803
70 80 -0.26303855272117427
70 85 0.6843192020263407
70 89 0.7235300148844463
71 74 -0.1250718477177537
71 77 0.7114949874508099
71 80 -0.6188742278595127
71 83 -0.4364139905193407
71 85 -0.9830058716840313
71 86 -0.2219017110240742
71 88 -0.6171105193254454
72 76 0.26043067291022215
72 78 -0.8996103138283307
72 80 0.278669499443033
72 84 0.09443836590012333
72 86 -0.0852047586856961
72 87 -0.6813275756297943
73 74 -0.16869872458865998
73 77 0.7143585553907026
73 83 0.35670551334080036
73 90 0.09418603110601653
74 80 0.986856892586935
74 91 0.8523438308764912
74 92 0.49869176832605455
75 89 0.8866979876608476
76 79 -0.6187265915826521
76 81 0.1508225447287026
76 82 0.6430465579614453
76 92 -0.03445629085577129
76 94 0.7357012516125117
77 79 -0.7131135497291021
77 83 0.5819045152059927
77 85 0.011116077753377418
77 94 -0.7285196560999281
78 83 -0.13508626770165266
78 85 0.8637544748600816
78 90 0.8013404884808695
79 81 0.5714884957361928
79 84 0.058081531028375544
79 85 0.19676402147015715
79 86 -0.46004939182445614
79 87 -0.9339163680965472
79 90 -0.6589239308760517
79 92 -0.7508509136211619
80 86 0.9364495059370284
80 87 0.5448276683734279
81 84 0.7836449104863219
81 87 0.4067586403868848
81 93 -0.5865437159869449
82 83 0.24140372782654973
83 84 -0.33839396388328447
83 89 0.3804211539473896
84 86 0.20609543131498098
85 86 0.15168092556164425
85 94 0.0013358076969662847
86 87 0.6096762355837686
87 89 0.7173150897012897
88 89 -0.31112614004854433
89 91 -0.8218832864919126
89 93 0.03103845803491012
91 93 -0.5350595319348295
