95 842
0 -0.19998982468006
1 0.6338174038156286
2 0.45878779267600156
3 0.6786188742332173
4 0.4820532658986765
5 -0.12535774213405926
6 -0.20342467835625633
7 -0.7710104313945589
8 -0.289612923273447
9 0.6456003802488581
10 0.7981513563378531
11 -0.16128635847429584
12 -0.5822331303888235
13 -0.5340054504543434
14 -0.48895938191753086
15 -0.3945988333303563
16 -0.189845892497835
17 0.5995131863810432
18 0.2995518407245996
19 0.17330290893646327
20 0.4822137033054117
21 -0.2564544161239659
22 -0.4903452481529438
23 -0.13419813220767773
24 0.8851496568488493
25 0.9077517768744985
26 0.9781169408064689
27 -0.022262381579035706
28 0.7130337827387416
29 -0.27200205299622104
30 -0.48314703987173013
31 -0.6979009253327533
32 0.9841023835547535
33 0.5098060171715804
34 -0.7953967301397034
35 -0.12176833017633082
36 -0.5331967893573926
37 0.17215284284992527
38 0.023732726215932365
39 -0.9736955114454375
40 -0.5997709726036418
41 0.4329766359569871
42 0.6803229993010209
43 -0.32465826895064853
44 -0.5690447688631433
45 -0.34843441123994867
46 0.9075958515512021
47 -0.2839819715758978
48 -0.7460264767165523
49 0.29617549025610534
50 0.1673452212333808
51 0.38291383709666804
52 0.023053826782430287
53 0.6813712132259766
54 -0.5767452152902777
55 0.3271395433756332
56 -0.34030846202892095
57 0.7923852756722658
58 0.7535364448911432
59 -0.04778263730428334
60 0.38043595466408053
61 -0.08247891366377536
62 -0.00031986963986141426
63 0.2057720858245662
64 0.05491444151087976
65 0.7167060691223255
66 -0.25624509563582
67 -0.2558576812387312
68 -0.1227025573943692
69 -0.16661271330268113
70 0.7633669444736304
71 0.8057483067517914
72 -0.8931693107619381
73 -0.1871719602171611
74 -0.7453938041043224
75 0.6816174487648266
76 -0.041762684796756044
77 -0.6969483761407291
78 -0.8942883866502516
79 0.9182843095100968
80 0.18749119302269968
81 -0.4027188160645887
82 -0.08207701659806044
83 -0.746207449030438
84 0.8804063769916781
85 -0.826191262346698
86 -0.7283359549415829
87 -0.32670704248883253
88 -0.405013665974036
89 -0.7759105149190391
90 0.2916761171138511
91 -0.014890319443436661
92 0.8774156007661866
93 0.12240064652744054
94 -0.8334773375275362
0 7 -0.44405869860037606
0 8 0.6962768178694725
0 10 -0.7343341752502894
0 15 0.15180557911289028
0 19 0.8234179509357735
0 23 -0.8125689488881584
0 26 0.7409046677193583
0 45 0.897800929290598
0 49 -0.7613905643124226
0 52 0.31941817575928
0 61 -0.7009334469057846
0 63 0.5941327039616668
0 70 -0.9377645919918933
0 83 -0.49923989961576454
0 87 0.7175289277278061
0 89 0.2799562628062091
1 16 -0.645967939082712
1 21 -0.29212144855064714
1 24 -0.35494396813189355
1 51 -0.20699605965723444
1 57 0.8140857299338748
1 58 -0.3768142153740279
1 66 0.5300859350318288
1 67 -0.9949165873752628
1 68 0.13115092315106325
1 69 -0.919551352532298
1 73 -0.011041418162569316
1 81 -0.6995141068567308
1 87 -0.28140830873082834
1 88 0.9166458773785267
1 89 0.29105912429576764
1 93 -0.967514461269853
2 5 -0.8884136375109639
2 12 0.2477011312273414
2 14 0.720039442567699
2 19 -0.3094072418049616
2 20 -0.3624895948055866
2 30 0.723207801349812
2 51 -0.29794751194135105
2 53 0.12086349329543888
2 54 -0.9358425509815622
2 59 -0.9523748739941325
2 62 -0.46569742004121206
2 65 -0.2466047332260335
2 74 -0.012340286033075909
2 86 0.21313808763032172
3 7 0.43094783456444885
3 11 0.38343673639468445
3 16 -0.8337564191280584
3 20 0.15271197591665686
3 21 -0.6800860898772569
3 24 -0.8960507786965042
3 29 0.1560893663347418
3 31 -0.30989154073436387
3 32 -0.39601791241330475
3 36 0.9996061480676388
3 37 -0.7201438209889319
3 48 -0.8601028347862194
3 52 0.6781000071009764
3 60 -0.7274711704249324
3 75 -0.5970778886721737
3 80 -0.9570751887942344
3 82 0.6058598905716441
3 84 0.7314407926310409
3 85 0.011912566089928411
3 88 -0.34619795058442504
3 91 -0.6374591413644966
4 9 -0.9659286450128184
4 14 0.9996769649667072
4 15 -0.8535857197769896
4 19 -0.729452352219919
4 20 -0.6081557816445726
4 28 -0.5290262014809706
4 37 -0.28223671008482043
4 38 -0.2518200911366957
4 43 -0.5226003275219953
4 44 0.8805247561820906
4 46 -0.023989509054699987
4 48 -0.5656639462705519
4 58 -0.2507463260616376
4 59 -0.15160001347588525
4 63 0.015765759068874008
4 70 -0.4952894904977325
4 79 0.7188164222617863
5 6 -0.538613174469468
5 7 0.5686628662465489
5 13 0.8732691200536198
5 31 -0.754422388677281
5 58 -0.33806959799062053
5 64 0.448826690727941
5 65 -0.8322483918805379
5 81 0.5222698237903718
5 86 0.36805757753149293
5 88 0.8249788455312363
5 89 -0.3055402625447987
5 90 0.6443417547487107
5 91 0.07155208648398914
5 94 -0.9045495636629968
6 10 0.0587148088927667
6 18 0.9989350619965911
6 31 0.6359400459152622
6 49 -0.5782004096868876
6 50 -0.5918599981235355
6 52 0.9997444297004077
6 61 -0.44201121435393076
6 66 -0.3354590912315716
6 74 0.7982881397818304
6 77 0.1733091139581222
6 84 0.4779471710385528
6 92 0.9664817854886785
7 14 0.5298387339318309
7 15 -0.650418863561355
7 22 0.07313617376565817
7 25 0.507694034638599
7 26 -0.08541969014003903
7 27 -0.25088774446923634
7 32 -0.4383482236447769
7 37 0.6923139470728432
7 43 0.20984966440105857
7 49 0.09609145160752686
7 51 0.48115197198441906
7 57 0.829748566029294
7 64 -0.1710943712862787
7 65 0.25690753507311603
7 68 -0.09368120591335405
7 80 0.7604975114286612
7 93 0.5571435467794661
7 94 -0.01819779991078696
8 10 -0.9953812433045133
8 16 -0.6312128295246073
8 19 -0.25004656162769856
8 26 0.7864071022685166
8 28 0.3024484278118742
8 39 -0.8408683150966789
8 49 0.7692300786812565
8 52 0.7275437054018199
8 61 -0.028257767142404244
8 64 0.2952315678254125
8 68 -0.07508188332516452
8 74 0.8722698583985411
8 76 -0.7888907706773858
8 86 -0.2198483511911442
8 87 0.3849211560253525
8 92 -0.5782642050877864
8 93 0.0741240080874157
8 94 0.4154425726994482
9 13 -0.7475451733455052
9 16 0.5801023887252783
9 21 -0.9817658708118657
9 27 0.42336877089342395
9 29 0.17103019152811494
9 39 0.9249614814291185
9 41 0.14901170038811062
9 45 0.2762786063636311
9 49 0.8464831399411059
9 51 -0.9446854513272731
9 54 -0.8926568890427362
9 60 -0.7376347213733963
9 82 -0.9829453062512274
9 84 0.685508106226469
9 86 -0.45293017973149796
9 89 0.03911435029075094
9 94 0.463446313617895
10 12 0.4374599408415414
10 25 -0.6567267788908211
10 29 -0.5680999844376611
10 42 0.20294089809834492
10 44 0.9840668759993423
10 47 0.7942821178409858
10 52 0.09719157946885626
10 63 0.7031603973011182
10 76 -0.07881541636326284
10 81 0.13665232975224595
10 92 0.44624252124911945
11 16 0.8804311985229416
11 20 0.6109482102332757
11 25 -0.09039855771303773
11 35 -0.4834008261300027
11 49 0.0653546895039745
11 52 -0.013224876640335337
11 55 0.11451923759890192
11 57 0.58909100911958
11 58 0.5903128012858128
11 59 -0.36681167159622374
11 61 0.6042555624729646
11 64 -0.330857463273843
11 65 0.770413041089183
11 78 -0.3136576533088782
11 79 0.37216591959722
11 85 0.04268274754820722
11 86 -0.9652288187890274
11 87 0.5082747733087534
11 89 0.38379211405983193
11 91 0.15260736351737214
12 26 0.020047380969871798
12 34 0.43618571397591777
12 36 -0.8461730983249542
12 41 0.9508062242483606
12 46 0.19559700396310165
12 58 -0.9864350929503913
12 64 -0.16056878901233929
12 67 -0.10804223527195389
12 74 -0.812783075474627
12 76 -0.5472799999744278
12 80 0.14500800881874065
12 81 -0.05476948998170417
12 88 0.9828244766440866
12 90 -0.6657535820745366
12 91 -0.7883951957580428
12 94 0.974308368956077
13 22 -0.04366268147137076
13 26 -0.44812957651201235
13 44 -0.6057955321124322
13 50 -0.6426898925430384
13 51 0.0008782864444616401
13 55 -0.5294367063040892
13 72 0.07255206746812592
13 73 0.02172116478149677
13 74 -0.030004761937159286
13 76 -0.8648513933899049
13 84 0.4835871778611902
13 85 -0.6286528234308073
14 17 -0.21888140265914902
14 25 0.26050428813829085
14 41 -0.13331874234395036
14 45 0.040386275180463116
14 49 -0.1949816986103603
14 51 -0.882502326851738
14 53 -0.45548379720801524
14 59 0.23167546193743482
14 61 -0.2896106853955842
14 64 0.41389543284791297
14 69 -0.12966444974669122
14 70 -0.5433367806523097
14 89 -0.2687969484740924
14 92 0.111299719451883
15 28 -0.41705243703200634
15 29 0.1303233968548032
15 31 -0.6720809241022252
15 35 0.7753774720932609
15 41 -0.3842405826631672
15 45 0.07293763014938248
15 53 0.9759553190731427
15 57 0.14818471924498322
15 59 -0.3338325869446377
15 62 -0.22342253007690482
15 63 -0.5242533243051226
15 70 -0.0888980012922862
15 73 -0.3834868909876392
15 75 -0.342587189029812
15 77 -0.8105524200206777
15 78 0.22647906777153337
15 85 0.8328565283450038
15 93 -0.4092282461927861
16 17 0.6295545016403123
16 32 -0.438639388664225
16 39 0.3584271449309948
16 42 0.004946136227340858
16 45 0.7557325039504197
16 49 0.2177455057838189
16 61 0.5398259590367716
16 66 -0.2569324366153263
16 70 -0.9844040428314298
16 77 -0.46721166486857046
17 18 0.20280408210321865
17 22 0.6579576477005811
17 23 0.10699341474607538
17 24 -0.9555259877336666
17 34 0.13840548320421453
17 35 -0.03690244380292862
17 40 -0.9768985671079633
17 42 -0.26887069720835655
17 60 -0.5275452351154379
17 75 0.2067234937477429
17 83 -0.1174957477996168
17 88 -0.7716228208240912
17 89 -0.9704741032844846
17 91 0.4482370318235862
17 92 0.35893890856947275
18 25 0.3675718719849672
18 27 0.8692289488178708
18 32 0.47022659746539053
18 44 0.34892296242490617
18 51 -0.40115080573200057
18 57 0.5329445174789793
18 60 0.9351372045706006
18 63 0.34487816584984143
18 82 -0.1332728163148913
18 86 -0.9780947033588379
19 23 0.7762639096205928
19 25 0.6812890304376009
19 31 -0.9650926361055643
19 32 -0.5491635232894705
19 48 0.4001631522626905
19 54 -0.12065847721715461
19 56 0.3909816115159317
19 59 -0.8657910236706132
19 60 -0.3496018104690044
19 63 0.7368495826997201
19 76 -0.8582397998522127
19 78 0.4316316025098865
19 85 -0.15531805616565975
19 87 0.561521549939648
19 91 0.3482912561288758
20 23 -0.8890306886350441
20 39 0.5409971404805705
20 40 0.3015201160699339
20 44 0.4563272587093703
20 45 0.8060219064765373
20 47 0.6049553834975931
20 53 -0.40325363509003
20 56 0.6962086667893908
20 60 0.3780112306633019
20 63 0.18747779883424065
20 64 -0.7017261212046257
20 72 0.6356515409870043
20 86 -0.4120552576201322
20 87 0.17544088775034172
21 23 0.35188560423322746
21 32 0.5411405487689154
21 34 0.40516545275926386
21 36 -0.5610403648803512
21 38 0.2642882012450629
21 44 -0.4311128835156717
21 45 -0.394120728920315
21 47 -0.22466387841917856
21 50 -0.8997625289938174
21 51 -0.7197036384396238
21 52 0.09851329693476929
21 57 -0.5889670931364859
21 63 -0.37387744624503405
21 69 0.4609866653939394
21 71 -0.10179904015686936
21 73 0.2201933040377433
22 41 -0.9849376702315435
22 43 -0.7698532550351354
22 51 -0.7544316531732633
22 64 -0.5899624473044551
22 69 0.5644739974574675
22 78 0.42376935695349793
22 79 -0.9184310805060958
23 25 -0.9930211854602047
23 36 0.8092836368106131
23 40 -0.9208352263737609
23 47 0.9391111161210624
23 61 -0.7411731603318399
23 62 -0.9602197707503695
23 63 0.3897270815694107
23 69 0.30350829637743826
23 73 0.8107710234934131
23 84 0.9983759388594617
24 28 0.22929481711745736
24 33 -0.2722899407583863
24 38 -0.4792293749139884
24 42 -0.42040730176199714
24 45 0.35330587433217175
24 48 0.32484466277027213
24 51 0.3726615528951014
24 52 -0.3733956410682493
24 59 -0.8781282011344436
24 66 0.5295173836496119
24 68 -0.6601860171213174
24 77 0.48955639231250614
24 83 0.5140703808932547
24 84 -0.487788339584607
25 32 0.6361911635974096
25 42 0.06529027791872499
25 43 -0.34256221906507056
25 55 0.5033589537689989
25 78 -0.6478510198544347
25 84 0.6186095811761143
25 86 -0.7874535033724801
25 89 -0.27934473829846596
25 90 0.33939131293757474
25 93 0.01369255620991483
26 29 -0.4598228720263149
26 37 -0.13767541532571714
26 50 0.5125141239671227
26 59 0.5449631128090933
26 60 0.21433829806878246
26 69 0.9455445792918666
26 74 -0.350439743858336
26 79 -0.5801976510568154
26 88 0.4575877742247476
26 89 0.13984666937997448
26 90 0.7527199254179113
26 92 0.1011590744410833
26 94 0.8583165061360911
27 38 0.7872460756414523
27 41 0.23261634276312382
27 42 -0.3994907534671961
27 44 0.019322804338178345
27 45 0.21765729321564953
27 58 -0.004530119907567576
27 60 -0.5675370878500794
27 68 -0.21407693747394219
27 71 -0.593593866275917
27 72 -0.38114161161467774
27 73 -0.7709852181824792
27 79 0.9749700880473444
27 82 -0.936981622973545
27 87 0.3840612561150558
27 89 0.30937241255558035
27 92 -0.8884029922749968
28 47 -0.4252440578037886
28 50 -0.10480012945964545
28 57 0.6330932729878223
28 58 -0.6697739769350413
28 60 0.0487242455603325
28 65 -0.4160200761794144
28 69 0.23478043871065557
28 77 -0.860537762499781
28 79 0.32298279375517125
28 94 0.3972404741368638
29 38 0.3224148017442303
29 42 -0.5917466642569158
29 55 0.1652300559581361
29 62 -0.48674909350537043
29 71 0.8789510723534433
29 72 -0.6218737899497533
29 74 0.15429729766038114
29 75 -0.9328465685717848
29 76 -0.5920072704317914
29 86 -0.8985585694350153
29 94 -0.8075294560304966
30 39 -0.11499918695167133
30 40 -0.153472578642462
30 42 0.07984955900259227
30 44 0.2750459240551326
30 50 0.3128864733490926
30 53 0.6267150607576781
30 54 -0.11641199947841341
30 55 0.8496145590343818
30 58 0.8664056528767063
30 70 -0.9549612395081553
30 83 0.6620456120452269
30 88 0.7146595139525389
30 90 0.9349263908047118
31 47 -0.9748665480081107
31 48 0.5354248366523773
31 55 -0.7469013985514221
31 59 0.7228448566575447
31 71 -0.3014880420345716
31 73 -0.39767383067992546
31 76 0.9497583955638034
31 86 -0.20756859722304122
31 89 0.9193213261719286
32 41 -0.7875099955703255
32 50 0.8243339669019671
32 54 0.6736586448843076
32 58 0.8685642729014953
32 59 0.7064716978516057
32 63 -0.8456890690495082
32 64 0.2818473263709276
32 68 0.4647977495719744
32 69 0.07019412519159096
32 70 -0.7974420482000937
32 77 0.7541590167720114
32 81 0.09925981720982402
32 83 -0.1985501720220546
32 84 -0.46425876046319026
32 87 0.8443423644121719
32 89 -0.6693323771904596
33 46 -0.6018137240940813
33 48 -0.3144622613602561
33 55 -0.1688525636383429
33 68 0.7796976973433483
33 71 -0.5901341693479882
33 73 0.3007862424251291
33 77 -0.290539480047181
33 78 0.8272688232905867
33 80 -0.37930956557386897
33 83 -0.7946391639108696
33 87 0.642093346652048
33 91 -0.4691177516600926
33 92 0.23643506842680506
34 35 0.9606805881067626
34 38 -0.2479802428435387
34 39 -0.5807451326259512
34 40 0.3203609929075788
34 45 -0.8709355194346047
34 47 0.4750418657533553
34 48 0.4623013677651455
34 49 -0.8496924391706526
34 50 0.25130253782467804
34 57 -0.9124232327868707
34 59 -0.3563082908420918
34 61 -0.4411925229826683
34 63 -0.005571714442091258
34 66 -0.6994526694958041
34 78 0.9200113721528211
34 80 0.2776682162583557
34 84 0.773434016587071
34 88 -0.35539727047478364
34 89 -0.08849369442624533
35 42 0.49772080009655095
35 56 0.5611801342070943
35 57 -0.8671031720296014
35 60 0.1454145691444002
35 68 0.021354784308268204
35 72 0.7213461349145862
35 80 0.8062275562763457
35 88 -0.8469724647414643
35 91 -0.8659027680137523
35 92 -0.11945099233695688
36 44 0.9527178035351074
36 46 -0.19278814743906003
36 61 0.619611456229068
36 67 -0.3157076719000773
36 74 -0.16996285014707624
36 79 0.554702222240818
36 80 -0.7505187102191269
36 83 -0.8806956054510684
36 86 -0.47155471154876083
36 87 -0.39740277897920673
36 88 0.6592608264253639
37 40 -0.07607498345944208
37 43 -0.19212090381625546
37 51 0.8934113413048943
37 61 -0.3396597687806584
37 69 0.3242967067395084
37 71 -0.20809874070629153
37 74 0.0802426326561545
37 80 -0.33347480977720156
37 83 0.2828167618940176
37 89 -0.9221971440288936
37 90 -0.3219948373606636
37 91 -0.7851636837645679
37 93 0.3950082208330552
38 46 0.20853495676209177
38 49 -0.23675532011437572
38 50 -0.7594272340649031
38 59 0.7133976804243485
38 80 0.7873935946343151
38 82 -0.17755909480959553
38 86 0.03536918232328046
38 89 0.23648444141993852
39 46 -0.04264577153357152
39 58 -0.5247852018929291
39 62 0.2372801419281545
39 75 0.9512448529019775
39 92 -0.5090173532253515
40 43 -0.4713953152561292
40 45 0.24213225002620353
40 54 0.04346059403781388
40 62 0.8798275462548955
40 69 0.9689572021810078
40 72 -0.36151239064262697
40 82 0.023655801002397725
40 83 0.9964869740569662
40 84 -0.9905656961121856
41 49 0.843513724181381
41 50 0.6260489295841494
41 53 -0.39656401063448565
41 63 -0.5981435280855145
41 64 0.24993148991287106
41 65 -0.867365101103365
41 78 -0.1086078873959484
41 81 -0.822669322899533
41 92 -0.028488164546003336
42 44 0.49942079065115674
42 53 0.386225295994751
42 54 -0.09643530602449335
42 63 0.6112622563132317
42 65 0.41486581638973496
42 69 -0.22781012308661164
42 70 -0.761769967081839
42 72 0.5126706714140834
42 73 0.4992762025698514
42 76 -0.6166641998513389
42 77 0.6603253125807589
42 80 0.7666344792378075
42 88 -0.5809565919811217
42 93 -0.8520348876223234
43 55 0.6334500118299868
43 56 0.12583872078656255
43 59 0.8994757238369928
43 62 -0.43738014894038724
43 66 -0.5264176488643155
43 68 0.6529716817025493
43 72 0.5630246147953295
43 77 -0.39784356317559433
43 78 -0.20128838711807018
43 79 -0.35476709283748287
43 92 -0.8383237292784174
43 94 -0.30869161365115105
44 45 -0.6028554443683054
44 47 -0.6563255460604294
44 50 0.01510461752393355
44 51 0.7396818849482201
44 52 -0.2824348138256443
44 54 0.6403416599507976
44 56 -0.8406367155623828
44 65 -0.7408608584486349
44 66 -0.6094498950361911
44 67 -0.6564003802119049
44 69 0.3846916288086457
44 74 -0.8265528793644437
44 78 -0.7977892202451864
44 81 -0.1665919144068877
44 82 0.04790391801230176
44 86 0.1086339403827461
44 87 0.15897074098007402
44 89 -0.18322120311563794
45 47 -0.9911878177182913
45 48 -0.941264465775697
45 57 -0.39086800482339457
45 58 0.23434840256195733
45 67 -0.3278070752398641
45 77 0.7162090438041206
45 81 -0.8843380751536254
45 85 0.5163397040708171
45 86 0.6053993704141356
46 47 0.42775864015231324
46 63 -0.8418071764513599
46 67 0.572418842583938
46 69 0.8683862508570308
46 75 0.5177843390555179
46 76 -0.9375985017507336
46 77 0.3700644213155928
46 78 -0.9694920175490165
46 81 0.10984151019110011
46 82 -0.7564310040754447
46 84 -0.6580084397226353
46 86 -0.9161659857675435
46 91 0.6466496919390778
47 59 -0.12414892671048428
47 64 0.017134186090127068
47 73 0.9174390701820327
47 79 -0.29278569704647817
47 80 -0.8029357042410223
47 85 -0.5412507275627252
48 49 0.7764766955978737
48 51 -0.41471883477018445
48 53 0.08698654747000267
48 56 -0.434034724160133
48 61 0.9890437467587261
48 69 -0.5066041311713594
48 70 -0.10191203908747615
48 73 0.029367160259686997
48 92 -0.06513067091328151
49 54 -0.7555343802844359
49 59 0.5592788842426863
49 63 -0.6166642577534309
49 66 0.9101005567785694
49 78 -0.6350449303807277
49 82 0.9573120959043253
49 86 -0.48744856128743175
49 89 -0.3435176611401469
49 94 -0.24586000932449403
50 52 0.3900114012418512
50 58 0.34817919381560825
50 60 0.7904065208736522
50 66 -0.8421973708464292
50 69 -0.484500487271442
50 73 0.9794891012616085
50 75 -0.9688911675965182
50 76 0.9309866021208177
50 77 0.15494787860190806
50 86 -0.030900372805345855
50 90 -0.6114157761074721
50 91 0.4703840355063469
51 52 -0.887141277175562
51 57 -0.8896905805616966
51 63 -0.002181141989400892
51 66 -0.18086366604772874
51 67 0.9661045263926309
51 74 -0.17372385805204682
51 76 -0.09719168069457407
51 80 0.8420091376574332
51 88 0.7018381580053816
51 91 0.7709938454025291
52 53 0.10371188383704033
52 55 0.7433883094320288
52 63 0.3104023551716273
52 66 -0.1888371958068331
52 82 0.11520223775623184
52 84 -0.7822081317545992
52 90 -0.6861901687555225
52 94 0.8310470805016363
53 61 0.9000192836917924
53 72 0.44582803537380933
53 81 -0.9604260017645563
53 88 0.3090478795454916
53 90 -0.8055124908036984
53 92 -0.28078583106015054
54 61 -0.26052652719499836
54 65 -0.24923976297436523
54 67 0.443842958311383
54 75 -0.7883635591488465
54 85 -0.7156548482123317
54 87 -0.6861510353895939
54 90 -0.8292519225792803
55 56 0.9564313359659777
55 57 0.08591294958402895
55 69 0.13487839007616853
55 71 -0.31946089598488725
55 74 -0.7201023180572808
55 75 -0.09806017612070406
55 77 -0.9754796061879025
55 81 -0.28829522627919446
55 83 -0.5306386676038475
56 60 0.004748430282843774
56 62 -0.2666815617471161
56 64 0.6679300261614904
56 72 0.04701928443596959
56 76 -0.8466374651759363
56 77 -0.49229489514998725
56 79 -0.8753131673282764
56 81 -0.553197421767528
56 82 -0.6987272216594922
56 85 0.6794354331371124
56 92 -0.477472278674842
57 68 0.6352690029449868
57 86 0.9116144480064543
57 89 0.39173845959773956
58 62 0.3860503558717694
58 66 0.4697856491423462
58 68 -0.32543581120588594
58 71 -0.0038880953837920895
58 81 0.31006363675927884
58 82 0.5722818801026412
58 84 0.5713265529787765
58 88 -0.36467685663287597
59 61 0.5941850634507699
59 84 0.36343036519196126
59 87 -0.012810217793302936
59 92 0.23486337841165672
60 63 0.2406315556080052
60 75 -0.21013962677260123
60 78 -0.3458127395973998
60 86 -0.28355974336841894
60 90 -0.3158548498613971
60 94 0.18125221475413356
61 63 -0.17899840294126745
61 64 -0.4670906754810471
61 67 0.9061381116478868
61 72 0.48754704881255173
61 75 -0.7474148512822947
61 83 0.646040267118126
61 85 0.48350250982696474
61 92 -0.33479568865485687
62 75 0.18244395203303054
62 89 0.19528532467030857
62 90 0.6075820509564167
63 67 0.19754491238514515
63 77 0.35064827711056923
63 80 -0.16970257720761306
63 89 0.23185603237165653
63 90 0.9460533813602925
63 91 0.5714685495177736
64 68 -0.06079424173614001
64 69 -0.11029277288171535
64 75 0.2520950212713431
64 78 -0.006335012500799486
64 86 0.2896055052599713
64 89 -0.025226807278533325
64 94 0.1328909461644343
65 73 -0.5826525634753916
65 83 0.4163870855512042
65 84 -0.11074661764456795
65 85 -0.20228150398753697
66 71 -0.13598137707122726
66 73 -0.661328885316852
66 75 -0.33272873793568625
66 78 -0.9706164948354057
66 81 0.11525341983121407
66 82 0.4998829049541398
67 73 -0.24354956325174792
67 79 -0.7759879673907482
67 82 0.12726821217114703
67 85 0.8279759982250179
67 94 -0.5138734601785555
68 77 0.21244367712040413
68 81 0.6946327229790006
68 92 -0.2805261955824163
68 93 -0.34197447450127405
69 84 0.22327729124575835
69 93 0.7084238571102686
69 94 -0.5100261001609008
70 72 -0.7839542958404546
70 80 0.10812638744927416
70 85 0.1972427906975187
70 89 0.9318681682539842
70 90 -0.38137451574342585
70 93 -0.2160593507459383
70 94 -0.6843634509092265
71 77 -0.39899321038051117
71 78 -0.8352564502311652
71 79 0.7884021763179114
71 81 -0.8052233204308226
71 83 -0.49521717065802484
71 88 -0.533274830703871
71 91 -0.02741091128354678
71 92 0.3643267582867047
72 76 -0.5210304285593854
72 78 0.390652147529688
72 85 0.2024519385802388
72 86 -0.016196619215486763
73 75 0.9276008606759034
73 85 -0.8126865272896842
73 91 -0.20496279928490457
74 78 -0.5798352284470794
74 82 -0.1308878956601276
74 86 0.9201309037845082
74 91 0.4187341563280973
75 77 -0.934284670206804
75 78 0.631585990264721
75 91 0.6399690546794368
75 94 0.28478140023416243
77 83 -0.11013897359470093
78 79 -0.5652764228673455
78 86 -0.9515226919441033
78 92 0.8070184423842648
79 82 -0.005753544200411076
79 84 0.830660761678857
79 91 -0.47029935454911453
80 81 -0.5994365080685697
80 87 0.12203342817311347
80 90 0.960951837074056
80 91 -0.47842209660732027
81 90 -0.451940838290283
81 91 0.38487481808589186
81 93 0.28558449670731734
82 86 -0.4315557161203094
82 90 0.9700226158643492
82 92 -0.7336824923994161
84 85 -0.571309870159044
84 86 0.485154722979241
84 87 0.9266085642184143
84 88 -0.5929760390056695
84 89 0.010270286524540984
86 90 -0.9007542719119779
86 94 0.04340528186924408
87 89 0.19922192215706458
87 93 -0.13634433156856596
88 94 0.2336671686080276
89 92 -0.22530662349401998
89 94 -0.5649502916818419
91 92 0.04842730118776939
91 94 -0.7815223221908179
92 93 -0.5149206211518356
