95 433
0 -0.19923889282353802
1 0.06893557175925435
2 0.0729156610750894
3 -0.5752666001490117
4 0.9440590869453038
5 -0.38973879399881883
6 0.908714518511273
7 0.22233280749949702
8 0.9912781363011054
9 -0.15481516423562502
10 0.6787039563155848
11 0.741271355632082
12 -0.4515393237308005
13 0.6518977919357405
14 -0.01368448461285876
15 -0.10350132211465168
16 -0.3099183566472703
17 0.24969084777731654
18 0.8617125306503552
19 0.5465439661827072
20 0.10279985962162064
21 -0.45007673870229215
22 -0.3088397792593929
23 0.39791219180567294
24 -0.07443300589067103
25 0.7948011518608153
26 -0.5690046572788621
27 0.026753457619796528
28 -0.9755786642098863
29 0.542517391120829
30 -0.9356389394189109
31 -0.29884837519371343
32 0.2847782417887461
33 -0.25134424890821694
34 0.3830227134815176
35 0.0019057169912157779
36 0.23859488384736038
37 0.5367743864053511
38 -0.4951720438063043
39 -0.4012977782919389
40 0.1267279567999846
41 0.722470641735969
42 -0.36005187253071025
43 -0.49891344801491466
44 -0.6690365028583425
45 0.9052587646099883
46 -0.9699873660969389
47 -0.4505683410129375
48 -0.6539105940456365
49 0.07143238878091984
50 -0.8570980669098212
51 -0.3936413283760476
52 0.242565526548584
53 0.5396446072484264
54 0.06204806390456752
55 -0.3897380566520243
56 -0.06499873941237522
57 -0.8108219029832027
58 -0.07020990320892406
59 0.1962908895564257
60 0.9700258847023508
61 -0.9505612901924101
62 0.9708899524628509
63 0.9071410285453481
64 0.537875756270185
65 -0.9877464520435992
66 0.6728344552030301
67 -0.9758599824831458
68 0.14515700451983937
69 0.6534333945193431
70 -0.6450099655076673
71 0.964763396082712
72 -0.73923227258588
73 -0.9792595999856084
74 -0.38562207490625333
75 -0.1353660828069505
76 -0.7878242271861229
77 0.4531020365339875
78 -0.670586583055752
79 -0.3206610535194876
80 -0.7004717556390292
81 0.1207852288294824
82 -0.336743685549278
83 0.6283009693455401
84 -0.6920281152130532
85 0.7840900261625359
86 -0.36521884502114643
87 0.7318241932297713
88 0.5896325277477195
89 -0.8154232769637773
90 0.17531748320757967
91 0.2750125305735802
92 -0.03487869022992518
93 -0.6661645190412444
94 -0.14961531958028762
0 9 -0.3500213929126741
0 19 0.6861056951975353
0 22 0.33112627915658965
0 25 0.6472637987790302
0 35 0.5909514915483844
0 38 0.18982760507448737
0 50 0.25958979135361004
0 52 -0.4789381249805671
0 86 0.5663592338009593
0 88 0.9919970232263373
0 90 0.7335407570898083
0 91 0.152798302356159
0 92 -0.14716388038177675
1 21 0.4223479050062542
1 23 0.1992081268200281
1 24 -0.2735809732696144
1 25 0.24219127271623786
1 32 0.3014465906931263
1 36 0.06270935596763927
1 38 0.5642496436348192
1 41 0.514556105393102
1 48 -0.5219546263166985
1 59 0.28245618067953626
1 60 0.933594423207837
1 61 0.5347076879167691
1 71 -0.6119625031498566
1 87 -0.6625414366276636
2 7 -0.49301017565365135
2 64 -0.641771239042652
2 75 0.48349024690455633
2 87 -0.9534215153569996
2 89 -0.8648937404116974
3 8 -0.6534859796650039
3 15 -0.7190471179105355
3 21 -0.34877321015291707
3 28 -0.756750710735252
3 30 -0.08304113275924996
3 66 0.5842536577127644
3 77 0.23908903930015413
3 81 -0.5729980049279446
3 92 -0.13208138487885535
3 94 0.013590958127604358
4 14 0.68224080083311
4 27 -0.6415347540169054
4 34 -0.3460204826346225
4 36 -0.37141432178766753
4 53 0.6812253661063272
4 55 -0.2054818721835494
4 63 -0.5934874949225262
4 69 0.1584211930885704
4 76 -0.16450397340090972
4 84 0.5609053722179653
4 88 -0.2522469758748038
4 89 -0.2811516079058156
5 7 0.2525379233162919
5 26 0.11026491913083558
5 67 -0.5993853321414724
5 75 -0.4277582318691653
6 13 0.11869361174224813
6 53 -0.564173122363441
6 57 -0.7326448542059465
6 60 0.8654367582327294
6 71 -0.9355535926308209
6 84 -0.8389480165205421
6 92 -0.9512317714384366
7 9 -0.5440883537700518
7 11 -0.2688825091909137
7 24 0.5872245153188942
7 26 0.6444454704245732
7 27 0.15801323309233428
7 32 -0.5592925159393174
7 33 0.6747200595816873
7 47 -0.6105467993030247
7 50 -0.7012407574821555
7 55 0.10773517854778625
7 67 0.9772916392859439
7 68 0.4241460719790424
7 74 -0.8824683128636803
7 80 0.7824490407715214
7 85 -0.003581244204501788
8 25 -0.7199543387767995
8 26 0.38970945222246867
8 36 0.4051924957787829
8 38 0.5379439698429838
8 42 -0.5627218853779155
8 48 0.6388694265206545
8 60 -0.35717452991026244
8 66 -0.7947363410880512
8 67 -0.17989749314431736
8 72 -0.13900292261816394
8 73 -0.6763388843803302
8 91 0.10127508258600693
8 92 -0.6691053637420279
9 20 -0.8360261454167275
9 22 -0.3935231401761998
9 28 0.4452789510386812
9 38 -0.678332649003893
9 46 0.933502758879512
9 70 -0.6197638917965267
9 88 -0.5091219351012346
10 24 0.030540436426714557
10 48 0.5202378550225168
10 55 -0.8189918981133977
10 60 0.6682538158479832
10 62 -0.8588265471186018
10 67 -0.07502796264422451
10 77 0.8471763368241674
10 89 0.6722025560164311
10 92 0.1576914104591507
10 93 -0.3692300234226562
11 38 -0.15621100129773002
11 40 0.15070698751813572
11 56 0.4578151864230233
11 61 -0.5893510944133784
11 64 -0.1683986883552091
11 68 0.42609618477868505
11 69 -0.998197976021282
11 73 0.562022141761005
11 89 0.14893300778890528
12 23 -0.5336344994352893
12 24 -0.43046564119083075
12 25 0.8080792696097068
12 35 -0.5187054094294397
12 42 0.827888169909156
12 78 -0.6919068783228592
12 86 -0.61814454888188
12 90 -0.21084496942680864
13 27 -0.8796118474421144
13 29 -0.7356113229612213
13 30 -0.38996579681869625
13 54 0.26027776115877077
13 56 -0.20277015939820142
13 60 -0.40104291903134115
13 71 -0.7793863651019755
13 81 0.9300158092701212
14 23 0.5808753086788438
14 35 0.825929801374802
14 64 0.8711630101574248
14 70 -0.21365790166355914
14 80 0.39076768346034396
15 17 -0.370852429859984
15 29 0.3586949707151854
15 38 -0.8618911803408142
15 48 0.6196580685176405
15 70 -0.9740279807076715
15 74 -0.7775477276035054
15 79 -0.9784992317845036
15 89 0.11753283318147667
16 38 -0.5763984484122684
16 50 0.39466834984496413
16 54 -0.9236189350304223
16 57 -0.8435821059057118
16 64 -0.7461348119925069
16 77 0.16453494638530763
16 88 -0.8597817825330492
16 91 0.32569121752970087
17 48 -0.8000566212019833
17 49 0.583550510100076
17 53 -0.9475577136534614
17 60 0.7893008625598721
17 61 0.2073438333145039
17 77 0.7464931475222969
17 87 -0.47294959559843597
18 19 -0.7595515435925699
18 30 -0.5575726606441762
18 36 0.669397951853363
18 41 0.9754464396585512
18 43 -0.4970403722857346
18 46 0.9073833490619214
18 59 0.3434511078778728
18 87 -0.682495800207841
18 94 0.36702111981286456
19 23 0.4625388803743411
19 35 -0.6119237948263516
19 66 0.22189867061278812
19 76 -0.1563266933255012
19 82 -0.4899274026300764
19 92 -0.0915660317938316
20 37 -0.6436825346218982
20 39 -0.5898151857017284
20 50 -0.03738470019586537
20 72 0.306722349896587
20 77 0.05928738618694851
20 81 0.3024060962925281
20 85 0.4625503166162437
21 23 0.004332877691713755
21 28 -0.9495190643471114
21 33 -0.8654897806405624
21 37 -0.2561938981747205
21 47 -0.4447635810425483
21 90 -0.5727727568492764
21 92 -0.6275331497719296
22 38 0.025748873386013615
22 40 0.2047321825362436
22 53 0.3322978868581006
22 68 -0.44149173004066355
22 81 -0.04635942122801073
22 85 -0.5694714178628575
23 28 0.9068353916445988
23 33 -0.7497076829756666
23 49 0.7618503924948548
23 66 0.7162418427810022
24 28 -0.20081661414653662
24 31 -0.20888793282279638
24 33 0.39553843858831406
24 65 -0.19058910369514392
24 67 0.9510259148463756
25 27 -0.249441772313169
25 45 -0.6601753948207332
25 48 0.3878172405723208
25 62 -0.6094875521388063
25 69 -0.514544006567053
25 75 0.8641357111813257
25 76 0.11862772994704218
25 84 -0.910535376033351
25 85 0.9902893289080887
25 91 0.26096853246395835
26 27 0.11913246408681011
26 58 0.47577576799260624
26 65 0.9140428915489527
26 84 -0.8735970850605213
27 32 -0.8338629329644855
27 33 -0.4317025700643502
27 39 0.7228230983480999
27 42 0.41781790976406064
27 50 0.7436110976605881
27 67 0.05096607680313703
27 73 -0.3021155333641492
27 75 0.9423597535023178
27 89 0.5821830566393003
27 91 0.5165026174565022
27 93 -0.7246442821245336
28 29 -0.3216593021210661
28 39 -0.46246352810274427
28 80 0.26061363687986416
29 31 -0.6178945055375653
29 44 0.5122263115397341
29 60 0.26905240565183663
29 62 0.7251858787632144
29 65 0.03105776070959254
29 68 0.7609001107350974
29 75 -0.13126749885299827
29 78 0.39351304698871536
29 84 0.8399065955409983
29 91 -0.9707081789665082
29 94 0.48650246091213534
30 43 -0.2080241718195457
30 69 0.5553588327314738
30 88 -0.830538738127627
30 93 0.09352171706231571
31 45 0.9562039801550755
31 55 0.5124053350827802
31 78 -0.9675310981271679
32 33 -0.6230904188605133
32 55 0.8238878869758057
32 63 0.9620743801927616
32 65 0.9374119452975
32 74 -0.4500489980111695
32 76 -0.21007011436125977
32 79 -0.7436807945950605
33 34 -0.7429448571617139
33 36 -0.8321059032518141
33 64 0.6026258187242539
33 70 0.9610147659858246
33 73 -0.2426639608552954
33 74 -0.40397054355119777
33 79 -0.822211007760389
34 63 0.27144025286743934
34 64 -0.1866065519911364
34 71 -0.6196319696455306
35 41 0.9911031769803855
35 67 0.3535590814040186
35 92 0.061577018317777954
36 43 -0.9237343851370696
36 74 -0.04419884664473561
36 82 0.7701516604508403
37 39 0.3277917679317297
37 51 0.4423032116984553
37 60 0.26091771384369866
37 63 0.7345289276323459
37 93 -0.5186892215328536
38 42 -0.33793676403564343
38 73 -0.2928996120058083
38 80 -0.6664651952033189
38 84 0.5130288033752082
38 86 -0.8351396529582531
38 90 -0.4607951089246636
39 56 0.31997470105422665
39 77 0.8025348067401548
39 88 -0.966503906749457
39 89 -0.8039980038059908
39 91 0.4140173168249588
40 53 0.7248608054080332
40 55 -0.44654978618494234
40 56 -0.1227103316964171
40 67 0.07792201095631857
40 79 0.4086685398587282
40 91 -0.370182181779277
40 92 -0.321187145796324
41 61 -0.045856473675575105
41 80 -0.028711712223745467
42 44 -0.80821699926104
42 47 -0.789877566711032
42 58 -0.41332419671855725
42 63 0.14679014381076394
42 68 -0.8240837668168277
42 86 0.7631567015333769
43 54 -0.055590650432639555
44 45 -0.18091420066464559
44 73 -0.6791418830656462
45 61 -0.24000281908370313
45 86 0.6359509972566413
46 47 0.5622419550970985
46 52 -0.4981865645204362
46 56 0.2123214171892962
46 57 0.14342394291785943
46 58 -0.13912688814137963
46 93 0.48924485077399194
47 52 -0.05029326707230686
47 65 0.16669201028591663
47 71 -0.3758448168224304
47 81 -0.3852402776578241
48 69 0.3955706387701443
48 86 -0.03579944613974595
49 52 0.03419438172204625
49 63 -0.4343326010690278
49 74 -0.88591256850086
49 83 -0.324354451763603
49 91 -0.141285521937367
50 57 0.3339676026027827
50 61 -0.5037229352355672
50 71 -0.973702547202471
50 94 -0.5261066822248759
51 67 0.6570500632404574
51 74 -0.10114253172704513
51 75 0.11519725208553155
52 71 -0.9571701321477413
52 75 0.9711652264485298
52 82 -0.6580882731861448
53 64 -0.24159820625589856
53 65 0.9305804691799724
53 73 -0.9127584260239472
53 74 0.6887666321435171
53 75 -0.5648463062169304
53 76 -0.39072460315505686
53 89 0.6699945680197088
53 90 0.5002242453812655
53 94 0.28994224587738904
54 60 0.26470154822670566
54 68 0.13609733845272243
54 74 -0.2940794011078527
54 90 -0.5812067734747823
55 61 0.7166947284049019
55 75 -0.44789204758296686
55 81 -0.4072358264772571
55 93 -0.7300757214048625
56 58 -0.6968281055451901
56 80 0.1779879652979688
56 85 0.1130675336609337
56 93 -0.646160829779096
57 65 -0.8724989282031443
57 69 0.004420536936828201
57 71 0.582818193819989
57 84 0.3380866817708441
57 89 -0.3421270603937945
59 63 -0.7020175203171108
59 70 0.13507391135675295
59 85 0.12665857171720307
59 89 0.8855621842472581
59 94 -0.8604308131055372
60 69 0.34081761034757907
60 75 -0.8676711324309452
60 93 -0.2573742409447459
61 72 -0.053801700936142005
61 75 0.2190766168882643
61 76 0.32698239636600057
61 77 -0.969688413021963
61 87 -0.12200108151903488
62 63 -0.7890094952286832
62 71 0.8882263018687706
62 74 0.7372706644395655
63 69 0.002405471029900408
63 74 0.915804322049256
63 77 -0.935990796345805
63 83 -0.9450328893530082
63 90 -0.8497164307013005
63 94 0.9503768103893973
64 85 0.751443506395598
64 88 0.34540897752911404
65 66 -0.36299791799393
65 70 0.630890381801197
65 73 0.8022084148402799
65 88 -0.29593882544301375
65 93 -0.11139036095246602
66 77 0.8450372755581887
66 80 -0.48713930608696865
66 86 0.46813639572823096
66 89 -0.39329953966115716
66 90 0.6915114232339694
67 70 -0.10676131198104732
67 89 0.5394922189582034
68 86 -0.3900310324142988
69 81 0.8805165744713537
70 83 -0.022524249713674838
70 84 -0.7654415981209044
71 73 -0.3033289998314066
71 74 0.5598489861376081
71 78 0.5915317269204432
71 83 -0.5596353439493245
71 85 0.4824883086581311
71 91 -0.4797858221261515
72 89 -0.3701600915210559
73 84 -0.45236177072072725
74 75 -0.9383948282514178
74 83 0.9770566468506325
74 92 -0.9625104551019439
74 94 -0.07413354233102298
75 87 0.45488768739171714
75 92 0.06441659941779632
76 78 0.8691246900799663
77 81 -0.05295778186047517
79 89 0.751723547773359
80 92 -0.3676751012618198
80 93 0.7943679974411093
80 94 0.8538858101970053
81 84 0.07033448757445182
81 86 -0.6112637966185763
81 89 -0.5339411243429455
82 94 0.4361393547989658
84 93 -0.913515392644423
86 89 0.47812531839918226
87 93 0.13227162256129166
91 93 -0.2696161910750692
