95 2722
0 -0.037267418642429995
1 -0.03272348166584882
2 -0.533497322374741
3 -0.05819970396915641
4 0.19996763748154023
5 0.5434217770706127
6 0.3725953427021127
7 0.8218254469979562
8 -0.1972132704955536
9 -0.22157013333721687
10 0.1686272679236529
11 0.17068367829979691
12 0.5750032701297878
13 0.26068142812089956
14 0.9165881523870372
15 0.4335909100013762
16 -0.22718796970077615
17 -0.16742670537635806
18 -0.23540993372534125
19 -0.7103574694410544
20 0.9626545309222181
21 0.848480658776263
22 0.5878886213013268
23 0.6426835576382259
24 -0.9169488046106533
25 0.4376339764221786
26 -0.8730221633460173
27 0.15860896518571876
28 0.5921365190405694
29 0.6164473934073764
30 -0.44875899853237367
31 -0.4160924748679402
32 0.9462968281160109
33 -0.11329299081767608
34 0.32303623715988494
35 0.6749448191994527
36 -0.12568080587507313
37 0.46361559955968557
38 0.8108685611478994
39 0.6929360914075535
40 -0.9421857967798293
41 -0.07385871354410312
42 0.9066070867889877
43 -0.6476251909119533
44 0.3320260406112585
45 -0.2801081088788462
46 0.5819809319970448
47 -0.29755457251178075
48 -0.6204451342403838
49 -0.8740352859367244
50 -0.5901686060380404
51 0.9999897755639671
52 0.5487022572520066
53 -0.07602187534689508
54 0.8416239126670872
55 -0.9035307986224568
56 0.9316309232890978
57 -0.31499426050354074
58 0.038659740283016664
59 -0.18899209841987363
60 -0.53029690513186
61 -0.5175130527666356
62 0.8330446425010483
63 0.9226476938089672
64 0.09788801259212021
65 -0.38277949243971987
66 -0.24055664762469497
67 -0.07275889627659748
68 0.2111395493629198
69 -0.7583085532078242
70 -0.3801708989206394
71 -0.21631879100365126
72 0.6826551028770969
73 -0.00035618189336439343
74 0.3028688353839284
75 -0.7615353101184694
76 -0.277312488668606
77 -0.857947761448133
78 0.9474988427769324
79 -0.14211442954923892
80 -0.6650966889624503
81 0.016350014169900895
82 -0.2985652836904076
83 -0.7121797964914296
84 0.9053592402356483
85 0.34048839261391106
86 -0.7617348750768085
87 0.5425455537123396
88 -0.5617024005875164
89 0.19531197958328717
90 0.8273670062412679
91 0.30008108479916507
92 0.04462314275489487
93 -0.04862726695978847
94 -0.6978003794634386
0 1 -0.42086206921515634
0 8 0.444982597332255
0 9 0.0682002601879701
0 10 -0.6319149883883337
0 12 0.7782730129964328
0 13 -0.03790499726903063
0 14 0.3107187922694177
0 15 0.2178743636674072
0 16 -0.7971343765192973
0 18 -0.9835816419811971
0 19 0.24069068264692883
0 20 0.18819187085583033
0 24 0.2220994382915631
0 25 0.39974130139896524
0 26 -0.026355310376379615
0 27 -0.439538645706681
0 29 -0.9079505794496201
0 30 0.470009155232022
0 33 0.48215655230967913
0 35 -0.8628814785716925
0 36 0.9315723141612038
0 37 -0.10434066243256335
0 39 -0.3459353308593127
0 42 0.8334101993853236
0 43 -0.17561525889380425
0 46 -0.8450077734967603
0 47 0.13903687167952405
0 48 0.6994305280687223
0 50 0.31005026328769025
0 51 0.9054582109533866
0 52 -0.36344772956196314
0 53 -0.7405228758646025
0 55 -0.5759604851317561
0 57 0.41391515560595105
0 58 0.8564613499954563
0 62 -0.9228748999718339
0 64 0.005372712798642487
0 65 0.818998646659385
0 66 -0.6556344630418651
0 67 0.8221731938363106
0 69 -0.19832574176144813
0 70 0.42675558575228534
0 72 0.5245998729389159
0 74 -0.5205693823350084
0 75 0.4612177503889292
0 78 0.5563796969397814
0 79 0.383452778755899
0 80 -0.5521480743697949
0 84 -0.2000713954201092
0 85 -0.46693074586877836
0 87 -0.4687555677714461
0 88 -0.6281488863543025
0 90 -0.5351124316964868
1 4 0.8198553017845287
1 6 0.48902658724982073
1 7 -0.2771348324990126
1 8 0.1933773757467092
1 12 0.9682323453323518
1 14 0.0051772188367598115
1 15 0.8866084374373495
1 17 -0.4081835287298572
1 20 -0.46630262239397546
1 21 0.146489941472578
1 22 0.4926762843060144
1 26 0.76002010573277
1 27 -0.09537792487240648
1 28 0.8203064089140593
1 30 -0.30641065992647665
1 31 0.21815843309118388
1 32 -0.9928229633054775
1 33 -0.9309758932382743
1 34 -0.9851451454683084
1 36 0.18587830491541668
1 37 -0.6813789336230882
1 38 -0.08349200997764727
1 42 0.398109058416128
1 45 0.5164496044459657
1 46 0.696651073383852
1 47 -0.21842047348712623
1 48 -0.6286703046049533
1 49 -0.4575345890631699
1 52 0.11968198619784909
1 56 -0.06971051384535087
1 59 0.9336072864569647
1 60 -0.29469522131265125
1 61 0.5050484133075881
1 62 0.8188257779660182
1 63 0.7457574400499865
1 65 0.3520378768738166
1 66 -0.151581385280128
1 69 0.12500538160731578
1 70 0.5259590592154342
1 71 0.5062147745166026
1 73 -0.5714010324720871
1 74 -0.6469402592927074
1 75 0.14590254049893248
1 76 -0.6368567092172361
1 79 0.7745941022764529
1 80 0.2862581627324645
1 81 0.22238783494318115
1 84 -0.3889743757955342
1 89 -0.6466477412862044
1 90 0.9627104201602326
1 92 0.594355465419931
2 3 0.964536894279376
2 7 0.9283855523397126
2 8 0.3626972556063577
2 9 0.9763675518547561
2 12 0.18944333659940304
2 14 -0.404117315603689
2 15 -0.596375441456273
2 16 -0.4673321884444137
2 18 0.6559437493190252
2 19 0.6351609580710489
2 21 0.6635407430902382
2 22 0.11440736914498717
2 23 -0.9682731533554598
2 28 0.9964110162612065
2 30 0.9453912697427087
2 31 0.13580125291749434
2 33 -0.5191575775822925
2 34 -0.3365507222713837
2 36 0.005671378895317325
2 37 -0.11372026591100703
2 38 0.3228960304800099
2 40 0.9746161159370714
2 41 0.6697851128888008
2 42 0.34025191424494405
2 43 0.2504041096876253
2 44 0.956744533136562
2 45 -0.4793564211547756
2 48 -0.5865238398822197
2 49 -0.9284546114451018
2 50 0.5450705826521904
2 52 -0.1492918472947622
2 54 0.7726547541647928
2 55 -0.0040881017280509635
2 56 -0.06767619434844119
2 57 0.055756588596294954
2 59 0.5906168094926065
2 61 0.05680441122302371
2 64 0.29574744705237443
2 65 -0.10596181760814427
2 66 -0.13183582416780815
2 67 0.8229233685658963
2 68 0.40323220253743997
2 69 0.26780386205789286
2 70 0.404823708142797
2 71 0.9748576101056752
2 74 -0.4317008993946747
2 75 0.6669080264352074
2 80 -0.12199247928678059
2 81 -0.00042160064812479803
2 82 0.3206093290661385
2 83 0.6159844523909332
2 84 -0.9740986481180858
2 86 -0.48174771282001005
2 87 0.36618597062663505
2 88 0.7432168741375591
2 89 0.408207607813065
2 90 0.8638694797717719
2 91 0.8817706968520926
2 93 0.03909854867224971
2 94 -0.4190830204201019
3 6 0.2441299046597889
3 7 0.13397245480558118
3 8 0.04339581792916136
3 10 -0.8606724068990803
3 12 -0.9445554400064167
3 13 0.13451522339778843
3 15 -0.885655978786509
3 16 0.5168498645546253
3 17 0.07175416365188525
3 22 -0.3310134721246307
3 23 -0.8564281677955365
3 24 0.7013309392229305
3 27 -0.9601453277053371
3 30 -0.547213346683145
3 32 0.3656587426485609
3 33 -0.5107097837250829
3 34 -0.4823129096772194
3 35 0.04087782692184372
3 36 0.4978356227060974
3 38 0.3733647405854361
3 39 0.9390526839445219
3 41 0.7526519050059963
3 42 -0.12550671197310148
3 43 0.2958154982836321
3 44 0.734702124357685
3 45 -0.22107187461224287
3 47 -0.5095586717735703
3 48 0.16859981041974592
3 49 0.6083476244576078
3 50 -0.5978086710955783
3 51 0.9172179466311912
3 52 0.4942114609036148
3 53 0.2775466568156193
3 54 -0.5063308338538532
3 55 -0.5386952573990942
3 57 0.8080471206948519
3 58 -0.9241229789239398
3 59 0.47543923809943633
3 60 -0.9491989044327247
3 61 -0.45803085331748905
3 62 -0.17520454710822397
3 64 -0.1760344647061831
3 66 -0.807245783013
3 69 0.32925967552880886
3 70 0.6833720872361755
3 71 0.3556805855801033
3 72 0.16169744473186864
3 73 -0.8917090280847872
3 74 0.4196667738501487
3 75 -0.6516855218026552
3 77 0.28740023699454875
3 81 -0.6840002093264423
3 83 0.8460243768278419
3 86 0.05671349828623562
3 87 -0.32696181555158543
3 88 -0.48228962185888635
3 89 0.41332381010556984
3 90 0.17147288758009482
3 91 0.36906711752190513
3 94 0.11821049433642372
4 5 -0.7555517308593787
4 6 -0.23539666631352496
4 8 0.37888130402842846
4 11 0.2159959017043378
4 13 -0.9010427811796664
4 15 -0.27071249332313685
4 17 -0.16101327630521434
4 18 0.9169290243472954
4 20 -0.29934490924926105
4 21 -0.25708288921039735
4 22 -0.638821614008672
4 24 -0.7234539048252029
4 25 0.9524152265739583
4 27 0.36365385431313224
4 30 -0.2721027129339164
4 33 -0.039429846948321856
4 35 -0.3479590674209794
4 37 0.671537905386774
4 42 0.05858242144773218
4 45 -0.07910259636979267
4 46 0.08287227084821969
4 50 -0.2995468680622857
4 52 0.3013883019117436
4 55 0.015964535450560424
4 56 0.6952776245820074
4 59 -0.23042134207327036
4 60 -0.9682586297463744
4 61 -0.16586157512741906
4 62 0.5864031748290106
4 64 -0.9041378765723744
4 69 0.11631882569937058
4 70 -0.11632964462193596
4 71 0.4948616530708956
4 72 -0.5573423672580862
4 74 0.8612628100803095
4 76 -0.36024993662398197
4 80 -0.9186018241075942
4 81 -0.16155621375382578
4 83 0.2783575544312096
4 84 -0.5925261852285633
4 85 -0.05390434893560969
4 86 0.6001796585041288
4 87 -0.47743106195919394
4 90 -0.5724361298812419
4 91 0.5798466251147358
4 92 0.42272926747598993
5 6 -0.02291554601682111
5 9 -0.16202778522862094
5 10 -0.818596120270821
5 11 -0.9022740861079301
5 14 -0.7106376784278654
5 15 0.8985151969234031
5 16 -0.9556535890944946
5 22 -0.18363919379890414
5 23 -0.16360816799868094
5 24 -0.03319365857727741
5 26 -0.6678116104747132
5 27 -0.36964537753900184
5 28 -0.8538228988724259
5 30 0.4318598600985617
5 33 0.13136139776688172
5 36 -0.8303134578248861
5 38 0.48750576588019356
5 40 0.06632340235031964
5 41 -0.003728947017412887
5 42 -0.8434004578052106
5 43 0.19816385544786352
5 44 -0.3674008531134194
5 46 0.5660416267251602
5 49 -0.3020776175449129
5 51 0.6946888798866793
5 53 0.4529524736350816
5 54 -0.46722025267576694
5 57 0.4148249328147764
5 59 0.33919005332077745
5 60 0.14213240985635522
5 62 0.3350637300583037
5 63 0.20654586428678545
5 64 -0.26113963587157407
5 65 0.4514226070474814
5 67 -0.48192259521088854
5 68 0.026789094415428538
5 69 -0.8269234791640694
5 70 -0.051273948141697945
5 71 -0.4036505229157752
5 72 0.33539711641288217
5 76 -0.7660409306492784
5 77 -0.6175897657153859
5 78 0.44252268612147017
5 79 -0.8112455806554544
5 81 -0.477982467415508
5 82 -0.6705228626213502
5 83 -0.10812570217464468
5 84 0.9123607243942646
5 85 -0.05818171078900525
5 88 0.22687241946702263
5 94 -0.40078806849669957
6 7 0.599558322971459
6 10 0.6870385331499642
6 11 -0.5407213974027061
6 12 -0.7998823652813276
6 13 0.7635443764258689
6 20 0.9955686382020148
6 21 0.14703979751297847
6 22 -0.14658655531898934
6 23 -0.7746368257183072
6 24 0.6294657181030312
6 25 -0.8708955335544744
6 26 0.09221632021641901
6 27 0.2486357062004878
6 28 0.4427887379404467
6 32 0.06193870803895485
6 33 -0.6843374920252847
6 34 0.49334344134492913
6 35 -0.7991999857680059
6 36 0.7561206147373383
6 37 0.9885834869820567
6 41 0.9775648675070159
6 42 0.9510357589178444
6 43 -0.12338186652328864
6 44 -0.8319648862594105
6 45 0.08643423099557723
6 48 -0.6966141027226029
6 51 0.8504584703164082
6 52 -0.9934613263008802
6 53 -0.15621824824209662
6 54 -0.8625098156265731
6 56 0.6496720047414746
6 57 -0.4523923169303852
6 58 -0.12471610737444472
6 59 -0.059445811323621145
6 61 -0.04615390382370976
6 65 0.8844462849360684
6 66 -0.19865614210085458
6 68 0.9847026950712936
6 69 0.4668974144984672
6 71 0.4621556404270799
6 72 -0.19887552216912074
6 73 0.09398997834560596
6 74 -0.17026403493007014
6 75 -0.9803190834275246
6 76 0.9772985980659199
6 77 0.36094806391864154
6 81 0.4061067948984436
6 82 0.9123459114179444
6 83 -0.8574585580268912
6 85 0.33798444665711713
6 86 -0.8028004991099611
6 87 0.8783513077885385
6 88 -0.23287498465254264
6 90 -0.240734442667613
6 91 0.4597488614225762
7 9 0.8266296491156804
7 12 0.599401466742564
7 14 0.05137743998652944
7 15 -0.20608677322731994
7 16 0.8790963682157309
7 18 -0.9992102991255511
7 20 -0.836692083834268
7 21 0.12696553354365103
7 22 0.2089457529969556
7 23 0.2998985237478995
7 25 0.7588645692372147
7 27 0.2656754616761188
7 28 0.23306484576639352
7 29 0.7979716304073741
7 30 -0.9668865711232368
7 32 -0.586551982490364
7 34 -0.8254921336061842
7 35 0.6812115217750845
7 37 -0.8616258931117209
7 38 0.4913194234218514
7 39 -0.3275443167709786
7 40 0.2880222593824979
7 43 0.6587666638894583
7 44 0.19235803672835217
7 45 -0.6473647588814344
7 46 -0.78107039906094
7 48 -0.7491528807585108
7 49 -0.36218926203821034
7 50 -0.556438395494625
7 51 0.4074956869701791
7 53 0.465763810825812
7 54 0.5851231355540407
7 55 0.07244195044589818
7 58 0.9780015952278156
7 60 -0.19761765026065414
7 62 -0.12768954356013396
7 63 0.10253891872492482
7 65 -0.42146316450786325
7 66 0.5962761057136685
7 67 -0.11289657215674764
7 68 -0.3498500393460158
7 69 -0.06463854813792769
7 71 -0.7838866927805119
7 73 -0.6947444273173646
7 74 -0.09118350959924393
7 75 -0.046261669185386545
7 76 0.6570977296284353
7 79 0.4441895290000153
7 81 0.025751303720366048
7 86 0.7395962798240934
7 87 -0.31892831342365
7 88 -0.21895726481035926
7 93 -0.0934603520919699
7 94 0.2838856605479665
8 11 0.44702844435068734
8 12 0.878605213327232
8 13 0.9734519395552246
8 14 -0.38788511952060967
8 15 -0.5572487263502754
8 16 0.4502167154546377
8 18 -0.9359557833132206
8 20 0.730650637800097
8 21 -0.8601402894233021
8 22 0.3560042631853384
8 25 0.9790977442430011
8 26 0.6897194331333376
8 30 -0.719008508790639
8 33 0.6618664449185547
8 36 -0.5832703696780095
8 38 -0.24154956227360302
8 40 -0.838376213869028
8 41 0.6735254076717387
8 42 -0.2554931613950686
8 43 -0.5680836302891732
8 44 0.2983589515217646
8 45 0.513374368023459
8 46 0.4098740540630401
8 47 -0.45654112789450374
8 50 -0.9531301615449617
8 51 0.07636218397646033
8 53 -0.2590890624887763
8 54 -0.7097179267459472
8 56 0.8856666577358379
8 57 -0.8202920813264651
8 58 0.4593173024874746
8 60 -0.6024875230242372
8 62 0.8422781988134631
8 63 -0.967943125846886
8 64 -0.5817124028814455
8 67 0.788814262254478
8 68 0.9143732140020562
8 70 -0.8381477420732446
8 71 -0.7136274129926499
8 72 0.4828397769528452
8 74 0.33010292396152185
8 76 0.6520474590869703
8 77 0.4897256169852522
8 80 0.16235440505611676
8 84 -0.892360092246872
8 85 -0.3460912070612827
8 86 0.9692344664063557
8 87 -0.7312671903165864
8 88 -0.7800618015038836
8 89 0.9612584873052434
8 90 0.6052877729619213
8 94 -0.7052238945601306
9 10 -0.0027704319637993358
9 11 -0.07540503644428354
9 13 -0.8467627857373625
9 14 0.3088514977691399
9 15 0.6699519415436566
9 16 -0.6482182879658067
9 18 -0.0651685948598637
9 19 0.6006273588053535
9 21 0.6337297302715332
9 23 -0.4620740767520164
9 24 0.09662466251127766
9 28 -0.556523349617853
9 30 -0.6025031535000347
9 33 -0.8449326610388319
9 34 -0.9261854751034737
9 39 0.019199444206515537
9 40 -0.17372600662582305
9 42 -0.6516012061856713
9 43 -0.7806831867532076
9 44 -0.5461086147123335
9 45 0.8992018561276665
9 46 -0.06834149921043409
9 47 -0.4542306767342257
9 48 0.42106698862816305
9 49 0.462028195316746
9 50 0.5209604951358224
9 51 -0.00835911444172166
9 52 -0.7647418441674867
9 53 -0.8814294794338946
9 54 0.6529496873478247
9 55 -0.6938592040570675
9 56 0.008245700186030547
9 57 -0.7997353183619103
9 58 -0.7058583444615467
9 61 -0.9887993663425334
9 63 0.9985050464428622
9 64 -0.2179890587768858
9 66 -0.4341033531926324
9 68 -0.4336287444114957
9 69 0.8143687766797068
9 71 -0.8538359967181677
9 73 0.9360372636795089
9 78 -0.526180413350241
9 80 0.07141416572655679
9 81 -0.5072329030071927
9 82 -0.43523872348070247
9 83 0.6895913602608801
9 84 0.062418394395942434
9 86 0.8630803007086236
9 87 -0.2574084839079245
9 88 -0.9318459679924898
9 89 -0.0475288031789618
9 90 0.893422484134033
9 91 -0.09090542131924062
9 92 -0.33378420929384034
10 11 0.22209327228009634
10 12 -0.9295911699451185
10 15 -0.7811405769510065
10 19 0.6067404361945694
10 20 0.41340796040144157
10 22 0.7454646938873284
10 25 0.26392637693656096
10 27 -0.1242814833929291
10 29 -0.7515338885915777
10 31 0.4543261501259426
10 32 0.6406713603998779
10 33 -0.8242815141480058
10 35 -0.5165182738429093
10 39 0.38282554969689975
10 40 0.9746597166678364
10 41 0.263415214181127
10 42 0.31621292311822624
10 43 -0.2796610430066384
10 44 0.2971345738199669
10 47 0.10999459661746092
10 50 -0.2938284341171611
10 51 0.8257504697476392
10 52 0.7598011280409502
10 53 0.7742302893142801
10 55 0.592762002367405
10 57 -0.4226114956004168
10 58 -0.8064359439621542
10 59 0.32744317727858463
10 60 0.1609232722250924
10 65 -0.5154485805002129
10 66 -0.35365243727732043
10 68 -0.44378334418569
10 70 0.1883021164715284
10 74 0.18545127574227283
10 75 -0.8272246791353817
10 76 -0.7994451529271576
10 77 0.379658156924505
10 78 -0.5098423096166504
10 82 0.23893576827730545
10 83 -0.6009180840628812
10 84 -0.9590923474055228
10 86 -0.8635564296790348
10 88 0.8823656745168593
10 89 -0.6844186889899422
10 91 0.7910124949859523
10 92 0.1671704890535055
10 94 0.4028324717639107
11 14 0.32175986573145043
11 15 -0.9236829822653019
11 16 -0.10730988334507274
11 18 0.4918036546043185
11 20 -0.5132086309428971
11 21 -0.37629267147503054
11 22 -0.5813221877829564
11 23 -0.9935531137045508
11 24 0.7958609837067512
11 25 -0.16441256401121063
11 26 -0.8762812427163129
11 27 0.8214165602279002
11 28 0.18724399107974632
11 29 0.09462561080989595
11 31 -0.7508803165523394
11 32 -0.6939442613746256
11 38 0.3181334530873774
11 40 -0.9367734043577798
11 44 0.01902982427701283
11 45 0.4001033853313347
11 47 0.1532764662783208
11 50 -0.14678692498814594
11 51 -0.28285907875818284
11 52 -0.08924336748208939
11 56 0.38289979198514534
11 57 0.45146584122035516
11 58 0.991610455890843
11 59 -0.40792298850668995
11 61 0.36871548288595846
11 62 -0.33387797215549275
11 65 0.8084748361143479
11 66 0.31769167510549545
11 68 0.4855296245328773
11 69 -0.44952196092072727
11 70 -0.25294830193176376
11 71 0.3342729033853502
11 73 -0.7229135260412172
11 75 -0.3753025963547918
11 80 0.02628500463070904
11 81 -0.7448531010198989
11 83 -0.5768226447041211
11 85 0.2258291772630625
11 87 0.5074729394788415
11 89 0.3992182997932767
11 90 0.70959967015092
11 92 0.8840401372437559
12 14 0.212689714682893
12 15 0.646356905986109
12 19 0.7451225352974309
12 20 -0.9442394844327713
12 21 0.9118793625399442
12 23 -0.9678905216156621
12 24 -0.30793938023632483
12 26 -0.4531157133644603
12 27 0.9066452584613189
12 29 -0.8815858663287883
12 31 -0.6750774274525042
12 32 0.7160615043807645
12 33 0.5710657356576279
12 35 0.9498078502954539
12 36 -0.4734049697132965
12 39 -0.5951148793604182
12 40 0.8463775324146672
12 41 0.5143745040632806
12 42 -0.1608665139583183
12 44 0.268076652506527
12 46 -0.1243579799661021
12 47 0.5507289282118284
12 49 0.49188214896484284
12 51 -0.4887857352095091
12 52 -0.27138201169453957
12 53 0.5094231802394562
12 54 0.72809291159121
12 55 0.9153183313174593
12 56 -0.07992568635162045
12 59 0.2969065675360696
12 60 -0.8753856045408888
12 61 -0.6952815564186909
12 62 0.6104548295623253
12 65 0.6505200904313853
12 67 0.42316268896781395
12 68 0.41325340321936577
12 69 0.6652714170188012
12 71 -0.45606205914147124
12 74 -0.1552978261068929
12 75 0.9114004879367616
12 76 -0.9860114440656558
12 77 -0.060131241026988524
12 78 0.8064588760287863
12 79 0.34972292394340454
12 80 0.57866623508752
12 83 0.18941125447411955
12 85 -0.24021021827730782
12 86 0.30387591602693975
12 87 -0.23203970417239117
12 88 -0.3830287690723031
12 89 -0.5587704972263732
12 90 0.17384512861442714
12 92 0.7515868533642103
12 93 -0.16793619892069134
12 94 -0.8401703135512828
13 14 -0.22233314796095893
13 16 0.9194986125260636
13 18 -0.5841237130080357
13 19 0.7799800816547044
13 20 -0.8107647870833075
13 23 0.37709610286678985
13 24 -0.5284936115012937
13 25 -0.9240609689527173
13 26 0.8225730813385097
13 27 0.4732705043877361
13 28 -0.09183778116340924
13 29 0.47015699164311586
13 30 -0.7914253824756607
13 32 0.1386751612511563
13 33 0.7329906747574986
13 34 0.6241921093039642
13 37 -0.7359534676751283
13 38 0.4710928497779283
13 39 0.682049093734965
13 40 0.2787664057541992
13 41 0.9189915271722155
13 42 0.6558447457569985
13 46 0.854304991348593
13 49 -0.7360289576850712
13 52 -0.4627743623460989
13 53 -0.2638341557264203
13 54 -0.9042849683373342
13 58 -0.36889923051528095
13 59 -0.5240528816380976
13 61 -0.22103724253534485
13 62 0.33737864523256555
13 63 -0.29162931423961624
13 65 -0.24271950784739738
13 66 0.8031812720293001
13 68 0.696152053309677
13 71 -0.3282732937214705
13 72 0.4017548986950976
13 74 -0.30646826077752576
13 75 -0.09445279819760555
13 77 -0.9844048597686255
13 78 0.6389051684102143
13 81 -0.2164528031947046
13 82 0.4869895386034131
13 83 -0.09982425712150733
13 84 -0.05432901330145645
13 87 0.7654623320996152
13 88 -0.7047922034299641
13 90 -0.4986923067967495
13 91 -0.9823763996275505
13 92 -0.9157239972434374
13 93 0.11645480846818512
13 94 -0.9424613418922612
14 15 0.7547470679101289
14 16 0.03451827259243734
14 18 0.30411207549110597
14 19 -0.8913682243053747
14 22 0.9676394084649986
14 25 -0.7796614085020559
14 27 0.8917611604057412
14 28 0.38675565522060773
14 29 -0.39229254061407515
14 31 0.721921542202463
14 32 -0.8062749602686567
14 36 -0.3552798773093011
14 37 -0.3275962186704613
14 38 0.2704482598437854
14 39 -0.5143242869942928
14 40 -0.12258810178651336
14 41 0.5839654196657966
14 44 0.6416714363913991
14 45 -0.9151922290871777
14 46 0.1548695456303557
14 48 0.3617389849595063
14 49 0.4212615520935177
14 50 -0.2777509063151966
14 51 0.567414921261163
14 52 0.06001369393020872
14 53 0.8706705253377871
14 56 -0.862565679022949
14 57 0.9184848084316177
14 61 0.3295611909097207
14 66 0.03801337481581135
14 67 -0.08310338579434218
14 68 0.896023231919739
14 71 -0.4501154917053851
14 72 0.6144924595218277
14 73 0.1695096478646898
14 75 0.5974027229268764
14 79 0.8011377293854438
14 82 0.19907548647944373
14 84 -0.25080088774657705
14 85 0.49768925454832225
14 87 -0.622500607497533
14 88 -0.7816108559311283
14 89 0.8017373079109706
14 91 -0.8339075599903099
14 92 0.5541714402913824
14 94 0.10461493682272205
15 16 0.7907410233389753
15 17 -0.20885125077181033
15 20 -0.18819976601353794
15 24 0.5260686158509678
15 26 -0.2486982359345271
15 27 0.3983497285381803
15 32 -0.8949312163842604
15 33 0.40727806623077756
15 34 0.4390732174335479
15 35 0.9469479021902785
15 36 -0.35685399164257925
15 38 0.2716882974504764
15 39 0.6621005711196388
15 40 0.3988212808544547
15 41 0.25621138817414746
15 42 0.08518308734698743
15 46 -0.8515316581904913
15 47 0.01790330513145988
15 48 -0.9847592180479177
15 49 -0.5924884340208187
15 50 0.06641986780588205
15 51 -0.6736245594086958
15 52 -0.8375192396443587
15 54 0.46893520623722185
15 56 0.03597822848398602
15 57 -0.5426616746429855
15 58 -0.7000452018835273
15 59 0.5935546636516069
15 60 -0.2898982936810499
15 61 0.23015805171075399
15 62 -0.3967942747936455
15 64 -0.2473228378489043
15 66 0.6220631432992534
15 67 0.2546275637496034
15 69 0.3222423718434524
15 70 0.07477276546206046
15 71 -0.5253554711576427
15 73 -0.4066168997074622
15 74 0.22959612602730184
15 78 0.7274426400868792
15 79 0.4899657587537196
15 80 0.9741723482114768
15 82 -0.44852286921123086
15 83 -0.3586039651361008
15 84 -0.9617427839529118
15 86 -0.6121695783435741
15 88 -0.022490253139899385
15 92 0.12625212322383184
15 93 -0.4046633078978288
16 18 0.3366579836799788
16 19 -0.5815190796285046
16 20 -0.3352028177557709
16 21 0.43677412052850184
16 22 -0.576609678541137
16 24 0.7756194472013216
16 26 0.1309519430751409
16 27 0.6764101459064045
16 28 0.8420609733864304
16 29 0.7937953587520701
16 31 0.2714413198617578
16 32 0.45230300533201984
16 33 0.9047902087395197
16 34 0.2872215196770065
16 35 -0.7350699925313804
16 36 0.8822856104459247
16 37 -0.016323457397556806
16 39 -0.27414680676561143
16 40 -0.30471452533520216
16 42 0.06589231807049112
16 43 -0.2301651650499379
16 45 0.9091605348803611
16 46 0.18325489080758617
16 48 0.6537065483648203
16 50 0.5986610010019875
16 52 -0.6415491445338068
16 54 0.7590506096504359
16 55 -0.3505190678045489
16 57 0.5630232971457003
16 58 -0.17208027537642345
16 59 -0.05771492775255416
16 60 0.22507010359672108
16 61 0.6342758006009535
16 62 0.13002108924178213
16 63 0.7596729722668087
16 65 0.23002290788920865
16 67 0.5677897321895384
16 69 -0.8982901401210264
16 70 -0.7139273646256201
16 72 -0.854553242943358
16 73 0.6855477889081942
16 74 0.9462397593039855
16 75 -0.7710486250032618
16 77 -0.6033025623528565
16 80 -0.06292275608147846
16 82 -0.5868053213891677
16 84 -0.931560677902489
16 87 -0.7167613786915208
16 89 0.10086171867853766
16 91 0.4862474407336339
16 93 0.15908114443611665
17 18 0.02029683081013256
17 19 0.16009751393638694
17 20 -0.648668181336473
17 21 0.6834428060586053
17 24 0.3122948281903064
17 26 -0.8359146705784806
17 27 -0.37197901504542297
17 28 0.22591380311721854
17 29 -0.9207659823283203
17 30 -0.10870560921229555
17 31 0.08517655178162475
17 32 0.17781843011322307
17 33 0.22767102309824527
17 35 -0.6409448303909298
17 38 0.04178271337251149
17 39 0.07168528650621142
17 40 0.24393228278372447
17 42 -0.3024395017237247
17 43 0.7350514676311295
17 44 -0.8177748377642344
17 47 -0.5983359073136276
17 48 -0.31408276961399517
17 49 -0.5437247152717817
17 50 0.43459735060862736
17 51 -0.9154438759712882
17 53 0.17055748828434636
17 54 -0.09439003466365437
17 56 -0.28312719246362783
17 57 -0.6504693220501547
17 58 -0.5322177250567275
17 59 0.2635179916811179
17 62 0.8255089603323065
17 66 0.9992058108306039
17 67 0.4028487267981644
17 68 0.4463301145623524
17 71 0.8334376651758011
17 72 -0.1144362751190493
17 76 0.15865478879801342
17 81 -0.08393135422956632
17 83 0.11723761399812727
17 84 0.23914853715833728
17 85 0.7083968775343006
17 87 -0.3173795838401188
17 88 0.9563152486701716
17 89 0.9240819415158734
17 90 -0.00570798406540729
17 91 -0.464391303869633
17 92 0.45022879472566046
17 93 0.6613891908413345
18 19 0.9435337130773394
18 21 0.6838700318373987
18 22 -0.9595604193635396
18 23 0.8023038666131002
18 24 -0.07731227505228833
18 26 0.1388992240294773
18 27 -0.7001055655566526
18 28 -0.6975643869879691
18 31 0.07447874794521114
18 33 0.6570976392104921
18 34 0.40506968786621234
18 35 -0.30175366918024715
18 38 0.31233490262270336
18 39 0.5542275051298053
18 41 0.3215886674095325
18 42 -0.0986849290289018
18 43 -0.28021509064558026
18 46 0.6542503585428092
18 47 -0.1996152984085411
18 48 0.7035066646195687
18 51 0.10969132716702812
18 53 -0.9342934930629119
18 55 -0.7995892249534864
18 56 0.1852169989625403
18 57 0.04325131410662775
18 58 0.9866729088848207
18 60 0.19849356995959377
18 61 0.6121524780804106
18 63 -0.07916652330530094
18 64 0.7597619052737175
18 65 0.8363777294039156
18 66 -0.8382826727645964
18 68 0.09684246638977712
18 71 0.9985285531227566
18 72 0.39776917409515566
18 73 0.7139525797955375
18 74 0.33891987884505737
18 76 -0.48387550304662263
18 80 0.8029300964915713
18 81 -0.22912670860707895
18 82 -0.9631006142792706
18 87 -0.766299254387641
18 89 -0.7530313390485457
18 90 -0.26129592607499874
18 91 0.18084216484226956
18 92 0.5417663097763601
18 93 0.20031347314202885
18 94 0.9921445960778956
19 20 0.4602792639356399
19 21 -0.10590789304755477
19 22 -0.9784120692512528
19 23 -0.8800469896557692
19 24 0.016671312775736302
19 25 -0.2908391420508829
19 27 0.3257646768539282
19 28 -0.14754512055652547
19 29 -0.3162921621691994
19 30 0.5233206975059055
19 32 0.24811048374785472
19 33 -0.6926329563958826
19 34 0.7534672686091728
19 35 0.7947369274462299
19 39 0.5857713180516433
19 41 -0.7908384422980328
19 43 0.9102478760702035
19 48 -0.7384944072046518
19 49 0.23831759314712464
19 53 -0.5067420543835826
19 54 0.6067533421738902
19 55 0.7801027602919
19 57 -0.5966626002692481
19 58 0.8505022388680288
19 60 0.9399492319497296
19 63 0.8318694448808903
19 64 0.20905160629409858
19 66 -0.26667600497662614
19 67 0.5907635034573819
19 68 -0.9563875227216385
19 72 -0.9686649791356599
19 73 0.24209943068871165
19 74 -0.7797350283083964
19 75 -0.2695967888355222
19 77 0.07377379697691122
19 78 0.049231515244020585
19 80 0.5537139237955435
19 82 -0.028577913621641082
19 86 0.5082852666137516
19 88 -0.17690686921599696
19 89 -0.6196686060381662
19 91 -0.5320177404027964
19 93 0.29244934969475467
19 94 -0.8085702452442738
20 21 -0.07824876743579368
20 22 -0.3486654248538652
20 24 -0.7643286364115889
20 25 -0.5144962379537261
20 26 0.20399572684245482
20 27 0.1730787059267831
20 29 0.19471688871076243
20 30 0.6838293415088454
20 31 0.8390464309811498
20 33 0.012821552481232956
20 35 0.4508926660052932
20 38 -0.04425926567227689
20 39 -0.5226095124376777
20 41 -0.7743237169729995
20 42 -0.04463228617050641
20 43 0.03309292167847988
20 45 0.31924668203833706
20 46 -0.9410057649568733
20 47 -0.14571184081157562
20 48 -0.2909112936679985
20 49 -0.031003207532884103
20 50 -0.24572268387562257
20 51 0.11225823651802136
20 52 0.46118277508500105
20 53 -0.9696352987181218
20 54 -0.47510457739656675
20 55 0.5952269592154114
20 56 -0.5068650416990039
20 57 -0.429751910255848
20 58 0.14180468681032288
20 59 -0.9346360582259277
20 60 -0.4148904511255527
20 62 0.1353344611014391
20 63 0.4304184199756249
20 65 0.7670594957037449
20 66 -0.29265865694758886
20 68 0.8417537394362895
20 70 0.714566251172374
20 71 -0.7530002825928928
20 72 -0.425069297084953
20 73 0.12375290027253416
20 74 -0.5897682440364489
20 76 -0.1770423351885071
20 78 -0.7509335851904047
20 80 0.8966281375522571
20 82 0.47487445191855526
20 83 0.41119308849163616
20 84 0.13589958001081248
20 85 0.3324688539901499
20 86 0.6871526710952569
20 87 -0.4476858608255472
20 88 0.8318452186703531
20 90 -0.24669968270696807
20 93 -0.2282068878002126
21 22 -0.15159169883967638
21 24 0.3285247675462757
21 26 -0.07796266774794258
21 30 0.2111686845631191
21 32 -0.5370556737906329
21 33 0.41337136662472407
21 35 -0.8392213583116817
21 36 -0.9584167911788599
21 37 -0.7203401655783921
21 38 -0.12356990275504898
21 40 0.5683319257531214
21 42 0.007842324552352675
21 43 -0.25562528708264787
21 44 0.0063297836451112754
21 45 -0.4641951180326578
21 46 -0.8853224922981657
21 47 0.8746645112288529
21 48 0.7439011694587387
21 50 0.927895392549448
21 51 0.02362302906772129
21 52 -0.015050677820023006
21 57 0.1340191765016252
21 58 -0.24596066581721598
21 59 0.2367550127609337
21 62 0.8138175933884597
21 63 0.6260557243706817
21 66 0.05886644554045395
21 67 -0.3140907767379013
21 70 -0.5147150275918786
21 71 0.12553051302368234
21 72 0.27544350497929493
21 73 0.2989965523033682
21 74 0.045557343103004966
21 75 -0.741567271698494
21 76 -0.49639127670941097
21 78 -0.7301387309462695
21 79 0.5652084311998276
21 80 0.05855382102241169
21 81 -0.1843862976194237
21 82 -0.7245010632024027
21 84 0.9506336093860035
21 86 -0.5000323410776555
21 87 -0.5833137102697368
21 88 -0.8242526948708098
21 90 0.6875660609197412
22 24 0.35589372347269954
22 25 -0.9571787494590138
22 26 0.5265574791397702
22 27 -0.47519148915164355
22 29 -0.40544181976545524
22 32 -0.18766810068107875
22 34 -0.22056568647436858
22 35 0.9527746641940686
22 36 0.5855153731388099
22 37 0.6818171908733714
22 38 -0.39788336503891397
22 39 -0.7958228524766668
22 41 0.2419459108125872
22 42 -0.9129455468769616
22 43 -0.7882818907889244
22 44 0.20188222433082315
22 45 -0.10371831674126542
22 49 -0.5512857727042224
22 50 0.040457395183032485
22 51 0.9464203411792413
22 52 -0.7499339695951375
22 54 -0.49084740518379366
22 56 -0.9032365890160308
22 57 0.10147256261876403
22 60 -0.053003440912267274
22 61 -0.15025022419041334
22 62 -0.6318765822256498
22 63 -0.06885648743165174
22 66 0.386539174890121
22 67 0.5410980576779991
22 68 -0.7928470709640107
22 70 -0.3001378969659305
22 72 0.6424516181900981
22 77 -0.31663517550839315
22 78 0.30431089273177414
22 79 0.01637882109205857
22 80 0.026680279297025766
22 82 0.22432626651166343
22 83 0.7837005824872874
22 84 0.015535071358980135
22 85 0.7318903945986017
22 86 -0.18771279923301787
22 87 -0.8005920761825729
22 88 -0.06570358769882567
22 89 -0.7955118407999782
22 93 -0.6812872173748468
22 94 -0.40257214252921836
23 24 0.4862352514881314
23 25 0.10977286564964817
23 26 -0.522771870763352
23 27 -0.576263133709326
23 28 -0.23261920354089027
23 29 0.9503459737727498
23 30 -0.5226351231561726
23 31 0.2900758983218916
23 32 0.48338113130782445
23 33 0.0634418003853463
23 34 0.5571443983372939
23 38 -0.18755271237593774
23 41 0.3802223113840797
23 44 0.6793238920265554
23 46 -0.7386998745291711
23 48 0.6313611977562765
23 49 -0.30687638780076654
23 50 0.7340559874612618
23 51 0.8017690501173436
23 54 0.9463093535106177
23 56 0.7313676169444154
23 57 -0.7424154601239343
23 59 0.8594466565538033
23 61 0.0719444906234461
23 62 0.4235085668804064
23 63 0.22377570692635196
23 66 -0.9578643308143733
23 67 -0.3505296741826114
23 68 0.9851851827016531
23 70 -0.5556047976760539
23 71 -0.7104849414956245
23 74 -0.7826993525477002
23 75 -0.6123784423012713
23 76 0.25814908066715136
23 77 0.45777433987150573
23 80 0.05108685998856077
23 81 -0.4482475275568576
23 82 -0.17232691266599742
23 84 -0.714910831844993
23 85 0.6774208116677181
23 86 -0.2254706522683665
23 88 -0.48930397873675835
23 89 -0.3891003684718868
23 90 0.820632236906758
23 91 0.6743837857452402
24 27 -0.40628856235763844
24 29 0.005304986766216269
24 31 -0.6428449953249156
24 33 0.837772981032942
24 35 -0.70525439686926
24 36 0.27768707016562555
24 37 0.6713487108540457
24 38 -0.3241783877114439
24 39 -0.43236260791152725
24 40 0.6692330395775212
24 41 0.7396778525779486
24 42 0.7639066547443216
24 43 0.4821758748682483
24 44 -0.7789087829889068
24 45 0.20528369851132955
24 46 0.09215487161763458
24 48 0.41885868562114603
24 50 0.3854455026481378
24 51 0.6566945909344291
24 53 0.7963858337118401
24 56 0.553440513763148
24 58 -0.6124403650038921
24 59 0.3826900680840637
24 60 -0.4529738098713818
24 63 -0.2406195298174274
24 66 -0.7250676455539395
24 70 -0.25861941628554264
24 71 0.262024725182163
24 72 0.2834977386784103
24 73 -0.0689349959418748
24 74 0.47536700442871704
24 77 -0.04554719502160576
24 78 -0.14034098894513636
24 79 0.3005283799589449
24 80 -0.45745769543097436
24 81 -0.418589087093004
24 82 -0.9088271898955513
24 83 0.07204609619950242
24 84 0.3527697259860969
24 86 0.32758897874360704
24 87 0.830561383636576
24 90 0.6293377489233623
24 92 -0.25801096430140413
24 93 0.026505582489240842
25 26 0.24784555439244604
25 30 -0.6956777212694252
25 31 -0.0044040658375334996
25 32 -0.017594591646091118
25 33 0.034607412673784754
25 34 0.1683797464472001
25 36 -0.39521718943426287
25 37 -0.365674158400239
25 38 0.426270721437467
25 41 0.4606113561493228
25 44 -0.1158791016202152
25 46 -0.8078565969139844
25 47 0.6423553470537793
25 48 0.14148841388483935
25 55 -0.1601286580006942
25 57 0.6131245624516306
25 58 -0.30160984655498924
25 59 0.08758953962272065
25 60 -0.6781569293281218
25 61 0.9417858154630603
25 62 -0.1706186122059139
25 63 -0.20181675477913208
25 70 -0.2284155315653924
25 72 0.6453946132197941
25 73 0.4108032024709758
25 74 -0.6839090985876026
25 75 -0.49618759443866356
25 77 0.20749550995250043
25 78 -0.7889015495023368
25 80 0.8228221691558371
25 82 0.615241413141997
25 83 0.7458449114791001
25 85 0.920405783577019
25 87 0.6934575754261945
25 88 0.7575141762505335
25 89 0.7211621118061029
25 90 0.7069377114483291
25 91 -0.17226414088961928
25 92 -0.04685171559966106
25 93 -0.34938626085731306
26 28 -0.8664347292445409
26 29 -0.6728550226904984
26 30 0.1755750856621201
26 31 -0.18322264021652757
26 32 -0.0129022885786505
26 33 -0.09092708484063183
26 34 0.16649928633537137
26 35 -0.9192205239612063
26 36 -0.32912356818661115
26 38 -0.3893957508312593
26 40 0.1458927197838571
26 42 0.7487267353588627
26 43 -0.5768467828726032
26 45 -0.6948328275308384
26 46 -0.5304090219495767
26 48 0.7308684593665378
26 49 -0.45271168605476797
26 54 0.7523470458027552
26 55 0.22333658746768315
26 58 0.8237737413618316
26 59 -0.03663999188553313
26 60 0.3617528650093418
26 62 -0.8449322699573112
26 63 0.5786241007183945
26 65 -0.7515492631623688
26 66 -0.8933229672304523
26 67 0.09294139824798253
26 68 0.18906559051797545
26 69 -0.051147055239079364
26 70 0.4202907370561999
26 71 0.8003916670896409
26 75 -0.5429707729426803
26 77 0.5598576315967858
26 79 0.5503237082314145
26 81 0.5278187510546146
26 83 -0.40234084979873597
26 86 0.5259811545617279
26 87 0.7992589422893954
26 88 -0.5886969649548048
26 90 -0.7821408990223295
26 91 -0.09001956983771398
26 92 -0.5138063837729359
26 93 0.8891099637314985
27 28 -0.13013939150208587
27 29 0.003172745685549039
27 32 0.08620063140084988
27 33 -0.608956439078195
27 34 -0.47543082439412765
27 35 -0.39106253676440894
27 37 -0.8839920689166427
27 40 0.7060122592315745
27 41 0.16314582151323886
27 42 -0.23650183899961807
27 44 -0.5474750169368112
27 47 -0.9720836758042126
27 49 0.3438165582461563
27 50 0.7537078966435156
27 51 0.22869382169797303
27 52 0.7975416008166925
27 53 0.26772901715808883
27 55 0.38047504421302136
27 57 -0.5166541647578493
27 58 -0.5920520957299686
27 61 0.5940451585575011
27 63 -0.8660492106661652
27 64 0.8213411849359378
27 65 0.181014183495803
27 66 -0.7335181251738707
27 67 -0.9298210636414841
27 68 0.4363276209553928
27 70 0.25905721121851655
27 71 0.20846318397231856
27 74 -0.3719870297067609
27 78 -0.8733975016788369
27 79 -0.35283955304802106
27 82 -0.07066657194681292
27 83 0.9421983149738598
27 84 0.05492917231322325
27 85 0.4853379239039255
27 87 0.8329562012675076
27 89 0.7663214549737523
27 91 -0.6721724228677255
27 92 0.41516096338934294
27 94 -0.3339688903043072
28 34 0.8459741350077337
28 35 0.2998427894730573
28 36 -0.8365213708351231
28 37 -0.6985058280671621
28 41 0.5459384004915222
28 43 -0.030864610855857233
28 44 0.09732620164441563
28 45 0.27630809105478904
28 46 0.3221557184525865
28 47 -0.8977748954450742
28 48 0.9645392912857829
28 52 -0.6142538622129978
28 53 0.49371371902687944
28 54 -0.9606603710632939
28 55 -0.6593342149880603
28 57 0.3654450274357477
28 58 0.6219433905568661
28 60 -0.6189439283547471
28 61 -0.39112572884352326
28 62 0.2060282404556164
28 63 -0.6182965775585736
28 64 -0.6047696278085524
28 65 -0.10775056825372942
28 66 -0.6649324389300302
28 67 -0.3911860556093567
28 68 -0.3379478572223298
28 69 -0.17453843713425776
28 70 -0.9878415763553208
28 71 0.6701179544758566
28 72 0.5172237591284887
28 73 -0.48466489931598744
28 74 0.8350786294622445
28 77 0.6852058761422135
28 78 0.2827065130206319
28 79 0.7081128673727857
28 80 -0.6338482740173625
28 81 0.6281451402960843
28 83 -0.3955083193325968
28 84 0.8605249465054983
28 85 0.3740138826222057
28 87 0.9232045273492013
28 88 -0.21143079637140483
28 91 -0.2737363555482957
28 93 0.2832635022149852
28 94 -0.14597441326558114
29 31 -0.8522292844839556
29 32 -0.4127281103553395
29 33 0.36273117514432385
29 36 -0.330419944193334
29 37 0.9840853120540969
29 40 -0.46400157776156936
29 41 -0.47511099629256615
29 42 0.18777880530621394
29 45 0.33926355283402376
29 48 0.8489555083487108
29 50 0.5751202771248931
29 51 0.8162083679309753
29 53 0.38231801933049736
29 55 -0.592423906143605
29 56 0.15765103770738476
29 58 -0.7013783741784567
29 59 0.8243819061235635
29 60 0.30078051114742244
29 62 0.37918680647028125
29 64 0.3897783364923575
29 66 -0.7968831118233446
29 67 0.10993590304183387
29 69 -0.5647133749174649
29 71 0.6639948216267302
29 72 -0.3682147360320285
29 73 0.5472278053866038
29 75 -0.6038940559467638
29 76 -0.76962765314664
29 79 -0.9914333476637642
29 81 -0.11555920672483566
29 82 0.12400199382456245
29 83 -0.014048085832895962
29 85 0.6759751482200753
29 88 -0.5580176978008309
29 89 -0.8192648898549977
29 90 -0.6052052492634936
29 93 0.48752192435755726
30 33 0.7466378987985574
30 34 0.8785688381483103
30 36 0.06543698078126736
30 37 -0.42154919264502255
30 39 -0.6692157424153227
30 41 0.376480301460713
30 42 -0.2947365595557567
30 44 0.04252298507570118
30 47 -0.9115765472793143
30 48 -0.2010240165618542
30 52 -0.6556473956717488
30 54 -0.7023769825568422
30 55 -0.3250513267524613
30 57 -0.7096571527178999
30 59 0.6239525777252544
30 60 -0.72416061653816
30 61 -0.4396582513376299
30 62 -0.08135885096709217
30 66 0.49624005062665777
30 67 0.24805863211233903
30 68 -0.10454244202913521
30 74 0.4299143365624385
30 76 -0.5830680509326793
30 77 0.08444482091481009
30 78 0.9805290122250316
30 79 0.8939597198695501
30 80 0.06856337951637426
30 81 -0.24291601992560063
30 82 -0.3098677498034257
30 83 -0.2199214784859922
30 84 -0.2369147089880299
30 86 0.6242680679669632
30 89 0.4771635587968428
30 90 -0.820242673374618
30 92 0.30992375317367804
30 93 0.8018717048752113
30 94 0.019879596248776776
31 33 -0.667786242871188
31 35 0.9368082362219234
31 36 -0.47434809576039383
31 37 -0.4896847064164471
31 41 0.5353969827569096
31 42 0.5579069813676749
31 43 -0.8403085382931064
31 44 0.9327995005809455
31 46 -0.7084780003860109
31 47 0.43800084625815616
31 48 0.8036325098538226
31 51 0.2535539654671912
31 52 -0.7837829774479144
31 54 -0.0940351443412557
31 55 0.6405796946178834
31 56 0.8889194671119309
31 58 -0.9334970769710813
31 59 -0.4206999285876105
31 60 0.5694589343684164
31 61 0.21224520380509926
31 62 -0.5139174788587411
31 63 0.332222301874338
31 65 0.47191025854932533
31 66 0.32096983198058715
31 67 0.6611866611156998
31 68 -0.6935673489364538
31 72 -0.31735576605086324
31 75 0.2524319041647385
31 76 0.9265040632608903
31 78 -0.7700294225843518
31 79 -0.2995853896852476
31 80 -0.1327372755953382
31 81 0.05560763860833795
31 82 0.550382407621087
31 86 -0.02737251496863613
31 88 -0.9428089701940421
31 89 0.42386304360085103
31 90 -0.6520458608418911
31 92 0.8746706497867409
31 93 0.740611890363142
32 33 0.5099130740714146
32 34 -0.5471942992967274
32 36 0.4169025736635741
32 37 0.5965580573000506
32 38 0.2606427130316449
32 40 -0.2680099053479501
32 41 -0.1691402936279338
32 42 -0.2329516602783488
32 43 -0.3672519784161441
32 45 0.16157446983622958
32 46 -0.48480222761063785
32 47 -0.8579176173377892
32 48 -0.24022041293635388
32 49 -0.4979421743697512
32 51 0.5517814441608413
32 53 -0.9608664237771369
32 54 0.9087417901404173
32 55 0.10823829559358367
32 61 0.5201893797391799
32 62 0.28358958799559786
32 65 -0.8017118959355414
32 69 -0.8048287148048627
32 70 -0.8498258172785196
32 72 -0.09285645838202017
32 73 -0.3818423492889116
32 74 0.2294258041222812
32 76 0.9613872303249527
32 77 0.990730469563267
32 79 -0.6138732122334796
32 80 0.1930301457877437
32 81 -0.6532492168555109
32 85 -0.4951248205441343
32 89 0.2972165499494588
32 91 -0.8509697235747773
32 93 -0.5986316957448026
32 94 -0.25168388529361874
33 34 0.1779104862209573
33 37 -0.5611612251893019
33 38 0.9264250134884953
33 39 0.0076011206639730045
33 40 0.6892872299401231
33 42 0.9905834853074682
33 46 -0.16884707418270795
33 47 -0.18873059994436225
33 48 -0.4526506051444148
33 49 -0.5688241159606144
33 52 -0.04943063805393977
33 54 0.14479200598625197
33 55 0.7783931201465237
33 57 0.6127135801246517
33 58 0.07201520553765173
33 64 -0.7057203071624103
33 65 -0.908430115529065
33 66 -0.6414215634544431
33 67 0.5799549388738001
33 68 0.5656850390774997
33 70 -0.5947545465576307
33 72 0.836184377128329
33 73 0.32206246062096144
33 74 -0.1551370337429454
33 76 -0.5779481587094739
33 77 0.5757169698834645
33 78 -0.07172491977711837
33 79 -0.009698515096200344
33 80 0.046780143847142686
33 81 -0.8261543660655075
33 82 -0.5000169419260445
33 86 -0.6014623167516187
33 87 0.28236574465204356
33 88 -0.4684070119475061
33 89 -0.9480111193743788
33 90 0.43059657517690386
33 92 -0.43731192162502786
33 93 0.06827585864574082
34 35 -0.7911330539356289
34 36 0.7705182302985154
34 37 0.21951138797790537
34 38 -0.320252881999713
34 39 0.7077431672009853
34 40 0.6201128464596255
34 42 0.6082936016587175
34 45 -0.1338158077967524
34 46 -0.2938189040936936
34 49 0.8372052570640487
34 50 0.022917026385955497
34 52 0.28297572235093704
34 55 0.813511576964377
34 56 0.9335197597130602
34 58 -0.3658115916473281
34 60 0.2365088286200192
34 61 -0.5399350145873041
34 63 0.05345123501655902
34 65 0.5783572856896229
34 67 -0.09366895494586314
34 68 0.2376612481594358
34 70 -0.9063020468296499
34 71 0.2765325918169459
34 73 0.23013496447136883
34 74 0.9647376596196611
34 76 0.9665021987156885
34 77 0.7917500691709238
34 78 0.7890486317671621
34 79 -0.9443276202075952
34 81 -0.6083714603871324
34 82 -0.8306009110537125
34 84 0.10726503388035913
34 85 0.8476917332345604
34 86 -0.47831334775385126
34 87 0.5102823323031207
34 89 -0.9237187623023924
34 90 0.511864280984218
34 91 -0.5676610511375235
34 92 0.1783439029847973
35 36 0.11305094912689206
35 37 0.8733832976527989
35 38 -0.879333677812842
35 39 -0.21335595465718793
35 41 0.44823493335442355
35 42 0.6624406882003799
35 43 -0.23787465737318758
35 48 0.5833086128081237
35 49 0.9537062526471733
35 52 0.636497695105323
35 53 -0.11259028543789729
35 55 0.011807997232079481
35 57 0.8472777291300209
35 60 -0.5131940746581058
35 62 0.023263186202497455
35 63 0.2630141419358851
35 66 -0.7173877860285904
35 67 0.6993209777328977
35 68 -0.26308130472747737
35 69 0.6429873547269975
35 72 0.8438175157590047
35 74 -0.331389194063451
35 75 -0.9428229454405201
35 76 0.36210318393394103
35 78 0.6927462925577099
35 80 -0.05775102558245915
35 81 0.3879371108160261
35 84 0.6500939732661295
35 85 0.20478080951394784
35 86 -0.41891745494878685
35 88 0.3088789872770086
35 89 -0.03803756209821718
35 90 0.7689738339600887
36 39 -0.5281753064060455
36 40 -0.47552103479982244
36 41 -0.5842731433005866
36 42 -0.1459567403157156
36 44 0.4541699765665752
36 46 0.9500012842316234
36 47 -0.3213245101773339
36 49 -0.3950824240340074
36 50 0.8955670582857536
36 53 -0.7831161959123101
36 54 -0.37350134308096616
36 56 -0.5544663311367977
36 57 -0.7987495035547312
36 60 -0.5723591956837757
36 62 -0.7089970048032752
36 63 0.6245214926363996
36 65 -0.1580577485003425
36 66 -0.5685164144005355
36 68 -0.6131861686518965
36 72 0.7692476032763274
36 74 0.08731771739298222
36 75 -0.6645005625254019
36 76 -0.14967407847612502
36 77 -0.8282895699677943
36 79 0.07387852179722265
36 80 0.026983462244126954
36 83 -0.21620969049276062
36 85 -0.992614354602334
36 87 -0.5084348952200799
36 91 -0.27698059145868537
36 93 -0.8956052703923894
37 38 0.6692777478822125
37 39 0.6349081537399106
37 40 -0.30624096075359475
37 42 -0.7635230748177881
37 43 -0.8708372638321791
37 44 -0.7894662175476652
37 45 0.14815230593810758
37 47 0.07561494508743882
37 48 -0.8136574324442105
37 49 0.06902931938917334
37 50 0.927947203388169
37 51 -0.9790113542477454
37 52 -0.2642143683875644
37 54 -0.4460683728208761
37 55 0.5670581005665383
37 57 0.1180915522933248
37 58 -0.7828296191847202
37 59 0.6283164562460153
37 60 0.48110811297364786
37 61 -0.18050243137134725
37 64 0.9039177262555504
37 65 -0.5018919872518148
37 66 -0.7382111716252691
37 68 0.7635161340178391
37 69 0.5509335193376317
37 70 -0.7846763682900655
37 72 -0.8126734845595445
37 75 0.5183744529079
37 77 -0.022043510406168032
37 78 0.3665462874346761
37 81 -0.5391165938525844
37 82 -0.5819073206438379
37 85 -0.8177533771278713
37 86 -0.6433567817306727
37 87 0.5272821303957242
37 89 0.5974836887500616
37 90 -0.769344868897661
37 91 0.3234579119192935
37 92 -0.45286473606573496
37 94 -0.33270542558535965
38 40 -0.6235079873563538
38 41 -0.5372385247604141
38 42 0.6276482050895202
38 43 -0.505257052562174
38 44 0.0958150656501584
38 46 -0.8153927161534225
38 47 -0.6775594185338554
38 51 0.6596180236108926
38 52 0.3432220821414862
38 53 -0.9313053179876676
38 54 0.004395607399400703
38 55 -0.9437589825293891
38 57 0.8971832961065496
38 60 -0.3306055116546198
38 62 -0.7738722183727014
38 63 -0.6116983452583011
38 65 -0.3976185859965893
38 67 -0.5341679922133376
38 68 -0.4658863341806756
38 71 0.48551376493689746
38 72 -0.591963820174179
38 73 0.05108423291914721
38 74 -0.4361571657333134
38 78 0.8238654677705486
38 79 -0.6027322349386943
38 80 0.33534263120328767
38 81 0.42898904667031434
38 82 0.8586274545565347
38 83 -0.4890122259049161
38 85 0.7282356479862995
38 86 0.91267247046948
38 88 -0.0759301717742551
38 89 0.26731220288696234
38 93 -0.6509714828557907
39 41 0.664055534423142
39 44 0.12138466666502756
39 50 0.13507302322910686
39 51 -0.1311427366374045
39 52 0.29649342083296193
39 53 0.49747804728732814
39 54 0.1482101562393221
39 55 -0.8010115054253906
39 56 0.252263765884877
39 58 -0.6194839675967623
39 59 -0.5821277867583399
39 62 -0.30189509446480867
39 63 -0.023626541994369088
39 64 0.5026673541434667
39 65 0.45440969748306426
39 67 -0.24487361168306232
39 68 -0.7795146145114811
39 69 0.3254144261654106
39 70 -0.9222425537056405
39 72 -0.18955738183959236
39 75 0.9132451055557202
39 76 -0.012307596098183993
39 77 -0.4965859011106175
39 78 0.3323536041469408
39 80 -0.1842881469813895
39 81 0.5110344097359683
39 83 -0.369875759669098
39 84 -0.9177023178376866
39 85 -0.6595777060217354
39 86 -0.16551038523265205
39 87 -0.6285800834333228
39 88 -0.8126539677289268
39 91 0.8246300855876345
39 92 -0.9971100230619185
39 93 -0.7852406601593198
39 94 0.7229752843963797
40 41 -0.16441821747103647
40 42 0.4477512007875373
40 43 0.5469062424682001
40 44 0.38496237798948907
40 45 0.42953587729514386
40 46 -0.7404449198663856
40 48 0.6529919025207698
40 49 0.009736124255215861
40 50 -0.5941492741513166
40 53 0.425317660296616
40 55 -0.5533286413986578
40 58 -0.32770344856106526
40 60 0.7233251539783332
40 61 0.3046393792079156
40 62 -0.6732346323601177
40 63 0.0949729885945092
40 64 0.4009997367730942
40 66 -0.8558445640205663
40 67 -0.2526431184934246
40 68 0.18976623335316756
40 69 -0.5329789091398223
40 70 0.6200509841181328
40 71 0.8838186564141153
40 72 0.30981074834528965
40 74 -0.8511268115063617
40 75 -0.3115017743862871
40 78 -0.8668358237252862
40 79 0.7421829920712049
40 81 0.07888697666544564
40 82 -0.7614941282302865
40 83 0.7240037413274749
40 84 0.3803341369967219
40 86 -0.36857748134657053
40 88 -0.4647271393900776
40 89 0.6300608360861304
40 90 -0.5333472892885955
40 93 -0.8121983659416188
41 43 -0.8678047394546364
41 44 0.8618620276137741
41 46 0.729334388049115
41 50 0.39076170704864155
41 51 0.5805468391212987
41 52 -0.2725126528367954
41 53 -0.8835971399594957
41 54 0.26171132048263757
41 55 0.8426894555512814
41 56 0.5821505798741182
41 59 -0.3221688526218427
41 61 -0.9732852130896406
41 62 0.755940371390569
41 63 0.3944314002775653
41 65 -0.9142058621874913
41 66 -0.7543814464867582
41 67 -0.7736315093329957
41 69 0.5815177734336403
41 71 0.030774262173913325
41 72 0.9728907812342771
41 73 -0.14885574629692533
41 74 -0.4278438938389171
41 75 -0.935000434337721
41 77 -0.9593997598846256
41 78 0.4735382557625356
41 79 -0.2554904445160837
41 80 -0.03325742876746185
41 84 -0.730408618589155
41 86 0.034863990570231485
41 87 0.5822525116168362
41 88 -0.05688967787274568
41 90 0.8213597250277602
41 92 -0.544144753967682
41 93 0.5302424686945302
42 43 0.7712260678392675
42 45 -0.04636969664627455
42 50 -0.03356203819061698
42 51 0.7803135523741964
42 53 0.7780703211726736
42 54 -0.10893851377431907
42 55 -0.8217048733574985
42 56 0.44135377018731914
42 60 0.9149486817281927
42 63 0.8495520873287894
42 66 -0.04129645073248889
42 68 -0.12574141180723886
42 69 0.7690538492432752
42 70 -0.7754873847866341
42 71 -0.11127546773680042
42 73 -0.9141714699292336
42 74 0.949495928930743
42 75 -0.8843286532526446
42 76 0.858394527114539
42 77 -0.9242555437818121
42 79 -0.5779683829428695
42 80 0.26791490218309577
42 81 -0.24215817484363078
42 84 0.6936272117674178
42 85 0.060994755713905
42 86 0.975033803652799
42 87 -0.6856447143122322
42 91 -0.6836268198029163
42 93 -0.7955950349204928
43 44 -0.8436064969423578
43 45 0.9541016799791322
43 48 -0.3858355000076814
43 50 -0.5900646845536737
43 52 -0.8971621388947066
43 53 0.6519481413206663
43 55 -0.1996383757485598
43 57 -0.8478351649733458
43 58 -0.6218585049363887
43 59 0.5968115319703104
43 64 0.5529964655301696
43 65 -0.29648881248202974
43 68 -0.28369415342756765
43 69 -0.6738121853008228
43 71 -0.09359477788172521
43 72 0.1323294864505753
43 74 -0.5871933233178441
43 75 0.7168233729599904
43 76 -0.9365809188573619
43 78 -0.09481381646297948
43 80 0.23914786903350516
43 82 -0.24241454942448337
43 84 0.15337527570592324
43 86 0.7767980965174766
43 87 0.24098189132148984
43 88 0.4452465334615128
43 89 0.7261525294656961
43 90 -0.9053595039638775
43 92 0.9853349003817959
43 94 -0.17568181801814786
44 49 -0.872244676318009
44 50 0.780522584641425
44 51 0.6018485303823986
44 52 -0.26939097442795323
44 55 -0.44589227311795443
44 57 -0.5059761900480972
44 59 -0.8159192063808391
44 62 0.78229445321589
44 63 0.6928366463929434
44 66 0.2029238542782894
44 69 -0.07652153841310327
44 70 -0.7081020978904762
44 74 -0.47209818416106875
44 75 0.519107225560737
44 78 -0.23072320405212232
44 80 -0.6531956341325962
44 81 0.7253421277181185
44 82 -0.9585294435310727
44 83 -0.9551985643759944
44 84 0.8773377698359273
44 85 -0.5227040623683292
44 86 -0.5805149922533623
44 92 0.11882354056001376
44 93 0.105202993592457
44 94 -0.31583862086016534
45 46 0.14847302335127877
45 47 -0.004838958068366983
45 49 0.21818137073299226
45 51 0.7249777051152899
45 52 -0.3266262307252914
45 53 0.15808201874111805
45 54 0.10337814825278824
45 55 0.3562684957247604
45 56 -0.6580103042754146
45 58 0.6650103265240495
45 60 0.8521885514411391
45 61 0.3286304174314336
45 63 -0.18156011284025397
45 68 0.19567204786428882
45 69 -0.7204042246043225
45 71 -0.27037014203876053
45 72 0.9892629442901735
45 74 -0.10379489058373559
45 75 -0.11868774977724317
45 77 0.2999641500061818
45 78 0.7130533286713718
45 79 -0.3725343645611172
45 81 -0.31499821072938383
45 82 0.7969885816179922
45 83 -0.6268550443598135
45 85 -0.9155035898124464
45 87 0.8383955674939758
45 88 -0.8615654775956778
45 89 0.28046529470650317
45 91 0.7084218551049783
45 93 0.007683843715511118
45 94 0.33460786030739964
46 47 -0.9723928375869599
46 51 0.2976908761996755
46 54 -0.7523992482591317
46 58 0.6749751079048418
46 59 -0.33431384267098774
46 60 0.5390537119110586
46 61 -0.49988543358661186
46 62 0.701518004819881
46 63 0.6453949389864413
46 64 -0.04218720662269537
46 65 -0.7119121312346195
46 67 0.7614912397828264
46 68 0.29597708778775944
46 70 -0.5802795709343893
46 71 -0.3588958860433731
46 72 0.4889991357088497
46 73 -0.006360368026031793
46 74 -0.5992270724673685
46 75 -0.18001642880555502
46 77 0.27004220133055434
46 82 -0.0735459776820242
46 84 -0.2825146242199239
46 86 0.7773694582464925
46 87 -0.7897377429748962
46 90 0.3995187999069556
46 92 0.7371343692567418
46 93 -0.9697187114264185
47 49 -0.8506126402025396
47 50 -0.8092132386826092
47 51 0.1651731933104954
47 52 0.9420163810351829
47 53 0.8658102180964391
47 54 -0.6086329033103846
47 57 -0.630709250606398
47 61 0.5896100786331644
47 63 -0.001939066113933574
47 64 0.8064521416371655
47 67 0.9587281743163103
47 68 0.9756726898800783
47 69 -0.4889491301867286
47 70 0.8796125804669233
47 71 0.9846648279778263
47 72 0.8696633939703293
47 74 0.04227851183919307
47 75 -0.7063632604899281
47 76 0.04352923020144117
47 79 -0.9301310762680843
47 83 -0.8455388097185152
47 84 0.44213496424040644
47 85 0.005348494882142951
47 86 -0.7567683122703217
47 87 0.785547125592617
47 88 -0.1293817828150705
47 93 0.9954330695167166
48 49 -0.7567245887455838
48 52 0.5416995298911014
48 53 -0.5238387903834529
48 55 -0.26420259678310476
48 56 0.45233784227888374
48 57 0.6385398024830711
48 58 -0.1727878790518238
48 61 -0.4993361444910993
48 64 0.8821396204490308
48 66 0.5315258107233802
48 68 0.7602255495601256
48 69 0.9551046379734207
48 70 0.5536705180231252
48 71 0.9462106226380909
48 72 -0.9394716744714069
48 73 0.20597147952756711
48 74 -0.6119656000985647
48 75 0.3770195843978068
48 76 0.5281563012639725
48 77 0.8194381375598117
48 79 0.7911204062802797
48 80 -0.7144782485609735
48 81 -0.6334868922335848
48 82 -0.3452262374135393
48 84 0.14969294322726356
48 85 -0.3383874884556488
48 86 0.6097152517639575
48 87 -0.32006852411355435
49 50 0.5850862060093212
49 53 0.21224664090617873
49 57 -0.8269106548749652
49 58 -0.8034416027841993
49 60 0.33425484930526594
49 61 -0.14194163272534732
49 63 0.07984205775758446
49 64 -0.04514346004538772
49 65 0.9663841735477818
49 68 -0.0762180253520024
49 69 -0.016558428077898757
49 71 0.753026380188649
49 72 -0.287339854766391
49 79 0.6270600394066577
49 80 0.45450373311229253
49 81 -0.5120457528492106
49 82 -0.17422152219520126
49 84 -0.3021971794087157
49 85 0.9671750834976218
49 91 0.9763729085982435
50 51 0.31490177074688663
50 53 -0.8140902659258704
50 55 -0.6973120137242721
50 59 -0.8138329809374585
50 61 -0.4349145781147774
50 63 -0.28239274718898355
50 64 0.03855565462243482
50 65 0.38051099939215316
50 67 0.5136010097815995
50 68 -0.42174260242235095
50 70 0.5452696288399135
50 72 -0.020515737290659697
50 73 0.3666016578290965
50 75 -0.9478468972779412
50 76 0.5147534366760309
50 78 -0.07745218703923418
50 80 -0.5446943521284118
50 81 -0.280706061569459
50 83 0.967644637024869
50 84 0.14393765900677047
50 85 0.11135427131805553
50 86 -0.8242857858224786
50 87 0.9573232954387751
50 89 0.3802088843047162
50 91 -0.1842907285811075
50 92 -0.6772141375841083
50 93 -0.2019524340775256
51 52 -0.7660298273609165
51 53 0.31388386230962206
51 54 0.3030560709980874
51 55 0.41750752212749354
51 57 -0.42111900126008495
51 60 -0.4251986416748519
51 61 0.11879526470733381
51 63 0.9695070802607801
51 66 -0.7560018040890142
51 67 0.8169878841089171
51 69 -0.5564751853935732
51 71 0.74732612847716
51 74 -0.2947974672906579
51 77 -0.061426983063525675
51 80 0.4777767264254602
51 82 0.6128461473695519
51 84 0.5251501983164273
51 85 0.8255111521575949
51 87 -0.8270724832481537
51 89 0.18904279611445252
51 90 0.004909145502407286
51 92 -0.6051461250720982
51 93 0.7303397754523817
51 94 -0.6502586128587053
52 53 -0.8662099671731862
52 54 0.6840747478084581
52 56 0.2902093472043825
52 57 0.8980771530512701
52 58 -0.8995045102189023
52 59 0.43721407189538253
52 60 0.496746314412003
52 61 -0.784786444210807
52 62 0.6296943777318018
52 64 -0.7720293871541346
52 66 0.055078466790733804
52 67 0.8981611301532317
52 70 0.3636006507392884
52 71 -0.035572303164862706
52 72 -0.21971539678080632
52 75 0.903902870454454
52 76 0.6949538078948319
52 77 0.276002248363161
52 80 0.4548745101744247
52 81 0.8594017938463419
52 83 0.8297315559754481
52 84 -0.6035660126838909
52 85 0.4279791701189508
52 86 0.08117445987595984
52 87 0.08226944675138648
52 89 -0.8653859771423047
52 90 -0.7873757433373305
52 91 -0.41854431978165807
52 92 -0.935489403152139
52 93 -0.4102726671865904
52 94 -0.5574439936662023
53 54 0.1682265749132208
53 56 -0.7343585769737297
53 58 -0.1593272683982221
53 61 0.5780550488180365
53 63 0.68537923124083
53 65 0.4662166861757262
53 66 0.37714249434062075
53 67 -0.9550672002679168
53 68 -0.8675991801491354
53 69 -0.642175374883051
53 70 -0.6231389744753151
53 72 0.22721945594482418
53 73 0.44508999314816555
53 75 0.9556728112994444
53 76 -0.3597585949600448
53 77 -0.22656118500314237
53 78 -0.8046881865592896
53 80 -0.8872289605359367
53 81 0.3508365287865347
53 83 0.8572181669807362
53 85 0.8014515004884073
53 86 0.7817329054059499
53 87 -0.42317010228016394
53 90 0.6038110224270834
54 57 0.5843767962525135
54 60 -0.358357082134094
54 62 -0.047872392665839536
54 63 0.7953345034131165
54 65 0.15734099804283885
54 66 0.29996695120005623
54 67 0.7684431082146495
54 68 -0.13795846088103558
54 69 0.59674965631705
54 71 0.21922739482234332
54 73 0.37454795785682515
54 75 -0.5920523691668784
54 76 -0.1725826403903119
54 78 0.7949520561511407
54 79 -0.38539950011374735
54 80 0.7468280949523083
54 81 -0.4715668752685549
54 83 -0.6830721651254665
54 84 -0.47631483148098885
54 85 0.3859417504814808
54 86 -0.3851466759881481
54 87 0.7542569519399995
54 90 0.040090192934686186
54 92 0.06553072370554824
54 93 -0.04494691671316953
54 94 0.26083057239944396
55 58 -0.5762883266531083
55 59 0.42912099576067986
55 60 -0.07924285543244469
55 61 -0.8252131380196197
55 63 0.6242526050115706
55 64 -0.9250141716491196
55 65 0.7395396328393622
55 67 0.044422475458065325
55 68 -0.24515412303915718
55 69 0.4962341316595744
55 71 -0.03612681886253388
55 72 -0.910728626501699
55 73 0.9608609921494218
55 77 -0.9024522216819946
55 78 -0.14800970472459984
55 80 0.5111155154464899
55 81 0.6961351853349318
55 83 -0.8956575067277264
55 84 -0.5792744366328801
55 85 -0.19597247650149563
55 86 0.18702446713230403
55 87 -0.450146561378169
55 88 -0.8207398204081673
55 89 -0.4421482886745869
55 90 -0.2552665920907917
55 91 -0.9570180701061399
55 92 -0.24277480770201865
55 93 -0.12146712572161134
56 57 -0.019377451704192472
56 58 -0.7356370290077419
56 59 -0.06290931480426587
56 61 -0.35378700789302187
56 63 0.40228709406445473
56 65 -0.8054478697404521
56 67 -0.6304439671627076
56 68 0.11719947009117648
56 70 0.029215224696451436
56 71 -0.5651451089056714
56 72 -0.6797178409289539
56 74 -0.6754982926960102
56 78 -0.6172279326240038
56 79 0.4436803003636809
56 80 0.07938699708551655
56 81 -0.8716377915447417
56 83 -0.9688281392433213
56 84 0.06715516807556154
56 85 0.152628289550941
56 87 -0.09036319324686737
56 88 0.7201981642108004
56 89 0.32110618363228993
56 90 0.15243145465007224
56 92 -0.05159502974298147
56 93 -0.42600029369028225
56 94 0.19221765945444647
57 58 0.8988093061288218
57 59 0.7728575615477866
57 62 0.0949754142824244
57 65 0.4990070255340855
57 66 0.9587073802988293
57 68 0.42241838613084126
57 70 0.945196628361483
57 71 -0.5926592075053663
57 72 -0.5124039494107415
57 76 -0.4554102112889524
57 77 -0.20669457867457042
57 79 0.7271835086715719
57 80 -0.7858129324930792
57 81 0.2106145703845237
57 84 -0.3706113518043479
57 85 -0.41283614049442297
57 86 0.5453340261525668
57 87 0.18776796947799612
57 88 0.3990737847491803
57 89 -0.37089602655095155
57 90 0.33069168696192697
57 92 -0.11252615549732292
57 93 0.5076012300338868
58 59 0.2059552963298532
58 60 0.3109619574312179
58 61 -0.17583489770513228
58 62 0.31559736998764487
58 63 -0.9793542258802912
58 65 0.36364886751978887
58 66 -0.01666213450749532
58 67 0.3942806303622064
58 69 -0.8298048288832618
58 70 -0.06141816163415448
58 71 -0.270820509729619
58 73 -0.9073178436522196
58 76 -0.5245919970066664
58 77 0.6305876728792401
58 78 0.1551343603215516
58 79 0.27966256352982155
58 83 0.4429655449457539
58 84 0.7562893335192125
58 85 0.30641525481261844
58 86 -0.8302078136025521
58 87 0.24416569470884464
58 88 0.8066818098155322
58 89 0.19868278346647172
58 91 -0.7601522783693826
58 94 0.03890442060543298
59 60 0.4998470581105279
59 62 0.8787388174921218
59 64 -0.004631575252592057
59 65 0.1957264016052025
59 67 0.968919927797302
59 70 0.12954521930884733
59 74 0.5757519753551887
59 76 -0.06709205565873111
59 78 0.7940571217517591
59 79 0.13825271388782978
59 81 0.6913273460674538
59 84 -0.3676705939867271
59 87 -0.6106914859431272
59 88 0.680974035782959
59 92 -0.04572465763683087
59 94 -0.5142890949499404
60 62 0.7279258385573495
60 66 -0.3887154069300398
60 67 -0.37930418107139174
60 68 0.10369378854634625
60 70 -0.6922101492158859
60 71 0.696704362028638
60 72 0.212700706013345
60 75 -0.9004775520988988
60 76 0.4667915072902913
60 77 -0.25214481921845877
60 78 0.058107737479934585
60 80 -0.10418572419792049
60 81 -0.14752285035167434
60 82 0.8856506095312378
60 84 0.9387207542509266
60 86 0.6531948622094752
60 87 -0.29143235081581587
60 88 -0.8527946220277769
60 89 0.6413511472559905
60 90 -0.2055716515768422
60 92 0.6232584319919967
60 93 -0.8275666822542969
61 63 -0.6273678673755749
61 64 -0.033482017038733325
61 66 0.4336258262119199
61 67 0.8842231805475913
61 68 -0.4991482141978838
61 73 -0.5941200405511347
61 75 0.7497936998339882
61 76 0.4175462983307392
61 77 -0.48346888038080604
61 80 0.689224201519629
61 81 0.21296399034977354
61 82 -0.18523601186279248
61 83 0.2616030499359798
61 84 0.5947682759302206
61 87 -0.21615330526815013
61 88 0.28181794495110535
61 89 0.7585532547976632
61 90 -0.9916035268382979
61 92 0.5864338186746638
61 93 -0.9899583416938635
61 94 -0.3730415423033262
62 63 -0.16519715598772544
62 65 -0.2743725850314773
62 66 -0.7706026965678368
62 67 0.49229176048688017
62 68 0.7956602158115196
62 69 0.7836791522653406
62 70 -0.719917207643856
62 74 -0.8397249462684442
62 75 -0.08952709877550658
62 76 0.8287818235080802
62 77 -0.29918281711694306
62 79 0.5726154119677735
62 80 -0.22972787234323944
62 81 -0.32201651592594405
62 82 0.9511076771525808
62 84 -0.5812294990645581
62 89 0.6436929848453037
62 92 0.5042529097405006
62 93 0.1507805579921011
63 66 -0.23996710870928495
63 68 0.3928010142305034
63 70 -0.6142612384876955
63 71 -0.03348614691249696
63 72 0.11446553486379218
63 73 -0.6448911061001694
63 74 -0.6266738044704372
63 77 -0.8868513915254723
63 78 0.9230125017175901
63 79 -0.8146289341284185
63 81 -0.15763663962838348
63 83 -0.6240655121074581
63 86 0.6943237301122782
63 89 0.4658075301982796
63 90 -0.8096377269709727
63 91 0.2952781693973239
63 93 -0.6738154817669904
64 65 0.5320085304845537
64 66 -0.5772759237056366
64 69 0.7912627410112751
64 70 -0.46043342423483846
64 73 -0.7684071576435159
64 74 0.7609521169972544
64 80 0.7399819229278966
64 81 -0.6910832390371957
64 82 0.48614943246088904
64 83 -0.8280404073431014
64 88 0.6430566860440137
64 89 0.040341802866651344
64 90 -0.2698226443253158
64 92 0.07574049477727773
65 66 0.7675924109391716
65 67 0.24111113020746266
65 72 0.6219015257690195
65 73 -0.7291687974511254
65 77 -0.3471838356424224
65 78 -0.46546946829861446
65 79 -0.985208910890174
65 80 -0.06113286981477972
65 82 0.6217815494033989
65 85 -0.9735657438648706
65 89 0.7928266066442389
65 90 -0.10472166083551748
65 93 -0.05717815441911611
65 94 -0.8164375708578666
66 67 0.4002415104196728
66 68 -0.320125612492294
66 73 -0.06023695809339169
66 75 -0.7804456381578533
66 76 -0.2775905911786869
66 77 0.8683471990877056
66 78 -0.5897072671347094
66 79 0.3701594557877972
66 80 -0.839561592991859
66 81 0.15787253867162665
66 84 -0.381757062534579
66 85 0.9368213692993448
66 86 0.7992455599088912
66 87 -0.24759316655047336
66 90 0.7737330561491074
66 91 0.8749086475398076
66 94 0.6247064500382278
67 69 0.17372636435243383
67 70 -0.6282725694472324
67 72 0.47775214276994005
67 73 0.710317602521245
67 77 -0.381388308977884
67 78 -0.6685374253668979
67 82 -0.34661490378028326
67 84 0.12254903472426593
67 86 0.188730403741328
67 87 -0.4149549535574377
67 88 0.17501265087058182
67 90 0.6704102520256761
67 91 0.3350340196298929
67 92 0.5407281923429581
67 93 -0.7982014911514086
67 94 -0.24047550858535227
68 71 0.2587068755160413
68 75 -0.01722119197284533
68 77 -0.12119910926535549
68 78 0.5182456161402804
68 81 -0.8469396254199932
68 82 -0.18655701210865172
68 83 0.43269870267524535
68 86 -0.2813451996297305
68 87 -0.4775954177830366
68 89 0.07402412851035933
68 90 0.14352262198817622
68 91 -0.3966915244641247
68 93 0.46324224879040665
68 94 0.2084469274334082
69 70 -0.6425378717029568
69 71 -0.6488127056198643
69 72 -0.34566615942653955
69 74 0.6705100942604745
69 76 -0.8441141950263271
69 77 -0.725431504924523
69 78 -0.6268442358298685
69 81 0.08003846349999066
69 82 0.48958982050490607
69 84 -0.2878816505405639
69 87 -0.5835209813419622
69 88 -0.6349453445910829
69 89 0.16578144972806474
69 90 -0.6700342673732858
69 91 -0.5319382224826072
69 92 -0.4335908021798691
70 72 0.9164992098328872
70 73 0.5154284758089356
70 74 -0.6182245379093889
70 75 0.22906539186258978
70 77 0.08818750256052543
70 78 0.4205950982453417
70 79 -0.2768787277525455
70 81 0.7725300325034861
70 82 0.9499248762188113
70 83 0.13707020434560135
70 84 0.17532793684459813
70 86 -0.6868304050505363
70 88 0.9918584322489101
70 89 0.2422067553176317
70 90 0.757141380881625
70 91 0.07406476060606848
70 92 -0.5696822050569228
70 94 0.04749668408340302
71 72 -0.1029594549467181
71 73 -0.3394328490975953
71 79 0.27097062575645814
71 80 0.5218140796736923
71 81 -0.7013725310250116
71 83 -0.10501698102158619
71 84 0.9545135963185121
71 85 -0.7922887733140751
71 86 -0.9737260050604695
71 88 -0.531444104898978
71 89 -0.6507564623906086
71 90 0.6553531724488235
71 91 -0.37728345760004345
71 92 0.2527330073511216
71 93 -0.04056330222084492
71 94 0.5966053236231654
72 73 -0.7500015137903377
72 75 -0.22036144324673135
72 78 0.179301703814837
72 79 -0.7489080576967229
72 81 0.3755882971693689
72 82 -0.974967999653068
72 84 -0.2666362518715504
72 88 0.11062391406648375
72 91 -0.5304507642709071
72 92 0.39802396943552854
72 94 -0.9509957497515
73 74 0.7306138535963456
73 75 -0.546340874346047
73 80 0.6698203393646973
73 83 -0.32156301711655333
73 84 0.023562431927119265
73 85 0.7495621450201109
73 89 -0.612373946250528
73 90 -0.18915268582066114
73 91 -0.48144030480824074
73 94 -0.5623844577543555
74 75 0.46128683615417887
74 77 -0.5664068180471775
74 78 -0.43237780512759216
74 79 -0.8667310491749847
74 80 0.12324776520758585
74 81 0.42599727427022827
74 82 0.008558266780022805
74 85 -0.1418294004259686
74 86 -0.5303104215782246
74 87 0.7638178253647028
74 89 -0.8944652932998949
74 91 -0.21841578411273854
74 93 -0.5490853104155453
74 94 0.36224129035900443
75 76 -0.29593865626922433
75 80 0.4522139171265296
75 81 0.8503642337581612
75 82 0.7596160930762794
75 84 0.4781196556617162
75 85 -0.5699699466891859
75 86 -0.6962698405526684
75 87 -0.45886477638372436
75 88 -0.0264710569390727
75 89 -0.6502988667850629
75 92 0.7323524816927331
75 93 -0.37603944032104075
75 94 0.6609035554492773
76 78 0.20164631652641063
76 79 -0.678869904683902
76 80 0.37186068645234527
76 81 0.9654461165842767
76 82 -0.44380987400458904
76 84 -0.5557908988636189
76 85 -0.6691044670459616
76 86 -0.7164726572501727
76 89 0.36480271227951366
76 90 0.6489826210531657
76 91 -0.5040504803238091
76 93 0.7686615820056568
76 94 -0.050613547479725796
77 78 0.4581392414723213
77 80 0.41110486394237467
77 82 0.5135113570990557
77 84 0.35420297204029394
77 85 0.768219437906333
77 86 0.5774310719656663
77 90 -0.36752163857975684
77 93 -0.46878427282627055
77 94 -0.834413196291002
78 79 0.2710405312139177
78 80 0.7507772989792327
78 81 -0.07264551901245064
78 82 -0.37448779316810454
78 84 0.37426878930931884
78 85 0.16341755748361964
78 92 0.7196713207830601
78 93 -0.9927312339035099
79 81 0.13257839219255874
79 82 0.14816249356450384
79 85 -0.21002331711203537
79 87 -0.4272822944298076
79 89 -0.09329616319299561
79 90 0.2617203365903129
79 92 0.0714490132475738
79 93 -0.12425159229570482
79 94 -0.12893683548542545
80 82 0.15136121510710243
80 83 0.958304535221314
80 84 0.6681819436651053
80 85 0.5536768666429983
80 87 0.3679745770745755
80 90 -0.034563372142575544
80 91 -0.7477182200714814
80 94 -0.9636751988253847
81 83 0.4229740347810207
81 84 0.2707915974011781
81 86 0.45538046942991706
81 87 -0.18366578777059028
81 88 -0.42553490780503767
81 89 -0.08079360201568031
81 92 0.8797608171517151
81 94 -0.07358632784668084
82 84 -0.11664179699270627
82 86 -0.7970289801386274
82 87 0.3407587724223238
82 88 -0.3347619159443116
82 89 0.9845768256719702
82 90 0.2020685730852314
82 93 0.5419045675401137
83 89 0.946840906904522
83 90 -0.33346605663351103
83 92 0.290090536972196
83 93 0.8078507850722192
83 94 0.3923285040727549
84 85 -0.9382083537123924
84 86 0.6508393664763721
84 87 -0.1327090594286875
84 89 -0.24418620975103256
84 93 0.028758079743028908
84 94 0.05909367978642499
85 86 -0.21463378934868627
85 87 -0.1032226827665157
85 89 0.938809556937243
85 90 0.9900591388508513
85 91 -0.8734308658698355
85 92 0.4931602525688423
85 94 -0.8875388445126151
86 88 0.49642853146446475
86 89 -0.11300476286856842
86 91 -0.57340473634151
87 88 -0.18485348839897164
87 90 0.8481610175447964
87 91 -0.9615105262326804
87 93 -0.9357578619008442
87 94 0.032671982471131455
88 90 0.5377566456902678
88 93 0.6087920707854799
88 94 -0.9697315080212783
89 90 -0.25637780938845567
89 91 -0.16619454586584137
89 92 -0.3904416147245493
89 94 -0.22127641523078223
90 91 -0.17185865065352068
90 92 -0.8041180840128479
90 93 -0.23366852252153447
90 94 0.8050462397182037
91 94 -0.09786362634331347
92 93 -0.3989851715132673
92 94 -0.9441648021801532
