95 2922
0 -0.8102922813461744
1 -0.46314162174185336
2 0.4161016955722898
3 -0.1961623314411034
4 0.4449568585097785
5 0.13853363524043605
6 -0.8065766711380218
7 0.055965200272471094
8 -0.6559851294479904
9 -0.5837391260492013
10 -0.062166438422553316
11 -0.6403879679676703
12 0.28258080848440237
13 -0.8524193884641127
14 -0.3975449910804496
15 -0.23169687325523247
16 -0.4194489556137244
17 -0.8427905607051143
18 0.13782820703230136
19 0.33841113252155886
20 0.4079885463158879
21 -0.20127940211824158
22 0.3732954591612663
23 -0.9391394278326568
24 0.09386760320111653
25 -0.8622531066930892
26 -0.8772839749488102
27 0.9975367371518167
28 -0.6439724418082913
29 -0.030192950333824742
30 0.9205739634356709
31 -0.2316368057591791
32 -0.2882610743927059
33 -0.043187402000253394
34 0.7576135970081521
35 0.6834835736056202
36 0.10018327012039241
37 0.330583591657059
38 0.27414502403516505
39 -0.42072756016366863
40 -0.6258715794134209
41 0.16832584286879326
42 0.374866612674855
43 0.3801053239723875
44 -0.15122043521273132
45 0.35983308567998806
46 0.010242715365529564
47 -0.39559577335365814
48 -0.9219154540722809
49 0.4407909451986691
50 0.6829345406718819
51 -0.1780953303029067
52 -0.8322308384243409
53 -0.7187688007121291
54 -0.7992600979629816
55 -0.034824742565944034
56 -0.3446897617594369
57 -0.48576496093785737
58 0.3983988761970143
59 -0.10878206325524009
60 -0.3770044011480047
61 0.7125468812763482
62 0.779836225541096
63 0.9949361734259656
64 0.19225205775921217
65 0.8283671741565906
66 0.18917868960626683
67 -0.8263746663056395
68 0.3024370223941635
69 0.702179749488345
70 -0.6001053609655722
71 0.11906858685576371
72 -0.7992010669391401
73 -0.7984117877154351
74 -0.2017843897156797
75 -0.3654329204159197
76 0.7789960270646377
77 -0.9752349599099213
78 -0.3857885023485863
79 0.35066852601320697
80 -0.30358086957001573
81 0.22738567918993957
82 -0.5088838418877937
83 -0.3800295204005988
84 0.36514803142153096
85 0.8698181702801155
86 0.741810280434734
87 0.8492315472872158
88 0.4699600409641693
89 -0.028328095534059683
90 -0.9694137377169161
91 0.801972578174619
92 0.44321159257842524
93 0.9911526132375121
94 0.4344177957558051
0 1 -0.7427873668773148
0 2 0.5551141066676806
0 3 -0.06917372357856832
0 6 -0.9842346066600263
0 7 0.9656054270105259
0 10 0.01650022890374192
0 11 -0.9838125122348864
0 16 -0.49829666299785935
0 17 0.18802084633682448
0 18 -0.8367348553908551
0 20 0.1322422336605027
0 21 -0.245602640639911
0 23 0.984560135181251
0 24 0.11076870708996722
0 28 -0.03120908629183572
0 29 -0.05012473020144936
0 31 0.05902294089370885
0 32 -0.7395749822168445
0 33 -0.8713459567960389
0 34 0.7785886634335684
0 35 0.9352177226318208
0 36 -0.31075436447146054
0 37 -0.47271684721503804
0 38 0.4478690363684772
0 39 -0.6949752790978079
0 41 0.9780058319275349
0 42 0.4816428834880171
0 43 0.9164305113388005
0 44 0.5798723130502916
0 45 -0.21004728741198497
0 46 0.9532033028258788
0 47 0.09065765742384313
0 48 0.7939667727676081
0 50 0.7083122567230813
0 53 0.5626596568158038
0 54 0.6043979698786333
0 55 0.9748545006854585
0 56 -0.8681872486473092
0 57 -0.4411278931605884
0 58 0.4922350831516822
0 61 -0.27346219630273194
0 63 -0.508717609385573
0 64 -0.672987062917336
0 68 -0.32261006679683857
0 70 0.011313036561314771
0 71 -0.5868666395089406
0 72 0.7936118344799341
0 74 -0.32062725352010046
0 75 0.39912246563609366
0 76 0.7617124522409948
0 78 0.28222349338089736
0 79 0.8768352308362701
0 80 0.5055572368446271
0 81 -0.9721084559128008
0 82 -0.8919097538466065
0 83 -0.9058815348309057
0 84 0.09626401118124406
0 86 0.9005028893836529
0 88 -0.8767100261202339
0 90 0.10394880992814937
0 91 0.5269996726820187
0 92 -0.5042540922921175
1 2 0.5976646581308087
1 4 -0.525151056438242
1 5 0.6573672980936647
1 6 0.46845321888382685
1 7 0.5404877034548536
1 8 -0.44332355913310284
1 10 0.5384906947339647
1 11 -0.3466035792811466
1 12 -0.7861479113615177
1 13 0.5819416725838169
1 14 0.43915993957377064
1 15 0.809727840263873
1 18 -0.7581833254041443
1 20 -0.9885884317427469
1 21 -0.04261582987090362
1 23 0.38718081033462926
1 24 0.17756462569060338
1 27 0.007941053349029836
1 28 -0.14051316715481632
1 29 0.1724334195673427
1 31 -0.159263734232435
1 33 0.5032703963598506
1 34 0.13222407920715207
1 35 0.4092118189804239
1 37 -0.7620744581949352
1 38 0.6553088721553009
1 42 -0.7971889885383661
1 43 0.9790407229464819
1 46 -0.8543887489984217
1 48 -0.7246621002150222
1 49 -0.32618113104999913
1 51 -0.7944163866161744
1 52 -0.11902740013883495
1 53 -0.5618676616566451
1 54 0.2334935290982536
1 56 -0.889413337844061
1 58 -0.3517663982011152
1 60 0.424323301697795
1 61 0.39470353367245337
1 64 0.025540962388018285
1 66 0.9769224051217518
1 67 0.23156296157111766
1 68 -0.9237547209469932
1 69 0.12121079876144569
1 70 -0.5874763455152849
1 72 -0.3008610717468547
1 75 0.7010207535131552
1 76 -0.3000087996996683
1 77 -0.9397950385591141
1 78 -0.2650218763907348
1 79 0.994968228650638
1 81 -0.4750529782422528
1 82 0.4396943492393821
1 83 -0.5992380112646158
1 85 -0.17094120724956818
1 89 -0.040661048368460184
1 90 0.9523105312450264
1 91 0.041940256433726786
1 94 0.5438743218669515
2 5 -0.14879367329569826
2 6 0.8194046255251408
2 8 -0.9363762089752443
2 9 -0.7876733012913828
2 10 -0.515107012046252
2 11 -0.4619140416507521
2 12 -0.5958173694534885
2 13 -0.7078232742581154
2 16 0.6958161446494835
2 17 0.8041913427499348
2 18 0.8432521144516016
2 21 0.13648065133495413
2 22 0.8328429486715776
2 23 -0.8155811988589154
2 24 0.14191651640411362
2 25 -0.6264497315463204
2 26 -0.8852355899808617
2 30 0.7371077133661184
2 32 -0.7701110348081364
2 33 -0.8232466160510155
2 34 -0.733491251945831
2 35 -0.017655677428436656
2 36 0.3425707402533871
2 38 0.1970438316736931
2 39 0.5086505799525103
2 40 0.19374957368050483
2 41 -0.498980790277314
2 44 -0.44239524377131634
2 45 -0.30526813644620443
2 48 -0.985074071539175
2 50 -0.8012588674725432
2 51 0.93032949364056
2 53 0.6616373176355725
2 55 0.8395711757103654
2 56 0.6004472752253724
2 57 0.26597545236395237
2 58 -0.4855888005820135
2 59 0.7655258856221936
2 61 0.7320596293390851
2 62 -0.9746732301561711
2 65 0.7428371733890726
2 66 0.7553562864729575
2 67 -0.9573047883766499
2 68 -0.0280297917857828
2 69 -0.5970635297321294
2 71 -0.7712515896358396
2 72 0.3796457654680956
2 75 -0.5720772006875778
2 76 0.035941940085854274
2 79 0.12984355684892956
2 82 -0.7710793430676839
2 83 -0.2490082945896488
2 84 0.7302991701427457
2 86 -0.7847694118683568
2 87 -0.2057591246096191
2 90 -0.366978445550564
2 93 -0.19074318001204937
3 4 0.6532106185979614
3 6 -0.4247477429359159
3 7 0.96361284682008
3 8 -0.1325307187846485
3 10 -0.5157118200054112
3 11 0.5077490648739511
3 12 0.5717477119671961
3 13 0.36226775563766456
3 14 -0.21074760085080668
3 15 0.10754822839295652
3 19 -0.2394426912504528
3 20 -0.4332961898020222
3 21 -0.29989551709987516
3 23 0.7964890321703655
3 25 -0.4617323906157038
3 27 -0.6246139769776271
3 29 0.5659773346262209
3 30 -0.49349638356152736
3 32 0.7029958735329129
3 33 0.45777050422224175
3 34 -0.5118768062112844
3 36 0.41376798381277546
3 37 0.7340490784758247
3 38 0.6278716324848559
3 40 -0.6431178019479613
3 41 0.033094686414335994
3 42 0.6392733818834282
3 44 -0.2991036069839583
3 45 -0.2125044416409403
3 47 -0.03440061391626181
3 50 -0.7061731353155001
3 51 0.7462267653342076
3 53 -0.8931516398481325
3 59 -0.23359927141342807
3 60 -0.48349757482406175
3 62 0.051383536882272596
3 63 -0.3917880173820978
3 64 -0.09057486783194424
3 65 -0.42855020375603337
3 66 -0.3381891246755169
3 67 -0.2552203458168756
3 68 -0.1890918750822419
3 69 -0.39670823359818663
3 71 0.5295440838696286
3 72 0.5001959554599773
3 73 -0.7345639127579753
3 75 0.2659734537018714
3 76 -0.5882036544098876
3 78 0.26584708749595887
3 81 -0.5068436890051375
3 82 -0.4717705915908892
3 83 -0.9371958714982862
3 84 0.3962208475405131
3 86 -0.7168061260633012
3 87 -0.49014626668175665
3 88 0.10544866596834734
3 90 -0.9782542689419362
3 91 -0.6823643167034361
3 94 0.8285705576177058
4 7 0.11752333825727268
4 12 0.32095848530869553
4 14 0.9382307174362081
4 15 -0.5014889460530185
4 16 -0.09122878411540247
4 22 -0.7120204109428119
4 23 0.31100618495205445
4 25 -0.44727523166234096
4 26 -0.5510539539894417
4 27 0.8080339389131763
4 29 0.6043962719875275
4 31 -0.15894896247351853
4 32 0.7755464613077345
4 33 -0.0863356464521059
4 35 0.8135097719489564
4 36 0.9739015275410166
4 37 0.6117660760491608
4 38 0.756026263951417
4 40 0.19194079475023962
4 42 0.5580838353380984
4 43 0.5000721696857278
4 45 0.41504645909005644
4 47 -0.3029783347626225
4 49 -0.3287121108914881
4 50 -0.8357070648404632
4 51 -0.43125063396222174
4 52 -0.5644079314556762
4 53 -0.5600614802703283
4 55 -0.127621712663176
4 56 -0.6522685384650948
4 57 -0.0752943676072193
4 59 -0.6034607395667273
4 63 -0.5900857159419817
4 66 -0.9431010025421105
4 67 -0.7997042627278079
4 72 0.8053382583624216
4 73 0.4286917845129987
4 74 -0.9069284547550163
4 77 0.12459341510791155
4 80 0.8884033275871135
4 81 -0.5031117319675917
4 82 -0.28968647347789434
4 84 -0.591965183357968
4 85 0.29940885868804146
4 86 0.07360170057047277
4 87 0.19353773033981758
4 88 -0.32314294477428973
4 89 0.5877109833606284
4 90 -0.6646044528459567
4 92 0.8331552613872821
4 94 0.5035463037158692
5 7 0.38491946434553204
5 9 -0.3606781008029605
5 11 0.21828892743471262
5 12 -0.14306164628563356
5 16 -0.343904056954498
5 17 0.3281145706837487
5 19 0.11015764513539072
5 22 -0.9116896042128366
5 23 0.5978908481432854
5 25 0.13477269615093812
5 26 0.9734842087391333
5 28 -0.6997536685592163
5 29 -0.67151416499944
5 30 -0.42896861384370566
5 32 -0.5717234627941465
5 33 -0.43354330344657566
5 34 0.3063592996984663
5 35 0.9656317205052876
5 37 0.4414116590151169
5 38 0.35486979900236815
5 39 0.052311941662877004
5 40 -0.6592500961241488
5 43 0.5493202347489639
5 44 -0.22788551170594817
5 45 0.013446252571402972
5 47 -0.3411584078586678
5 48 0.6576089634779692
5 49 0.15884798625618646
5 50 0.08180684495293122
5 51 0.7768567957337227
5 52 -0.06893457911363465
5 54 0.9057587301780095
5 55 0.4766537055319551
5 58 0.7864287373481504
5 60 -0.4545062409959362
5 61 0.5175558924430466
5 64 -0.7604800397702545
5 65 0.1219179034025335
5 66 0.9652371986337978
5 68 0.00030920754624363944
5 69 -0.6303043656900977
5 71 -0.12833354370639638
5 72 -0.039774954736177426
5 73 0.34820257013170064
5 74 0.5671991734678934
5 75 -0.2328478900240578
5 77 -0.917438678119415
5 78 -0.6492885246064506
5 79 0.8696633762393451
5 80 -0.5909104363745252
5 82 0.8851234784761564
5 84 0.3590133268361977
5 86 0.9749141257630511
5 88 -0.8001700773324458
5 91 0.4879927752832798
5 92 0.8287687434409761
5 93 0.9738501550754441
5 94 0.8569491484826961
6 8 -0.663887460141217
6 9 0.266090206112088
6 10 -0.7786474426295908
6 11 0.2461602405944079
6 13 0.9714998770471326
6 14 0.2022400711319956
6 16 -0.9453253440900578
6 17 0.17416558118680125
6 19 -0.08487829450406803
6 20 -0.46192840096596166
6 22 0.7454651062122248
6 23 -0.840954128263891
6 25 -0.19718835005565283
6 26 -0.23288027719983395
6 29 -0.6188769591132046
6 31 -0.7768106043088612
6 32 0.06680700550917584
6 33 0.0820972342730335
6 35 0.5430933334867682
6 36 -0.7521005012292641
6 37 -0.3354617350324691
6 38 -0.20070342913717298
6 40 0.5009869727023928
6 41 -0.851587027424606
6 44 -0.8257278107724497
6 46 0.3287350744949369
6 47 -0.454139313898162
6 48 -0.9834640908780397
6 49 -0.9579811686567703
6 51 0.6087557249751456
6 53 0.3375207607895918
6 54 0.5046484252126042
6 56 0.5061730513467588
6 58 0.796138893067089
6 59 -0.5591574748830836
6 60 -0.44909124876452644
6 61 0.8099681982199052
6 62 -0.21284307595049046
6 64 -0.8488343190569525
6 65 0.6676868893963996
6 66 0.002021062073970681
6 67 -0.5720955764131974
6 70 0.6044954629621708
6 71 0.20266924227530225
6 73 0.02553438459764723
6 75 -0.2854714967590082
6 76 -0.7679955925902109
6 77 0.2671936318540067
6 79 -0.5458060515498235
6 80 0.5250641153453837
6 81 -0.45311044004071843
6 82 0.3056631228426592
6 83 -0.7344157512800378
6 85 -0.5228255294679933
6 86 -0.9989837958369199
6 87 -0.1976738817606314
6 89 -0.3265839975407845
6 90 0.2731374836071354
6 91 -0.46459706503659404
6 92 0.9541452205559326
6 93 0.19288032655895337
7 8 -0.604506152380186
7 10 -0.8344203906682548
7 12 0.9667948625747387
7 18 -0.8455167388708704
7 19 -0.33920582406984146
7 21 0.7140279051232388
7 24 0.150758159539234
7 26 -0.5190124729671981
7 27 0.05802851458827374
7 28 -0.020465382906108998
7 29 -0.9459019403609215
7 31 0.006873724642274537
7 34 0.17480577968361155
7 35 0.5832201193190789
7 36 0.6455140464839371
7 38 -0.983211264749581
7 40 -0.17981901498036845
7 41 -0.16566180147868792
7 42 0.48256712626447573
7 46 0.7081978569236604
7 47 0.8447165661105593
7 48 -0.24324619133595626
7 49 -0.6648058104946089
7 50 -0.8479488799951005
7 52 0.6287240369782547
7 53 -0.9083593452624983
7 54 -0.6070123228694839
7 58 -0.8771440191150035
7 60 -0.0014712024320249206
7 61 0.8570755983016469
7 62 -0.4163890524607421
7 64 -0.7076140668567401
7 66 0.7393484572883424
7 67 -0.13037448573340038
7 68 0.2359686175122384
7 69 -0.24612723096656364
7 70 0.9741305589314604
7 71 0.6992510571676316
7 72 0.8248402516958662
7 73 0.09361408678399807
7 74 0.8677051163925291
7 75 0.7406627980544209
7 76 0.6113165853462899
7 79 0.9016809480168375
7 84 0.032174039337611315
7 85 0.19023620533434538
7 86 0.9707052668627842
7 90 0.7678489225157465
7 91 0.13401210139113306
7 93 -0.26528990865398994
8 9 -0.5635220732802766
8 10 0.16407306800790744
8 12 -0.20972034779673088
8 13 -0.2459534430749477
8 16 -0.0767028106401133
8 17 -0.6453002741955018
8 18 0.1644258494078299
8 19 -0.2925765472342847
8 20 0.7349515349193154
8 22 0.22545665700076278
8 25 0.5362130535241683
8 30 -0.026312682142294097
8 31 -0.6682898932488723
8 32 -0.1344951403394894
8 33 -0.5891447334195268
8 34 -0.7931078643082243
8 35 0.06925381260462449
8 36 -0.23133152211518215
8 38 -0.8769540306106705
8 40 -0.6723912176433198
8 41 -0.7229619982336237
8 44 0.7853749277090416
8 46 0.7857407592045287
8 47 0.81152361669688
8 48 -0.023997703917403523
8 50 0.7751079216995735
8 51 -0.6901663498818997
8 52 -0.6269122527997035
8 53 -0.1563539406040073
8 54 0.6639103195926455
8 55 -0.7802452629790888
8 57 0.5261800739008238
8 58 -0.296472541875231
8 61 0.5572948158488591
8 62 -0.8022437937590032
8 63 0.5951420396633007
8 64 0.3907536949230739
8 65 0.23424004615502714
8 66 -0.713866520037501
8 67 0.9715671071822873
8 68 0.1905351099350352
8 69 -0.7037985718903481
8 70 0.3598394060422845
8 73 -0.9362424041942763
8 74 0.5056236414993396
8 75 -0.9706321632501109
8 76 -0.33592676551499623
8 77 0.21892418107564215
8 78 -0.6697698806938981
8 79 0.7557701099237648
8 81 -0.2959627561910909
8 82 -0.17167224211655552
8 83 0.5854319170197368
8 84 0.7345439829970295
8 86 0.3696800293428142
8 87 -0.44166331486991983
8 90 -0.5005568974161012
8 92 0.406492058973696
8 93 -0.8303833958341382
9 10 0.2378153740232265
9 11 0.6576303554619043
9 12 -0.14708015885109904
9 13 -0.9173492931583236
9 14 -0.1122684761519206
9 17 -0.6607648896213096
9 18 -0.9279909306758365
9 19 -0.8145283624817619
9 20 -0.017159979225940036
9 21 0.823253637381731
9 22 -0.9653852810312211
9 23 -0.9507553369518629
9 24 -0.18755099180113421
9 25 -0.9640834834652834
9 28 0.6164135110978026
9 29 -0.14743914072108932
9 32 0.26702545498676233
9 33 0.04637633261968066
9 34 -0.2447470032740766
9 37 0.20767830053567682
9 38 -0.5226679161285439
9 41 0.4361375483698504
9 44 -0.549679431859633
9 52 -0.6097281898609312
9 53 0.4723330342213492
9 54 0.14255217644829488
9 55 -0.09389292662783943
9 56 0.9270753611297973
9 58 0.4202266375914079
9 62 0.8928097985962313
9 63 -0.284769539692574
9 64 0.44466915302280574
9 69 0.35705809274081535
9 70 -0.0612179637103083
9 71 -0.21387140408016703
9 72 0.02629283545568728
9 75 -0.385706617795301
9 76 -0.5252027821283707
9 79 0.49766413308872726
9 80 -0.2394710335571053
9 81 0.04831762722369248
9 85 -0.6176018991547179
9 87 0.7912235924624629
9 88 0.44841088332466006
9 92 -0.22291254268643956
10 11 -0.981876552773872
10 13 -0.6024816234155241
10 15 0.212485531985946
10 18 -0.848156318834379
10 19 0.04174022779878106
10 20 0.8918663155859603
10 22 0.7100265631309641
10 23 -0.9447381376379531
10 24 0.016614159979110976
10 26 -0.46008167230826214
10 28 0.4119892563022616
10 29 0.061979526950559416
10 30 0.5094199492699176
10 32 0.749896418072465
10 36 0.04187591332435159
10 37 0.3287325104844123
10 38 -0.8163589493912331
10 39 0.1951805097817061
10 42 -0.24466210868977845
10 45 0.8400660991166622
10 47 -0.801583768923549
10 49 0.37611444896345425
10 50 -0.3194400248948399
10 51 0.8665870246034926
10 52 0.33595806392920546
10 55 0.5171533747505466
10 56 -0.312947597856039
10 57 0.7081826808004099
10 58 0.08331639933900714
10 59 0.7113230651521008
10 60 0.6672025034349933
10 61 -0.11028704742256856
10 62 -0.07261403868234062
10 64 0.7339772400225149
10 65 0.3860995694064424
10 67 -0.6107202200150315
10 68 -0.5385216716659242
10 69 -0.8852335476985624
10 71 0.7714403611869998
10 73 0.9021317739004531
10 75 0.9384113328506103
10 77 -0.6764958790388091
10 78 -0.17733481441662668
10 79 0.2668842191142615
10 80 -0.319533979773978
10 82 -0.24783579833621094
10 88 0.42529325075697244
10 89 -0.48553002059764916
10 90 -0.019712430267186498
10 94 0.5210525825331118
11 12 0.9726772520955498
11 13 0.8206908305956067
11 15 0.9993790893261609
11 17 -0.7534268077044566
11 19 -0.46150290120161785
11 20 0.8245541516218877
11 21 -0.28379262201504485
11 22 0.5292019907703154
11 23 0.12328189816270796
11 25 -0.7733503607411139
11 26 0.5982973906005555
11 27 -0.07670163797754559
11 28 -0.686111788424042
11 30 -0.05196086709545167
11 31 0.8449580427453882
11 34 0.8819613005553308
11 35 -0.7555979205967018
11 36 0.5391763587184522
11 37 -0.23884434072636251
11 40 -0.7283703399288952
11 41 -0.8544495321322301
11 42 -0.7049532967487573
11 43 -0.3420983157420203
11 44 0.031190907414506253
11 45 0.9811911282812118
11 46 -0.20087714905987974
11 47 -0.809590494793677
11 48 0.254147792611914
11 50 0.0009572469099679015
11 51 0.31369756819896755
11 52 0.032500053496846704
11 53 -0.923103218184498
11 54 0.47060460971791707
11 56 -0.1400907293572473
11 58 -0.1400139377107732
11 60 0.21319546828852642
11 61 0.36039385594441375
11 62 0.8741171492469415
11 63 0.6214571421196109
11 64 0.9667346724813479
11 65 -0.27447539708100055
11 67 0.46658878488432753
11 71 -0.8302028359509019
11 72 0.6557238908263674
11 74 0.3752270101170343
11 75 0.13124099968987624
11 76 0.7670910838569003
11 78 0.1375622380216679
11 80 -0.43837413192172847
11 82 0.7102542268919132
11 85 -0.03527093836578188
11 86 -0.2697670607534879
11 87 -0.23775327690476278
11 88 0.735252352674753
11 90 -0.24719582434831944
11 91 -0.7822331332683545
11 92 0.921832808536061
11 93 0.36438529535567055
11 94 -0.20460323664614322
12 15 0.6920970685997185
12 16 0.48583195093981124
12 17 -0.25073864165821647
12 18 -0.8255699668004159
12 20 -0.8225555537368456
12 21 0.03878979297907503
12 23 -0.8618827652206607
12 24 -0.6359564594871352
12 26 0.33425768798923894
12 27 0.2573070336722081
12 28 -0.5218568452721419
12 29 0.974214618595993
12 31 0.5669473984129685
12 32 0.32544151820928513
12 34 -0.5268587948717882
12 35 -0.5978240460027175
12 36 0.07400625203871836
12 37 -0.7532642248824741
12 39 -0.4923506448175048
12 40 -0.0600243439189454
12 41 -0.5561419630084878
12 42 -0.32447119674041147
12 46 0.2920722445441313
12 47 0.4578258276317382
12 48 -0.7746266530503558
12 49 0.6346412913837223
12 50 0.2923959890376009
12 51 -0.7696210818903464
12 53 -0.5181721538874735
12 55 0.58347968815412
12 56 0.29011474612559085
12 59 -0.9703769780462186
12 60 -0.6226129085218985
12 61 0.9544137826989629
12 65 -0.8406029081912523
12 66 -0.41510426443349324
12 67 -0.34715566298911593
12 68 0.4609264863941591
12 69 -0.3032022197593831
12 70 0.9569429856693543
12 71 0.04838075784143214
12 74 -0.4731369086028725
12 76 -0.7775755602883991
12 77 -0.7556521574406185
12 78 0.2952191316823978
12 79 0.3395174572004087
12 80 0.8439595635598587
12 81 0.4303994192214955
12 82 0.14315023143600536
12 84 -0.4961744593810964
12 85 -0.7061539521509317
12 87 -0.2777591392469938
12 88 -0.9134325864705075
12 89 0.9212361720014721
12 91 -0.35199331361698327
12 92 -0.6495730091663483
12 93 -0.3303678684008955
12 94 0.24022065208518018
13 15 0.958748728836859
13 16 0.6068799211794038
13 17 -0.6679795294381521
13 18 -0.2869239081484949
13 19 0.8037431158352781
13 20 0.9816416887598123
13 21 0.676640970870106
13 22 -0.8234905645797519
13 23 0.06333858010549065
13 24 0.006219728632745891
13 27 -0.7923090064815883
13 28 -0.8857436195315773
13 32 0.4200308468667677
13 33 -0.020950772346674862
13 35 0.5721222034969122
13 38 0.6273440486577377
13 39 0.8631029179742802
13 41 0.753251387621733
13 43 0.20019023901262845
13 44 -0.560588069121009
13 45 0.08122874812779401
13 46 -0.3217795796313223
13 49 0.0028691434274144
13 50 0.45936950113025876
13 51 0.6090940388542028
13 52 0.08212904879679339
13 53 -0.9310547528677435
13 54 0.7652660539567042
13 56 -0.8216109114331265
13 58 0.5674998213751345
13 59 0.9426509581091924
13 60 0.19459937168981112
13 61 -0.6291878852426129
13 62 -0.7646868632971631
13 65 0.6578574211822719
13 67 -0.8706802853167017
13 68 -0.6417384267361086
13 69 0.11689011607678812
13 74 -0.32945415418508084
13 75 0.6009828995281998
13 76 -0.45825750567619905
13 79 -0.7778198077997134
13 80 0.27821886867782997
13 81 0.7207163448780383
13 83 -0.6888101323601015
13 86 0.020557164592849286
13 89 0.3551561957168541
13 90 -0.5896674040792351
13 91 -0.2974016335296761
13 93 0.3627642881509394
13 94 0.09371812695496962
14 15 -0.7826231432369233
14 16 -0.5109137087905027
14 19 0.5384011075323794
14 21 0.9880203816340369
14 22 -0.4820894164193772
14 23 0.9605053439645923
14 24 0.1670507824342713
14 25 -0.7006368396303908
14 26 0.002174818203550366
14 27 0.5524903528643623
14 28 -0.2875096129991681
14 29 0.7791658486493855
14 30 -0.5185924139662701
14 31 0.5683821347078093
14 32 -0.5653303376906045
14 33 -0.9546800755228613
14 34 0.1791975088653215
14 35 0.9938856271567698
14 39 0.5621311006674072
14 43 -0.19703603074971432
14 44 0.9660478751759332
14 45 0.8409631518821254
14 46 0.5226593254958058
14 47 -0.35649406132224315
14 48 0.5473557174265855
14 50 -0.17692157297900213
14 51 -0.5369791395195651
14 53 0.4788307561050875
14 55 -0.8159578218794161
14 56 -0.7692691987465672
14 58 -0.8064551411487495
14 59 -0.09392614881698469
14 62 0.6116082811762602
14 63 -0.7210047709516532
14 64 -0.5346347364038411
14 66 0.024610677505624512
14 67 0.08226681326259033
14 69 -0.8192049575259208
14 70 -0.33033988059590547
14 71 -0.5453757043510465
14 73 0.7133556705471911
14 76 0.1662041108976855
14 78 0.809817429135208
14 81 0.5730906468522441
14 84 -0.5175526900135747
14 86 -0.8414130306663155
14 87 0.4124556997483353
14 89 0.736056599005064
14 90 0.31489367361828347
14 91 0.6632938095565462
14 92 -0.18630991276126374
14 93 -0.6244023424677174
14 94 -0.3268287067680804
15 16 0.3446131672841226
15 17 0.5561071079729218
15 18 0.5707543929208425
15 20 0.8735237088180443
15 21 -0.8040579996205344
15 22 0.8876966537831521
15 24 -0.26048489748049075
15 25 -0.587476617563927
15 27 0.8626292179301607
15 28 0.7298858686392071
15 29 -0.27028102730665116
15 30 0.2807017872763031
15 32 -0.6318815294551803
15 34 0.4570537881995047
15 35 -0.9078496271748069
15 36 -0.3354762236602171
15 37 0.1499382859763252
15 38 -0.1821533444349186
15 39 -0.9550824527763626
15 42 0.15748832239279054
15 43 -0.4334042869657386
15 44 -0.04007568747265311
15 45 -0.05777639875300733
15 47 -0.8181548715747187
15 48 -0.09855590059826591
15 50 -0.47604898969646703
15 51 0.4298804775741416
15 52 -0.667794522351955
15 53 0.9092302835289672
15 55 0.21021448387883934
15 56 0.6349760646928873
15 57 0.9835521981727715
15 58 -0.29603493523254243
15 59 0.8956614975484518
15 60 -0.25241642834402644
15 61 -0.6735675793270453
15 62 0.7629192416076407
15 63 -0.8736022818560552
15 65 -0.8682041354866925
15 66 -0.13574458198786754
15 68 0.3027905660608119
15 69 -0.08254428630569
15 70 0.0823827343466812
15 71 0.21040961601986252
15 72 -0.13096690746678696
15 73 -0.45170757687626595
15 74 0.3038804048604149
15 77 0.27098932297427014
15 78 -0.947001932268966
15 81 -0.025738474289756397
15 82 -0.41089154121024984
15 83 -0.4029033486357474
15 84 -0.82319593286784
15 85 -0.8668755179814007
15 90 -0.23362587434904292
15 91 0.9321844944925253
15 94 0.634249118977112
16 18 -0.24954936543416428
16 20 0.2977302744701438
16 21 0.954607592941791
16 22 0.9312196552288803
16 23 -0.8558871475818293
16 24 0.5573514430011082
16 25 0.4736057270127785
16 26 -0.5192121473532205
16 28 -0.3354133745165073
16 29 0.2765705316237188
16 30 -0.5337794745098525
16 31 0.9937047993486054
16 32 0.6445194098494269
16 34 -0.6398915827673683
16 35 -0.9692640161778636
16 36 -0.6769068002660499
16 37 0.7661620808525842
16 38 -0.6789476558153289
16 39 -0.5526916963815238
16 41 0.2362179752271416
16 43 -0.7030986804332471
16 44 -0.11175825680221574
16 46 -0.05316886831176948
16 47 -0.7050700010926185
16 48 -0.559504298654733
16 49 -0.19977000009851498
16 50 -0.7795751938902358
16 52 0.7387188947373851
16 53 -0.1469071020430941
16 54 0.7784037911099377
16 55 0.3350838366590292
16 56 -0.7578137268808016
16 59 0.5560105046704509
16 61 -0.1218409036882111
16 62 0.3867952100584371
16 63 0.3689921899054347
16 64 -0.9862078261221172
16 65 0.9845547236656227
16 67 -0.5108322176578484
16 68 0.4580725594834305
16 69 -0.641679038385679
16 71 0.04943808705343167
16 73 -0.7642949503140151
16 74 0.24253585590103133
16 76 0.3879064810927886
16 77 -0.07024492875132538
16 80 0.3162260635558438
16 81 0.28259569533451545
16 82 0.0405334470799672
16 87 0.11818004796533099
16 90 0.04780571295916758
16 92 -0.2155929472253295
16 94 -0.6354405620256052
17 18 0.4964820371578722
17 20 -0.65372788995433
17 21 0.5168534228814103
17 22 -0.7284057168056732
17 23 -0.08824221139603261
17 24 0.9328135882146744
17 25 -0.2959254966057978
17 29 -0.11008223370042991
17 30 0.9764585007563826
17 31 -0.6543583340316665
17 32 -0.2615922111091169
17 33 0.5676126015926606
17 35 0.6472204436912237
17 36 0.26267090084157796
17 37 0.8377595881333006
17 39 -0.7735184555783683
17 40 0.7720670542096071
17 41 0.6374721103094727
17 45 0.19730967757317597
17 46 -0.16314910693084528
17 47 -0.23807746584735456
17 48 0.9687301295695805
17 49 0.3356182207187022
17 50 0.29168854332541283
17 52 0.21913948252570137
17 53 0.5624148722714637
17 54 0.5221874974095739
17 55 -0.9562371956273985
17 57 0.33706989857479974
17 58 -0.419669137026877
17 59 0.44498975937261176
17 60 -0.6836133560017061
17 61 -0.04559301190450249
17 62 0.13599743123189345
17 64 0.17964710288289476
17 65 -0.6168409907897605
17 69 -0.7983709786057693
17 70 -0.3337503532280157
17 71 0.11035039410937131
17 72 -0.9437472882183888
17 73 -0.8707990104718941
17 76 -0.265391030637115
17 77 0.1304835215805611
17 78 0.9852105343224924
17 79 -0.11990034023667673
17 81 -0.3360691861774001
17 83 0.8565903185808477
17 84 0.26892483603316975
17 85 0.8060308012495794
17 88 -0.1129331557477069
17 89 0.6382316253441767
17 90 -0.07219794979775718
17 91 0.9932065651432875
17 92 -0.6695972936307475
18 19 -0.03230624487289835
18 20 0.4914391250223751
18 21 -0.10303974827524343
18 25 0.9607142579329655
18 26 0.0849494692154169
18 27 0.23944751083576876
18 28 0.11888691233545479
18 29 -0.4401059389304638
18 31 0.6825951370310552
18 32 -0.5305242564061918
18 33 0.3314235174092035
18 34 0.18230202800863582
18 36 0.6219201106445242
18 37 -0.9686912066710514
18 40 -0.9217908607003802
18 41 -0.10195410190592247
18 42 -0.45331963472695613
18 45 -0.35069883329358165
18 46 0.5778693544954665
18 48 -0.0324905118092953
18 49 -0.3132415899569758
18 51 0.5194481278688314
18 52 0.9111679358803078
18 53 -0.011304375809818579
18 54 0.9331610730683815
18 55 -0.24135517676869167
18 56 0.1193609698513749
18 57 0.7075610521315665
18 58 -0.7196508997191422
18 59 -0.8121335090877921
18 62 0.3998530822678572
18 65 -0.1027127375695216
18 66 -0.11152741380672215
18 67 -0.1775197178583625
18 68 -0.26721196057020347
18 69 0.8850126337537756
18 71 -0.5761083660232997
18 72 0.04317189756325446
18 73 0.786224483943164
18 74 0.9989944437103582
18 75 0.6144020348487749
18 76 0.7737759284829957
18 77 -0.4458025474234395
18 78 0.41913928705004166
18 80 -0.2439387442554628
18 81 0.27192788301647064
18 83 -0.007746620637248736
18 85 -0.5030571790719682
18 87 -0.9203097461130831
18 88 -0.7011242415504624
18 89 -0.08967735533830123
18 91 0.25551700415297907
18 93 0.7418942082404243
19 20 0.5664548057663366
19 22 0.7441524499282677
19 23 -0.6182910998676423
19 25 0.47332957191607217
19 27 0.14226923948149905
19 28 -0.5584005633692501
19 29 -0.05923894617612557
19 31 -0.5199530400884111
19 32 -0.5091616862972803
19 35 -0.8870977503813757
19 36 -0.38275830397122723
19 38 -0.8109031089043885
19 39 -0.7634921739568925
19 40 -0.7887422721434749
19 43 -0.2915405336180974
19 44 -0.6548777895689082
19 46 -0.9513381599589263
19 47 0.46106840902335766
19 49 -0.1679497195732187
19 51 0.42801943565381273
19 53 0.7961511522473688
19 55 0.8050463353690294
19 56 0.2642479486654661
19 57 0.42769731296848557
19 58 0.4060259621314728
19 61 0.27480982385908437
19 63 0.8847251359852206
19 64 0.6452431022648233
19 65 0.6138877594060899
19 67 -0.8702077029763935
19 68 -0.10417847928858404
19 69 -0.08819333133402885
19 70 -0.3835088701125089
19 71 -0.2879797437893059
19 74 -0.24026935569244756
19 75 -0.17336810572227357
19 76 -0.5295276388129624
19 78 0.4091515570386193
19 80 -0.3346916273133491
19 83 -0.18196285288503233
19 84 -0.9184927847936737
19 85 -0.3598323148835789
19 86 -0.9252580444561331
19 87 -0.07840948855991092
19 88 0.4799561229786111
19 89 0.39067975197331206
19 91 -0.6168492655230549
19 94 0.6928917599318873
20 22 0.36104874746000215
20 23 -0.9515614407174167
20 24 0.3014079768944198
20 25 -0.1634419920283443
20 26 -0.23997943521806953
20 27 -0.12446492741769233
20 28 -0.4334051200554705
20 29 0.13685902410442896
20 30 -0.05888917541093508
20 31 -0.7929146290462548
20 32 0.7110827781626805
20 35 0.6134087848039593
20 36 -0.4371353072860038
20 40 -0.17576648550352147
20 42 0.5821722415042645
20 43 0.12295856484849699
20 44 0.08222608089750483
20 45 0.44805146472339263
20 48 -0.9541705731630379
20 50 0.5569664363955789
20 51 -0.9488597185658623
20 52 -0.44922782736330147
20 53 0.8441804746940091
20 59 0.663795586457474
20 60 -0.19968627826241558
20 61 -0.18435036786776982
20 62 -0.7138785781447221
20 66 0.06547670980831866
20 68 -0.38201384610226996
20 70 -0.3444318864316458
20 71 -0.7750434272208551
20 72 0.09333323053627551
20 74 0.6266619958470068
20 75 0.7502696595590332
20 76 -0.9164250998658794
20 79 0.26086751150365073
20 80 -0.2128790149007156
20 81 -0.3215291120819985
20 84 0.21883581051404222
20 85 -0.2223267383015839
20 87 0.3841762946962799
20 88 -0.1513141383050003
20 90 0.09500216056731792
20 91 0.392730625136414
20 92 0.7070113777046063
20 93 0.8570011725171989
20 94 0.5389160232359165
21 22 0.38669184849589033
21 24 -0.2599590774048528
21 25 -0.4849033526411386
21 27 0.42490208316520883
21 29 -0.21345158935086617
21 30 -0.46260139398028177
21 31 0.10826344787457343
21 32 0.143482109505924
21 34 -0.40974901208631676
21 35 -0.596199675119655
21 36 -0.35573838828946647
21 37 -0.5684819289287564
21 38 -0.7485660995397345
21 40 -0.07645047020676143
21 44 0.4424402441931903
21 45 0.20616001989277333
21 47 -0.4853114009812771
21 48 -0.43567948556575997
21 52 0.21113407129730444
21 53 -0.37606883934308
21 54 0.7155427727093391
21 56 0.6744713037719079
21 58 -0.7144663021352544
21 59 -0.9929768335516911
21 61 0.22111970483707544
21 65 -0.8975463313123708
21 66 -0.46269608488835834
21 67 -0.8629321299318733
21 68 0.2826690198391193
21 69 0.7350493487749576
21 72 -0.669745055077323
21 73 -0.03350553136673917
21 74 0.42555499473942926
21 75 0.20084294992639506
21 76 0.9144475636076987
21 77 0.2587588694475047
21 79 -0.1979924257353456
21 80 -0.1882416150634083
21 81 -0.6482173834437781
21 82 -0.33844660420548967
21 85 -0.2570559541106976
21 86 0.3591694452786589
21 87 0.5092604369765794
21 88 -0.5975366795034027
21 89 0.6873109579339725
21 90 -0.5541479471459543
21 91 0.7636965313133384
21 93 0.8488185906757166
21 94 -0.1742202539554767
22 23 -0.2955601099397218
22 24 0.7653921033457571
22 25 -0.3875492929785731
22 26 -0.7421021467342508
22 27 -0.45815561761739465
22 28 -0.7548729016281972
22 29 -0.9784661798306857
22 33 0.5251581975365411
22 34 0.04908600748393832
22 35 0.998759861447795
22 36 0.24336590963289417
22 38 0.7212490896496568
22 39 0.042701917062427874
22 40 0.5724410409813501
22 41 0.5799813006329855
22 42 -0.3824380129810707
22 43 -0.5928005426598582
22 44 0.267046732190255
22 45 -0.6819519994305898
22 46 -0.2087770374920619
22 47 0.20054646625780315
22 48 -0.29613908154482527
22 49 0.1555018462793034
22 50 0.9251156746058691
22 51 0.8883543401850469
22 52 -0.4332015924299737
22 53 0.6660908553697562
22 54 0.36456781823755824
22 55 -0.5555425649646879
22 57 -0.11009239003326554
22 60 -0.9244077184882413
22 61 -0.39547954137096064
22 63 0.7768183250467775
22 64 0.6335612601755769
22 66 -0.5605750575666351
22 68 0.8761934739564379
22 69 0.9455183233842854
22 73 0.904167292948935
22 74 0.2914323954361733
22 75 0.9735121304410528
22 76 0.5350666731011302
22 78 0.16535215550283078
22 79 0.14958700808690795
22 82 0.8580955212980044
22 86 -0.2177166087603335
22 89 -0.7266811253120158
22 90 -0.25529557775554323
22 91 -0.363437923756053
22 92 0.43742485673541043
22 93 -0.7908710129314591
22 94 -0.5881329881884529
23 24 -0.4553382456517032
23 25 0.31208413659062106
23 26 0.14975730898141637
23 27 0.3740352803391438
23 28 0.9021024573691354
23 29 0.6163201430816327
23 31 0.7443964345583818
23 32 -0.05437454802774777
23 34 0.22663795091107342
23 36 0.7684825105446225
23 37 -0.5562046780047232
23 38 0.540453549954139
23 39 -0.44141840015282874
23 40 0.22659835288948083
23 41 -0.559658500053813
23 42 0.28324031805647976
23 43 0.038636614320065155
23 46 -0.4825104963457332
23 47 -0.5987970280305925
23 49 0.7064356946404549
23 50 -0.8685465585729151
23 51 0.9575730699281617
23 52 0.4859965376503901
23 54 0.32699929252560955
23 55 0.5984090263174593
23 57 -0.046306490931981026
23 58 0.018342253384493246
23 60 -0.8441284275672296
23 61 0.20884045669446127
23 62 0.41841251101565047
23 63 0.1963720349724798
23 64 0.7940268934740098
23 65 0.38282806738968955
23 67 0.01965185322193408
23 69 0.0037631480221638203
23 70 -0.27239206804868377
23 71 -0.8885906843428533
23 72 -0.7427549337644179
23 73 0.019870145293697572
23 74 0.6655742978019277
23 75 -0.5774685937643376
23 77 0.49826642234580687
23 78 -0.6231991430643626
23 81 0.534157497749906
23 82 -0.7539007733087741
23 84 -0.28646850559238235
23 86 0.22192953898827317
23 87 0.4545597769014891
23 88 0.3916448013263911
23 89 -0.3443793693623771
23 90 0.7871594707945953
23 93 0.21554255029434088
24 25 0.3913504175586138
24 27 0.8910540591606855
24 30 0.06929504573246525
24 31 -0.6788607676810785
24 33 -0.9524710161216297
24 34 0.3163294375721646
24 35 0.9606957683990092
24 36 -0.11784541832029549
24 37 0.4349867586291487
24 38 0.5584633219765907
24 40 -0.5158772322998679
24 42 0.850728347217427
24 43 0.4583977684507392
24 44 -0.3551675832123753
24 48 0.2224536611784873
24 49 0.006030258321294113
24 50 0.26957269375324167
24 51 -0.7214877118224892
24 53 0.41858369341644863
24 54 -0.48673507612849565
24 55 0.6358178591532595
24 58 -0.1826564951497831
24 60 -0.36783936687427166
24 61 0.2777463742616586
24 62 0.35669165759095356
24 63 0.19101944093696144
24 64 -0.4897673108377292
24 65 -0.9782331992511994
24 66 -0.04456738825282369
24 67 -0.6581591019665614
24 70 -0.6766022808891095
24 71 -0.9414179830487694
24 73 0.019430122586554743
24 76 -0.28002794636764006
24 77 -0.07814146422011548
24 80 -0.17867819975775023
24 84 0.7377056285102415
24 85 -0.3105684646208027
24 87 0.9452215806341191
24 88 -0.792610288751288
24 89 0.6312011100314441
24 90 0.12495582108816983
24 93 -0.2869640438242158
25 27 -0.7506352510205421
25 28 -0.4830272750954696
25 30 -0.28880829536797736
25 32 0.2431875085045372
25 33 0.05481110413426338
25 34 -0.29451970032298336
25 36 -0.7722195746151581
25 38 0.3214829567820703
25 39 -0.0478971644079389
25 40 0.2649040848126698
25 41 0.24589122928637086
25 42 -0.9620755901232658
25 44 0.4880208006965987
25 45 0.12066653105720726
25 46 -0.24868892238042872
25 48 0.24132540839422134
25 49 -0.49740910298750873
25 51 -0.2313761708432871
25 52 0.6051874148364487
25 58 0.10050826937347335
25 59 -0.21031394635311496
25 60 -0.04450708513531376
25 62 -0.1494155023551964
25 63 -0.9425031421533345
25 64 0.3777620391042742
25 65 0.6731873801317383
25 67 0.0020104250814740876
25 68 0.29448465678493707
25 69 -0.7788732084051517
25 70 0.9580285041564673
25 73 0.656811875008932
25 74 -0.29143821900559796
25 76 -0.4945829455343027
25 77 -0.5592082176583608
25 78 -0.3382930387782368
25 79 -0.12838633550245038
25 80 -0.7585877155565108
25 81 0.7357085162222703
25 83 0.7495205192957162
25 86 -0.4140050992670321
25 87 -0.5203892948818079
25 89 -0.21042126283598628
25 90 0.5736129657471305
25 91 -0.21712678459542034
25 93 0.6158559453944115
26 27 -0.05482695959461381
26 28 0.2842894702252339
26 29 -0.1501937229930439
26 30 -0.7657768938315033
26 32 0.6931817276914585
26 33 -0.45216941460181737
26 35 -0.9493446546709878
26 36 -0.8055715856131727
26 37 -0.45868280415507034
26 38 0.9932435148562175
26 40 -0.09356578717346697
26 42 -0.01615783683975569
26 43 0.13318420059906222
26 44 -0.9493415753239114
26 45 0.14999097940815664
26 46 -0.780097931551206
26 47 0.1516793198541413
26 48 0.8719006236175486
26 49 -0.18696511427165352
26 50 0.8811845275508587
26 51 -0.5305776081834279
26 53 0.6861878244398396
26 55 -0.47199267187656857
26 56 0.43692122740645667
26 58 -0.16302096163165536
26 59 -0.5755768991957009
26 61 0.6994975469284017
26 65 -0.3899722477981733
26 66 -0.7715363251804668
26 67 0.5464683717145906
26 68 0.593763667687742
26 69 0.9037817690208254
26 70 0.4729338427028036
26 71 0.25910053923614473
26 72 0.3725454149459415
26 73 -0.5541444161327449
26 74 0.9566927431382211
26 77 -0.5442592078630892
26 78 0.00838311861039931
26 80 0.9601867416967245
26 81 0.28787180886204733
26 82 0.12190805240677305
26 83 0.7126736617558327
26 85 -0.6911091731634216
26 86 -0.5505440434738007
26 87 -0.04767744269436336
26 90 -0.6502160754048836
26 91 -0.33842079618624177
26 94 0.7971212538111787
27 29 -0.28699862144671173
27 30 -0.1363919786200336
27 31 0.22101231218215855
27 32 -0.1498715225025291
27 33 -0.8351655787348844
27 36 0.3783426251307065
27 37 0.12328229851732586
27 38 0.6388207327803426
27 40 0.8815034564832209
27 41 0.7941293690076381
27 42 -0.9891579016011791
27 45 0.8554283444958926
27 46 -0.4127181281003336
27 47 -0.5355110542098491
27 48 -0.3934927151810226
27 49 -0.2295124771335031
27 51 -0.033675574018870114
27 52 -0.4221836189596584
27 54 0.20262722611893502
27 58 -0.8528337421711238
27 59 -0.6240822567090512
27 61 -0.692841957721287
27 64 -0.3340636032937163
27 66 0.7457803574322694
27 67 0.46245847871501056
27 69 -0.7140166915947717
27 72 -0.6213254474179222
27 73 0.7179838808069994
27 74 0.46443772286001783
27 76 -0.5301798942855358
27 78 0.5297275616431172
27 79 0.3275426268728181
27 80 0.2556330904194608
27 83 -0.7920962669550624
27 85 -0.9107462891131395
27 86 0.32430606940359974
27 89 0.5911439604003514
27 90 0.004482054582289008
27 91 0.6681007561954626
27 92 0.2839968345119457
27 93 0.3130124056495296
28 30 0.48384200346240025
28 31 0.4797659435241215
28 32 -0.7508748748571215
28 35 0.03290721464157231
28 37 -0.33032726602385143
28 38 0.056782900624591015
28 39 -0.02292342678743564
28 40 -0.4892629009774392
28 41 0.37937863198297617
28 43 -0.49871130690081333
28 44 0.9971890467963238
28 46 -0.5380675062459812
28 47 0.6443785113905991
28 48 0.17794681939821166
28 50 0.03784739187009456
28 56 0.9119424186895331
28 58 -0.7871981152522711
28 59 -0.6016676727339585
28 62 -0.8883027832726089
28 63 0.6944304320555317
28 66 0.6043302135346318
28 67 -0.7734595691829245
28 68 -0.4454823295209631
28 69 0.5163889907288379
28 70 -0.8063217099682245
28 71 0.13719856328500324
28 72 0.7081299549559521
28 73 0.24218563426472461
28 74 -0.11046725264325286
28 75 0.21570308818204187
28 76 -0.9397986619324838
28 77 -0.4876697896575115
28 81 0.7453564413446421
28 82 0.6187728140492346
28 83 0.12218865870251316
28 87 0.6411251035169698
28 89 -0.9536457669211151
28 90 -0.5389782640861256
28 91 0.5896448598140647
28 93 -0.6217094653182966
28 94 0.9425622397748852
29 31 0.6927871582635927
29 34 -0.21071176204996966
29 39 -0.0019223998071196124
29 40 -0.9032133944697271
29 42 0.7953197180715108
29 43 0.2725661114216871
29 44 -0.3615590897106671
29 46 -0.07272434663111893
29 47 0.6693696942069032
29 49 0.8714234956991167
29 51 0.28693129291245234
29 52 0.34044589524234925
29 54 -0.22136747211681707
29 56 -0.2514531437466416
29 58 -0.19729816290177715
29 59 0.41379264782387115
29 60 0.8102536654137982
29 63 -0.8268074375959209
29 64 -0.3565522889337185
29 66 -0.2702185323187496
29 67 0.6217151065607913
29 68 0.9683355585215556
29 70 -0.788434279103202
29 74 0.3943490303144266
29 75 -0.012536680450359938
29 76 -0.7681146310481062
29 77 0.9434808586013526
29 79 -0.9011026129578541
29 80 0.2765239277493299
29 81 -0.2970965989942169
29 82 0.1988910407608815
29 83 -0.5040745308918613
29 84 -0.5866954513130742
29 85 -0.7893140283740976
29 86 0.9206712812130651
29 88 -0.5339181570613731
29 89 0.2070904285532107
29 90 -0.2571554694778353
29 91 -0.9933198652993795
29 92 -0.5753234095672313
29 93 0.8187002659724201
30 32 -0.8681967581261529
30 35 -0.7016971290160476
30 36 0.2502619977392455
30 37 0.4300611944208912
30 38 -0.1934100854967511
30 39 0.6500942098693296
30 40 -0.4445239025337273
30 41 0.2969188203506361
30 43 0.6054316520487761
30 44 0.31184126710765425
30 46 -0.3379069317207821
30 47 -0.8519229523150769
30 48 -0.9246314994165941
30 51 0.7765884541575887
30 52 -0.8494068667705141
30 54 -0.9010005940369754
30 55 -0.25032636527047636
30 59 0.8089030124265932
30 62 0.6180472964852763
30 65 0.22297938373515214
30 67 0.9765228387894589
30 68 -0.4273559553897419
30 71 0.899736270108777
30 72 0.8396740317583502
30 74 0.932640343501441
30 75 0.022022442752707594
30 78 -0.07621206257756574
30 79 0.14991765311957006
30 80 -0.02891650165390436
30 81 -0.332557690807711
30 82 -0.5431756328394484
30 83 0.7369080150276399
30 85 -0.5698061895792323
30 87 0.751764088917126
30 88 0.5377864842824485
30 89 0.2748489806545593
30 91 -0.7772121422510843
30 92 0.8594858862095871
30 94 0.7258397803413073
31 34 -0.18210712807753549
31 35 0.307176290025694
31 38 -0.5879087603983082
31 48 0.38168168434477856
31 49 0.5451393448338775
31 50 0.9247703809098706
31 51 -0.872894891677173
31 54 -0.6214258036612228
31 55 -0.3814115600802346
31 57 -0.321601869949552
31 60 0.6285981955369173
31 62 0.02269690915137268
31 63 -0.8716418294298034
31 64 -0.21059952834490359
31 66 0.2396080780596721
31 67 0.22068839471943624
31 68 0.21723365021732777
31 69 -0.7048721231463044
31 70 0.06293464839256546
31 73 -0.8027257326502861
31 74 0.15557305930133158
31 75 -0.10095664228804035
31 77 0.5574788585852013
31 80 -0.05907439120998115
31 82 0.6593269692343859
31 83 0.2995465165346054
31 84 -0.06478122083253557
31 85 -0.7184221106266673
31 86 -0.61913529700595
31 87 -0.16225085551724927
31 88 0.2468590763293006
31 90 0.7096179710261181
31 91 -0.761510822281819
31 92 -0.25353342118787614
31 94 0.5491821017506584
32 33 0.24665224077774361
32 34 -0.27766152438102387
32 35 -0.18322742637334022
32 36 0.7628155708793218
32 39 -0.8188923149005289
32 41 0.6489246344489581
32 42 0.20146898679323488
32 45 0.9166011175370932
32 48 0.5872309712973827
32 49 -0.4020155079822416
32 51 0.18228290390771007
32 52 -0.8383021208609398
32 53 -0.07321185978551759
32 54 -0.18440142330706744
32 56 -0.6081769700455579
32 58 -0.6587682864204856
32 59 0.345072659473316
32 60 0.8561259264734575
32 61 -0.10983356152982626
32 65 0.203560016475286
32 68 0.2749267722433901
32 70 0.5991056496282248
32 71 -0.8964126249268627
32 72 0.4977879505958369
32 73 -0.1862324151486805
32 75 0.001661952656992094
32 76 -0.8024862209607795
32 77 -0.1513145186428324
32 79 -0.9738954222022358
32 82 0.5823338133707363
32 83 0.23550481221751762
32 86 0.399704964494874
32 87 -0.15884780629771544
32 88 -0.37255728787278697
32 89 0.585634467239406
32 90 -0.6820484113642677
32 91 0.15007233136985998
32 92 -0.9630985786468393
32 94 0.0848694133543435
33 34 0.4304973739469349
33 35 0.3937581451678889
33 37 -0.4552896274106104
33 38 -0.13112454839414456
33 39 -0.4965516233262848
33 41 -0.19094765775358336
33 42 0.9690911199040921
33 43 0.5426968529116356
33 47 0.4255935397765729
33 48 -0.5489758134169518
33 49 -0.3286470912054147
33 50 -0.6337933684170798
33 51 -0.8347119377706149
33 53 0.1826577199869397
33 56 -0.8318276734942749
33 57 -0.08080469129863133
33 58 -0.8953787715698371
33 59 -0.49122873232751396
33 60 -0.8423504067931424
33 61 0.585195635722672
33 62 -0.38854810126094463
33 64 -0.11484475562064245
33 65 0.5237575041380933
33 66 0.5875361126314271
33 67 -0.7232286854670351
33 69 0.6124333721359221
33 72 -0.08497145274359474
33 77 0.6092923556820258
33 78 -0.6663600132297787
33 79 -0.3295678496791117
33 80 -0.6388134566776902
33 81 -0.8440991674578116
33 82 0.6084294529730345
33 83 0.13655951774983888
33 84 0.5385225846791748
33 85 0.5577307125218227
33 86 0.4504857416577648
33 90 -0.042026975374881204
33 91 0.5197048483297366
33 92 0.13771815283763655
33 94 -0.5533353311531479
34 35 0.9674135123939342
34 36 0.6599013636388411
34 37 -0.41499841935689585
34 38 -0.6562095287608629
34 39 -0.8909507519363002
34 40 -0.7158013376732097
34 41 0.9971571198327303
34 42 0.12174319738315931
34 45 -0.20524536494873735
34 48 0.9992113040329094
34 49 0.5072996106305572
34 50 -0.9324617506294157
34 53 0.8933332464819033
34 57 0.4977435127202241
34 58 -0.32997775238927973
34 59 -0.07106906824989023
34 60 0.35233247503278986
34 62 -0.164863062713972
34 63 0.7031129859769163
34 64 0.505012253987277
34 65 -0.7584029093787719
34 66 -0.5937883328195226
34 68 0.7072332998471964
34 69 -0.7807282959805839
34 71 -0.7530493193220169
34 72 0.35604318130828627
34 74 -0.14855828352447942
34 75 0.1690827208218708
34 77 0.415855013848653
34 78 0.020374714957814843
34 79 -0.13339776151181315
34 84 -0.2705183811050038
34 87 -0.8045053993317308
34 88 -0.7059081795099464
34 89 0.31618717815825725
34 90 0.9218919196285196
34 91 0.5963211545468519
34 94 -0.2714250655404571
35 36 0.812598958466695
35 40 -0.9732561829374389
35 41 0.9940777590049159
35 42 -0.2156977172129222
35 47 -0.5166273085204898
35 49 0.7220987194423643
35 50 0.44584870756328465
35 51 0.14565953250685681
35 52 -0.12373857676445765
35 53 0.9861986411758676
35 57 -0.4438006204675602
35 58 -0.8654602762772532
35 59 0.08495581239987948
35 60 0.24432120833809456
35 61 -0.2519581825227859
35 62 -0.38424601806854075
35 63 -0.8019995772101904
35 64 0.6498859211172139
35 65 0.016767765315288452
35 67 -0.8152713062986663
35 68 0.42242517811652847
35 69 -0.2408646380130257
35 72 0.7665251929080859
35 74 0.3608077433180077
35 75 0.5174575782420547
35 76 -0.21089498960420316
35 77 0.35381370074187135
35 78 0.8747442950135551
35 80 0.6474350735802543
35 81 0.5235275269719202
35 83 0.49272169804916754
35 84 -0.09519121926951413
35 85 0.308254270089791
35 87 -0.7936803933050811
35 89 -0.03877818777596875
35 91 0.012915341048805207
35 92 0.625865093555505
35 93 -0.8113348332534378
36 37 0.10799450328062798
36 39 0.7464171809588092
36 41 -0.3610767091304472
36 42 -0.6293341620695534
36 43 0.09089213913528083
36 44 -0.21134409462819415
36 46 -0.14840905563509565
36 47 -0.14911177531934405
36 49 0.2244799666574928
36 50 0.20890628487671936
36 52 0.6624469655087821
36 53 0.19317646615519224
36 54 -0.4711732218911029
36 55 -0.8040340865723108
36 56 0.05453675081087628
36 57 -0.8003099632499302
36 58 -0.15277465863728645
36 62 -0.6637319380913476
36 64 0.07157502578500718
36 66 -0.04073023318758695
36 67 -0.6019918183942143
36 68 0.010688426250635485
36 70 0.7942624018565945
36 71 -0.029987670139379974
36 72 -0.5650646280887159
36 73 -0.4875619125588344
36 76 -0.5939745328251052
36 77 0.8478470538298348
36 78 0.9592115360175533
36 79 -0.812285939227039
36 80 0.7903039377179308
36 81 -0.016891833223257047
36 83 0.8061330245192948
36 84 -0.08516088930186472
36 85 0.5327927874100298
36 88 -0.0603521005260903
36 89 -0.8118466664691555
37 39 -0.5361984382054903
37 41 0.36711555436127896
37 42 0.09912578934742622
37 43 0.8898939120439426
37 44 0.7913728900831074
37 45 -0.22673319167743067
37 46 0.6812346625874859
37 47 0.0041137358345877395
37 50 -0.6675842550573181
37 51 -0.5434268140292349
37 52 -0.893960527501459
37 54 0.5027586282456988
37 55 -0.6293322902723135
37 57 0.7911408144264391
37 58 0.29078659018990205
37 59 0.15248727606172685
37 60 -0.9124488025266537
37 63 -0.25754471072763563
37 64 0.6665074834603342
37 66 0.94487083738489
37 67 0.6036430130415062
37 68 0.3915675738402664
37 72 -0.6504641610351682
37 73 0.24016805627037652
37 74 -0.10490986469957875
37 76 -0.7536355560312049
37 77 0.716507813433648
37 78 0.8619515368967103
37 79 0.4092339256164321
37 80 0.6336732893814563
37 81 0.9388439178164567
37 83 -0.9947480364273
37 84 -0.38445239474819903
37 85 0.6904185541266248
37 87 -0.011559728126580238
37 88 0.8313564747091977
37 89 0.6965650635124543
37 91 -0.3544533794528335
37 93 -0.8610835037489086
37 94 -0.019079103477544157
38 40 0.5101100343066394
38 41 -0.11950547556525337
38 45 0.9919753877544555
38 46 -0.1409091409713632
38 49 0.33172511260781934
38 50 0.7419491965899083
38 51 -0.8126752164226132
38 53 -0.5952876199295065
38 57 -0.0696156086291726
38 58 -0.439176653325853
38 59 -0.753801424314575
38 60 0.23735923123603997
38 61 -0.3268929451693108
38 62 0.7036149779554974
38 64 0.049793580080685906
38 65 -0.9323028244485987
38 66 0.14877087944664358
38 67 0.6149117493687721
38 71 0.04298807165222529
38 73 0.08971119367866898
38 76 -0.11885141371999519
38 78 0.2664366456743099
38 81 -0.29837826313543836
38 83 -0.13354065132595672
38 84 -0.7499463580158305
38 86 0.9309596719784521
38 87 0.8224395716833572
38 88 0.1750223639362225
38 91 -0.46090328770461286
38 92 -0.814035676224931
38 93 -0.9099039541790539
38 94 -0.31014104606239057
39 41 -0.8992295301450806
39 43 -0.7440632019495139
39 46 -0.9198395061092781
39 47 -0.3072914735498611
39 48 -0.20725294927321847
39 49 0.2937723036783977
39 52 0.9899992810456011
39 53 0.2271244723445922
39 57 -0.9656995047424388
39 58 0.8167042526952346
39 59 0.33964365863876966
39 60 0.7218498619645135
39 61 -0.3666006946480391
39 63 0.6731706614520796
39 64 -0.04299176552876993
39 66 -0.19246670924276055
39 67 0.9768546335094646
39 69 0.16871969617584792
39 70 0.5270694942773091
39 71 -0.6682811277639502
39 72 -0.8493652893854386
39 74 0.3437890146730562
39 75 0.2429031539622062
39 76 -0.6268937158677603
39 77 0.6518818799337347
39 78 0.7340470699270909
39 79 0.6468970622749735
39 81 0.3700143381738854
39 82 -0.5751327642580506
39 84 0.40135158984017494
39 88 -0.5254658634846838
39 89 0.5367402774444541
39 90 0.522247466144752
39 91 -0.10521328682661557
39 93 -0.6031164846264538
40 41 0.4708457124657657
40 42 -0.2436029243835891
40 43 -0.7698204405107791
40 44 -0.7080493998251762
40 45 -0.458528984706845
40 46 0.4569188822314918
40 47 -0.14424712446755206
40 49 -0.16593034102074689
40 52 -0.827460361979306
40 53 -0.0509339538301834
40 54 -0.8074240834780433
40 55 -0.21339144436748714
40 57 0.6203635301790369
40 58 -0.006808258440809345
40 59 -0.151084693245241
40 60 0.9222853419163526
40 61 -0.9100048575673607
40 63 0.7711875879803602
40 64 0.855465155045902
40 65 -0.19392532132457463
40 66 -0.5140552683865347
40 68 -0.8250109357058972
40 69 0.28227089447275455
40 70 0.7997806835482988
40 72 -0.35158777780205686
40 74 0.2522435624013952
40 75 -0.7984991133385577
40 76 -0.6149081644505237
40 78 -0.25000337487366275
40 80 -0.6442726319950765
40 82 -0.28034952104124855
40 84 -0.031412738487178515
40 86 0.9853129283010791
40 87 -0.8371914703167058
40 88 -0.3128981112686482
40 91 -0.6006401924288236
40 92 0.1989912216737142
40 93 0.08881603544655858
40 94 0.11533518223324069
41 42 -0.24496077629873558
41 44 -0.21870024901282226
41 45 -0.8636381569853475
41 46 -0.47539495359562967
41 47 0.6241258382393073
41 48 0.26500082640070866
41 49 0.6508339471882603
41 50 -0.5272102839880484
41 51 0.9841026982905208
41 53 -0.5791854730021915
41 54 -0.9970860939704744
41 55 0.04472303704104452
41 57 0.9968352976686483
41 58 -0.6700340022089277
41 59 0.33818157595759346
41 62 -0.16009436824199264
41 63 -0.7046799715737486
41 65 -0.9498639063196779
41 66 0.5308611756633221
41 68 -0.9932281023550338
41 69 0.39311103654799906
41 71 -0.15525033415519895
41 72 -0.29167821150177176
41 75 -0.8550133425052797
41 76 0.18728595442317375
41 77 -0.1291428202939604
41 78 0.15881350591353627
41 79 0.12550386073120867
41 80 -0.44340139961441927
41 81 -0.4453647244848846
41 82 0.8641611135269467
41 84 -0.1764957620906118
41 86 -0.860290659413689
41 90 -0.4874887600418445
41 91 -0.26241387499933677
41 92 0.7680679064302125
41 94 -0.6407032920099582
42 43 -0.8078888024510082
42 44 0.3316132084705672
42 45 -0.6880814689205075
42 46 -0.5846307934713717
42 47 0.8533664277489919
42 48 -0.3281697906958867
42 50 -0.3695816655427926
42 52 0.7612456796019831
42 53 0.363607863316602
42 56 0.9178346233800612
42 59 -0.7705733692413397
42 60 0.979603456162415
42 61 -0.40173585574172566
42 63 -0.6620822869204996
42 64 0.04028150934611818
42 65 0.17641632488976566
42 66 -0.04829946372023852
42 67 -0.844701087679518
42 68 -0.20748221268791966
42 69 -0.45692664602146094
42 70 -0.3577360439106494
42 72 -0.5885757289751459
42 73 -0.515537435575651
42 74 -0.5781601561351601
42 77 -0.10966245602782476
42 78 0.5312980069345279
42 79 -0.9603330608953786
42 81 0.776695574530814
42 82 0.5112677605767861
42 88 0.09279680322385775
42 93 -0.8114188642722853
42 94 0.7951531631782187
43 44 -0.9814874112975736
43 45 -0.0801114263482614
43 47 -0.05523727832230696
43 48 -0.1898421586610357
43 49 -0.8629285033897656
43 50 0.9250045434925553
43 51 -0.29539022346363675
43 52 -0.49557348494267583
43 54 0.7211523383001335
43 55 -0.3542282742226084
43 57 -0.29118446269402454
43 58 0.7441751508620007
43 59 -0.7765709417456872
43 60 0.08571213861315252
43 61 -0.858396837000295
43 62 -0.6479533274889131
43 65 0.20372996218923056
43 66 0.752636967847274
43 67 0.10814691076421568
43 69 0.3563868121602096
43 71 0.3867928280798949
43 72 -0.4070967453805334
43 73 0.044415281677199214
43 75 -0.8720387847631594
43 76 0.5813652466544783
43 77 -0.7325392915946562
43 79 -0.2224952918278571
43 81 -0.22097265002435806
43 82 -0.6134874340854222
43 84 -0.29769370741489776
43 85 -0.8390581826472678
43 86 -0.7528424153083726
43 87 -0.9849479880676753
43 89 -0.023833467792179874
43 90 0.031860218318728206
43 91 -0.7663653798931753
43 92 -0.4448660665640274
43 93 -0.1389946364386072
44 45 -0.17053281832952938
44 46 0.31559147731386394
44 48 0.8372794093374076
44 49 0.7378558035038507
44 50 -0.693632395851135
44 51 -0.919939128231948
44 52 -0.5087335024347301
44 53 0.5106846584076099
44 54 -0.21955626637934889
44 55 0.5116235066724388
44 56 0.7932693072111667
44 57 -0.2161209446255541
44 58 -0.24453455314614403
44 59 0.47179113683349905
44 62 -0.8194525830352166
44 64 0.8773418593287174
44 65 0.23741430031480126
44 66 0.33051838445284165
44 67 -0.5665870916602409
44 68 0.9745578108330168
44 71 -0.24717197951939673
44 73 0.2508154637807971
44 74 0.611058349411584
44 75 -0.33263285884041993
44 76 -0.025144092286406572
44 77 0.9905671532412204
44 78 0.2121129729525777
44 80 0.2809060777543029
44 82 0.44331817347882385
44 83 -0.8360737949118093
44 84 0.8425219647775695
44 86 -0.9098543639737562
44 87 0.2615381736865541
44 88 -0.6314278687497794
44 89 -0.6104354578660749
44 92 -0.1482519913383753
45 46 0.8547608733358307
45 47 0.21707994999364288
45 48 -0.020183074394120704
45 49 -0.9320448618616091
45 51 -0.35418648371594674
45 54 0.03376659857792497
45 55 0.07059265601160036
45 56 0.13860635569009538
45 57 -0.5825292227766901
45 60 0.5640340383739162
45 61 0.9679017232448279
45 62 0.02070719988430758
45 63 -0.43978523268986147
45 64 -0.7642587817564093
45 65 0.9761084853592314
45 67 -0.1444707359776085
45 68 -0.6966882292268766
45 69 0.9683724860516401
45 71 0.31142333358652885
45 72 -0.3183788724107013
45 74 -0.5164885630296232
45 75 0.9402261034057533
45 76 -0.5018429257736456
45 78 -0.12415624676381354
45 81 0.5711154789396145
45 82 -0.7954832884649523
45 83 -0.1470635698648899
45 84 0.3813842766768547
45 86 0.5920849835922524
45 87 0.5072449689294822
45 89 0.45140267677973744
45 90 0.5625727008480192
45 91 -0.5966505426289779
45 92 0.10821419075199756
45 93 0.26043873169433773
45 94 -0.49093459830663555
46 48 0.862891194625099
46 50 0.5449306267105838
46 52 0.9924780031521461
46 53 0.5232129863440256
46 54 -0.4850983475693711
46 55 -0.14215485354232826
46 56 0.9643045613088916
46 58 0.6785082529398612
46 59 -0.37288791189179804
46 61 -0.9110331360214441
46 62 0.9975467644674594
46 63 0.6128169321384276
46 64 0.6064850169239524
46 69 0.8108846790343196
46 70 0.5279179315743254
46 71 -0.4337314149196341
46 73 -0.5375013334277803
46 76 -0.5679034876115292
46 80 -0.6541813974622415
46 81 0.5855368464931328
46 82 0.04264344102586248
46 83 -0.6295097604756239
46 85 -0.8079473426566877
46 87 -0.14974582888308907
46 88 0.4734674700802475
46 89 -0.6352517914858062
46 91 -0.8437434399242256
46 94 0.9306808320939763
47 48 0.1570636340836704
47 49 0.8523385167001714
47 50 -0.9004850532033959
47 51 0.07339243109694982
47 52 0.6170052652752076
47 54 -0.9020291099365176
47 56 0.30639445216119987
47 58 0.38925009955386614
47 60 -0.3407226793517206
47 62 -0.6303434173773694
47 68 -0.43205517960727136
47 69 0.5062126308028665
47 70 0.11632781940332015
47 76 0.3771724587939387
47 77 -0.5740694431853617
47 79 0.7601740262988164
47 80 -0.5471623113561366
47 81 -0.19200472295326798
47 82 0.18557019180455248
47 83 -0.7077287677966098
47 84 -0.5483857955963161
47 86 -0.2500385391445845
47 87 0.32022380405850903
47 88 -0.8142981771483648
47 91 -0.899047186177186
47 93 0.30602403991646177
47 94 -0.3893869528092899
48 50 -0.18300579274904072
48 51 -0.09484591796285313
48 52 -0.2595830208982488
48 53 0.8251576568823937
48 54 -0.1741999942255421
48 55 0.898656431439431
48 56 -0.6768878928481106
48 57 -0.3276219657601698
48 58 -0.10861363262055646
48 61 0.32871368052538497
48 62 0.5955894526503707
48 63 -0.6150250621141093
48 64 -0.9777416489262716
48 65 -0.6953135512363404
48 66 -0.13706792846864047
48 68 0.7637505093715558
48 72 -0.7488228542460897
48 73 -0.7537849378360681
48 75 0.8723592020309627
48 77 0.9683728322355556
48 78 0.5177060535023568
48 80 -0.8399583245382412
48 82 -0.06966944740948944
48 83 0.9340980879227236
48 84 0.7533148416469533
48 86 -0.7067596334643069
48 87 0.23897446060851024
48 88 0.2327733508436134
48 89 0.19671819144574787
48 90 0.0936527545573147
48 93 -0.8842778040485664
48 94 0.13434977928027947
49 50 -0.11978659358207455
49 52 -0.30804755921422244
49 53 -0.5749574101815857
49 54 -0.7048761682405589
49 55 0.9177653984520473
49 56 0.7894005083901938
49 57 0.4791513142756081
49 58 0.9919596904578176
49 59 -0.4614009598046753
49 60 0.2707028737467285
49 61 0.3595597864694533
49 62 -0.8083194362184487
49 63 -0.7320917701220224
49 64 0.2582712596084469
49 65 0.3530727434729819
49 66 0.14083661795318303
49 67 -0.5814202234248524
49 69 -0.9217411139918046
49 70 0.2452700413062585
49 71 -0.5143889412296014
49 73 0.674119117688305
49 74 -0.5777202245543414
49 75 -0.8983821449714913
49 78 0.026331049252683814
49 80 -0.13653835457844443
49 81 -0.10252526688899954
49 82 -0.3470708574236485
49 83 0.9517531648236539
49 84 -0.9779221113235843
49 86 -0.9311178611068043
49 89 -0.2507472206176331
49 90 -0.3961911420175941
49 91 0.9003584415385382
49 94 0.0013914672844455023
50 51 0.09196861679525581
50 52 0.9776932587453446
50 55 0.5499066313263357
50 56 -0.2343153286032893
50 57 -0.08893037969067774
50 59 -0.17953680104547676
50 60 -0.5434103170379443
50 62 -0.9535366131934828
50 63 -0.33781874908992515
50 64 -0.48368254976324865
50 65 0.23104084613853693
50 68 -0.6657434004247604
50 70 -0.4008466613983379
50 71 0.10765312406429461
50 72 0.8258490754856838
50 73 -0.3291346977248517
50 75 -0.23095957731875716
50 76 0.5670360997038537
50 77 0.1751373209651328
50 79 -0.4984358977720216
50 81 0.5627792591014964
50 83 0.02216291907875223
50 84 -0.2813408068087291
50 85 -0.8012913202310443
50 86 0.325638199498939
50 87 0.794004007810186
50 89 -0.6071983267292045
50 90 -0.9162443355147742
50 94 0.829696112609495
51 52 0.8571437882980177
51 53 -0.5864071562187958
51 57 -0.49489090577017936
51 58 -0.128455012411419
51 59 -0.2016847659510963
51 60 0.8420327003001657
51 64 -0.6966477739909276
51 66 -0.4187427405275823
51 67 -0.6532902104000242
51 68 -0.25754150814027144
51 69 -0.15584874897420042
51 71 0.6473619270566999
51 72 0.2937061313902736
51 73 -0.6757343372846027
51 74 -0.014060258531538583
51 75 -0.17434960397066512
51 76 -0.5374926279313901
51 77 -0.29506890983976186
51 78 -0.5320965419693657
51 80 -0.572769339682818
51 82 -0.478759915388032
51 84 0.4913704381827284
51 85 -0.9284860044839971
51 86 0.7963417051125827
51 87 -0.08191661131507155
51 89 0.2450824263243181
51 90 0.0675461217195874
51 91 -0.09135052249135955
51 92 0.5073968076515534
51 93 -0.4498120912706878
52 53 -0.4396252837791512
52 54 -0.39331795153903215
52 55 -0.7216934846376086
52 58 0.068167442383819
52 61 -0.010452318956171158
52 62 -0.8582249825661146
52 65 -0.799674100129316
52 67 0.7479405107603083
52 68 0.9071522353800221
52 69 -0.7935073129552421
52 70 0.37194802431397234
52 71 -0.47088241334559244
52 72 0.7571350763764666
52 73 -0.7474985327943722
52 74 0.5170922791047337
52 77 0.08387771759648066
52 78 -0.6840284654528457
52 79 -0.19105264918797027
52 80 -0.5429207935252145
52 81 -0.4209502601511472
52 82 0.5128086774020344
52 83 0.5663872967653905
52 84 -0.6884978528466776
52 85 0.5942364017873285
52 86 -0.2938168742429068
52 87 0.0918923545061332
52 88 0.8141757767488844
52 89 -0.654789736445937
52 90 -0.5208545030791207
52 91 -0.14189455481040048
52 92 -0.8501767572859069
52 93 -0.9067771337126347
52 94 -0.4540476910606368
53 54 0.0866907063751059
53 55 0.27733843888421505
53 57 -0.7569692583358894
53 58 0.6472918710513929
53 61 0.8078430566771062
53 62 -0.3963925496506653
53 68 0.9150872887856563
53 69 -0.52526097899137
53 70 -0.0386416450373952
53 71 -0.1896146182583609
53 72 0.6086593410903267
53 73 0.3004530511474943
53 74 0.2487370042355901
53 78 0.1464927918271246
53 79 0.6538854508758449
53 80 -0.5790589536223052
53 81 0.1611952344548937
53 82 0.7826147012081044
53 84 0.3842870064891024
53 85 0.5037489594698874
53 86 -0.4104046524692615
53 89 -0.943596718357586
53 91 0.38830345147180734
53 92 0.23411801916028807
53 93 0.39940113984258585
53 94 0.9569848343838196
54 55 0.5545197526434122
54 56 0.5460714818878885
54 57 0.22238783213387636
54 59 0.7747532515291526
54 60 -0.7501303123130729
54 62 0.6850400847812832
54 64 0.7723598772895399
54 65 0.8089299188784476
54 66 0.8982394508217375
54 67 -0.4648000325654833
54 69 -0.6770323053382983
54 70 0.5136285400127192
54 71 -0.07578769508684169
54 72 0.8261858743454704
54 73 0.5815643900856455
54 74 0.33686149126568665
54 77 -0.7499916022932651
54 78 0.6278575233684613
54 79 0.7259869325012231
54 80 0.17922461182450022
54 81 0.5566084879523727
54 82 0.402691819503737
54 83 0.19430237384765126
54 85 -0.8507707541325471
54 86 0.30811676544593114
54 87 0.35846904418878434
54 88 0.8083299613292296
54 89 -0.6658757017591685
54 91 0.09094695203470793
55 56 0.31539850084032195
55 60 0.5996392189480697
55 62 0.5233254310051227
55 64 -0.8107370594187457
55 65 -0.4094057147057222
55 67 -0.3230583140260255
55 69 -0.752299854843939
55 71 -0.5671037237955945
55 73 0.11075595288015005
55 74 -0.13375680245950639
55 76 -0.4695916160973903
55 77 -0.9044088604873264
55 78 0.7377458450066603
55 80 0.6156790286938332
55 81 -0.2780683655486207
55 82 0.7612559114798096
55 83 0.33666729542714924
55 84 -0.03680305787056448
55 86 -0.5474143085993783
55 87 0.6685838467692982
55 88 0.7249565110976326
55 90 -0.641999544809783
55 91 0.14888424593432292
55 92 0.19964913531947448
55 93 0.9090931704725871
55 94 0.0021816294771186406
56 58 0.504392854349087
56 60 0.41877922879486196
56 61 -0.3841274060751523
56 62 0.46086172007602544
56 63 0.6305341871174148
56 64 0.5587299316017702
56 65 -0.2892855321900909
56 71 -0.47894559178443297
56 72 -0.9490209803417722
56 73 -0.9405036085465368
56 74 -0.6527785743804819
56 75 0.5875397603259473
56 76 -0.8125555656346788
56 77 0.6646010703277987
56 78 0.7454775600513939
56 80 0.3084068563105755
56 81 0.3142634057549618
56 82 0.8715394109091477
56 83 0.9532888943070239
56 84 -0.05281018871825727
56 85 -0.851823064781726
56 86 0.17190364664554547
56 87 -0.7142525582098749
56 88 -0.6278251159297874
56 89 -0.8441532946012926
56 92 -0.1171234107043222
56 93 0.6036978372892572
57 58 -0.32791903114748844
57 61 -0.8016882056241907
57 62 -0.4849891859193052
57 63 -0.26205373102325
57 64 -0.2920096627690536
57 65 0.1393921288449791
57 66 -0.4511730190879897
57 67 -0.34959028478968945
57 68 0.7257676602112386
57 70 0.9322905794842353
57 71 0.19679674187350393
57 73 0.9512733533628415
57 74 0.19851980649992051
57 75 0.8814121683961975
57 76 -0.8494805940776307
57 78 -0.0460350885327836
57 79 0.05645267686471067
57 80 -0.9793789990791106
57 81 -0.8099556395450347
57 83 0.7714979498543872
57 84 0.8942576754212861
57 85 -0.5132253332839887
57 88 -0.27488906028363513
57 89 -0.988755302311997
57 92 0.6760821084327711
57 93 0.7685809935524572
58 59 -0.03598624739178247
58 60 -0.7622553236721314
58 61 -0.002648550799950744
58 62 0.8178090641545162
58 63 0.39342723881667196
58 67 0.187795832567637
58 68 -0.8766228857392306
58 70 -0.39295572314212324
58 71 -0.2941657352135181
58 72 0.22969347288093078
58 74 -0.9959063641078529
58 76 0.4523408002625877
58 78 0.32422372923238774
58 79 -0.4041103915418851
58 82 -0.9838452931247421
58 84 -0.9448361913729535
58 85 0.950049310919721
58 86 -0.1003407151730844
58 87 0.7566919179179346
58 89 0.15433482015395628
58 91 0.07860044196311966
58 92 -0.04542822820532666
59 60 -0.5840550909239499
59 63 0.18964628609479228
59 64 -0.4960058400425984
59 65 0.36645551890907546
59 66 -0.1605229377912214
59 68 -0.4884938518042452
59 69 -0.6870441103625897
59 70 0.7040356637778025
59 71 0.20807816254587563
59 72 -0.3767692068366222
59 73 -0.7565303933216112
59 75 -0.8019447308459458
59 76 0.3572300143755258
59 77 0.8764768902147035
59 78 0.719631999219956
59 79 -0.40294241654009477
59 80 -0.6869444436076915
59 81 0.5263082132633388
59 82 -0.05352720526278998
59 83 -0.5976256171438501
59 84 -0.3986777385646072
59 85 -0.5993839500409095
59 86 -0.30738332058150086
59 87 0.346380553649279
59 88 -0.6618998787503321
59 90 0.7084490518518947
59 92 0.0014564811937063382
60 62 0.18841478798978972
60 63 -0.2671244290101553
60 64 0.8205679434270587
60 68 0.8273470046495583
60 71 -0.3559874590955885
60 72 -0.8686026039698271
60 73 0.5024586662734656
60 74 -0.00016746014536206388
60 76 -0.9745094506661645
60 78 0.48517333595406154
60 79 0.5175917577430185
60 82 0.8373690273833507
60 83 0.1753942474217749
60 86 -0.46473315566088647
60 87 0.9982183391035953
60 90 -0.12345487305163894
60 91 0.5434136774884128
60 92 0.4464806867646933
60 94 0.8289843546857398
61 62 -0.7388264726798004
61 63 -0.8375341482805405
61 64 0.5210770929477262
61 65 0.6982057558089358
61 66 -0.33498278199552667
61 67 -0.33410704323398455
61 68 -0.831692035656793
61 70 -0.17343551959649428
61 71 0.09039354890704443
61 72 0.038684725447695856
61 74 0.866363005269928
61 77 -0.3568843257692933
61 78 0.6727221384895021
61 79 -0.6875128840473135
61 81 -0.29832509916728944
61 82 0.7330642071830586
61 83 0.7743232197625782
61 84 -0.16142248810336102
61 85 -0.13189508774448133
61 86 0.4636455523707632
61 88 -0.6648873970274367
61 89 0.5157241786349871
61 90 0.7894431086620413
62 63 -0.11554503878794886
62 64 0.8306587554567
62 65 0.26519919230716793
62 66 -0.8089969464353601
62 67 -0.673911487844717
62 68 0.763105226149005
62 69 -0.11728702678183556
62 72 0.17987300906052672
62 73 -0.6717537515115346
62 75 -0.17618903144939435
62 77 -0.16248011096901482
62 78 -0.6595192848817975
62 79 -0.26055796988827296
62 81 0.1836565902377043
62 82 -0.40797346822964453
62 83 0.4643970031215303
62 85 0.3069685663312347
62 86 0.21742577169328836
62 89 -0.5264438692680462
62 90 -0.5799154287111341
62 91 -0.15805840497574186
62 92 -0.43936169859887086
62 94 -0.23101123763885667
63 64 0.026805283040984174
63 65 -0.9328573821196067
63 66 -0.4129960550359444
63 68 0.4845930828462024
63 69 -0.4758289905606188
63 71 -0.5282011046546369
63 72 -0.2123970209905377
63 73 -0.5074102522161343
63 74 -0.5919214328201499
63 75 -0.4678429761239209
63 78 -0.8128150380090615
63 79 0.0762947320589793
63 80 -0.6714373306771764
63 82 0.09514054762389446
63 84 0.48452715753656816
63 86 0.46733992150273407
63 87 0.7972248624746943
63 89 -0.9087636603516238
63 90 0.7723302080128527
63 91 0.5362031721073153
63 92 -0.5133547134965768
64 68 0.27707241575904806
64 69 -0.48824581666929245
64 70 0.8631190552607102
64 72 0.8264151161102467
64 73 0.48558089372751323
64 74 0.6422016500637058
64 76 0.7092217211079868
64 77 -0.34932548462403257
64 79 -0.131092893084076
64 81 0.2756000061947359
64 83 0.7703416143384432
64 84 0.5964273191838159
64 86 -0.9326297444487106
64 90 0.3931698459304662
64 91 0.4577721824370302
64 92 0.6567608060832546
65 66 0.44819080147157186
65 67 -0.3205567896659185
65 68 0.175675638385
65 69 0.555498349509038
65 70 0.1972728821247547
65 73 0.13688460057143015
65 74 0.19596116653704176
65 75 0.2001973586824095
65 76 0.6830045363652071
65 79 -0.9035685398119657
65 80 0.29092032486226005
65 81 -0.33357419540425615
65 82 0.023023954938920843
65 83 0.7113748767083679
65 84 0.17463406070178977
65 87 -0.25807359156953846
65 89 0.2989317542296017
65 90 -0.1420587543924523
65 91 -0.7810487644985609
65 92 -0.8911862319645869
66 70 -0.4619918467698678
66 73 -0.8285621837702186
66 74 -0.18835884979137574
66 77 -0.7256790888243485
66 78 -0.9244116438698762
66 79 0.11485334008953685
66 80 0.7006084643380956
66 83 -0.3970887496949145
66 84 -0.7510096223182925
66 85 0.11631268641972947
66 87 -0.6796173944856243
66 88 0.3459817100443183
66 90 0.34253987105694117
66 92 -0.0790252822960471
66 93 0.5883798669565019
66 94 0.46140906235413515
67 68 0.016437615677109108
67 69 0.14330013225716676
67 70 -0.5775650304249393
67 71 -0.037998106002334
67 72 -0.5311057966902422
67 73 0.8802387518046066
67 74 0.8550992052550126
67 75 0.9464383190225971
67 77 -0.40718113698625547
67 78 0.6284078007864577
67 79 -0.4036234949956681
67 81 -0.33981717404361156
67 83 -0.43482476101224643
67 84 -0.2863647957447677
67 86 0.25573533395678316
67 88 0.7149748836526226
67 91 0.46374845498724104
67 94 -0.02342134514070815
68 70 0.5957023904262078
68 71 0.44320842964726137
68 73 0.04385354975564493
68 74 0.5671533416834291
68 75 0.6118408971571425
68 76 0.6210381664600817
68 78 -0.27849382444040627
68 79 -0.09151387497195418
68 81 -0.28665510320665555
68 83 -0.782455410533657
68 84 0.6559470019395819
68 87 -0.4529541832347923
68 89 -0.5607558061574736
68 91 0.4840077804070211
68 93 -0.3334948671937259
69 70 -0.8962163182360547
69 71 -0.41416335918053626
69 73 0.7693142508833704
69 75 -0.4958061144936792
69 76 0.8047319066002552
69 79 -0.16650027583961702
69 80 -0.5830348355201644
69 81 -0.337173726810466
69 84 0.500229774130124
69 85 -0.1969061342121774
69 87 0.008285843579092456
69 88 -0.4014570064444656
69 92 -0.37642960395318537
69 93 0.26219908829029626
70 71 0.7273393119408922
70 73 -0.5629778687385452
70 74 0.48645044213415756
70 75 -0.29351552750208176
70 77 0.5103433953581695
70 78 0.04772153606064222
70 80 0.2710523594607337
70 81 0.08979427543428464
70 84 -0.1434799064696668
70 85 0.5260462482777091
70 86 0.22210772121247624
70 89 0.05139874725741933
70 93 -0.9587213883378891
70 94 -0.248345791857302
71 73 -0.9577954315644559
71 74 0.06276088113485656
71 75 0.05672853798833488
71 78 0.9153222401176464
71 79 -0.5467040128346989
71 81 0.17181803577264487
71 82 0.8405681320022835
71 83 -0.16633853911689145
71 84 0.2045946996408956
71 87 0.862151716410307
71 88 0.9253124939319857
71 90 -0.9447090552590036
71 91 -0.006485385857498471
71 93 -0.2935964261181241
71 94 0.8988189855759652
72 73 0.6605714332366472
72 74 -0.292508742461163
72 75 -0.10857427211445092
72 77 0.9822305581607247
72 78 0.7856686613188217
72 79 -0.7034351229520157
72 80 -0.5717539737318824
72 81 -0.34979530171939266
72 82 -0.6651804714550558
72 83 -0.5861088956029754
72 85 0.6436210631261738
72 87 -0.43222867790466535
72 94 0.9455888660277345
73 74 0.83971923486938
73 75 -0.3703607368944388
73 76 0.5526215334585145
73 77 -0.9982005021056839
73 78 -0.07730337414223776
73 79 -0.7120814039693419
73 80 0.08130437563659498
73 83 -0.3828362420790741
73 86 -0.20150983582000093
73 87 0.06297194634666536
73 88 0.6277178547222235
73 89 -0.02769430952545493
73 91 -0.14391842631851737
73 92 0.19281232560909256
73 93 0.5010120713302209
73 94 0.8631851033662346
74 75 0.5437216943864742
74 76 -0.9479833668858177
74 79 0.9887147935017853
74 82 -0.3372094990139809
74 85 0.252368137182859
74 86 0.6435157571085492
74 88 0.33325107745175875
74 89 0.9477130415503345
74 92 0.4692981674303387
74 94 -0.7552600690155682
75 76 0.734032244408426
75 77 0.6537054756072573
75 78 -0.8755680226941609
75 79 0.9614616783884733
75 81 -0.8792952666811407
75 84 -0.5375639353630806
75 85 -0.2742298222234163
75 86 -0.23428178476695938
75 88 0.2078049107118023
75 90 -0.6736217207986004
75 91 -0.697503276621219
75 93 0.37446990425885396
75 94 0.16881840078638488
76 77 -0.9177136384353779
76 79 -0.9131565551746481
76 81 0.7680986160798304
76 82 0.064842413757209
76 83 0.5740619186892222
76 85 -0.3199760020532221
76 86 -0.6864047123036956
76 87 0.2926580182186105
76 88 -0.6715502803474869
76 89 0.9584513136702197
76 90 -0.468964843249176
76 91 -0.5602986046283627
77 79 -0.36962746125043244
77 81 0.6584694788565963
77 83 -0.30399144405260947
77 84 -0.17197230824976262
77 86 0.38320745612617024
77 87 0.41832617652272286
77 88 0.3611275724644285
77 93 0.523788508311765
77 94 0.8346786484795583
78 79 -0.09042756153761888
78 80 0.41171420133740577
78 81 0.7584616111081941
78 82 -0.1985983058458043
78 84 -0.42360861164123986
78 85 0.7109076192044657
78 86 -0.8244275131076049
78 90 0.7866839045924365
78 92 -0.6780006847611995
79 81 -0.41220525317608914
79 82 -0.48206181414894833
79 85 -0.038488670151086035
79 86 0.6001200207364321
79 87 0.3041782902875432
79 91 0.20137302571239135
79 92 0.38823355769469114
79 93 -0.4645467361377631
79 94 -0.044952510213946084
80 81 0.6881958681443356
80 82 -0.9293337848130414
80 83 0.010494718402791259
80 84 -0.5541301230740081
80 85 0.7785944777191232
80 88 -0.7577762215110564
80 90 -0.34948331897671636
80 92 0.6408210533548488
80 93 -0.8712176540003091
80 94 0.9613914560607475
81 84 -0.468859230512944
81 85 -0.7396502223380708
81 88 -0.6253753411741159
81 90 -0.9811211813126002
81 91 -0.3263524485963438
81 93 -0.23879543751426358
81 94 0.9931465918206062
82 83 0.47073820955935997
82 85 -0.5157405037736251
82 86 0.18076996874201545
82 87 0.06269951073453273
82 89 -0.12532466817371324
82 90 -0.7091456390352744
82 91 0.02862396379297172
82 92 -0.11529575488585242
82 94 -0.3644062597334332
83 84 0.6811563473076152
83 85 0.9665213238025727
83 87 0.9063959351071957
83 88 0.8974380540095954
83 89 0.16113816350378274
83 90 0.5967910540568306
83 91 0.5453374361418573
83 92 -0.07186278458248241
83 93 0.43882359484214706
83 94 0.07362152178981796
84 85 0.1394131210402405
84 86 -0.1304000886080794
84 88 0.9448070396679515
84 89 -0.1620194207843404
84 90 0.6542879953835352
84 92 0.21848963359268692
84 94 0.9657794385822167
85 86 0.8150841461818499
85 87 -0.3826189089863856
85 88 -0.5153505908665672
85 89 -0.6372458181905911
85 90 -0.6709241255268972
85 93 -0.7330064539647516
85 94 -0.38765915714176447
86 88 -0.05149920470063085
86 89 0.33048736970062076
86 90 -0.1079415161795707
86 91 -0.2765406663197454
86 92 -0.3200431781751676
86 93 0.13531091855391342
87 91 -0.1824043697103246
87 92 0.3572726059833682
87 94 -0.913408225795254
88 90 0.40844077851607996
88 91 -0.2303030882065793
88 94 0.38342710222955834
89 90 0.5568678631230626
89 91 -0.4947920383637825
89 92 0.3829739107931194
89 93 0.1416119347968463
89 94 0.647268459046495
90 92 -0.1925440631295745
90 93 0.7057759256825265
91 92 -0.31471168856316467
91 94 0.24991594108324122
92 94 -0.927478457271617
93 94 0.04829564744266146
