95 1286
0 -0.9686634215303522
1 0.42064198283695253
2 -0.7935608077370135
3 0.5048833254575849
4 -0.3625862400276132
5 0.13080362407070356
6 0.5785348060240427
7 0.9404221986187573
8 0.9887723636093144
9 0.3937630014087543
10 -0.18831378401218335
11 0.05341578470026764
12 0.4378061491019203
13 -0.9664065381856766
14 0.8488419565069842
15 0.008285845727220353
16 0.7432360236260367
17 -0.25916589845371774
18 0.3582437384155228
19 -0.22778727394511944
20 -0.408606227366916
21 0.8811718703887272
22 -0.36779747922565353
23 -0.6836706908240586
24 -0.8109521890413747
25 -0.1831820545642726
26 -0.5743620062777879
27 -0.14157931008552205
28 0.12163916437857059
29 -0.39767999571209556
30 0.5258773570008883
31 -0.19508217023623042
32 0.04915290361664004
33 0.687531312414221
34 -0.11731805468237755
35 -0.024332286367347855
36 -0.25233567249737954
37 0.9494455779931303
38 -0.17359413383509192
39 -0.07225596843475013
40 0.6086851125924013
41 0.5647095949582623
42 0.7491744732349543
43 0.758958445656019
44 0.2978664005603018
45 0.05530113518875046
46 -0.3037534163063209
47 0.3648929334668629
48 0.3027904880632899
49 -0.5757365465052695
50 -0.1814767771746948
51 -0.9782018225277131
52 -0.22037108130051042
53 0.6022606156368602
54 0.8218854176854355
55 0.8069407650338187
56 0.37809532616319186
57 -0.9711696209932732
58 0.7754087340219924
59 -0.026087511991715218
60 0.39928747212222526
61 -0.4377343014753803
62 0.24123170301554842
63 0.8205156453558997
64 -0.5491934044977007
65 -0.5578937951089207
66 0.19640103967101985
67 -0.7003594239430004
68 0.4636195868510218
69 0.18150498379133806
70 0.048381703969899714
71 0.3982113371983793
72 0.9909281934048362
73 -0.595916056078627
74 0.3373934115924131
75 0.6262404786195135
76 0.41671654836010763
77 -0.557023603848434
78 0.132790393719608
79 0.8607301739015991
80 -0.7664037421110164
81 0.023474194309252683
82 -0.954888351373425
83 -0.2956114455410148
84 0.834016315687585
85 -0.7333648827519061
86 -0.839055772271379
87 0.006212906437748522
88 -0.627720004309833
89 0.4357360523267002
90 -0.2868868195646934
91 -0.8227151000396167
92 -0.6842477526181716
93 -0.04315250896258571
94 0.267765800937676
0 6 0.8375547618238914
0 7 0.41187128076543833
0 9 -0.08047339919232277
0 10 0.6183417437072969
0 11 -0.732926569098515
0 22 0.8043679446678271
0 27 0.9281665709356641
0 31 0.8219704470576208
0 38 -0.6579787932544578
0 42 0.018449281018445784
0 46 0.34414618455003443
0 48 -0.5937057822857135
0 53 -0.7134031992911034
0 55 0.9149746871682083
0 57 -0.6207392630742776
0 64 -0.8616386640394007
0 76 -0.983965508163559
0 84 0.1428704808276291
0 86 0.02030025620917897
0 87 0.184515179179209
0 89 -0.018283296477938027
0 94 -0.25155660926921164
1 2 -0.7271063384086602
1 5 -0.6327002222017202
1 7 0.5402969244868634
1 8 0.33712374103188636
1 9 0.7978759791054977
1 11 -0.23103373806809846
1 12 0.7460336466737572
1 14 -0.8033132274355708
1 16 0.9991459138147925
1 17 0.9260811392666597
1 19 -0.0018479713509278461
1 24 0.517412969347717
1 29 0.8688589608006136
1 38 0.14651189159956424
1 45 -0.1858382236704874
1 49 0.4575341572274476
1 53 0.19749677268924848
1 54 0.017267070137915397
1 55 -0.8831648942099781
1 61 0.40082510361150403
1 63 -0.8601311971536678
1 65 -0.6007775558292903
1 66 0.3985539914977356
1 71 0.028189308590717
1 78 -0.5267650709202716
1 79 -0.7334813507600715
1 87 0.1878133238789701
1 94 0.2036721803054211
2 4 -0.31769983675651825
2 5 -0.7915938835305651
2 6 0.335099329305373
2 9 0.8153665362387641
2 10 -0.8778568815731334
2 12 0.6907870817326915
2 13 0.05021113993717208
2 14 0.658287519596582
2 16 0.50272499796238
2 19 0.629530221591676
2 21 0.7721450889558112
2 22 -0.46611343669798444
2 26 0.8863422273871895
2 32 -0.764857139417932
2 40 0.2235866802207085
2 41 -0.8448468129634517
2 43 -0.5070113836175061
2 49 0.3420744076458051
2 54 0.6118267069590968
2 55 -0.7679271957944622
2 56 0.03881671562896072
2 61 -0.8351399949879301
2 62 0.7781141675227301
2 64 0.17934863542921242
2 76 0.5693069213069712
2 79 0.09225332031747446
2 80 0.8219138779487649
2 83 0.6309362444537889
2 87 0.2716463048081499
2 89 -0.7706913876929706
2 94 0.6851891637036196
3 5 -0.7849412224519434
3 11 0.2044686671047926
3 13 0.9924542523199549
3 17 0.23371549790197688
3 22 -0.4224718868575865
3 24 0.28165933829450074
3 26 0.49729386162068767
3 27 0.42137194935956046
3 30 -0.08807690840646853
3 31 -0.3318518620630577
3 35 -0.6104133513009351
3 40 0.3808626820308516
3 42 0.4866216227164377
3 43 0.4091220554031212
3 46 0.5095312055450567
3 49 0.4064505434278376
3 53 -0.18317117683097162
3 57 0.6300264773017428
3 59 0.954705586521529
3 62 -0.05678806096183142
3 63 0.9179954057052133
3 73 -0.3435373474753953
3 76 0.16905714905279812
3 84 0.8512324451105109
3 85 0.7280347430175498
3 88 0.910452804803489
3 91 -0.9330937223895328
3 94 0.3345436167174025
4 6 0.04938464484365057
4 9 0.3215003373747578
4 10 0.10318521788377732
4 13 0.9253934043181742
4 15 0.6166346485126262
4 16 -0.40312559597473197
4 21 -0.9438275030623449
4 24 -0.5602091528044968
4 32 0.15748453577175758
4 38 -0.1086821038520367
4 39 -0.7737598449962433
4 40 -0.4900156817482868
4 42 0.7203243875838388
4 45 -0.588898446092115
4 47 -0.3653014864423656
4 58 -0.044988642493102304
4 68 -0.7761157487139569
4 70 -0.56762394210415
4 74 0.5948256555285205
4 92 0.5600185757564384
4 94 0.20512950565607713
5 7 0.6656856120845673
5 8 0.8995164782200911
5 10 -0.9480998326197694
5 22 0.27043388054777306
5 25 -0.5986020581817892
5 26 0.038365582538984144
5 34 -0.2579127643478434
5 39 -0.5560151447685222
5 41 -0.8051127050993203
5 44 0.0023883269044016053
5 46 -0.6283288350627221
5 48 -0.6163297350303858
5 57 -0.9582398882097287
5 58 0.5244724533668987
5 63 -0.11730648696665669
5 65 0.17221086296965504
5 67 0.48296943474982945
5 77 -0.2636546620050775
5 82 -0.728951586633223
5 84 0.9407135204303012
6 10 0.5703960763866813
6 14 -0.23323333507434252
6 15 0.2875487812896651
6 17 -0.170988601616481
6 18 -0.7989742910165443
6 22 0.85990919200459
6 23 0.88475729041808
6 25 0.3920358309827039
6 26 0.6389846386735356
6 29 -0.46622652009377363
6 32 -0.9691180650366722
6 44 0.3801022320345777
6 45 -0.1777384569889735
6 46 0.6834828526361865
6 47 0.9207825673882115
6 50 0.33118356702158547
6 66 -0.09589743024449571
6 67 0.6392255737383972
6 75 0.23857660492445087
6 76 0.34037972277887296
6 78 0.3137348036274663
6 79 0.056706414146599826
6 86 0.7915107134560959
6 89 -0.08681297660222942
6 90 -0.4609614898054122
7 9 -0.33838001729239653
7 10 0.37722704818489583
7 13 0.8587338969147889
7 16 -0.732711372978591
7 18 0.7082931392020642
7 20 -0.8950527709827378
7 21 0.6907373969591859
7 52 0.20381653097517627
7 58 -0.9733129611162328
7 59 -0.7900252161585621
7 64 0.1824033584952509
7 79 0.6660211305411206
7 80 -0.13874537515620178
7 81 0.6558654110794608
7 82 0.8262471452670908
7 83 -0.852083065629567
7 90 -0.6789966078025624
8 18 0.05019086480760593
8 26 -0.3966942955709962
8 28 0.7913134763205751
8 31 0.1029974390156092
8 32 -0.3941128235291296
8 38 -0.8246520061547236
8 43 0.45966541961939855
8 44 -0.1966250067479045
8 46 -0.8990062755598276
8 53 0.5163683713674534
8 62 -0.2518008536557832
8 65 0.07080060419499445
8 68 0.6824018569821868
8 71 -0.9251075459790212
8 74 -0.2328209658540079
8 75 0.10526118866659573
8 80 -0.9501649605310076
8 86 0.12434050430477361
8 88 -0.11415892270624983
8 92 0.4300820647331327
8 93 0.8477539960725327
9 14 -0.10546458223729815
9 17 0.7793480948982063
9 23 0.05103004411475642
9 25 -0.9017244271695837
9 26 0.5495603233366635
9 27 0.1702468169561442
9 31 0.15546898706099288
9 32 -0.19737927550917655
9 38 -0.991185339093827
9 39 -0.8093800111418292
9 40 0.48372335442550574
9 41 0.30485565274604376
9 46 0.9780868133723419
9 49 0.2831552414820413
9 50 0.12471868220875093
9 51 -0.6386493707998686
9 52 0.18942570771407707
9 56 0.2911579694402444
9 59 0.6960516120856415
9 61 0.5150712256369525
9 63 -0.21889230253878145
9 67 0.23712907396984084
9 70 -0.26855870067343957
9 79 0.4587777917934637
9 84 -0.7388565467131187
9 88 -0.8537681503061822
9 89 0.13176181676664567
9 90 0.5618095743914753
9 92 0.9449276732645113
10 20 -0.5250986776867961
10 21 0.4250366533191168
10 22 -0.5679627053047371
10 23 0.5587431673861658
10 25 0.4464811752315445
10 27 0.8457530491723328
10 32 0.7279686497659772
10 40 0.7295089272285653
10 44 -0.8974115400195135
10 58 -0.2593348069144996
10 60 0.8884321340974957
10 61 0.6009980546770031
10 65 0.9701876947983872
10 69 -0.1260771933421867
10 73 -0.4813465036496949
10 76 0.6701148771432182
10 84 0.7289220253911626
10 87 0.9197712811061667
10 89 -0.5580572379761062
10 91 0.6034434756912452
10 94 -0.07809119586330171
11 16 0.5536675703557372
11 18 0.011451402766032848
11 20 0.20799695930058992
11 22 -0.06333880749904663
11 26 0.6388525787381818
11 29 0.5239232080759824
11 33 0.8091524478032097
11 36 0.08938901074590455
11 38 0.18311010246091874
11 48 0.6757660539605876
11 50 -0.9458722362967258
11 61 -0.5249690612404787
11 67 0.5787177352001289
11 72 -0.06017592974031949
11 81 -0.46383507064851326
11 82 -0.003460415220839952
11 86 -0.5573867461979827
11 88 0.013589303359599958
11 89 -0.7416913397660903
11 94 -0.30805063406169375
12 14 0.06824327848988965
12 16 -0.5204461907804825
12 18 -0.9254516891694455
12 19 0.3888705739762759
12 20 -0.5564013211151866
12 22 0.9083229448098233
12 27 -0.13988916404564655
12 39 0.22675772412844042
12 40 -0.3859821856801193
12 41 0.22513366094813003
12 44 0.49499068628629117
12 46 -0.7877439537762443
12 51 0.8654797326002894
12 52 0.5592364528277769
12 56 0.08645242456463209
12 58 -0.04896324561364751
12 67 0.29184942043880824
12 72 -0.4382975214752711
12 74 -0.14601197499221374
12 78 -0.46061730097468834
12 79 -0.46787299274536487
12 90 -0.04005284440844137
12 91 -0.7116544156451996
12 92 -0.19439992461455757
13 14 0.9874183434765118
13 18 0.6062573644577771
13 19 -0.6405043978304312
13 24 -0.7828719600209748
13 27 -0.47801460311259314
13 35 -0.9832122296351233
13 50 0.21725473683640684
13 52 0.17415878635304982
13 61 0.8367273869828191
13 62 0.4786603729563166
13 64 -0.4195140042673069
13 67 0.05302398824081611
13 68 -0.8670884511970911
13 75 0.5446590147022294
13 76 -0.9406562455515126
13 80 -0.6654838828575302
13 83 -0.27318409342242744
13 85 0.03206711034253229
13 87 -0.20945692509778246
13 88 0.9229581313869779
13 89 0.33435594624304055
13 90 0.2140155433675941
13 92 0.6525499053712873
14 16 0.7407762209553803
14 19 0.8431014394957401
14 20 0.21324171080209542
14 27 0.30553525981035934
14 28 -0.5230110613308823
14 30 -0.4338263261652213
14 35 -0.8006935855807586
14 36 0.033034735381466174
14 39 0.8759203787468239
14 44 0.7291974146583216
14 51 -0.16891356429943372
14 52 -0.5685899416130828
14 53 0.9744846630453687
14 54 -0.8429026626233229
14 57 0.44313735057159764
14 59 -0.4699211829774079
14 61 -0.2431697174551739
14 66 -0.17232998653680442
14 69 -0.4113219771778376
14 70 0.43746353945182936
14 71 -0.9261998561208056
14 74 -0.29710472478783934
14 80 0.005540392565234198
14 82 -0.5222594951908521
14 87 0.6605160584387066
15 17 -0.9944375657802442
15 21 -0.15120978221170622
15 28 -0.8093400677645779
15 30 0.2760901104877407
15 39 -0.5780610559085542
15 40 0.18887732814764835
15 43 0.9663834649893146
15 44 -0.35494410292596945
15 46 0.9590501486107945
15 51 0.2659374644734691
15 54 -0.27711714403598453
15 56 -0.9980369605883244
15 60 0.38480974970695736
15 61 -0.96070341321349
15 63 -0.3945646500529252
15 68 0.6073616790098186
15 75 0.14837128116591147
15 77 -0.1379916774861205
15 80 -0.2305535917330115
15 81 -0.14046034790636885
15 82 -0.340539629462957
15 85 -0.2256970230619353
15 87 0.8618882368752334
15 94 0.32449855080086976
16 18 -0.39605492164694667
16 19 -0.416895060703085
16 24 -0.8228521933551107
16 27 0.41380672103457017
16 28 0.7052637293462076
16 29 0.2565511366183426
16 30 0.007627226778738505
16 31 0.4722145986612427
16 36 -0.3760033508067422
16 37 -0.055833043455302045
16 40 0.06814129044416295
16 47 0.6317522255753616
16 56 -0.05609333341651168
16 59 0.8089291098388742
16 63 0.36930079712883535
16 64 -0.39360604732241855
16 67 0.4626601299025366
16 72 0.6115004282235983
16 74 0.9715201656167054
16 75 -0.05606523339933567
16 77 0.11184535706894772
16 78 0.8904971828966495
16 80 -0.401808600693627
16 84 -0.268794067716424
16 89 0.009041189989970055
17 20 -0.5208059057018559
17 22 -0.2489205448658136
17 25 0.07817495755832882
17 28 -0.5515614201240686
17 30 0.6430632279880657
17 31 0.5871643324743727
17 34 -0.7993865595980947
17 37 0.22301057755547782
17 39 0.8753529150555108
17 40 0.04664658067310712
17 41 0.7489586450355918
17 44 0.8832727799253497
17 45 0.2992239379326036
17 46 -0.6961938272086632
17 50 0.49648160374095207
17 51 0.6984529713755971
17 52 -0.1420776070007228
17 53 -0.10137517284975162
17 56 0.8576321948961947
17 69 0.30484333950999964
17 70 0.5831202093053782
17 72 -0.36759361537221236
17 73 -0.33968918172028717
17 77 -0.6557272185581173
17 80 -0.7600924644250162
17 81 -0.5025052999724662
17 84 0.9335306118578586
17 85 0.286608809236647
17 91 0.8709531441562042
17 92 0.8555613646710782
17 94 -0.21668642084612544
18 24 -0.792333261581496
18 29 -0.013841462266298343
18 35 -0.03557148195954052
18 40 0.666367308510512
18 43 -0.6029628970694758
18 50 -0.046785010671394955
18 54 -0.3561910226200449
18 57 -0.9868255396930121
18 58 -0.13649170953251422
18 61 -0.9568044321077949
18 70 -0.505720868069657
18 75 0.95962943137418
18 76 0.14189779126037072
18 78 -0.2889458073683855
18 81 -0.7438287153293537
18 84 -0.644426236636495
18 90 0.26567284286484383
18 91 0.6563470181217288
19 23 -0.1377081626876946
19 30 0.3455669343759482
19 31 -0.35392843946152586
19 33 -0.30636293133669157
19 36 -0.20140663906363954
19 41 0.8243815433581909
19 44 0.7167989381321813
19 45 0.2473696066686133
19 47 -0.9129262224399681
19 49 -0.8081337470941681
19 52 0.6110023725543561
19 53 0.6393007274084936
19 54 -0.6195534892361669
19 55 0.0799402363693138
19 60 0.36459243386093987
19 61 -0.5640651881565404
19 64 -0.13114159039185713
19 70 -0.8224490408943015
19 73 0.7060787650040843
19 75 -0.8548451666624515
19 77 0.8717187409365093
19 80 -0.6518621045528776
19 82 0.14401065448806571
19 84 0.9185726131409291
19 92 0.3588320541743524
19 93 0.5023347635326276
19 94 0.48395922711839057
20 25 0.06223498451078524
20 27 -0.4079614335571815
20 32 -0.6752891950360564
20 39 -0.2673131489299756
20 41 -0.23164492893835997
20 42 0.937792702427144
20 48 -0.11411951935321496
20 49 0.2625761740999306
20 51 -0.13416230730918488
20 57 -0.5196882593601113
20 62 -0.2606556609415127
20 63 0.7253836297625218
20 66 0.7249408559109689
20 75 0.8013834407438365
20 76 -0.39759607502645244
20 79 0.04704433081315784
20 83 0.5757349133204464
20 84 -0.06579664882940817
20 86 -0.5345850606759259
20 90 -0.009649284340049302
20 91 -0.8884187135390635
21 29 -0.5064045801733903
21 33 -0.8424893840249743
21 35 -0.5523599249169133
21 38 0.042264516280128284
21 49 0.9130956405954056
21 50 -0.4207223312136723
21 51 0.3945188519319913
21 54 0.002349878985335785
21 55 0.8633969583151029
21 58 -0.17711485154325501
21 63 0.39408086140614795
21 67 0.7186135685741271
21 74 0.3788856887586538
21 77 -0.425874938879268
21 78 -0.6502057515438784
21 79 0.18566444965551576
21 81 -0.5251105773576994
21 83 0.11506331597927133
21 87 0.9736906602692537
21 89 -0.43875958872422705
21 90 -0.5512442010511829
21 92 -0.9978813668564552
21 93 0.42475677842699455
22 24 0.49798432205564835
22 25 -0.03938160627684639
22 27 0.17048652334852865
22 34 0.7994777681319736
22 37 -0.7930310356436654
22 40 0.9016249135128644
22 45 0.19274274288473103
22 47 0.5818623651467907
22 48 0.16634401173615676
22 49 -0.9496790219139164
22 53 -0.22796826667701242
22 54 0.7505439199763846
22 57 -0.20140318582437478
22 65 0.9685536810564426
22 66 0.5677330423854758
22 67 0.0056194176985622235
22 74 -0.25953325753495315
22 76 -0.19279034425574126
22 79 -0.6255439057896668
22 80 0.7553692525361535
22 87 -0.8560765233869017
22 88 0.5298865437371236
22 90 0.6489843294695841
22 91 0.11382742305746185
22 92 -0.5629335521834593
22 93 -0.32085955579896996
22 94 0.7062653029754518
23 28 -0.38902586035242304
23 29 0.21265469483727495
23 31 0.9573527066468872
23 38 -0.17871551826001575
23 41 0.9130333673882745
23 50 0.34311188771598866
23 56 0.782895128793953
23 59 0.7972069815594303
23 60 0.9084332862071907
23 65 0.4036732813508559
23 66 -0.5371696898415885
23 70 0.5746182320657909
23 76 -0.06479563854925852
23 77 0.5470056309468077
23 79 0.6000973731600234
23 82 -0.22622239640323616
23 84 -0.09621759573242494
23 85 0.8332807238529016
23 88 0.05698858317687616
24 25 -0.8900762781821194
24 30 -0.8259462244679174
24 36 0.7005076646159809
24 37 0.38039523281351273
24 44 0.7859919765535954
24 49 -0.1087964764652205
24 52 -0.9206441776454575
24 57 0.1840782808224959
24 61 -0.6572968438289544
24 62 0.9511661925896102
24 63 -0.04972390493983436
24 66 0.7692103989562649
24 70 -0.821597766087941
24 73 -0.9506755962269036
24 77 -0.2598385246986372
24 78 0.7288416273570653
24 82 -0.7690418179092471
24 86 0.1137847546041939
24 94 0.3197046415606899
25 31 -0.6431218890280155
25 38 0.31493363065233204
25 42 -0.30246682200645103
25 46 -0.009548466526475563
25 47 -0.9709470795960093
25 49 -0.8596739925050627
25 51 0.5124822098875188
25 54 0.2798026062231367
25 58 -0.9880924617693287
25 61 -0.154680509623639
25 62 0.7428230410891041
25 65 0.3318453872610345
25 68 -0.39050735946232407
25 71 0.6986888106432543
25 72 0.866814071976119
25 75 -0.09321410497670435
25 76 0.9600678058293379
25 82 0.7568817184368708
25 83 0.17426927400159697
25 85 0.751075101338589
25 89 0.12936127838905076
25 90 -0.28694128769293537
25 92 0.6166231033471208
25 93 -0.9705567460443236
26 29 0.8557569512220178
26 31 0.2918712281827458
26 37 -0.6841614190048322
26 42 -0.3089052396615204
26 45 -0.941270373152143
26 50 -0.11548120389112992
26 63 0.19888689867830345
26 64 -0.18964607416899493
26 65 -0.43341501697561324
26 69 -0.6629172303286415
26 71 0.9731269531917233
26 74 0.0035417707139588916
26 88 -0.6894723204707389
26 90 -0.023867322453852147
26 93 -0.9792142452822405
27 28 -0.04078129373396466
27 30 -0.584907745811774
27 31 -0.6080434013414295
27 33 0.11559549591058116
27 34 0.5253463865724106
27 35 -0.1611445647721348
27 39 0.9436519110832184
27 48 0.5595069559867862
27 53 -0.4415247914324376
27 54 0.009949102362265094
27 56 -0.0954663156144393
27 58 0.3154814806474113
27 59 -0.33395679403117984
27 60 0.5972361054271516
27 61 0.9679752616489774
27 68 -0.4887326671878003
27 74 0.1901931055950501
27 75 0.27101323606018735
27 76 0.30767279404507986
27 93 0.3662136955042963
27 94 -0.7414290475125342
28 30 -0.9259777255293868
28 33 -0.8820707295916137
28 39 -0.8280255484957597
28 51 -0.9373049593720966
28 56 -0.29112634469716747
28 58 0.931731135517174
28 62 0.564522737999058
28 64 0.6399890720579964
28 67 -0.7411427532386812
28 69 -0.42211541458991086
28 71 -0.8248932305333356
28 75 -0.8144614718066903
28 78 -0.9906656604235471
28 85 -0.2568399617357848
28 90 0.4240480963127964
28 92 -0.2770331905094392
28 94 -0.5618137232084834
29 36 0.34062789792097203
29 39 0.08345236998837446
29 41 -0.911904053816508
29 44 0.3037588530475239
29 53 -0.5446575503373199
29 54 -0.18811602001004513
29 57 0.9568419681431606
29 58 0.3242174616092146
29 61 0.5545701915526609
29 67 -0.8437288777470384
29 69 -0.9084289960691005
29 82 0.016739402589086794
29 91 0.40024936966828184
30 31 -0.07673260364244894
30 41 0.5201593269273124
30 44 -0.022975492149556187
30 45 -0.5458215486877434
30 53 0.4778093759178168
30 55 0.49211775017388737
30 57 0.10909957056181363
30 58 0.759155908788089
30 59 0.08226778263278844
30 65 -0.6811731517214561
30 70 0.7023276706931945
30 76 0.24802977204459276
30 77 0.5707158104150418
30 78 0.14783486051213512
30 80 0.8533331620956699
30 83 0.20687316038708414
30 85 -0.17560495851939795
30 88 -0.32814648101126775
30 91 0.6831840327357688
30 92 0.7282443672940904
31 32 0.6113807993058207
31 33 0.6533550418156673
31 38 0.3755614711910409
31 39 0.5243831049648129
31 40 0.831866847277839
31 43 -0.4238956685355817
31 47 -0.24514201940225622
31 48 -0.7956167226597395
31 52 -0.2723308314766564
31 54 0.6102728078662754
31 72 0.5236872046466425
31 79 0.06011688706749285
31 83 -0.8046426348146121
31 85 -0.5917917488553741
31 89 0.3437763363058868
31 90 0.6685249263649242
31 91 -0.11236655052865152
31 93 0.2977767098976092
32 33 0.16532274214113918
32 38 0.5688094500125245
32 41 -0.27880796726970414
32 43 -0.8860454254170624
32 46 0.05416993954629934
32 48 0.0982976403164395
32 54 0.9578792263656501
32 56 -0.9119640169964605
32 57 -0.1188891411404418
32 64 0.1782229933745485
32 66 -0.7898237705450883
32 70 -0.45458775120604966
32 77 0.10856210575596359
32 79 -0.5292707798907577
32 84 -0.84177081682187
32 85 -0.8384576421423893
32 86 0.7278162385360882
32 87 0.17506773376212736
32 90 -0.9389945140928451
32 93 0.5639217150695888
33 41 0.5153367943335301
33 42 0.7196526202918814
33 45 -0.7024907826711251
33 50 -0.4332663549732765
33 52 -0.2443363598806958
33 54 0.2441616625289742
33 58 -0.4003415240375463
33 60 0.5860060001734322
33 66 0.40636369368849823
33 71 0.4003158382089269
33 77 0.6118461061140241
33 78 0.8298948517365929
33 91 0.9868159827842127
34 35 0.5421163904145545
34 36 -0.7038716433894361
34 38 -0.6742325785938892
34 42 -0.0407922022383016
34 50 -0.3765402058938061
34 52 0.87731926598115
34 53 -0.9945214584641275
34 59 0.036569706974873384
34 61 0.524188389516739
34 63 -0.1463027815942306
34 64 -0.17379846445259295
34 69 -0.5128935673159167
34 78 0.04915547452192426
34 84 0.7352618997214591
34 85 -0.6495191692801747
34 90 -0.885936984985616
34 93 -0.7948075279560882
35 43 0.5940835311689421
35 45 0.2565038281506151
35 46 -0.48517035953977317
35 49 -0.1302892433273195
35 50 0.11700055462778325
35 56 -0.4239224223478506
35 62 -0.8521298213980646
35 64 0.9259035921365921
35 67 0.8607167942729397
35 72 0.5718108414676348
35 73 -0.8660918161636706
35 77 0.5950549847549567
35 82 -0.011325794160933933
35 83 0.9274708490229666
35 89 -0.8549044129926378
35 91 -0.2969787909879098
35 92 -0.5322702217378426
35 93 0.8548278967911664
36 37 0.7784043743981406
36 39 -0.8512164345823579
36 46 0.573537585782933
36 56 0.6502794096645859
36 58 -0.8690803638509859
36 62 -0.517167767500891
36 71 0.355568155435372
36 72 -0.8941615693735063
36 76 -0.4305327731567139
36 80 -0.18441674860155022
36 81 -0.9936715961189715
36 87 0.06672076127936011
36 88 0.7453728243976669
36 93 0.9362560215460067
36 94 0.878024039312767
37 38 -0.03975677121025312
37 41 0.5095266473270419
37 44 0.6629360767208119
37 45 -0.8576760751130528
37 49 0.831500794821942
37 52 0.8166304219985374
37 54 -0.30050214753029425
37 56 0.4004743047302328
37 57 -0.08374214689828485
37 60 0.5845997073627267
37 62 0.6246491429458927
37 63 -0.657973386433115
37 65 0.39656145381367347
37 67 0.48431031056480744
37 72 -0.2689784154705983
37 73 -0.04037167337437508
37 76 -0.9826356376750749
37 77 -0.635726671534486
37 88 -0.11248091512726366
37 90 -0.4997822233460598
37 94 -0.004751335035467763
38 41 0.9310357086618517
38 42 0.5221048398701023
38 47 0.8899413061452248
38 49 0.18652866801046186
38 51 9.348111595697262e-05
38 52 0.6322297771240226
38 56 0.8575378491828516
38 62 0.3757345912045431
38 65 0.016660789800688303
38 66 0.5401898633234028
38 67 0.6034847214997123
38 70 0.05026233388082324
38 71 0.0029176003168360776
38 73 -0.01774395043035537
38 76 -0.8357311375467675
38 84 0.5319415201733448
38 86 0.6468475613059197
38 87 -0.3374227964271097
38 92 0.22317308372431
39 40 0.0076353775506607935
39 41 0.125058028153042
39 42 -0.7542747065665432
39 48 0.5312569377696073
39 50 -0.16613595883373256
39 53 -0.4907643991011341
39 62 -0.5585912927886278
39 65 -0.09371932310122388
39 74 0.4383345332152633
39 75 -0.29222565761446484
39 76 -0.6855151052412662
39 78 0.17335379709231447
39 79 -0.799716225582358
39 81 0.13588244048864095
39 83 0.012468225954871848
39 85 -0.5582676863767655
40 44 0.4811011416049662
40 47 0.9929620245786492
40 52 -0.16238285784181206
40 56 -0.5296159082698111
40 57 0.7444051483542147
40 58 0.6337549732620789
40 60 -0.5997413914409953
40 66 -0.8073583979836387
40 67 0.18675491672325206
40 68 -0.4958472157111422
40 69 0.18005978792566912
40 74 -0.5827785111211545
40 77 -0.7169265073429651
40 85 -0.716411196710077
41 47 0.2539624737431794
41 48 -0.8520386858387912
41 53 -0.5947213478852185
41 54 0.8309527313945049
41 56 -0.026591938137116022
41 57 0.0175235752579197
41 61 0.05524517545712038
41 64 -0.3463250041977102
41 66 0.7458893636605348
41 68 -0.6548514761810433
41 82 -0.46837096247466614
41 83 0.8837137803076744
41 91 0.3278207469005645
42 43 -0.871451732013629
42 44 0.2797332676770039
42 48 -0.44996077798095113
42 54 -0.9181192709153188
42 56 0.9904101616973393
42 57 -0.06646215122969967
42 60 0.6070741188020905
42 63 0.22204197224342836
42 66 0.7486539514812183
42 68 0.41994463774922397
42 76 -0.16987551637718146
42 77 0.029269250524685653
42 79 0.5106441249650624
42 81 0.2923716161784866
42 82 0.8407283477723719
42 83 0.9983670455365135
42 89 0.8688964388692983
42 91 -0.07575532958788034
43 45 -0.475930181654441
43 51 -0.17915278060676676
43 56 0.2345062219494385
43 58 0.4145166842847281
43 59 -0.45562761490300674
43 62 0.912249031903648
43 65 0.3851299970187676
43 66 0.848072652603896
43 68 -0.9714312116348263
43 71 0.6738199189204985
43 74 -0.9336354727720151
43 75 0.7468107671727242
43 82 -0.9400968580179143
43 84 0.2168246028502141
43 89 0.6875455552886307
43 90 -0.5604866991479702
43 92 -0.36743066391366863
43 93 0.9297026886635011
44 49 0.5911671965736369
44 54 0.9481250798650245
44 59 -0.7717261010033629
44 60 0.0250900930614244
44 63 0.8150714240245003
44 64 0.9049273452002635
44 68 0.11215232201238279
44 71 -0.6503995473043493
44 73 -0.8797363123193671
44 79 0.5478936056751897
44 81 -0.9474986206479867
44 82 0.011815995809990154
44 83 -0.07423195936244564
44 87 0.84709163689237
45 46 -0.7110637560939734
45 48 0.36024296730004934
45 51 -0.5675140837829893
45 54 0.5871719554054229
45 55 0.7987033534376053
45 57 0.6981479575806151
45 58 0.2312331051133889
45 65 -0.44486746254936627
45 66 -0.3291922480017926
45 68 0.40829734063498324
45 71 -0.484509596520206
45 78 0.3300800408476714
45 83 -0.8252002106576115
45 85 -0.4817523021966912
45 86 0.49077958301969504
45 94 0.24982511736517665
46 57 -0.42110302522432486
46 62 0.7569017709729562
46 64 -0.30818540341226597
46 65 0.5285854721191507
46 67 -0.788062830993429
46 68 0.4869629114745033
46 69 -0.6602841951533809
46 71 0.6002840112439152
46 73 0.9208982046052105
46 74 0.789432276501558
46 78 0.8802610165245215
46 82 0.42609186405041166
46 83 0.3213190633393974
46 86 -0.6254270361796619
46 89 0.7759117610221087
46 90 -0.15143412432044867
46 92 0.8302547019331123
46 93 0.7072801823868957
47 48 -0.9820696007891898
47 56 -0.14200748693791332
47 57 0.04119720518084624
47 58 0.827026887204789
47 70 -0.08144011417832608
47 72 0.6886155487923915
47 80 -0.0262041105011519
47 88 0.7692819455308824
47 90 -0.343083684441454
47 91 -0.3536686458883589
47 93 0.646360199059407
48 50 0.4743251077443915
48 53 -0.7316898885592744
48 55 0.11914678876181473
48 56 0.17519465357344965
48 58 -0.5278670330177198
48 62 0.9482188722041764
48 66 0.8225933261968101
48 83 -0.9278016402265283
48 87 0.03080538213763573
48 89 -0.7346437384061237
49 50 0.9073465124502431
49 54 0.017936227752477052
49 56 0.24948410952999622
49 60 0.7592612462164725
49 61 0.29789996715563105
49 69 -0.7623423795613651
49 70 0.2883554954188945
49 72 -0.9952518942425841
49 74 -0.3726861558103942
49 78 0.9001041400178353
49 79 0.9557653255059082
49 82 0.9572999480679958
49 85 -0.8689536956074755
49 86 0.8047491240461828
49 91 -0.4999567491707333
50 61 -0.4521213424529047
50 63 -0.7513288051741422
50 64 -0.27587376446066614
50 69 -0.9464584989003824
50 81 0.4289681000197083
50 87 0.009916802498310728
50 88 0.42622026003917757
50 89 0.9540597197190297
50 94 0.17365315040669804
51 61 -0.39701332836821823
51 69 0.15508945254831308
51 73 -0.6834172540960008
51 80 -0.5847368877659871
51 82 -0.5271896315231854
51 85 0.8585408414169498
51 89 0.2895979990405766
51 90 0.6689405440151086
51 92 -0.8193154929965618
51 94 -0.40688122008262684
52 53 0.9999105983948327
52 56 0.6562738757429802
52 57 0.3289209292833408
52 65 -0.002500101824925993
52 72 -0.8956827490648267
52 79 0.7475918792178575
52 87 0.6871383483804123
52 91 -0.7192645954244479
52 92 -0.054390324754516994
53 54 -0.05258566185872704
53 55 -0.46176573322885783
53 56 0.4207905647860666
53 72 0.5540838611031507
53 77 -0.4841378977241557
53 78 -0.3082943894189225
53 81 0.25446847043133514
53 82 0.13765637313360202
53 83 -0.6421084363425971
53 88 0.9885080123576782
53 89 -0.555058151062678
54 55 -0.47937818560635237
54 56 0.25453636091787657
54 62 -0.9379871228383445
54 63 -0.6523833598475728
54 68 0.8718137628816474
54 70 -0.02416610502009875
54 71 -0.13834176014447097
54 74 -0.7805591363490609
54 79 0.8780739553953703
54 81 0.411177028994268
54 85 0.4717514196210464
54 87 -0.12359776709390458
54 91 -0.20915767588337686
55 57 -0.2716292327006171
55 60 0.9847521608496586
55 61 -0.2098236088499461
55 65 -0.6209664858033854
55 72 0.27249392186604493
55 73 0.32815257881964355
55 77 -0.7510833845400167
55 78 -0.3169723901118442
55 81 0.8823185036983852
55 84 0.11032995681689273
55 89 0.5888467269739426
55 90 0.9901478853528412
56 61 0.09128644341359338
56 62 0.11493918223585475
56 67 -0.4277705427623284
56 70 0.05964968950615113
56 72 0.41830926294297144
56 75 0.7161737617458876
56 78 -0.16319234789695325
56 81 0.07551353120646831
56 85 -0.5761556572054691
56 88 0.02342503567470433
56 91 -0.2911265172583901
56 92 -0.09019846322742775
57 58 -0.03047651857285172
57 59 0.02886248648502665
57 69 -0.35528763517813977
57 74 -0.42014684013217307
57 76 0.22918872147563607
57 78 0.5168899820176887
57 83 0.6214838903377682
57 86 0.052424132836084825
57 88 0.9484046463770197
57 93 0.20935726914871067
58 59 0.9148519903635672
58 63 0.33149442557736886
58 65 -0.1432731111612613
58 73 -0.9420309331932637
58 76 -0.018862476751445367
58 78 -0.12332576270194773
58 79 0.9130860838661508
58 82 0.11678350914065927
58 86 -0.6025720298183206
58 90 -0.421508618823524
59 62 0.44496920858073596
59 67 0.757870942234304
59 75 0.4538657394802832
59 80 0.2601242356924809
59 82 -0.5465782575888498
59 86 0.09028133410445682
59 87 -0.015580588772015957
59 93 -0.4796048293552093
60 65 -0.2314018592770657
60 66 -0.7994989010275324
60 67 -0.519120001577116
60 71 -0.30786012183898515
60 73 -0.3903170215033256
60 75 -0.42141783185618364
60 80 -0.6418217713790579
60 82 0.25569396979589176
60 83 -0.02633966337586524
60 91 -0.10201761216311556
61 67 0.3398508906534621
61 70 -0.5929308529092996
61 73 0.1558264628320385
61 76 -0.9831814125027452
61 79 0.706173414610695
61 81 0.12623901250791336
61 87 0.9448001542081157
62 63 -0.9128345437348211
62 64 0.5174673122931599
62 70 0.6944404033965612
62 72 -0.7132913209482972
62 73 -0.22107866661278686
62 75 -0.05375400846254874
62 76 0.07888268660363784
62 78 -0.9154525892905512
62 82 0.5514480483279911
62 87 -0.5760727732898039
62 90 -0.48896883263409285
62 92 0.714459491803916
63 64 0.22781063004614865
63 65 -0.7003464567062201
63 67 -0.5980198122866269
63 70 -0.7997310891234575
63 71 -0.8470403454038331
63 74 -0.9841244829292513
63 76 0.6357910312693063
63 79 -0.6378178625264128
63 84 0.9136996825709998
63 86 0.7485495180532205
63 89 0.7895400121656238
64 65 0.7780895883166743
64 66 -0.4501619378949917
64 73 0.40645088539204877
64 77 -0.6131279783704311
64 80 0.03312573496768789
64 87 0.7654137949872488
64 91 -0.7778237232053546
65 66 -0.1813410483720519
65 68 0.1737631219393092
65 72 -0.013043047070205427
65 83 0.3771384839294647
65 89 -0.5319390437237177
65 91 0.6056386375209444
65 94 0.8546202584919662
66 67 -0.9529745420199283
66 68 -0.26752375875928514
66 71 -0.7351943063826387
66 72 -0.07206614668343825
66 77 0.5814012972546798
66 80 0.011042280419035988
66 84 -0.6913325327334048
66 85 0.4370151950157706
66 88 0.22828910761866505
66 89 -0.7734938561207452
67 70 -0.795480914761757
67 74 0.7746870895324576
67 78 -0.4119267219901508
67 81 0.5458153245854629
67 87 0.42941015334459576
67 88 -0.9152386992034265
67 89 -0.11129925078953828
67 90 -0.27957923869846724
67 91 -0.6459425738430828
68 71 -0.4241463935835206
68 74 0.1579066074227513
68 75 -0.13254194055322888
68 79 -0.9535046339963889
68 86 0.6721681408250162
68 90 -0.7082809533510352
69 70 0.9133383225418561
69 76 0.934774702531737
69 85 -0.6234001955614905
69 86 0.22564499859869724
69 92 0.8326862628493594
69 94 0.9619832926994365
70 73 0.44528710102514335
70 74 0.8130834853181472
70 75 -0.3443241210011019
70 76 -0.6813814764487893
70 81 0.12403616894719005
70 83 0.011574393058116028
70 90 -0.09230176666246637
70 92 -0.4255970404942746
70 94 0.17803776174281127
71 72 -0.7049224393747002
71 74 0.5346082594247537
71 76 -0.20908711223037124
71 83 0.7547639203622931
71 84 -0.42316300289559283
71 85 0.27896892176427746
71 87 0.20899178857159373
71 89 -0.5863737724861005
71 91 -0.15248044471768396
72 73 -0.6836662685010149
72 76 -0.7712615359345543
72 82 -0.18133527392036908
72 83 -0.21765210777361754
72 85 -0.9481490309856204
72 87 -0.30380111687222455
72 89 0.9401253226245991
73 77 0.6699339720305171
73 78 -0.8555888349085568
73 80 -0.9458988376744615
73 81 0.5851700067350212
73 83 0.7303726990620525
73 84 0.7428764890630735
73 89 0.7995862080041336
73 93 0.9726016359453267
74 76 -0.6242182089193529
74 80 0.4633152021444831
74 81 0.9135817290580937
74 87 0.7191085352226279
74 88 -0.05628788355016057
74 89 0.7627552661413155
74 92 -0.04134823612618521
75 85 -0.1364742961000327
75 88 0.13033414793616438
75 89 -0.01705214189927373
75 91 -0.7773941520152288
76 78 -0.9413363355867885
76 86 -0.3613460514574851
76 92 0.46333372203827117
77 80 0.8079814128280545
77 83 -0.9360990154786575
77 85 -0.8692534145719617
77 90 -0.7520611379994562
77 91 0.6983120856589602
77 94 0.02862176301204422
78 83 0.9163268259639137
78 84 -0.72869590630832
78 85 0.5063526283148796
78 87 -0.22685543093687288
78 88 -0.42501067583458196
78 91 -0.6090612285097443
78 93 0.30683312919303396
79 84 -0.9359351083650473
79 88 0.547463687969209
79 91 0.24819180784723294
80 83 -0.624091029395349
80 85 -0.10656659987563022
81 82 -0.8619961435006993
81 88 -0.4461674489334071
81 92 0.6356375076153173
81 94 0.20236761132248038
82 85 -0.07872947543350861
82 86 -0.278098762746978
82 88 -0.5849997009605894
83 84 -0.04675569012991909
83 86 -0.876904134289807
83 90 0.904179031330971
83 91 0.30623512649050366
83 92 -0.5273741765787443
84 87 -0.5696648415830357
84 94 0.9876469964369194
85 86 0.4431590257542264
85 89 0.19717126021539633
85 93 -0.5302309502348497
86 90 0.8768935571226264
86 92 0.15491768870030054
86 94 -0.6330012747756042
87 89 0.7097872541287382
88 89 0.9896951792515738
88 90 -0.5094140069838333
88 92 0.11710946781328824
89 92 -0.5036923179876833
90 91 0.9544644502221307
90 93 -0.9871842073203472
90 94 0.8492746863531866
92 93 -0.8364232503015845
