95 2941
0 -0.2666093897408588
1 0.881623810584689
2 -0.07126124829873137
3 0.35827520548050695
4 -0.5678520517171552
5 -0.1431013798891807
6 0.14555263879964375
7 0.04735343060156061
8 0.33627283605205904
9 0.5275761492343147
10 -0.6518323178537464
11 -0.9148710049527633
12 -0.6454044902192453
13 0.8051474779325423
14 -0.782172798579287
15 0.5341975432489809
16 -0.9431841157551799
17 -0.5594786490197483
18 0.013668984168485387
19 0.44156930631489755
20 0.2085374581423205
21 -0.531744132891117
22 0.38113675443649964
23 0.9392701651948969
24 0.9139664114513728
25 -0.9081025326776946
26 -0.4234054728706076
27 -0.3683855989324918
28 0.5360437406725231
29 -0.06022327956324314
30 -0.5588592792603937
31 0.7581782687906893
32 0.0683174085686975
33 0.34033848377718523
34 -0.8157716173860443
35 -0.8819621128571862
36 -0.5600033378217804
37 -0.10668614467553406
38 -0.5753990644520492
39 -0.65526263873304
40 -0.4377416097868574
41 0.9533575126935845
42 0.09897776907799982
43 0.9385276662922089
44 0.8504126691704563
45 0.24550696610738454
46 0.3706923389693553
47 -0.5833501558788201
48 0.7106726609592386
49 0.8002978101979459
50 0.11986080610997751
51 0.2730262958899361
52 -0.4910982314492798
53 -0.11069512937501935
54 -0.8710092402175507
55 -0.21687399619507142
56 -0.8449333041329206
57 -0.09902689945230336
58 0.6267170004265141
59 0.7810329402528793
60 -0.28842447667752324
61 0.8335958202367033
62 0.47949079202719824
63 0.5763681184643388
64 -0.08058970810506061
65 0.6726581339146149
66 -0.6406771963744606
67 -0.5755153386633676
68 0.4937217499636313
69 0.8171739039188155
70 0.7646726897406204
71 -0.9016365875952028
72 0.6495064167530074
73 0.34122025906289144
74 0.17669766068720016
75 -0.9452786167439848
76 0.137557746484809
77 -0.19165260182620592
78 -0.8116771965463905
79 0.8227705620111356
80 0.1127095925604662
81 -0.1828055126645427
82 -0.7962163957202708
83 -0.9259596469434617
84 -0.6254471434042175
85 -0.15871659621237333
86 0.3257621115528082
87 -0.5624758289798062
88 0.7888339646322446
89 -0.9137847930357592
90 0.036292420737531916
91 -0.4287374778752504
92 -0.5257020720870555
93 -0.557621762575621
94 -0.35101547297528546
0 1 -0.8109494775273554
0 2 0.6642837662135512
0 3 0.32706463543266784
0 6 0.42013488759583506
0 7 -0.5573668157937022
0 8 0.6127959063868225
0 9 0.707512361327931
0 10 -0.2703053139333602
0 11 -0.8023110305239156
0 12 -0.9951081069420942
0 13 -0.3222369659472415
0 14 -0.5742471961550732
0 15 -0.29849020412281857
0 16 0.4669929908056498
0 18 0.7325808158111402
0 21 0.02778247115308119
0 22 0.752668771755391
0 24 0.5042653214682331
0 25 -0.2956730437768791
0 26 0.8404805636793773
0 27 0.18788143306566862
0 30 0.8293795396604426
0 31 -0.7274063695004864
0 34 -0.10809069174447816
0 35 0.9876980483287929
0 37 0.13516536147643965
0 38 -0.8363998618075921
0 48 0.3354404551414405
0 49 -0.29751214952516913
0 51 0.3617601426643833
0 52 0.667912813044613
0 53 -0.755253233602786
0 55 -0.9879315891980109
0 56 0.6277691467901052
0 58 0.34104017671178766
0 59 -0.7001825398422956
0 60 0.6013740895211737
0 61 0.05273223229253077
0 62 0.3921856741108356
0 67 -0.02343620176164629
0 68 -0.1298952026879554
0 69 -0.1171688432477298
0 70 0.02339148946375391
0 72 0.3244474626008593
0 73 -0.8980106491982469
0 74 0.7010205216089578
0 75 0.828758284766929
0 77 -0.8404325312967729
0 78 -0.9635628899199395
0 80 -0.08040149270292485
0 81 0.5305705201484401
0 82 0.7201294189622576
0 83 -0.7965726824227959
0 85 -0.1700035299658358
0 86 0.544797940560684
0 87 -0.603238006088866
0 88 0.6377110238969832
0 90 -0.8096382662243748
0 93 -0.17673239176567446
1 2 -0.6457720468030963
1 3 -0.22597961784309661
1 5 -0.06376839383943333
1 8 0.8573576190694336
1 9 -0.2897573646561886
1 10 -0.5461035577314921
1 11 0.49790258918790586
1 12 -0.3780403817827309
1 14 0.5447048489016386
1 16 -0.5317447135639306
1 17 0.4314343104385454
1 18 0.423150093539548
1 19 -0.27682323361880035
1 20 0.6615344848538907
1 22 -0.5469265427563048
1 23 0.9281821995356716
1 24 0.581962998069387
1 25 0.29991741058277177
1 27 -0.30311995112398327
1 28 0.2607315397714145
1 31 -0.66669410785161
1 32 -0.9553943112362424
1 33 0.3403732972289899
1 34 0.40937410027462273
1 36 0.35117401351526945
1 37 0.5884031932243583
1 38 0.4929512894384487
1 40 -0.7615833026465177
1 43 -0.3352068351772406
1 44 0.24135432718416827
1 45 -0.5885790879103567
1 46 -0.29123329495238814
1 48 0.7641341318288635
1 49 -0.592569571010995
1 53 0.5530327658446672
1 54 -0.2876223298629417
1 55 -0.6119124770944726
1 56 -0.7714026657093782
1 57 0.6892341654335215
1 58 0.34471762956009355
1 59 0.26681836371823464
1 62 -0.979073341782754
1 64 -0.08797518582492558
1 67 0.20145404163713865
1 68 -0.048078468666201024
1 69 0.3877525712707597
1 71 0.9618947724177751
1 73 0.21099374894164158
1 75 -0.6504605601562039
1 77 0.8767530529134124
1 78 -0.5541588820972889
1 80 -0.8902144944717734
1 82 -0.11250845910477114
1 84 -0.5213171518103941
1 86 0.2761085533985357
1 87 0.21144873863471259
1 88 0.09696763818675103
1 89 -0.17043617092594054
1 90 -0.5294228080341412
1 93 -0.4530846781888802
1 94 0.8394486356415669
2 3 0.15673481327329974
2 4 -0.061571017977789966
2 6 0.995987972656484
2 7 0.309432956219176
2 8 -0.6297958872501299
2 9 0.5555915452792946
2 10 -0.16420163749749817
2 12 -0.2223371492327635
2 13 0.8914271125579614
2 14 0.438161968933513
2 16 -0.6446661690040567
2 17 -0.9250069356224431
2 19 0.7488044723317209
2 21 -0.8811968070894645
2 22 0.34414721205682675
2 23 0.31742652840028796
2 24 0.2702633338752398
2 25 0.8087078810407373
2 27 -0.8667622627178362
2 29 0.3921254280189954
2 30 0.7087510861855424
2 31 -0.19782256884282567
2 32 0.7220154101098863
2 33 -0.4900375285195204
2 35 0.18176211068573012
2 36 0.28818373384913154
2 37 0.8544645180745947
2 38 -0.3947652459608204
2 40 0.03175807505323203
2 42 -0.595032649837951
2 43 0.016060192256395434
2 44 0.054491660249376794
2 45 0.9346252995745412
2 47 0.8877579675051366
2 50 0.9003818781576516
2 52 -0.3735453857818418
2 53 0.9491859787264254
2 54 0.0960378245593776
2 55 0.5063767297676267
2 57 -0.32071216865011887
2 58 -0.13307168196831198
2 60 0.0772281693641601
2 61 0.017362087597270648
2 62 0.33038447354678446
2 63 0.36864234400429585
2 64 0.9440300185376651
2 66 0.4388096040147522
2 67 -0.5248743823000033
2 69 0.31867772950602546
2 72 0.7705199736385453
2 73 0.4766908027440355
2 74 0.3609242134659003
2 75 -0.29925783787031235
2 77 0.2358595143568618
2 78 0.182748932905471
2 79 0.7486376332851743
2 81 -0.8735640928020745
2 84 0.8760784262177048
2 85 0.5954417156539831
2 86 0.3796862578487883
2 88 -0.08699684277454844
2 89 0.5563715299632841
2 90 0.6427448518844252
2 91 -0.6332610781243491
2 92 0.6726418309047717
2 93 -0.9250325238629598
2 94 -0.35828477581668405
3 4 0.4544377991721775
3 5 -0.6696548429044364
3 6 0.6934370644188466
3 7 -0.13254213219155409
3 8 -0.7510838921508203
3 9 0.5492525768330581
3 10 0.2229762513787079
3 11 0.6044612063297614
3 12 -0.35223800528844573
3 14 0.38310517799862875
3 15 -0.03747001538478423
3 16 -0.9153538768480511
3 17 -0.1270505196022642
3 18 -0.2333429636131259
3 19 0.2717425834439575
3 20 0.5604169756681392
3 21 -0.26170290258259743
3 22 0.5944408527778537
3 23 0.5218587344700094
3 24 -0.2938996389270856
3 25 0.5376001845451146
3 26 0.33068764505799764
3 28 -0.25980283665568527
3 30 0.8649917994434149
3 31 0.5240897339106354
3 38 -0.1867686422857746
3 41 -0.46388473903988214
3 43 0.604513917334879
3 44 -0.10517979160835078
3 46 0.6252499158480187
3 47 0.45549943381299185
3 49 -0.44862340079583984
3 51 -0.025341718307946293
3 53 0.9818516053499533
3 54 -0.6324404764597822
3 55 0.9777405326842945
3 56 0.7135696953736455
3 60 0.41135460406189006
3 62 0.08266938867411544
3 63 0.306083770888546
3 64 -0.9481818052101276
3 66 0.653874856688875
3 68 0.8319748142631531
3 70 -0.9221204373400997
3 72 0.739093983862213
3 75 0.4280890926702907
3 76 -0.8667075201621064
3 77 0.1420046237344692
3 78 0.027248486500704328
3 79 0.017758230811574238
3 80 -0.6270168616215872
3 81 -0.3438995176672186
3 84 -0.9987239464343562
3 85 -0.961539495521823
3 88 -0.07720803153515554
3 89 0.20892043126097515
3 90 -0.16564148986015836
3 91 -0.40971823952155706
4 6 -0.39384007463324133
4 7 0.8298602325364264
4 8 0.9331997337692071
4 9 0.9240425462846851
4 12 0.836059201737265
4 13 0.2729653029244814
4 14 0.456417662846184
4 15 -0.9857308678388099
4 16 0.8516985113423279
4 17 -0.10420609587224172
4 18 -0.7204701169214041
4 20 0.9481464873255943
4 22 -0.17185878135080546
4 23 0.11664324682033778
4 24 -0.5096465797980634
4 25 0.3477582953821141
4 26 0.047692641181608986
4 27 -0.06660871076958119
4 28 -0.5639411427517524
4 29 0.00782172872136866
4 30 0.8070848998086799
4 32 -0.973440975513423
4 36 -0.39069135269959965
4 37 0.31977165307181
4 38 0.6612752013505707
4 41 0.47328490652795163
4 43 0.5548830631559349
4 44 -0.78255068796275
4 45 -0.39478618253556563
4 48 -0.08187669252045238
4 49 -0.28491444013514133
4 51 0.24297542604970723
4 52 -0.8368694091988926
4 53 0.4090241068971767
4 56 -0.26716099240180724
4 58 0.7770506041428076
4 59 -0.7667112544812182
4 60 -0.33773231836807827
4 62 0.4900705387905526
4 63 0.7696214556733261
4 65 0.40363946183099353
4 66 -0.17130531355335377
4 68 0.26759408878810254
4 69 -0.05245959065893402
4 70 0.1494261349557291
4 71 0.48804366715259406
4 72 -0.08445405358108138
4 73 0.7151532093673247
4 74 0.26271707758615226
4 76 0.8974179717374191
4 78 0.9557233594119141
4 79 -0.6794342529831487
4 80 0.6790317445292084
4 81 0.26600592670212686
4 86 0.01248972493379763
4 87 0.7342064585804722
4 89 0.9346065681543625
4 90 0.18443286243785662
4 91 0.17546623882293755
4 92 0.7673678911781834
4 94 0.9854109663812947
5 6 0.9306548516772049
5 7 -0.24655978582740334
5 8 -0.49389849841891453
5 11 -0.008362467422079689
5 13 -0.8690078066232323
5 15 -0.4060518943732927
5 16 -0.5635296785727393
5 17 0.3314234491789312
5 19 -0.6329997380205625
5 20 0.2643631613793924
5 22 0.05644876306958113
5 23 0.13959264664086346
5 24 -0.5016267159635015
5 26 0.28475250601127966
5 27 0.19650575346183885
5 29 0.5209987794252593
5 30 -0.272919961831827
5 32 -0.31348250777803366
5 33 -0.09353918798276983
5 34 0.5511449063862706
5 37 0.4787888115387149
5 38 -0.7678638214197404
5 39 0.8501462342621953
5 40 -0.6603121056188792
5 41 0.702476959141787
5 42 0.07867716738860753
5 43 -0.7834335694521803
5 44 0.1340329011772079
5 49 0.8557080272257771
5 50 -0.43317997367461025
5 53 0.8323633289857884
5 54 0.4319808681267947
5 55 0.1461256217630842
5 59 0.8144468079382263
5 62 0.2822374671737564
5 66 0.8111073654382148
5 67 0.028663297703916513
5 69 -0.9667387577688953
5 70 0.5049294603771519
5 71 0.39431070387459344
5 72 0.7700132147548884
5 74 0.7281218705320041
5 76 -0.2798510039254456
5 78 -0.03552604744033627
5 79 -0.5751029943382739
5 80 0.8178491410534452
5 82 0.33521016951775007
5 84 -0.14069269210453839
5 85 0.38314208324853216
5 86 0.4640711278142895
5 90 -0.6152605467026964
5 93 0.34824702982853517
5 94 -0.5850011800700965
6 8 0.9407666568666642
6 10 -0.03411774600274753
6 15 0.7937352602273733
6 16 0.5989638435730624
6 17 0.6145280542981417
6 20 -0.022032604477763007
6 21 0.12884019468693508
6 23 0.8675869088374004
6 25 -0.022394479396101286
6 26 0.07805870787962021
6 27 -0.14620639916731504
6 29 0.37045054559495605
6 33 0.17508927206127645
6 34 -0.004223030698346397
6 36 0.7886968310228761
6 38 -0.5507934573108708
6 40 -0.21097867578790486
6 41 0.816069433122286
6 43 0.38838400386949146
6 46 0.7196917184295695
6 49 0.4431071434384093
6 50 0.34459335965928584
6 51 0.2565478249930775
6 52 0.7164058692469897
6 53 0.46206749596918484
6 54 -0.060110821554212546
6 55 -0.39396756847423453
6 56 0.6392810352193967
6 57 -0.44445995873656186
6 59 0.5250771934600886
6 60 -0.14436449611788227
6 61 0.7865475350357474
6 66 -0.11199448779512466
6 67 0.45216211577339704
6 70 -0.7643633556149882
6 72 -0.8635389562852656
6 73 0.6218713403976734
6 74 0.3002756214159539
6 75 -0.08942602103563835
6 76 0.10992711552780854
6 78 -0.13713821686925498
6 80 -0.18202439313846108
6 81 0.9998720887045043
6 82 -0.2405334206704468
6 83 0.9926433245295445
6 84 0.38298916496446855
6 85 0.7811485492562116
6 86 0.7873581187576242
6 87 0.7059181269469428
6 88 0.4959451098231309
6 91 -0.6111376568549514
6 92 0.728109225611189
6 93 0.2962447764549403
6 94 0.8134766834958742
7 8 -0.07827198386332523
7 9 0.2363200567265331
7 10 -0.12096850090967881
7 11 0.8188383532917927
7 12 0.8541808365491337
7 13 -0.6600803078034219
7 14 0.49081122110668174
7 15 0.19480368734951492
7 18 -0.5260247127224398
7 22 0.10329980610887257
7 23 0.11278491284820413
7 24 -0.5748897692001409
7 26 0.2703225308928221
7 28 -0.47449503270203497
7 30 0.11299869183962596
7 32 0.8782897845027893
7 33 0.42876517982400353
7 34 0.43800969297399095
7 36 0.5984590417986719
7 38 0.20597474784091485
7 40 -0.2546638229883791
7 43 0.2154239743736317
7 44 0.925603659151496
7 45 0.1326970517053223
7 47 0.6730559463272758
7 48 -0.06869798014993167
7 50 -0.627753770261529
7 51 0.7592368154117868
7 52 -0.7249151091423476
7 55 -0.26850590952495246
7 59 -0.3665098947070191
7 60 -0.8274814502466263
7 61 -0.6792199788026685
7 62 -0.13005029196980478
7 63 -0.7928584714047429
7 64 0.8038408480682231
7 66 0.6361453728213744
7 67 -0.21740523834545766
7 68 0.14407506294837025
7 69 -0.3046075543074942
7 70 0.5588205520101777
7 71 -0.5765393660000473
7 72 0.24750922168267064
7 74 -0.9593584123523449
7 75 -0.7892653615738014
7 77 0.8040347430766819
7 78 0.5654329548171353
7 79 -0.07082463254576044
7 80 -0.9194390598154718
7 82 0.8981107531007704
7 83 -0.20999295151280983
7 86 -0.005107688753694939
7 87 0.3853818477173494
7 88 -0.705540315978564
7 91 -0.08405720407049588
7 93 -0.39398984074238186
7 94 -0.5376252082577453
8 9 -0.48878042185661275
8 11 -0.8887999078382851
8 12 -0.10762817359781973
8 14 0.8528622177681697
8 16 0.004208666759180302
8 18 0.5664613007275814
8 20 0.8691417650425064
8 21 -0.4670703904359861
8 22 0.8045496090552549
8 23 0.17164516048298872
8 24 -0.42208611868965007
8 25 0.08094626504425939
8 27 0.8320737973425454
8 28 -0.6660645426493148
8 31 -0.9908144979735545
8 32 0.24212990865407646
8 33 0.5092296354232513
8 34 -0.894040881994641
8 37 0.4214517809389722
8 39 -0.4305048244609593
8 40 0.17413715619209014
8 41 0.0029019683781483785
8 42 -0.44833854242910265
8 43 0.6973473051388805
8 45 0.7940795552597111
8 46 -0.6121938807939029
8 47 -0.7777698239787227
8 48 0.4684417008242996
8 49 -0.9503450158013904
8 51 -0.16584885061386334
8 52 0.3601749624361146
8 53 -0.6809181438130738
8 54 0.34019603536297605
8 55 -0.6569369021095288
8 56 0.3731663251674988
8 57 0.19022561574393193
8 60 0.9576853337125961
8 62 -0.058485603114254436
8 63 -0.7210525853246943
8 64 -0.9306510923419287
8 65 0.8130901874265697
8 66 0.9856579798246632
8 67 -0.23333409475444977
8 68 -0.22340544753323832
8 69 0.07065566810081725
8 70 -0.8867052774957116
8 71 0.37880457231481524
8 74 -0.7667290332925716
8 75 -0.572633494185417
8 76 -0.34392601343734275
8 77 0.9636430325185967
8 78 0.8500465409447684
8 79 -0.5955817205879763
8 81 -0.9155363106523755
8 82 -0.7629729344618628
8 85 0.3189189813167066
8 89 0.26420251307393805
8 90 -0.78131095024469
8 91 -0.8539002426040825
8 92 -0.1566560712203442
8 93 0.46650407055553744
8 94 -0.2554503696062582
9 10 0.06715112432884007
9 14 -0.7016674216377781
9 17 -0.534697505469667
9 19 0.7506842806117386
9 20 -0.4330838032015403
9 21 0.07014167824354844
9 22 -0.33656224374583754
9 23 0.058176888930285164
9 24 0.004723217022656101
9 28 -0.11515060259900789
9 30 -0.2318596475586474
9 31 0.36866208039350945
9 33 0.4169316923221842
9 36 0.27890115811776695
9 37 0.2424887461978169
9 38 0.09824238338966595
9 39 -0.6644530765041365
9 40 0.9295095211558517
9 41 0.5990674964652545
9 43 -0.7274432140874918
9 44 0.8197038879609746
9 47 -0.11651096650851045
9 48 -0.838566974436564
9 49 0.5711629881851379
9 50 -0.6817311811637579
9 51 -0.8524147920149234
9 52 -0.6061707907789653
9 54 0.2190601208172256
9 57 -0.6259871743425736
9 59 0.14109514764688424
9 61 0.8461807502824203
9 63 -0.48328380970894136
9 66 -0.7965737435958173
9 67 -0.017983907687757705
9 68 -0.37621263254664505
9 70 0.7006019781557655
9 71 -0.04216480588162019
9 75 -0.10136654228376707
9 76 0.9477114064854817
9 77 0.8190868765306878
9 81 -0.09656170141721265
9 82 0.6093110371694248
9 83 -0.6424062615114716
9 84 -0.6729548976075601
9 85 -0.5249602436675649
9 86 0.3728299370586512
9 89 -0.00867719944664147
9 90 0.9944674144862666
9 91 -0.67810962946412
9 92 -0.16547941542328615
9 93 0.26894619076194903
10 13 -0.2809662638784818
10 16 0.08555630768021816
10 18 0.12417664159153818
10 19 0.31456059368688827
10 21 -0.025582831370280168
10 24 -0.3248993189827005
10 25 -0.44141755585539166
10 27 -0.8930490633310331
10 28 -0.8044176089378083
10 29 0.0554939392575442
10 30 0.725184595828676
10 31 -0.6543479542403021
10 33 0.3740714826799294
10 34 0.4785644426749702
10 36 0.8717055995704528
10 37 0.39409297439698765
10 38 -0.8369923997153939
10 40 0.35400597003538836
10 42 -0.46857727445865116
10 43 -0.7382065093404797
10 44 -0.7454242451029196
10 47 -0.6072930374114065
10 51 0.6755873711664113
10 52 0.20830213547973542
10 54 0.6312548331049594
10 55 -0.96155836669179
10 57 0.1583729258184967
10 58 0.44500620134627633
10 59 0.05914629255265669
10 60 0.279947996555036
10 61 0.7905787098035437
10 62 0.6115171357955265
10 63 0.8468592777849513
10 64 -0.6144983289930197
10 66 0.6435234449857827
10 67 0.6477494340915826
10 68 0.7763237180027385
10 69 -0.44944804592145604
10 70 -0.6044023932617999
10 71 0.48630312844747214
10 72 -0.12412461093403815
10 74 0.3435510001304727
10 77 -0.03727868203989848
10 78 0.7010050587870023
10 80 0.7135722513744509
10 81 -0.6678724675058649
10 82 0.8026703548231988
10 83 -0.019969961430012617
10 85 -0.21041902924580236
10 87 0.7328734717397609
10 89 -0.9566648986066912
10 90 0.28674627668288877
10 91 -0.5427059168260198
10 92 -0.6663514410472733
10 93 0.7780626951158023
10 94 0.34624494527107896
11 12 -0.9542258091421323
11 14 -0.585031776310057
11 15 0.7908462329265311
11 16 0.6387798626008723
11 17 -0.8331493918286326
11 18 0.5051928979273073
11 19 -0.18295740399801308
11 20 -0.20084764832000768
11 21 0.6372756780220459
11 25 -0.6186414051960103
11 26 -0.6774435433331607
11 27 -0.8810628065691701
11 28 -0.9732095938553957
11 29 -0.6077027072191641
11 30 0.7988507526062267
11 31 0.7408929545577274
11 35 0.27782341517036513
11 37 0.5398975131875572
11 38 -0.35578254175826984
11 39 0.27383165441116186
11 40 0.6376060001733299
11 42 0.6467289256052207
11 45 -0.7824959251697925
11 46 0.5346032019499054
11 47 -0.48550703040408383
11 48 -0.21336442485143836
11 49 -0.3061133421583273
11 50 0.07041663758665972
11 51 -0.04498682300996304
11 52 -0.12884094632018028
11 54 -0.7540607810358619
11 55 -0.017065614844771204
11 58 -0.2682990030234824
11 59 -0.11411063201460836
11 61 0.3006523699045316
11 62 -0.3786476664783638
11 64 -0.07011036581498198
11 66 -0.3550903292298846
11 68 -0.9002930538603995
11 69 -0.22053927364014125
11 70 -0.6083202083575592
11 71 0.9592760705394898
11 75 0.6112908822313579
11 76 -0.09214070745505532
11 77 -0.14562212844531097
11 81 -0.885942000997127
11 82 -0.3843441552337976
11 84 -0.48518776176297473
11 85 -0.5002995803790822
11 86 0.14651874743006044
11 87 0.18646141416713835
11 88 -0.34286225649665103
11 91 0.6938309648274938
11 93 0.9031410601646541
11 94 -0.1780199725776308
12 13 0.5040468264059357
12 16 -0.46834624824655324
12 17 0.14167445610194584
12 18 0.34583124929202236
12 20 0.6385853795749152
12 21 0.46538338404846313
12 23 0.9443295677145065
12 24 0.7822255935944344
12 25 -0.5826078273093676
12 26 0.5412551628587414
12 27 -0.4318796025361358
12 28 0.8739931323613679
12 33 0.9330548901205582
12 35 -0.12927842758187857
12 36 -0.9966217267451016
12 38 0.6773419850528084
12 41 -0.2467479171244702
12 42 -0.6812106757747913
12 44 0.20422891179873348
12 48 -0.5568506197886594
12 50 -0.0577368149558537
12 51 0.6745544382484825
12 52 0.26135375951657003
12 53 -0.025579407920680586
12 54 0.6749215367547765
12 55 0.6518157473164268
12 56 -0.28406744703834086
12 57 -0.12171888774249418
12 59 -0.7601179163637717
12 60 -0.20971080962335087
12 61 0.3422238292764681
12 62 0.5123712683727797
12 63 -0.1758770176456752
12 64 -0.0027180939229076717
12 65 -0.07378744176176455
12 66 -0.3517419946520457
12 68 0.31891196165734637
12 69 -0.7139545794599691
12 70 -0.7891759876866145
12 71 -0.11908750463406559
12 72 -0.34496242170656477
12 73 -0.22571663327910607
12 77 0.737181295146297
12 78 0.9167228033715373
12 81 0.11957284162954673
12 83 0.05331251745193222
12 84 -0.7555369626128681
12 87 -0.9874564915319413
12 88 0.36265216170420134
12 89 -0.5125315916328985
12 90 0.5164865398784431
12 92 0.6569275860287915
12 93 0.5559377463592377
12 94 0.34621807548923256
13 15 0.06051710495452589
13 17 0.11563933390479031
13 18 -0.4498824116395428
13 20 0.872354222941655
13 22 0.32286189971937196
13 23 0.8302721226259315
13 25 0.007847295678898192
13 26 -0.4872839235831423
13 29 0.08403875175712971
13 30 0.39643476118063914
13 31 -0.12648008564257496
13 32 0.6567073806054522
13 33 0.6963065753274404
13 34 0.43451738152037644
13 35 0.5852534729210865
13 36 -0.6460615963144427
13 38 -0.9270554821445776
13 39 0.05972790380182902
13 40 -0.817457398966051
13 42 -0.7520516369639363
13 43 -0.0630932692042363
13 44 0.22483882658682797
13 45 -0.7023924360036606
13 49 0.527630169719131
13 50 -0.1921482367790741
13 53 -0.9325612639605225
13 55 0.9128325926837986
13 57 0.10066079414826268
13 58 0.649652181081998
13 60 0.09139105134538128
13 64 0.8739450599189096
13 65 -0.5164314298573316
13 66 0.1938708766138464
13 67 -0.011661841067841072
13 68 -0.4253616657365429
13 69 -0.9202313811806682
13 70 0.003147304222299363
13 71 0.6374865649674879
13 72 0.7013905504064286
13 73 -0.37262254055146005
13 74 -0.9135668411889892
13 77 0.3946038055643484
13 78 0.5752169110939511
13 80 -0.15579810040793318
13 81 -0.9246072749178158
13 82 0.3029954701230697
13 83 -0.923347513489897
13 84 -0.9467903886318747
13 85 -0.2754733845868449
13 86 -0.8174329455089098
13 87 -0.6396863983856624
13 88 0.36689809514652794
13 89 0.8875734609241159
13 91 -0.11024781459175981
13 94 0.3416015377181718
14 16 -0.37931807346100244
14 17 0.9514206068172275
14 18 0.8974158190426333
14 19 -0.7652367584526092
14 21 0.7626423320267479
14 22 0.6423954799346021
14 25 0.22083165030445362
14 26 0.05750480163418614
14 27 -0.247566168027624
14 29 -0.1413254403278139
14 30 -0.8658173613789371
14 34 -0.8034264903558697
14 35 0.13984828300108054
14 37 -0.7264627416308584
14 38 -0.5518334781808822
14 39 0.8582156830969094
14 40 0.513355818172982
14 41 -0.3658691695303873
14 42 -0.866597176562512
14 43 0.0907443754199917
14 44 -0.9964739870326818
14 45 -0.35411645714074647
14 46 0.461368655102139
14 47 -0.9289633089697933
14 49 0.597347876964829
14 50 -0.2689121628693394
14 51 0.9900667650993138
14 52 0.04257236282093446
14 53 -0.9404275684459327
14 54 0.41895325653330584
14 56 -0.38920801977200403
14 57 -0.38383074243400084
14 58 0.2875567530875154
14 59 0.778112454207172
14 61 0.42297874011456793
14 62 0.629759312206063
14 63 -0.7025591817016241
14 65 0.5654768314011411
14 68 -0.32306406329838233
14 69 -0.3555675984943223
14 71 0.5550881130421332
14 73 -0.36105582079707554
14 74 -0.3592955732151175
14 76 0.0885894206677953
14 81 -0.37668994747947626
14 82 -0.5122771085468376
14 84 0.33934059406296857
14 85 -0.5269422062862621
14 86 0.4606375852483702
14 87 -0.27007155086883494
14 88 -0.4404401912791649
14 89 -0.18212642280545333
14 90 -0.45185767707014257
14 92 0.5218149154678706
14 93 0.6551626093988252
14 94 0.27484325987596425
15 16 -0.32054311043780914
15 18 -0.37360396121333195
15 19 0.5721850923175809
15 20 0.909785562210484
15 21 0.6378179429527973
15 22 0.5412513224157398
15 23 -0.2785622873946465
15 24 -0.7306301202169889
15 25 0.6523127023063513
15 26 0.3168167161569211
15 27 0.2950285553160521
15 30 0.6890895350767188
15 32 0.3682421867831631
15 33 -0.11054528394067131
15 34 0.0742716350049637
15 35 0.17222172480104336
15 36 -0.10253477520649579
15 37 -0.6873075871743346
15 38 -0.40496483970003294
15 39 0.828023572963873
15 40 0.5760127155364703
15 41 -0.6524780654292925
15 42 -0.8968701872261005
15 43 0.04628722502097027
15 44 -0.803732548365804
15 45 -0.7486373629206771
15 46 0.5262374631534066
15 47 0.5508061178437456
15 48 -0.5425929556403595
15 50 0.9943456382854228
15 51 0.35834501144701636
15 52 0.46390191039703965
15 53 0.24320787505581998
15 55 -0.5365628211577187
15 56 -0.054549667698081006
15 57 0.3597492833740281
15 58 -0.9922849790971129
15 60 0.4301226133433531
15 61 0.3330262828017605
15 63 -0.06058945597611731
15 66 -0.7005987986134472
15 67 0.08837260419919857
15 68 0.6907466182075281
15 69 -0.8563371211319037
15 70 -0.5167469656206733
15 71 -0.4346178981876918
15 72 -0.6279398786467101
15 75 -0.07086801531991815
15 77 -0.6890151346884854
15 78 -0.07672187138989406
15 80 -0.5576657875869262
15 81 -0.8568928369762487
15 82 -0.2030071196369203
15 84 -0.2201235867869633
15 87 -0.10214359602321954
15 88 0.370337393113078
15 90 -0.4156297024466078
15 91 0.17178275167880797
15 94 -0.9000022238055407
16 17 -0.74337268033976
16 18 0.9697714957811545
16 19 0.17513958655248163
16 20 0.11774784579306719
16 22 -0.7205171086290285
16 23 -0.917232380211759
16 25 -0.2570182741855531
16 26 0.609329509930943
16 28 -0.5889242763243676
16 29 -0.11201740048584541
16 30 0.791871997942748
16 31 0.29095120694198884
16 38 0.9705943940606803
16 41 0.5739317083883866
16 42 0.6800096877666306
16 43 0.5611151270892811
16 44 -0.7464508241280055
16 45 -0.3305189743020489
16 46 0.32491070277903256
16 48 -0.8579733104888656
16 49 0.9762967612181115
16 51 0.6055958333782261
16 52 0.5350613207670651
16 53 0.4022229216536777
16 54 0.7646270184911301
16 55 -0.01932633495267666
16 56 -0.0021830114482788154
16 58 0.800022409981932
16 59 0.07943983907388241
16 60 0.4588925652288973
16 61 -0.25931699853649026
16 63 0.8021204412437826
16 66 0.3887390903416763
16 67 -0.2551658543772828
16 68 -0.6409791059824324
16 71 0.8116765495114686
16 72 0.4209105807291984
16 73 0.781086808835735
16 74 -0.5072578224433402
16 75 -0.7874914117662573
16 77 0.9799767529194341
16 78 -0.6796807705971302
16 79 -0.31554578513786113
16 81 0.44737092857718896
16 82 0.31233988323506456
16 88 -0.04431696359516568
16 89 -0.8608396583075797
16 90 0.558039731932995
16 92 0.817444466520562
16 93 0.8525450775174146
17 18 -0.3189479156583024
17 21 -0.3852864150935136
17 24 0.43913852839851875
17 26 0.8191535934624041
17 27 0.5757748741233375
17 28 0.24804006149358382
17 29 -0.6985060834273842
17 30 0.3984446970324014
17 33 0.2009774248667473
17 34 -0.4058651779212268
17 35 0.1407062989787451
17 36 0.06325069340305323
17 37 0.11814752838039744
17 38 0.9195858205898739
17 41 0.8262876382820457
17 43 -0.6535662752465516
17 45 0.09293145937681979
17 48 -0.6792056071353003
17 50 -0.4331079721373623
17 53 -0.9058667762795918
17 54 -0.07613525083385264
17 56 0.23636432981252598
17 58 0.1424990726472568
17 59 0.6315071640307579
17 60 0.7956753458583885
17 63 -0.698041386069699
17 64 0.955307664157846
17 65 -0.7978430816600353
17 66 -0.8493248109806184
17 67 -0.9509295309343737
17 69 0.7759789468949361
17 72 -0.6198090823449098
17 73 -0.17513534659228536
17 74 -0.2099445390762389
17 77 -0.27204392579148506
17 78 -0.7422835857386261
17 79 0.9890205963699878
17 81 0.573412129568728
17 87 0.19769578547985311
17 88 0.5450579910783426
17 89 0.24065334885886536
17 90 0.07958938180653208
17 91 0.7836278529775389
17 93 -0.8618423152594858
17 94 -0.738265835028193
18 19 -0.1655090724945285
18 20 -0.7548084440970022
18 21 0.6513626345661627
18 23 0.09798575723215475
18 24 0.11631124942387028
18 25 0.7515015156736677
18 27 0.04505020884620059
18 29 -0.010411337597121761
18 30 -0.1290174886645603
18 32 0.20525615818773457
18 33 0.8322151183962452
18 34 0.21331801085049706
18 35 -0.48628715832434866
18 36 -0.5219418012314667
18 38 0.5092599663180135
18 39 -0.989208017014952
18 40 -0.3342727595079815
18 41 0.32993820204839563
18 43 -0.8157729005713403
18 46 -0.5278691553717985
18 49 -0.41948775239451597
18 51 -0.8946294100425563
18 53 0.12452602573739768
18 54 0.7408959510046036
18 55 0.18778516713949234
18 56 -0.3113935174427489
18 57 0.5130791772243177
18 59 0.31086924081519207
18 60 0.03192516002971657
18 61 0.2748602549550392
18 63 -0.3937166658140392
18 65 -0.2754589893267043
18 66 -0.5354577402295697
18 67 -0.9056010671386767
18 70 -0.7303902070843413
18 71 -0.8409191096043935
18 73 0.4752994521315075
18 74 -0.4685575516657623
18 75 -0.8687100207695424
18 76 0.9965012085824063
18 77 -0.04247906694364589
18 78 -0.813611644743258
18 80 0.19795397285466176
18 82 0.8945035167014426
18 84 0.23021773359091036
18 89 0.14314895276602368
18 90 0.9393576385762998
18 92 -0.7248928076853285
18 93 0.08771915037099554
19 24 0.8467897185874063
19 25 -0.05181848814893142
19 26 -0.7916321319863013
19 30 0.14205147156943054
19 31 -0.14658673603368721
19 32 0.9214865710373776
19 33 0.17710000675682114
19 35 0.5774248010267058
19 37 -0.6808078371012278
19 39 0.07928624883294866
19 41 -0.8047923354477944
19 42 -0.3529473591141934
19 45 -0.9756800429773018
19 46 -0.6995198802175591
19 48 -0.8573521431076401
19 50 0.6449835358626099
19 51 -0.859415571064799
19 52 0.9494743325760922
19 54 -0.4289828295953879
19 55 0.7476951930373992
19 56 0.24074068567823814
19 57 -0.7840648778851789
19 58 0.2307835181816782
19 60 0.6811351171167157
19 61 0.30111248323718454
19 63 0.08384760033863126
19 64 0.2146559535967234
19 65 -0.04933006476441748
19 68 0.948061316983335
19 72 0.356586675757798
19 73 0.27467113645971053
19 74 0.6880842721502223
19 75 -0.34924070388842976
19 76 0.12113333582490338
19 77 -0.5875012726972564
19 78 0.3930420517773674
19 79 0.6859874820476266
19 80 0.6089499850930051
19 81 0.5859672305913706
19 83 0.6668679182837545
19 84 0.22659720505657188
19 85 -0.1342807198193563
19 86 -0.1850141697909795
19 88 0.14445375107050396
19 89 -0.572368593713058
19 90 -0.8837261473007492
19 94 -0.5250271654092309
20 23 0.7680402162091675
20 26 -0.0667365220542695
20 27 0.6282192630375403
20 29 0.05336155044407698
20 36 -0.4187456123357307
20 37 0.06576069545756891
20 39 -0.9652772217979138
20 42 -0.984405821944818
20 43 0.40740756269415934
20 44 -0.38639673862389223
20 46 0.24843254707108198
20 47 0.14765528094246072
20 48 -0.7406829802246098
20 49 -0.22801542012535214
20 50 0.8846954174399917
20 51 -0.6672768162629181
20 52 0.41724240873856067
20 54 0.03485960891395168
20 59 -0.49897942734043044
20 60 -0.20953024473144422
20 61 0.7607481406861345
20 62 -0.22255252958845295
20 64 0.6261319847147528
20 65 -0.11414401316342171
20 66 -0.6421075396226141
20 67 0.8672091852713018
20 70 0.6102222036678309
20 71 -0.605045717229679
20 73 0.08610105018210823
20 74 0.1614043682330415
20 75 0.7826712818368133
20 76 -0.8530692411509011
20 77 0.19576405606018898
20 78 0.41121375783942793
20 79 -0.39505932468254734
20 80 0.9239351138384793
20 81 -0.6672079021510524
20 84 -0.09778569260956949
20 85 0.31660934309429467
20 86 -0.21750943258650168
20 87 0.5165810109956301
20 88 0.2939805034790943
20 90 -0.6565922227640242
20 91 -0.35725427250474695
20 92 -0.45210428759160304
20 93 0.5678822375294954
20 94 -0.09841248299966021
21 24 0.5207614978851156
21 25 0.7507651375757325
21 26 0.2575557749919988
21 27 -0.9479219313687466
21 28 0.9623368681607207
21 29 -0.2043166078054428
21 30 0.2564178017642571
21 31 -0.6808278508898182
21 32 0.015522157119978175
21 34 0.16388506637604427
21 35 -0.23354249353188195
21 37 0.44158024227171566
21 41 0.5460430117394965
21 44 0.3890591586809644
21 46 0.3392548354048164
21 47 -0.6862245044780049
21 48 -0.9370532155487143
21 49 -0.6825996934116079
21 50 -0.7961430873238893
21 52 -0.3238881790960255
21 53 -0.5007433872194367
21 54 -0.17170367402639863
21 55 -0.21410957632658012
21 59 0.3687852030898502
21 60 -0.11222297932674064
21 61 0.9228262511697614
21 62 -0.07265933143207426
21 67 0.561358326930385
21 69 0.44819580827630867
21 70 -0.1395901791803602
21 71 0.5335469311941825
21 73 -0.8441727804435217
21 74 -0.39509695446009885
21 75 0.29829324295976156
21 77 0.6810656408720568
21 80 0.37377193255942265
21 81 0.9650419166200885
21 82 0.9284959706885172
21 84 -0.5149073045755894
21 86 -0.7547627752979758
21 88 -0.9637016226292738
21 90 -0.829812840774808
21 91 -0.9052490828883544
21 92 0.3296950672483223
21 94 -0.144777326898613
22 23 0.20428727246318013
22 24 -0.5604565439325522
22 25 -0.7171359624758715
22 27 -0.9372120598539302
22 28 0.15675335939015356
22 29 -0.20996853038407925
22 31 -0.8092557420702233
22 32 -0.12487184228112325
22 33 0.6995048834436342
22 34 0.1638628683532295
22 35 0.016544248607330392
22 36 0.7377472062520285
22 38 -0.28257257527596225
22 39 -0.06309820236903785
22 42 -0.3329164232556503
22 43 -0.8824680427267024
22 44 0.28276816029379526
22 49 0.5944885040029555
22 50 -0.20343470957188736
22 52 0.2662745275605143
22 53 -0.21512734549964763
22 54 -0.39797376964574993
22 55 0.3903274096383573
22 57 0.922834807175509
22 58 0.5052298365065417
22 59 -0.02176984131550741
22 61 -0.722112570487023
22 62 -0.44790166425784994
22 63 0.593665898877141
22 64 -0.4732506546287907
22 65 0.4236182043018295
22 66 0.5228273682177489
22 68 0.2806775154967285
22 69 -0.7328205944785005
22 71 -0.9097950329382132
22 72 0.2116430081495142
22 73 -0.40860759722369955
22 74 0.7152185255722485
22 76 -0.8531884901662823
22 77 0.07464630074890333
22 78 -0.6605214215302844
22 79 -0.700466635178504
22 84 -0.7923615591473676
22 85 -0.2974943035312436
22 86 0.9198829371039923
22 87 -0.7376179152491222
22 88 -0.07241622728981456
22 89 0.8489848047453872
22 90 -0.8943450029236031
22 91 0.797228029461331
22 94 0.03606420382270237
23 24 -0.6374676065147684
23 26 -0.9208524464651944
23 27 0.9702513595057911
23 30 0.8052978112808669
23 33 0.07009417937870532
23 36 -0.5613758859875164
23 37 0.2284582131665449
23 39 -0.24394778505381765
23 40 0.44821624196293985
23 42 -0.6631797361525933
23 45 -0.6055113893511987
23 47 -0.8730297515149232
23 48 0.5772060775172496
23 49 -0.10214217804894621
23 50 0.13987051230555592
23 51 0.4917461848936422
23 53 0.2733270888343162
23 57 -0.23939320920677654
23 58 -0.7402439118497839
23 59 -0.2808343747977333
23 60 0.7701163423733774
23 61 0.9271357144163106
23 62 -0.2607764277009803
23 63 -0.5152611806529284
23 64 0.5102023971141465
23 67 -0.38753818240486737
23 70 0.9638004430537799
23 71 0.9273927087944276
23 74 -0.10965090816220391
23 76 0.5208290248848686
23 77 0.7809586246287097
23 78 -0.7342228485766864
23 79 -0.4153803134748677
23 81 0.43070388991621766
23 83 -0.1236221737860359
23 84 0.44308591812771847
23 86 -0.2094761392157476
23 87 -0.17691724179099633
23 89 0.8344509806483253
23 91 0.26941142981797084
23 92 0.8051837822141483
23 93 -0.8557736899722288
23 94 0.8831328665129314
24 25 0.4471295332092877
24 27 0.22474138581950398
24 29 0.45653767857593697
24 31 -0.6561692735038784
24 32 0.5747287980732194
24 33 -0.5473686811825269
24 34 0.2123680619868431
24 35 -0.4688845580536516
24 36 -0.10479742955976734
24 37 0.9096030944958795
24 38 0.6038158863176282
24 40 -0.10295333877786805
24 41 -0.19348017598022138
24 43 0.000720003479946163
24 44 -0.7719426842732391
24 45 -0.7822453301623309
24 48 -0.04206347243025044
24 49 -0.817289097761591
24 51 0.6105395599475947
24 55 0.4953397026197226
24 56 0.04477602052923513
24 58 0.4684425203100673
24 59 -0.9410896901329573
24 61 0.050303768722766096
24 62 0.5608971769880331
24 63 0.801991520314709
24 64 0.1397110020290262
24 67 -0.6483543342068323
24 69 0.5163832759471119
24 70 -0.10749963224451009
24 71 -0.8488299031446558
24 73 0.3461120911055007
24 74 -0.6476184738704764
24 75 -0.15587554064091602
24 76 0.6797072819916519
24 78 0.3425000714825224
24 81 -0.6121295065126122
24 84 -0.7316467815289576
24 87 -0.16547102580348927
24 88 -0.2096058118506774
24 89 -0.9537827284770153
24 91 -0.32290818545441624
24 92 0.6052739652649113
24 93 0.6326799604117983
24 94 0.11923674258043504
25 28 0.7653414966856635
25 29 0.1662386082504681
25 30 0.3905228515200163
25 32 0.7255336217369523
25 33 -0.937177784557484
25 34 -0.23163564738149578
25 35 -0.5168651942849185
25 36 0.6646991754817044
25 38 -0.4598422944823084
25 40 -0.00420669622800296
25 42 -0.6719530347657554
25 44 0.9289254607934816
25 45 0.7060557807575267
25 46 -0.6811410443051327
25 48 -0.9638764366204935
25 50 0.7720878335018264
25 51 0.2425848986419188
25 53 0.07794701620693312
25 54 0.8900285123170351
25 55 -0.8830697106125986
25 60 0.4257141844367298
25 61 -0.2137699278251488
25 62 0.8633028993005734
25 64 -0.5765577979606731
25 65 -0.0016470035950906237
25 69 -0.7454676219356173
25 70 0.6807833627442581
25 72 0.6111517426179391
25 76 0.2800913394555484
25 77 0.5604356751370918
25 78 0.06191675688186615
25 79 -0.2991874733377544
25 80 0.7635463898133714
25 81 0.6547421992918177
25 82 -0.7438562587911406
25 83 0.3820475303542501
25 84 0.5744446777223575
25 85 -0.8341284860234541
25 86 0.3760145322940065
25 87 0.727189728372831
25 88 0.43859220604815885
25 89 -0.17669720245096698
25 90 -0.3492371496950877
25 91 -0.7217440525814813
25 92 0.4765001458461693
25 93 0.8679916066035303
26 27 0.3886511813041176
26 28 0.23090311094423943
26 29 -0.8338445602403131
26 30 0.9216256083714991
26 31 0.7581046135776979
26 32 -0.7944475254351677
26 33 0.6301865819246533
26 34 0.827999595352007
26 36 0.7153367322760147
26 37 0.04300870699554471
26 38 0.9850447383447547
26 41 -0.7523550742057126
26 43 0.5236779107301022
26 44 -0.6108946950220979
26 45 -0.891764575856852
26 47 0.3988900553423802
26 49 -0.12352375143189831
26 51 -0.8822643711841349
26 52 -0.701392331658836
26 53 0.21991767622181646
26 55 -0.9082648493777676
26 56 -0.5101497943907805
26 58 0.40271071552591264
26 60 -0.22468305355252682
26 61 -0.5674106399521766
26 62 0.8601028209552606
26 63 0.010386098484041817
26 64 -0.050293171381668555
26 65 0.24280750239111026
26 66 -0.8077509890453012
26 70 -0.7637428088252243
26 72 0.08083554405614746
26 73 -0.3409826570692125
26 75 0.041715946082815814
26 77 0.7841314139581781
26 79 0.3558188745559794
26 81 -0.6860381600943963
26 82 -0.4929864451373458
26 83 -0.8349433514176183
26 84 0.6496149334794763
26 85 -0.3547880733413227
26 86 -0.738040523968605
26 91 -0.9539455517600233
26 92 0.5391097642435587
26 93 -0.7160372237359904
27 28 -0.5979412281209746
27 29 0.17897235329900818
27 30 0.15766397275619526
27 32 0.03920651119512342
27 33 0.16777582137299274
27 34 -0.9711802720477731
27 37 0.05857168964071979
27 38 0.02080003759577287
27 39 -0.40809893005311815
27 41 -0.2760661703123024
27 42 0.3621452030414185
27 43 0.054444167025013535
27 44 0.8048920873035199
27 45 0.24253034391883377
27 47 -0.9311519060483437
27 49 -0.07352619882036238
27 50 -0.41406309201012226
27 51 0.2602158013504823
27 54 -0.5603959063113664
27 55 -0.6421294222243645
27 56 -0.563781579906137
27 57 0.7146680945428638
27 59 0.10239221681705901
27 60 0.8368653838919711
27 61 -0.15017616244410603
27 62 -0.07601156630523653
27 63 -0.12952101359373325
27 64 0.6583064050738661
27 66 -0.8616174130209704
27 67 0.22195141480112213
27 68 0.7789653222073307
27 69 0.1314362891341181
27 72 -0.9671059330616689
27 73 -0.044718521166885905
27 75 0.3101513628503454
27 76 0.7159584161454098
27 79 0.26380411271262294
27 82 0.2919127695125434
27 83 -0.3898262053963031
27 84 -0.6442546864696761
27 85 -0.7044809320419914
27 86 0.4664514689955406
27 87 -0.026612942557220798
27 89 0.32422310447662483
27 90 -0.27592905137411305
27 92 -0.9221326060468145
27 93 -0.2734764532310363
27 94 -0.4469926796222208
28 29 -0.26101185581910014
28 30 -0.6155438965681748
28 32 0.6683234586603506
28 34 0.7328797925454236
28 35 0.5585800860730457
28 36 0.33187406366615746
28 40 0.619566757734979
28 41 0.653522633515057
28 42 -0.9892545462905693
28 43 0.0776362654511169
28 44 0.14773593815976227
28 45 -0.6481131232950563
28 46 -0.50062043215455
28 47 0.9114128373155388
28 49 -0.44235223258144174
28 51 0.24758271280455735
28 52 0.7626281377415634
28 53 -0.2530863121925866
28 54 -0.5620074162985138
28 56 -0.6376949501568911
28 58 -0.8261398749927988
28 60 -0.2895825842222943
28 65 0.34765459634711116
28 66 -0.9903861759478889
28 67 0.7719995861396858
28 71 0.47668241752455187
28 72 0.9926570177430316
28 74 -0.8753918894936035
28 76 -0.8304706809801339
28 78 -0.48422580084337197
28 79 -0.2660588074619257
28 80 0.5101335963824329
28 82 0.012808854864814423
28 87 -0.6605981656796152
28 88 -0.8428379740558842
28 89 -0.4635103069025961
28 90 -0.026776615124785907
28 91 -0.5578005720316157
28 92 -0.35801512202314756
28 93 0.42233978402994365
28 94 0.21842519285417072
29 30 -0.7780473533380954
29 31 0.6236683310995967
29 33 -0.299343854155808
29 34 -0.6270547296095841
29 37 -0.7513027341173619
29 39 0.02543820475201719
29 42 0.10567875224205925
29 43 0.8471166649303232
29 45 -0.3485020026030603
29 48 0.37159464038936574
29 49 0.5045152637096868
29 54 -0.012193637038330207
29 55 -0.6191616143168612
29 56 -0.4564950285922784
29 58 0.1869215932506465
29 60 -0.361210803615454
29 61 -0.6777570027193471
29 63 -0.5217992183462814
29 67 -0.38335726884532084
29 69 -0.6113597140120328
29 70 0.9077075988192536
29 71 0.52150786629213
29 76 0.37997331117586763
29 77 0.6879002575703936
29 79 -0.3052993294118955
29 82 -0.1091463308862084
29 86 0.3074040558354336
29 87 -0.6056088499173531
29 88 -0.8590555425082733
29 89 0.4963036108824004
29 90 -0.8544387560013755
29 91 0.32397195339889096
29 93 -0.4443237388377841
30 33 -0.395918809913693
30 34 -0.4844969885167496
30 36 0.2512102213224372
30 37 -0.9233493095957317
30 38 0.5794977023804386
30 40 0.35163882322516105
30 45 -0.8337267726748714
30 48 0.8715970944679641
30 50 0.13266243854936755
30 51 0.6176989319301782
30 52 0.08050619574035744
30 53 -0.8618067971567955
30 56 0.3776373538644251
30 57 -0.1201149497860392
30 60 0.7033352592629523
30 62 0.5268252201243748
30 66 -0.0781569921732701
30 70 -0.8626451801557629
30 72 0.22621942553288243
30 73 0.6194408269972567
30 74 0.382799165929411
30 75 -0.9836521654828523
30 76 0.3791284717888892
30 78 -0.28982738842374056
30 80 -0.08942152871331221
30 81 -0.16261088390757883
30 82 0.5568519360268767
30 83 -0.4313857064729263
30 84 0.26838052591823813
30 86 0.3733125851037895
30 87 -0.5312272960028479
30 90 -0.7900196290369434
30 92 -0.6732912955295709
30 93 0.6998404529801285
30 94 0.44557968636219725
31 32 -0.9317382847103821
31 33 -0.44382238108552774
31 34 -0.5935979523466683
31 35 0.4539061252403791
31 36 -0.6659879267113482
31 37 -0.2729753864178044
31 38 0.3070514596606644
31 40 -0.8805529621496828
31 42 -0.002675283349374169
31 43 -0.5693108041539423
31 44 0.5526052018337442
31 46 0.26137329934007947
31 47 -0.6475963233598532
31 48 -0.03626146278664577
31 49 -0.03430482633035559
31 50 -0.7063002779112946
31 51 0.6099759543188557
31 52 0.1335003377515387
31 53 0.4741574479580808
31 54 -0.39642314174128135
31 59 0.8463526696516868
31 60 0.17523362119161323
31 61 0.5632049461344302
31 62 -0.9459394826585137
31 63 0.8430010294369661
31 64 -0.9999401949003379
31 65 -0.6618013010850472
31 66 0.9416857203756506
31 67 -0.9380827890597732
31 68 -0.3707293753133216
31 69 -0.5340125597195577
31 70 0.5857196362256147
31 72 0.9106220812452954
31 75 -0.2594997699356365
31 76 0.6409598666229266
31 77 0.5017060746494149
31 78 0.7572956288290393
31 79 0.28633177574064383
31 82 0.04539778970417352
31 83 -0.10758784939484856
31 84 -0.03131315341178165
31 87 -0.579160585815421
31 89 -0.8526983767334431
31 90 0.5275241213610129
31 92 0.15242737658630645
31 93 -0.9681976782011503
31 94 -0.24341946018887217
32 33 -0.26901900858230876
32 37 -0.4433036407018953
32 39 0.8057769590926669
32 41 0.35260999570702367
32 42 0.13915713703730748
32 43 0.12479235470391092
32 44 0.2854514525452301
32 45 0.16895417573048532
32 47 -0.6084923119117616
32 48 -0.5629885238554821
32 50 0.7414574454252811
32 52 -0.1355315586341872
32 53 0.15150328140023372
32 54 -0.5407615559617882
32 55 -0.7621895745472367
32 56 -0.7669916642891561
32 59 0.26962025521662203
32 60 -0.4218853206950006
32 61 0.2008471689503093
32 62 0.6312576342917495
32 63 0.9498983474209188
32 64 0.20237329936093396
32 65 0.3435222831059772
32 66 -0.7224987147083162
32 68 -0.716014901114818
32 69 -0.12430618027106521
32 70 0.8561866740421478
32 73 -0.6334955081921858
32 75 -0.84633541580119
32 76 -0.43170067463871953
32 77 -0.7409838771713608
32 78 0.3708555418058519
32 80 0.9737881528342727
32 81 0.07675630069217831
32 82 0.07709666435629381
32 84 -0.9271757028744632
32 85 0.20803654811866745
32 86 -0.11422660340767288
32 87 -0.2852535387518096
32 88 0.15169237821245485
32 91 0.005184244078242806
32 92 -0.6662679817177821
32 93 -0.35291888645237135
32 94 0.3461272293371085
33 34 0.7004635647569131
33 36 0.851102127543317
33 38 0.6590398393362922
33 39 -0.8795487551100694
33 41 0.3680055930020698
33 43 -0.7080661742813859
33 46 0.5806350998540712
33 47 -0.0005320008215967675
33 49 -0.3207754935201719
33 51 0.4118052169492241
33 52 0.011899318970670425
33 55 0.9910518615544184
33 58 -0.7824705199248594
33 59 0.04699513475333483
33 64 0.581220917924304
33 66 -0.383745513824308
33 71 0.3273126704317648
33 72 0.011483100132157364
33 73 -0.512306214863467
33 74 -0.521847994956163
33 75 0.9108545589712802
33 77 0.12087788772315711
33 83 0.50750557948146
33 84 0.4878314139422115
33 85 0.4352550012533407
33 87 0.8508338633498511
33 88 -0.7008141139076913
33 89 -0.7995556318508357
33 90 -0.6578143336169968
33 91 -0.6796312610943156
33 93 0.9863379882619332
34 35 -0.5074259105650893
34 36 -0.6448408700959076
34 38 -0.9180158487779837
34 40 0.8243997464185657
34 43 -0.7685844585842765
34 44 -0.9548968238662774
34 47 0.6754403289477202
34 49 -0.12850166041891398
34 52 0.9687440232334157
34 53 0.2644652743907634
34 54 0.49182603537754144
34 55 -0.9812947925976327
34 56 -0.09540318098771183
34 57 -0.1797106757539586
34 58 -0.4740598863354524
34 59 -0.2732755453728122
34 60 -0.4134816361809881
34 61 -0.6802661317323131
34 63 0.15018640609786127
34 64 0.35527003745553265
34 65 -0.03401065930336089
34 66 0.43553815424057385
34 68 0.002100877202413587
34 70 0.3520627358035213
34 71 0.8579510124850869
34 72 0.22380345518991818
34 74 -0.18807174787597103
34 76 0.34811892250959486
34 78 0.10313078877796444
34 80 -0.5977676587899394
34 81 -0.24137061670486437
34 84 -0.45814954754252013
34 86 -0.7677497854710371
34 87 -0.8988140466651067
34 88 0.33824558743213284
34 89 -0.1728235623976162
34 90 0.0756331437257447
34 92 0.014988213031687181
34 93 -0.38857360815842656
34 94 0.1358294650442704
35 36 -0.24475355800702414
35 37 -0.699339222963721
35 39 -0.5670091830119821
35 40 -0.7987607834083832
35 41 0.8961031892431783
35 43 -0.8697569356795791
35 48 -0.6564736274603005
35 49 0.9245783848719151
35 51 0.6782190999701092
35 52 -0.8972894011606634
35 53 0.20153199963161317
35 54 -0.8985529183352317
35 55 0.20504012972026353
35 57 -0.14905429408598514
35 60 -0.1471016772812399
35 62 0.58348637318215
35 63 -0.5925398562962245
35 65 0.3909559275520438
35 66 -0.7175978532194949
35 68 -0.6202272104195619
35 69 0.26747929150603755
35 71 0.06561939699152419
35 72 -0.2096977293783484
35 75 0.30820580264413855
35 76 -0.16739235532514174
35 77 -0.786095992167136
35 78 -0.8731919388482143
35 80 0.45201254993202244
35 81 -0.6167127595737718
35 83 0.10481420124808372
35 85 0.9195433777523254
35 86 0.40108261410176627
35 88 0.4153480287467999
35 89 0.930960673764696
35 92 -0.8522551581571252
35 94 0.4780748078694679
36 40 -0.7584227081850659
36 43 0.6956714320902404
36 45 0.6979486573578206
36 47 -0.14573551726856016
36 48 0.2871575603033214
36 49 0.614905171617852
36 50 0.9113132634059464
36 52 -0.6932828334140724
36 55 -0.18438531367051825
36 57 0.43326284249780667
36 58 -0.37852549612629915
36 61 -0.5423702169626718
36 62 -0.35214377591469925
36 63 -0.8554804043285655
36 64 -0.7830530081372689
36 65 0.09852695988704951
36 68 -0.11383226245747968
36 69 -0.8607237829286185
36 70 0.8400626601791437
36 71 0.8377069412220641
36 72 -0.6556478652231015
36 76 -0.0682123653936082
36 77 -0.5188002349507106
36 79 -0.5154206354975894
36 80 0.22902086444156078
36 81 0.6989333176303576
36 83 -0.5183643918912451
36 85 -0.2503910874223163
36 86 0.21508511005048758
36 87 -0.5557142381104667
36 88 0.640444596262119
36 89 -0.6203961381798921
36 91 0.7539992886764748
36 92 0.13012603095585473
36 93 -0.8748312827551759
36 94 0.6412460962888915
37 39 0.2271235048954492
37 40 -0.7791049704931678
37 41 0.519986309670329
37 43 -0.9133486260902706
37 44 0.8348407197817351
37 46 0.4356328723956773
37 47 -0.6234256834099718
37 48 0.517504661237622
37 52 0.32807106414157494
37 53 -0.7484957675063086
37 56 0.9520065986431052
37 57 0.9307424995191629
37 58 0.7671919817748891
37 60 0.04066861622249163
37 61 -0.49913926828843014
37 62 0.4243192517072121
37 63 0.4169704015808795
37 65 -0.09320840151511
37 66 -0.42950570598797944
37 67 0.5976604252623958
37 68 -0.0858937944652125
37 69 0.7755380643246366
37 70 0.7714079190629033
37 71 0.09824931368858425
37 73 0.15314121885315002
37 74 0.9537070130717638
37 76 -0.5287183785808556
37 77 0.5738371431328555
37 78 0.9468380323841208
37 79 0.6258011788876277
37 80 0.6807367769237163
37 82 0.9146416835126017
37 83 0.362247586179542
37 85 -0.17361147672443256
37 86 -0.9069946836923373
37 87 0.7473071657698942
37 88 0.7059836604943717
37 89 -0.713753132818101
37 90 0.6054658566113442
37 91 0.7675750638228036
37 92 0.9471660742079584
38 41 0.09952572261355597
38 42 -0.15338028017692018
38 43 0.028156470940308154
38 45 0.9226770211816511
38 47 0.36130574182439235
38 48 -0.3317528988843128
38 49 -0.888226513291599
38 52 0.11645356168512588
38 55 0.5004892663977689
38 56 0.38090370004014273
38 57 -0.005353387302970747
38 58 -0.6848126589674144
38 63 -0.24753002474485486
38 64 -0.6747532688987232
38 65 -0.522564439721743
38 67 -0.7986201982801102
38 68 0.2647829377518811
38 69 -0.2792270924360041
38 70 -0.3944805701168135
38 71 -0.8635336628170722
38 73 0.41314808532738057
38 74 -0.8201458951675302
38 75 0.3170474557468532
38 76 -0.9599038444635808
38 78 0.10233138075400738
38 79 0.732356167401889
38 80 0.5013010429353959
38 81 0.005357005844587537
38 83 0.3063907071754777
38 84 0.6068650637222748
38 85 -0.1687808248403635
38 87 -0.17233568877950822
38 88 -0.09004161944952482
38 89 -0.08721435979045089
38 90 -0.8684830413601703
38 91 -0.9251151035801868
38 92 0.8662858117943295
38 93 0.4789207515612015
39 40 0.8574894857927164
39 41 -0.2707654594870106
39 42 -0.09043723526502223
39 45 -0.20942631552586755
39 47 0.7118916214343949
39 49 -0.9099863557612045
39 50 -0.7815741137487409
39 51 0.20374825415348874
39 52 -0.18992532980274102
39 53 0.443110842536357
39 54 0.2635900196575345
39 55 -0.33515076141694844
39 57 0.05127814170671319
39 58 -0.11325737339153474
39 59 0.41107232107803116
39 60 0.9569216982931188
39 61 -0.2584805192692181
39 63 -0.881144327029532
39 64 -0.7033218426117009
39 65 0.5981502744259064
39 66 -0.8170677664153054
39 67 0.5697933603783607
39 71 -0.6820474632266846
39 73 -0.9763318752015291
39 74 0.49972919869605215
39 77 -0.5378585593096401
39 78 0.13165470326824047
39 79 -0.38987719142694743
39 80 -0.6270141698061296
39 81 -0.49890145089858384
39 82 -0.12678425547025562
39 83 -0.21419847610085752
39 84 0.8276855758522967
39 85 -0.10805747760908213
39 86 -0.7034457448847808
39 88 0.47965534329374027
39 90 -0.04388954407989676
39 93 0.9296922408500965
40 41 -0.010630269780968149
40 42 0.04890077377866775
40 43 0.6841657321980579
40 44 0.9857116726430422
40 45 -0.6485066584236157
40 46 0.39631365953836095
40 48 -0.16779370826539175
40 49 -0.12346172124704524
40 53 -0.7089372167547574
40 54 0.3643935585830156
40 55 -0.655430934375163
40 56 0.3099847557729847
40 57 -0.6208650899668795
40 58 -0.6577862696953516
40 60 -0.23940187603312557
40 62 0.14889716856353785
40 64 0.20490499603185341
40 65 -0.11369365826904954
40 66 -0.05794453698963653
40 67 0.38968684672730913
40 68 0.847295529870502
40 73 -0.858584529352991
40 74 0.9094931223387948
40 75 0.188723213741798
40 76 0.9896488598132132
40 77 -0.2925743654678814
40 78 0.8300942124365462
40 79 -0.8225726491226695
40 80 0.3060736614411603
40 82 0.30827745457829736
40 85 0.09864951006101563
40 88 0.8078557770878827
40 89 0.7349567182100907
40 90 -0.26924272901561674
40 92 0.2631604903991587
40 93 -0.35572706804514875
40 94 0.8525487865377466
41 43 0.09777975232514446
41 45 -0.8917220993724906
41 46 -0.7208237101013732
41 47 -0.2784304516231888
41 48 0.6254307303541402
41 49 0.5038901704271836
41 50 -0.6917261318332029
41 51 0.20063742420302733
41 54 0.6201979715350903
41 55 -0.985341042377462
41 56 -0.8452601613802699
41 57 -0.5953320828879898
41 58 0.7409149158128934
41 59 0.2808267107633795
41 60 -0.11713558462455653
41 61 0.9015914416844504
41 62 0.35553103279078657
41 63 0.8351259320398547
41 64 0.646065767223611
41 66 -0.7544880423682978
41 67 0.7535264177688299
41 68 0.40687049826958877
41 69 0.7054086538683233
41 70 -0.4472739618512873
41 71 -0.9786844339651937
41 72 0.7967823878004114
41 73 0.2810716278782459
41 74 -0.7890482838624608
41 75 0.2728698610723168
41 77 0.11501413439902719
41 81 -0.014756837605972573
41 83 0.6743234561493243
41 86 -0.9491866581596313
41 90 0.09216839029589052
41 91 -0.741210067394769
41 92 -0.9738951755562284
41 93 -0.7688197478353573
42 43 -0.11033306231495987
42 44 -0.3449053149564487
42 45 -0.4875620566385377
42 46 -0.08602094070924715
42 47 0.13503643885515437
42 48 0.44926086837612234
42 49 0.03277843574261441
42 51 0.6068437745155573
42 52 0.086829795125412
42 53 0.03407024176625706
42 54 -0.3380555416623068
42 55 0.8458109163170979
42 56 -0.3444594088975781
42 57 0.37621746978244164
42 59 -0.7076552855291112
42 60 0.904277483864419
42 61 0.661249429472303
42 64 -0.3635765566209037
42 65 -0.9694234472861771
42 66 0.7726056633543614
42 67 0.6432811961312634
42 68 0.28191543840333555
42 69 0.6798477389375954
42 70 0.6858938061154665
42 71 0.2636827438487763
42 72 -0.9466363739867107
42 75 -0.5535202329673115
42 76 -0.18084985539895349
42 78 0.4743786274730857
42 79 -0.48344728585107855
42 81 0.28094567432795614
42 82 -0.9390950342119553
42 84 -0.3710774096212719
42 85 -0.9829451087086849
42 86 0.31925130660305845
42 88 -0.41596900828238326
42 89 0.2012156376916845
42 92 0.07239801670963808
42 93 -0.688763564358462
43 44 0.7790897784646504
43 47 0.9325398589021607
43 48 0.7251189483139069
43 50 -0.5819889740601747
43 51 -0.9516296299594491
43 52 -0.4208504464110896
43 54 -0.8045406883320516
43 55 0.6780462864650421
43 56 0.12658264261831453
43 57 0.4418416108555716
43 58 0.286304541843597
43 59 -0.4867583609811774
43 60 0.16541327624013524
43 61 0.3497389304260725
43 64 0.987717306218743
43 67 0.15400351182069993
43 68 -0.5980851249430714
43 69 0.9763967691628874
43 70 0.524645418440554
43 73 0.19730419064082616
43 74 0.6289985896489281
43 76 0.9129094565564526
43 77 0.2395257097560597
43 78 -0.47543694813115356
43 79 0.01594303291310739
43 80 0.33291918244144547
43 81 -0.7530332740757839
43 84 -0.7093686040604854
43 85 -0.6289066629032785
43 87 0.6221357456732692
43 88 -0.31314229762641466
43 89 -0.3926388475707985
43 91 0.26694859559546225
43 92 0.5206398278170266
43 93 0.23031496713788857
44 46 -0.6365435798109211
44 48 0.28558582821465706
44 49 0.6665381363983862
44 50 0.16386063669965978
44 51 0.3831262263357731
44 53 -0.42775617040466307
44 54 0.8272021240856038
44 56 0.5358752652537093
44 57 0.44375078608344
44 58 -0.628392569219526
44 59 0.7584831744772547
44 60 0.5500794744415429
44 61 -0.8724764448983131
44 62 0.4935267848743514
44 63 0.8550186724912958
44 64 0.08724817356341696
44 65 0.8745389075296726
44 66 0.8439193984896483
44 68 -0.9556253494009261
44 69 -0.7442946787407225
44 70 0.03789459125966643
44 71 -0.011140357930415457
44 72 -0.12377917221283763
44 73 -0.70211819243604
44 74 0.01815382475022731
44 75 -0.47789685108669966
44 76 -0.6383063608056805
44 79 0.8446528944290048
44 81 0.5018939465248466
44 83 0.957748546262702
44 85 -0.6192131640189857
44 86 -0.25579439450291774
44 87 0.8773006690209035
44 88 0.7556870612820739
44 89 0.06644814227351614
44 90 -0.004324381233229424
44 91 -0.23727576036150877
44 92 -0.5472910339097141
44 94 0.4081184051583977
45 49 0.9676354750649316
45 50 0.5646793102681145
45 51 0.21681055555231987
45 53 0.5544895558947189
45 54 -0.4444680141840136
45 55 0.28794380747619086
45 56 0.9334282582731521
45 57 -0.2971921259408965
45 59 0.022115005684123057
45 60 0.08922609163578676
45 61 0.45882230284352343
45 63 0.24392428785555098
45 64 -0.9812181799744304
45 67 -0.4931710972328809
45 68 0.05582336814931632
45 69 -0.9599090376548824
45 70 -0.13085852535866893
45 71 -0.22761380157779065
45 72 0.5991925302121908
45 73 -0.07613116371314588
45 76 0.00714706455253733
45 78 -0.21282165670807607
45 79 -0.45256118275499535
45 80 0.014875599107792237
45 81 0.6430190754731671
45 82 0.36345353594786856
45 83 -0.8721195739232246
45 84 -0.8994363950361632
45 85 -0.7887933607831064
45 86 0.3257117456771834
45 87 -0.3311105952810842
45 88 -0.16534489227498184
45 89 0.47439242050519836
45 92 -0.059886614300482144
45 94 -0.4759381784046173
46 47 -0.3222049233755906
46 48 0.37393386763070513
46 49 0.5557643989587528
46 50 0.03789888663147312
46 51 0.20444477886273793
46 52 0.6939121691436372
46 53 -0.47733432963795797
46 54 0.48054793332113954
46 55 -0.013583926718765627
46 56 -0.35635199623225944
46 57 0.011748871554057017
46 58 -0.6669615533362678
46 59 0.10992419513881702
46 60 -0.1001154778257567
46 61 -0.5958029484708096
46 62 -0.24481809552308675
46 64 0.6260730973711532
46 65 -0.3682374073722692
46 66 0.7431392452490084
46 68 0.0617546395894244
46 69 -0.5932029801626877
46 70 -0.6125317213840142
46 71 -0.31050691071060954
46 75 -0.7301318260579945
46 76 -0.6546062916293778
46 78 0.6422167437243356
46 79 -0.25778364186581304
46 82 0.46489957855853725
46 83 0.9739776209710396
46 85 0.25290949730556567
46 88 0.14369582395869052
46 91 0.9014156674401839
47 48 0.6871466080323145
47 51 -0.19649348240420972
47 52 -0.6029863399110773
47 54 -0.9474075947131999
47 57 0.5636659702063249
47 58 0.4696836443094985
47 59 -0.633368321313782
47 60 0.377577215800154
47 63 0.20459003827797817
47 64 0.36233179425748374
47 65 -0.7323460454407826
47 66 0.4603967552204058
47 67 -0.6031635139177176
47 68 -0.20353037795317186
47 69 -0.7450348401898106
47 70 -0.8242862007338225
47 71 0.6100808787717009
47 72 -0.1845938963236986
47 73 0.7058534924426398
47 74 0.937674707286235
47 75 -0.8149893727933852
47 76 -0.651574215007042
47 77 0.23150942357096405
47 78 0.8878827761146397
47 80 -0.45824042318009983
47 81 -0.7379602056427894
47 83 0.42102826013131733
47 84 0.038255833717287135
47 85 0.42606681018497516
47 86 -0.21691258454262163
47 89 -0.23526359350273562
47 92 -0.23697430638963213
47 94 0.9104761232556784
48 49 -0.9718412207808873
48 54 -0.19836823492893552
48 56 -0.27171604098338475
48 57 0.4171015297728897
48 60 0.31768429697103495
48 61 0.5537392423738667
48 62 0.33262967965466683
48 63 -0.6027301741745132
48 66 0.6988256896743612
48 67 -0.9046049481798601
48 68 -0.24259743857853588
48 69 -0.07340188357292288
48 70 0.03136393125637049
48 71 0.510381206506098
48 73 -0.563257664602578
48 74 0.17039470342930185
48 78 0.5044808122754811
48 79 -0.6529392374986391
48 80 0.14311516612398734
48 81 0.01187254583386288
48 82 -0.6572910843486681
48 84 -0.021424106148238087
48 87 0.23247191802241285
48 88 0.8523125397245166
48 89 0.9347455603379624
48 90 0.9612753254330662
48 91 0.6833263250447053
48 92 -0.002653582030760493
48 93 0.4090241755265709
48 94 0.557288339272817
49 50 0.16618608893470133
49 52 0.3102538181510355
49 53 -0.7444767345440397
49 54 -0.7970288840210638
49 55 0.07946472048373443
49 56 -0.27446173734322277
49 57 0.5195449604434283
49 58 0.11415614493453607
49 60 -0.2885933621346488
49 61 -0.39265546783622196
49 63 0.19199423922519654
49 64 0.6595130282348929
49 66 0.6528056818380001
49 67 -0.20800204895086205
49 68 -0.5122545045818141
49 71 -0.6772079128370934
49 72 0.5001353176765599
49 73 0.9441450158487883
49 75 -0.48815836922350564
49 76 -0.8564392251091777
49 77 0.7696573879204178
49 80 0.07476645898613188
49 81 -0.9495454988583236
49 82 0.4809015415428972
49 83 -0.6279736979293453
49 84 0.9228317951163529
49 85 0.7668873929424123
49 87 -0.46067735270612276
49 89 0.5436550374562374
49 91 0.7296537341551974
49 93 -0.08346347801138476
50 54 -0.7674288879609725
50 55 0.4677038215579268
50 56 -0.6512248906890676
50 59 0.44030419509511787
50 63 -0.15617547085098593
50 64 0.4082002910566285
50 65 0.9045734652911859
50 66 0.7733294226416891
50 67 0.9055483772147062
50 68 0.3582669425655016
50 70 0.625172962533969
50 72 0.2520981841252814
50 73 0.38617974439195746
50 76 -0.13563232755666732
50 77 0.24369134077433796
50 78 -0.968837357652383
50 79 -0.40505130667693634
50 84 -0.6207811861300092
50 85 -0.8383254872908252
50 86 -0.6043473363210778
50 87 -0.12133223067602428
50 88 0.9986919170676274
50 90 -0.6276679274699304
50 91 0.05779408700636224
50 92 0.583564236088669
50 94 0.10687385327513765
51 53 0.8221916486516152
51 56 -0.009195372435301108
51 57 -0.39211399247933576
51 58 0.36305417601862144
51 59 -0.9373631929053854
51 60 -0.45825798278177055
51 61 -0.666694321016015
51 64 -0.8413434675613483
51 65 0.5704017193765927
51 66 -0.18222418336915958
51 68 0.6415086017737857
51 69 -0.49222244072737054
51 70 -0.3829153443331863
51 72 -0.7157640967651642
51 73 -0.16277401043951523
51 74 0.37539881781411255
51 75 0.5017292430190312
51 76 0.6991399792957453
51 77 0.33517515448399604
51 78 0.5302843743922783
51 79 -0.09414331778373097
51 81 0.32094668244054914
51 86 0.7421542459354793
51 87 0.6475220958177044
51 88 -0.3366995194730953
51 89 0.4517349744984638
51 91 -0.8243111265346383
51 92 -0.08595843171700057
51 93 0.8662567788168991
52 53 0.6926975032145648
52 54 -0.9150053620690961
52 55 -0.38003514709349884
52 56 -0.8308140507266437
52 60 0.5516299326543197
52 61 -0.5943203436711708
52 62 -0.6084294085599722
52 63 -0.5740305768893581
52 64 -0.9797718835381974
52 66 -0.8248662944527934
52 71 0.4937992899047048
52 73 -0.5998755095267014
52 74 0.1973120671660924
52 75 0.41306852779873626
52 77 -0.8292597748185833
52 78 -0.0386275489886625
52 80 -0.886487829535948
52 81 0.7641961361201979
52 85 0.9829778486392835
52 87 -0.057681673003095346
52 88 -0.9296512046462477
52 89 -0.3755304502145227
52 90 -0.03310443620258274
53 54 -0.15251100440902143
53 55 0.39748360456414455
53 57 0.7799550135325071
53 59 0.9472181099051395
53 60 -0.4352741881470237
53 61 -0.30580908407411456
53 62 -0.19433877041195702
53 64 0.5197148934717726
53 65 -0.9217553123885593
53 66 -0.27475152197040065
53 68 -0.01475230989885401
53 69 -0.9594196705817599
53 71 -0.24374571702105485
53 72 0.6162541195731035
53 76 -0.884892241596654
53 77 0.6193013131072966
53 78 0.26759234476824356
53 79 -0.5253518801468426
53 80 -0.5428819257239006
53 81 -0.22101115164084129
53 82 0.21836855135206235
53 83 -0.0009680671363607729
53 84 0.1778931104567012
53 85 -0.20101769901532562
53 86 -0.28735975027095173
53 87 0.24427896178988706
53 89 -0.7003019437093068
53 91 0.17654415822340175
53 92 -0.10675018809312897
53 93 0.8678094345051053
53 94 -0.6583575242368229
54 55 -0.8490251043943198
54 56 -0.7442058313721525
54 57 0.484419376047996
54 58 -0.5851337165917918
54 60 -0.8483685246899262
54 61 -0.2146777521429981
54 62 -0.16628722459052137
54 63 -0.02252622871638854
54 64 -0.9307364378376053
54 69 0.8014289479359256
54 71 -0.02816058587935366
54 73 -0.22662185565748216
54 74 -0.2605727340348012
54 75 0.3015110634948621
54 77 -0.7003022266126298
54 79 0.34745015867741125
54 82 -0.05457537230107312
54 83 0.8264009230738993
54 84 0.4888441565320434
54 87 0.4152091061698495
54 88 -0.11670777471790217
54 89 0.846187278173181
54 92 -0.25037269621636216
54 93 0.23127476224554888
54 94 -0.4564690885173204
55 56 -0.7384078422355149
55 57 -0.8864112763801644
55 58 0.06346321408232791
55 59 -0.5298468328234303
55 60 0.1832245142636295
55 61 -0.004172998272827799
55 63 0.2833825694642027
55 66 -0.510744822322674
55 67 0.049874950030649456
55 68 0.4513568477257397
55 69 0.6123636893776119
55 71 0.4467565567540257
55 72 -0.7299213337315429
55 73 -0.9135003676633244
55 75 0.06041294213517601
55 76 -0.7449470337340791
55 77 0.15792068545158666
55 79 -0.09431322520630303
55 80 0.14214816212478065
55 81 -0.36026145761482864
55 82 -0.7906388311042627
55 83 0.03829858112694917
55 84 0.4532353209172175
55 86 0.7201085652447143
55 88 -0.14446666159186128
55 89 -0.5625664633552838
55 91 0.4162093754130358
55 92 0.6791211938288151
55 93 -0.06528414733494947
55 94 0.8094977917309847
56 57 -0.26154534655210604
56 58 0.3826373544252921
56 59 0.38369045510862976
56 60 0.9617038616887075
56 62 0.8518596685221647
56 63 -0.03939746613965456
56 64 0.9064494747950853
56 66 0.6667276219845562
56 67 -0.9820057327751262
56 68 0.6403774707930086
56 69 -0.14440936074049593
56 70 0.06072122847422867
56 72 0.9957452054223821
56 73 -0.058782207510768014
56 74 -0.9318322662089784
56 75 -0.909072719407213
56 78 0.7036017755912649
56 79 -0.22343497631120002
56 80 0.8766177231351235
56 81 -0.47139033006590214
56 83 0.8540254775881719
56 84 -0.4092571790380257
56 85 -0.877831629781423
56 87 0.8177178025079408
56 88 -0.3952804277447439
56 90 -0.8555502352947
56 91 0.4685051023107736
56 92 0.12794511925482888
56 93 -0.18363636379189474
57 59 0.09632348354250819
57 60 -0.20506570936659307
57 61 -0.06098310316243971
57 62 -0.58702990603434
57 63 0.1617941354994421
57 65 0.47137255394373145
57 66 -0.6560779413082953
57 68 -0.40963626335007475
57 69 0.330475326278564
57 70 -0.23296570083410928
57 71 0.5005125344645234
57 72 -0.8044472922061296
57 77 -0.04502290954821064
57 80 -0.2901869045529297
57 81 -0.49712823785570404
57 86 -0.8785046384461479
57 88 0.12471213436837769
57 90 -0.9176708964535696
57 91 -0.7874466289450803
57 92 -0.47328465389340724
57 93 0.22946231095069836
57 94 0.4112926825307317
58 59 0.3186923016348744
58 60 0.7649760558402738
58 62 0.7207992215224259
58 63 0.9506382528943202
58 64 -0.13286926131580534
58 65 0.09857976931160661
58 66 0.19273852000798986
58 67 0.6146952382679136
58 69 -0.803796819793257
58 71 0.6546659607831058
58 72 -0.18922987839008032
58 73 0.01679709935668261
58 74 -0.9449506983213891
58 75 -0.7331707264837461
58 76 -0.29960120649932986
58 77 -0.6283272231216828
58 78 -0.7232618794436725
58 79 0.08138913386523883
58 84 0.38576078199219377
58 85 -0.7319721619823081
58 86 -0.6400387999116823
58 88 -0.20639234751368796
58 90 0.8584392446377453
58 91 -0.6351001636078961
58 92 -0.3327538867347444
59 62 0.15429828327347916
59 63 0.008139021653485567
59 64 0.19181562572743371
59 66 -0.521442495469908
59 67 -0.0207221003479916
59 68 -0.08939693278894523
59 69 -0.8814359519446628
59 70 0.2593126455161665
59 71 -0.8197086026119367
59 72 0.7017848770190525
59 73 -0.8554198687371017
59 75 -0.6841528680508266
59 76 0.67629178910862
59 77 -0.8832770969565844
59 78 0.37275116257128316
59 80 0.9407960635214829
59 82 0.43811506532366074
59 83 0.5057100547324496
59 86 0.09117814206955965
59 87 0.8281370450309482
59 88 0.3695974131674473
59 89 -0.34344367904550466
59 91 0.8804667138239701
59 92 -0.25200013912381425
59 93 0.8171181941675536
60 61 -0.8854053093373313
60 62 0.09561045507862498
60 66 0.1478298728221661
60 68 0.9463571531740147
60 70 -0.4066432713095698
60 71 0.9786529735833196
60 73 0.5675578567294071
60 74 -0.47220663880134794
60 75 0.0036803011175574607
60 76 -0.17510642082949435
60 80 0.12777442770845449
60 81 0.04011150940452013
60 82 -0.9167199684524816
60 84 0.5582789399097341
60 87 -0.8677870217350907
60 89 -0.3295838659180417
60 91 -0.5819812494604168
60 93 0.1777705247040804
61 62 -0.7128888561581146
61 63 -0.9012603727185975
61 64 -0.778415405334324
61 67 -0.6446319873185475
61 68 0.7326082057628542
61 69 -0.8188239635554933
61 70 0.6819595060089192
61 71 0.29777086743765224
61 72 -0.4133166652333009
61 73 0.02517318338704344
61 74 0.20515392792997478
61 77 -0.5177634881360513
61 78 0.10057216152133863
61 80 -0.5048483116439486
61 82 0.19100972085405354
61 84 0.8733488878507274
61 85 -0.26894523045235386
61 86 0.5798346942297776
61 87 -0.7136732666069838
61 89 -0.10343621987912499
61 91 -0.9349681614344947
61 92 0.24969208211191174
61 93 0.945909259768474
62 63 0.6410657617374913
62 64 -0.9843098040734197
62 65 0.7627868555474644
62 67 -0.9089191229436693
62 68 -0.5897492374314395
62 71 0.0036020348841803163
62 73 -0.08176926533833995
62 74 -0.16574788530237328
62 75 0.8541291699456866
62 76 -0.11971484621408535
62 77 -0.35970137550718007
62 79 -0.056492171375862155
62 80 -0.012449062365035957
62 81 -0.8294645170601675
62 82 -0.4191570796140196
62 84 0.6743154006190821
62 86 -0.71906269441205
62 87 0.5241563150044066
62 88 0.43148310873822027
62 89 0.20626434550469575
62 90 -0.24686919502044669
62 91 0.02558369392333315
62 93 -0.2635592103967608
63 65 -0.14884109986208394
63 69 0.3940480716796382
63 70 0.5646860669392157
63 72 0.9852412877537953
63 73 0.13928339631631914
63 74 0.8363725574185907
63 75 0.6290054285665316
63 76 -0.10482627202700101
63 77 0.3544800154768535
63 78 -0.5991507187466381
63 79 0.9814947886808401
63 80 -0.3901199123154204
63 81 0.09934453620363537
63 82 -0.45357954146888657
63 83 0.3726325600132576
63 85 0.8264904770198489
63 86 0.4661335605953245
63 87 -0.545070811377484
63 89 -0.17764559852807205
63 90 -0.7823138553291125
63 91 0.9365370274068303
63 92 -0.9926618870775306
63 93 0.40626743723569625
63 94 0.9756992094185413
64 65 -0.4672873260466197
64 66 -0.5148690154262889
64 68 0.16069289934887854
64 70 -0.12905793425501977
64 71 -0.49833463048350346
64 72 -0.47628433962407524
64 73 0.2455844389288515
64 74 -0.6632277597242682
64 75 -0.35243969824407184
64 76 0.527534828776677
64 77 -0.7663733101571379
64 78 0.08739626482834861
64 79 -0.5883258142801038
64 80 -0.5767006753597335
64 82 0.30399731642532113
64 84 0.1965208041202806
64 85 0.0650466283164115
64 86 0.8078044408243357
64 88 -0.7772750196157434
64 89 -0.9800237636262399
64 90 -0.19813319902744198
64 91 -0.2840227296330926
64 93 -0.854140740240356
64 94 -0.9011738732556978
65 66 0.602391520208462
65 67 0.1394403649884599
65 69 0.763891505213798
65 71 0.1844990135504101
65 74 -0.6392857367609392
65 75 0.5145729012822899
65 80 0.4269583886416126
65 81 -0.13527029643821598
65 82 -0.38395563862828563
65 83 -0.865218552293654
65 85 0.9786377997587712
65 86 -0.6782487884355559
65 90 0.21979296385056712
65 92 -0.853325818030936
65 93 0.5341458908141428
66 67 -0.967844633995012
66 68 0.0235492157121433
66 69 0.5085031312950865
66 71 0.33507372902446475
66 73 0.43445366638125416
66 74 0.2217357686962782
66 75 -0.512134125367717
66 77 0.7975137190323369
66 78 0.12314015098753295
66 79 -0.10305053146969101
66 80 -0.3166078712707787
66 81 0.7247613889625599
66 82 -0.42045479471596336
66 86 0.8901616800149308
66 87 -0.8431167354436107
66 88 -0.7622182642963584
66 89 -0.3096091943764301
66 91 0.5664941423766836
66 92 -0.8375626213495002
67 68 -0.35903278495928204
67 70 0.9587204265439226
67 74 0.8768660191171094
67 75 -0.39757244976090433
67 79 0.8908398384755547
67 80 -0.6496179206201482
67 81 -0.6908464149653233
67 82 -0.7858487771626179
67 83 0.011307612966387381
67 84 -0.07483034916924236
67 86 -0.1529941245024975
67 89 0.08524013019873977
67 92 -0.7255129885907325
67 93 -0.5902250576430306
68 69 0.11330549506606169
68 72 -0.5476278001986403
68 73 0.5630056758313156
68 74 0.7332637700474605
68 75 0.16862449296044968
68 76 0.8629281618883815
68 78 -0.11963087357334778
68 79 -0.03830095602141559
68 80 -0.8842182671408316
68 81 -0.6897428163007979
68 83 -0.5367238012440099
68 85 -0.2158715857125415
68 86 -0.42255132066017875
68 89 0.08690028255136073
68 90 0.11738512021964254
68 92 0.25250942818553135
68 93 0.38726629721659034
68 94 -0.9434122399067826
69 71 -0.41439213574323275
69 73 0.34605954979444586
69 74 -0.06707834334782414
69 77 0.6845210577561094
69 78 0.3585085499935239
69 79 0.11682104493538148
69 81 0.19131839133793416
69 82 -0.24590389239184285
69 85 0.8440894582345952
69 86 0.24968640443644197
69 87 0.5011269363097959
69 89 0.8773229880861888
69 92 -0.4169954692235225
70 71 0.25283561039458546
70 74 0.8934991181794523
70 75 0.7713830148619965
70 76 -0.21946520341190157
70 77 -0.17367237920629242
70 78 -0.36053376906058565
70 80 -0.7260109966395922
70 82 0.4108006678412195
70 84 0.9805208518196309
70 85 0.9858096185547418
70 87 -0.8766669324122245
70 88 0.3138246262028608
70 91 -0.26660256082629163
70 92 0.5174727394708467
70 93 0.20663688364055588
70 94 0.617559941052815
71 72 -0.804567567954672
71 74 -0.1701081362902217
71 75 -0.6739706372826495
71 76 -0.7669740765560371
71 77 -0.027360519089250523
71 78 0.8198560331988562
71 79 0.8684116985754475
71 81 0.9552321764888809
71 82 0.7542031478673292
71 83 0.2518878724011895
71 84 0.13871674211986562
71 88 -0.6476756088865407
71 89 0.13378953209758238
71 90 -0.6875184300130963
71 92 -0.7118771490819515
71 94 0.45611286735222123
72 73 -0.2501967101113798
72 74 0.4789662816234257
72 76 -0.31115356909485214
72 78 -0.421094183922756
72 79 0.7345467049361469
72 80 -0.6063258738816626
72 83 0.26298846937988296
72 84 0.08447325764190583
72 85 -0.6512734172933174
72 86 -0.32959249453405537
72 87 -0.2244877528853697
72 88 0.4355891649300223
72 90 0.014606307359665172
72 91 -0.33846534011241824
72 93 0.9940682997089938
72 94 0.6763004078180916
73 74 0.4324788192596307
73 76 -0.49827952764718764
73 77 0.9600884416068172
73 78 -0.4117410405770634
73 79 -0.5840368510030065
73 80 -0.003071511864322307
73 82 -0.3200339729008841
73 83 0.5721900803887787
73 84 -0.3749582302786403
73 85 0.6877384564416118
73 86 -0.6129980996414688
73 88 0.751414167395841
73 89 0.11298808739889754
73 93 0.7782800909862293
73 94 0.5010777324798592
74 78 0.14333826704979002
74 80 -0.8707218671523222
74 81 0.2394090115458034
74 82 0.03967714013079138
74 83 -0.929687314358363
74 85 0.7724693976845376
74 86 -0.8588949662561411
74 87 0.5058433546087744
74 88 0.7280281955862715
74 89 -0.3573368581220293
74 90 0.8881820900334256
74 91 -0.8884043489958453
74 92 0.6720631649696338
74 93 0.36612858254824276
75 77 0.03589674893870343
75 79 0.7156800594718988
75 80 0.2403896617247021
75 81 -0.024966559023419155
75 82 0.2099846068977007
75 83 -0.4467010477515576
75 86 0.8021446168875197
75 87 0.7149487853873044
75 88 -0.07161755880557674
75 89 0.8610278385984864
75 90 -0.7412515605858512
75 91 0.7167746337001497
75 92 -0.5375494444198328
75 93 -0.06716148881905037
75 94 0.8772367636051812
76 77 0.1546353813811847
76 81 0.761461373411837
76 82 0.4010973782482108
76 84 -0.43941709625381953
76 85 0.6582720545455409
76 86 0.45509406788281126
76 89 -0.5007810948528288
76 90 -0.996328901819423
76 92 -0.11102987298010181
76 93 0.8317160084106934
76 94 -0.23877882748700285
77 82 0.07963650950693113
77 85 0.9731373567375274
77 87 -0.4318001348582874
77 88 -0.4747537239481796
77 89 0.2659223857044779
77 90 -0.5383787358554901
77 91 0.580114237483552
77 92 0.46032688401227095
77 94 0.08926281599416153
78 80 -0.7974265051201623
78 82 -0.8420886835667545
78 83 0.6452120184594436
78 88 0.3527526767911373
78 89 -0.7419335775535965
78 90 -0.05190907060890071
78 91 -0.6644520256995798
78 93 -0.10598540668757539
78 94 0.12297779218515603
79 81 0.25950975747041993
79 82 -0.5249853294019551
79 83 0.5601500280341938
79 85 -0.9898482835059794
79 87 -0.18946112179032704
79 88 -0.3081653165364304
79 90 -0.7695019550349227
79 91 0.8960879332237666
79 92 -0.8043842703359063
79 93 -0.527298252968655
80 81 0.874595122589116
80 82 -0.5490690313580531
80 83 -0.5739971867276719
80 84 -0.4317312053184177
80 85 -0.6793334392468824
80 87 -0.40964982383743487
80 88 -0.652323251295766
80 90 0.12151550697475932
80 91 -0.03780686175162806
80 92 -0.4253963496586759
80 93 0.04368457404976689
81 84 -0.6497661250042897
81 85 -0.5661262670598897
81 86 0.029293776016170003
81 88 -0.2746425099116314
81 89 0.203004635639221
81 90 0.23933309554245552
81 92 -0.7927855783411666
81 94 -0.9467099237855738
82 83 -0.46114736366263864
82 85 0.4114515905444467
82 88 -0.30982064925571184
82 89 -0.4866639068335483
82 90 0.06524763269323253
82 91 -0.8779823154843258
82 92 0.9951434948283933
82 93 -0.8328278017179087
82 94 0.988977791293018
83 84 0.998971570508751
83 85 0.850817046127144
83 86 -0.5566722536495488
83 89 -0.9896229648780832
83 91 0.702615532787175
84 88 0.389960005693029
84 89 -0.03645714720706206
85 86 0.7348111483741149
85 87 -0.4731668510758964
85 88 0.05920164776225967
85 90 0.6963101123101998
85 91 0.5669704360529919
85 94 -0.25584242140362967
86 88 -0.4369562289976543
86 89 0.053194672742759685
86 90 0.8578676603665576
86 94 -0.36464308426136793
87 89 0.9620186860491031
87 90 0.23034013570680267
87 91 0.6706611696378504
87 92 -0.2432813181821245
87 93 -0.8794870094451277
87 94 0.3357862666892759
88 89 -0.25511315619233543
88 91 0.8344011832355787
88 92 0.17720468954471547
88 94 0.2975377757930213
89 91 -0.9915008624121562
89 92 0.2606743783652121
89 93 0.18897677148170655
89 94 -0.5514317894333174
90 91 0.3824731362121978
90 92 -0.6170159263057025
90 94 -0.28731397635940925
91 92 0.9450709747165367
91 93 -0.5977499589090853
92 93 -0.9728269860765808
92 94 0.5587684367302441
93 94 -0.7714013862231104
