95 3356
0 0.688967985971704
1 -0.7509390596729633
2 0.46517336373225904
3 0.3224315610745736
4 -0.83642647661259
5 -0.028391460711540972
6 0.8199078376800271
7 0.08583429225748707
8 0.7055115295796075
9 -0.8869016094786322
10 -0.3098089338329082
11 0.3938459701734278
12 -0.3108141349500564
13 -0.4671211098546033
14 0.39307332948388174
15 -0.32804410506267523
16 -0.8174117269665047
17 0.9530960330576745
18 -0.3390570792662555
19 0.8049000409908866
20 0.7848407645251165
21 0.7213762690570646
22 -0.9427004931887608
23 0.3061079541417364
24 0.20697603478589222
25 -0.1473555586178814
26 -0.5651346236991652
27 -0.38557683601238435
28 0.8267967752701157
29 0.25150563080499344
30 0.12078000851679938
31 0.18973003480366035
32 -0.06461271828526716
33 0.4587620140033537
34 0.25068206678454774
35 0.26620341227662747
36 -0.5356907973575997
37 0.579352222439171
38 0.7557320724871743
39 -0.8371503864487877
40 -0.5928063569682507
41 0.8604058870583422
42 0.6486275934789585
43 0.7202212295776247
44 0.44020446458459483
45 -0.6816531312076524
46 -0.8703938243082896
47 -0.5777608494375555
48 -0.33522696683326014
49 -0.979657151866423
50 0.28158961711950115
51 0.59910828245284
52 0.9943483049213333
53 -0.1165023289846745
54 0.9413043347402128
55 -0.423619793041887
56 0.4373488657230302
57 -0.6943644858731617
58 -0.8332024662070865
59 0.6344233266817629
60 -0.5762536300372765
61 0.18525045374749283
62 0.2252654807296055
63 0.09888050543305305
64 -0.2775990823140069
65 0.05135587951837706
66 -0.8998912936802506
67 -0.04266455239096234
68 -0.8723354916855972
69 0.5545499494230317
70 -0.8882156697519743
71 0.9348414120992712
72 0.9682637465298025
73 0.6553821344893547
74 -0.3388645823046159
75 0.9496154926275839
76 -0.1263552165390176
77 0.03923411298832513
78 -0.5914272924274431
79 0.08650167546967746
80 -0.16418378968014147
81 0.43312940771390607
82 -0.6546394664703161
83 0.8788131631009368
84 -0.6682215052130704
85 0.22839501122920347
86 0.5569517120286578
87 -0.4830485671654583
88 -0.8898308449494041
89 0.23588674735249437
90 -0.33845239898736845
91 0.14606692966406154
92 -0.8931098421630277
93 -0.2648434460868363
94 -0.5718342560244036
0 1 0.8052125150676035
0 4 -0.5454253880384459
0 5 -0.10305227656293003
0 6 0.905358203470306
0 7 -0.6924650742826681
0 8 -0.16543164361356033
0 9 0.3788077347552894
0 10 0.42783116899328744
0 12 0.8171292376330794
0 13 0.7548137674760718
0 16 0.23317620572692777
0 17 -0.4166278609900287
0 18 0.9400860341990289
0 19 0.32779470710522274
0 20 -0.7419581752573035
0 21 -0.2051994248042628
0 22 -0.5057826919744517
0 23 0.5946650269635896
0 25 0.9942441540110449
0 26 0.3105671241052004
0 27 -0.10184582723286617
0 29 -0.27096891386612976
0 30 -0.09111422647194467
0 31 0.6656504324772066
0 32 0.41486230935845136
0 34 -0.4483416459357281
0 35 0.16156064918712643
0 36 -0.12259835217286463
0 38 -0.3767051425644825
0 39 -0.44638332171287964
0 40 0.24501632756316116
0 41 -0.4689761047575036
0 43 0.3328746135850542
0 44 0.5952563235747623
0 45 -0.7251415159746151
0 46 0.010255259585942866
0 47 -0.15569594645974472
0 48 -0.9693774796209516
0 50 0.844596179911772
0 52 0.8489347029972032
0 53 0.8921006410455343
0 54 -0.17124705918231964
0 55 0.6501775536753618
0 56 0.6431013152308769
0 57 -0.9421732059566594
0 59 -0.9657142637758835
0 60 0.10707649627341809
0 61 0.5863202067543496
0 63 0.5166937149608226
0 64 -0.05930244045785771
0 65 -0.6096066784811791
0 66 0.20362939930928703
0 67 -0.010793525097743562
0 68 -0.43723309888011697
0 69 -0.20259723542293928
0 70 0.28050747280992194
0 71 -0.7216033028252764
0 73 -0.24164876186727136
0 74 0.1298020363485195
0 75 0.11469147338420016
0 77 -0.9757492522204985
0 78 0.16219741857545933
0 80 0.07755761557820873
0 81 0.9684369012349279
0 82 -0.4740590275785075
0 83 0.21521231828680332
0 86 0.1264429857296121
0 87 0.49517427602359865
0 88 -0.44649242266456524
0 89 -0.08717571603129493
0 91 -0.3431576866109445
0 92 -0.1287164044440956
0 93 -0.9753149708315905
0 94 -0.38344859897853345
1 3 -0.6795053214403564
1 4 -0.10799521385549138
1 5 -0.40180811443423137
1 6 0.7530890586710388
1 7 -0.4866302243130054
1 8 0.22405596358917657
1 10 0.17676416207637446
1 11 0.5618380823818712
1 12 -0.682270656440847
1 16 0.8007765643694442
1 17 -0.2799957808111424
1 18 -0.7190118789905595
1 20 0.08781964723547087
1 21 -0.8908391821363031
1 23 -0.7432674859586235
1 24 -0.740982170163849
1 25 0.2889443446490736
1 26 -0.013016110190433583
1 27 0.8544139508768753
1 30 0.7099397717971938
1 32 -0.6705645073963247
1 33 0.14540596816202278
1 34 -0.3131024971878882
1 37 0.8671718915190216
1 42 -0.4427695792663877
1 43 0.3076905460418031
1 44 0.7040651661532789
1 46 0.6113461508215567
1 47 -0.7247100973458263
1 49 -0.447952436222266
1 50 -0.6720283328480254
1 51 0.008648353749306725
1 52 0.5188457926005403
1 53 0.4730502383321191
1 54 -0.6165257109590678
1 55 0.7533923339391448
1 56 -0.09312865531428183
1 59 -0.5591759675262555
1 60 -0.6211819122699702
1 61 -0.9238755240527099
1 63 -0.2751078636131108
1 65 -0.5084731133469906
1 67 -0.536108250455309
1 68 0.7911858309208286
1 69 -0.760606629428711
1 70 -0.7979441222598527
1 71 -0.6582485465752752
1 72 -0.6609187105162886
1 73 -0.6481159410586315
1 74 0.5612888710401696
1 75 -0.16334380490582423
1 76 -0.8171652270975058
1 78 -0.3736000414439322
1 79 -0.04762298057129444
1 81 0.08509336775759846
1 82 -0.0575257753161762
1 83 -0.2766624753121649
1 84 -0.9799434935681075
1 85 0.15750495884771554
1 86 0.3983188269361859
1 87 -0.2107642114834567
1 88 0.1424528895299797
1 89 0.8805499098918019
1 90 -0.4034294118331021
1 91 0.9161418100104959
1 92 0.7672508612907678
2 3 0.17710890502189436
2 4 -0.8273902151014656
2 5 0.6765025568603122
2 8 -0.3052176341660222
2 10 0.8916009338246798
2 11 0.02472153162518298
2 12 -0.6047971603117481
2 13 0.5309340380570549
2 14 0.46159429717432077
2 16 0.8020964182033659
2 17 -0.6558853960237723
2 18 -0.10852087943055877
2 19 0.0201376068210517
2 20 -0.48849600384337566
2 21 0.020988956676311954
2 22 -0.6884009710332544
2 24 0.11884811973047982
2 25 0.9609958426859004
2 26 0.4213285055194549
2 27 0.8605250159985531
2 29 0.10732919235522442
2 30 0.29900689624044374
2 31 -0.21425421565145042
2 32 -0.9753899700176598
2 34 0.4121985156633694
2 35 0.840508442853779
2 37 -0.611086931736712
2 38 0.0193870869840449
2 40 -0.23574726356938336
2 42 -0.8085662492725865
2 43 0.965712878988682
2 44 0.6748738517668211
2 45 -0.955460920558449
2 48 0.46158279970450633
2 49 -0.3263644229860554
2 52 -0.5800776936065366
2 54 -0.41262783950216164
2 55 -0.30374574709730306
2 58 -0.8587071195882519
2 59 0.9843907604427529
2 60 0.9361379876190883
2 61 -0.19899577482248332
2 62 -0.3944103471873168
2 63 0.3781213431590733
2 65 -0.9737002744982319
2 66 -0.03334652159806617
2 67 0.9538292666739194
2 69 -0.12006425059730219
2 70 -0.7018011875277932
2 71 0.2695193231506072
2 73 -0.3580350717166132
2 74 0.26050588061069635
2 75 -0.5008987298456655
2 76 0.4975725443732306
2 77 -0.00792166663277194
2 79 0.49653462217498
2 80 -0.8405525372614591
2 83 -0.015877267210796076
2 86 0.6238075614082104
2 87 -0.7364365635126422
2 88 -0.1025769462914532
2 89 0.8072052756038208
2 90 -0.06150705138654655
2 93 0.6576738871748842
2 94 -0.21693036303452629
3 4 0.4031221486800227
3 5 -0.4732621618472115
3 6 0.286830161343115
3 7 -0.36248877786995837
3 9 0.26910607047110613
3 10 -0.5914459257890461
3 12 0.8286666894122241
3 14 0.7930042885918771
3 15 0.09024442656665799
3 16 -0.23639974244112527
3 17 -0.3684212752464562
3 19 -0.827728738222886
3 20 -0.7172378310016638
3 21 0.4829609997032165
3 22 -0.8984042136934001
3 24 -0.11328257234291272
3 26 -0.4384605631814882
3 28 0.29597532593327824
3 31 -0.06010257256162754
3 32 -0.7569948136562317
3 33 -0.3609801044146812
3 34 -0.023034047716660178
3 36 -0.24574880757931705
3 37 -0.5471295864463654
3 39 -0.6851975118027156
3 40 0.3780507667009969
3 41 0.6251062529013027
3 42 -0.05315171040735911
3 43 -0.5810358507720823
3 44 -0.9359186808108555
3 46 -0.951071978454987
3 47 0.12673942384093517
3 48 -0.2641654602910768
3 49 0.6280252498828343
3 50 0.1297094364767113
3 52 0.1386162105725457
3 53 -0.9465620512460124
3 54 0.20472297557825203
3 55 -0.32796257763462444
3 56 -0.09011914677553201
3 57 0.06712017788700586
3 58 0.7648068633676628
3 60 0.9903074882995428
3 61 0.9947287728869201
3 62 0.18475056881270246
3 63 0.051804292650447836
3 64 -0.055217064474308186
3 65 0.8537475252904452
3 66 0.3056473738687704
3 67 0.9453523523741365
3 69 0.7074075390322054
3 70 -0.9426767771332385
3 71 0.17908516628281235
3 72 -0.8662001795365935
3 75 0.6974367048146439
3 76 0.4127473927954688
3 77 -0.7591343700600708
3 78 -0.337575887303208
3 79 -0.5378336251433546
3 80 0.8843879580926368
3 82 0.6629098369302953
3 83 -0.2789494103032153
3 85 -0.9577208718458174
3 86 -0.805592282692497
3 87 0.7634218981233716
3 88 -0.1157192631106807
3 89 0.6307168448811795
3 90 0.8200206678329021
3 91 -0.33065809504951504
3 92 0.11589508266299609
3 93 -0.5808891683751352
4 7 -0.16670905020253568
4 9 -0.9045745443159252
4 11 -0.20180374969800075
4 12 -0.22878564196860895
4 13 0.6127686199266176
4 15 0.7338001396718907
4 16 0.2693826764659921
4 18 0.4373188548907472
4 19 -0.9642891318177873
4 20 0.8372656880695748
4 21 -0.1647618175573764
4 22 0.6286091227581185
4 23 -0.8882144886748755
4 24 -0.38116434248248976
4 25 0.4612187157637897
4 26 0.03167800082354
4 27 0.8262127419124277
4 28 0.17623933331935793
4 29 -0.13643552190012653
4 30 0.005958902972241775
4 31 -0.8438817095316768
4 32 0.5185151858591468
4 35 -0.7042335523029599
4 36 -0.07377409354817788
4 37 0.02451080004577677
4 41 -0.010176342024466933
4 42 -0.5853976385316599
4 44 -0.35966512127777595
4 45 0.028716153775733888
4 46 0.9527080329051765
4 47 0.08257288656704453
4 48 0.2667398434943491
4 49 -0.43773005965056333
4 51 -0.7013534580677299
4 53 0.026813298945878916
4 54 0.7055603291079315
4 55 -0.772545320280724
4 56 -0.02690684369607843
4 57 -0.3801256062192384
4 58 0.6042147675913991
4 59 0.5821503306319533
4 61 -0.05919089850096615
4 62 -0.0875943833802193
4 64 0.9373549340761413
4 65 -0.38858370385191066
4 66 -0.0320629442282776
4 67 -0.05233291020138653
4 68 -0.5824493733769054
4 69 -0.709070039368163
4 70 0.8885025498937487
4 71 0.09091645342563925
4 72 0.8701407330686259
4 76 -0.18098510623633635
4 77 -0.881646121679079
4 78 -0.7590930432490093
4 79 0.2245756893434514
4 80 0.22499059316617243
4 81 -0.39153627962394144
4 82 0.6544434830316042
4 83 0.6809124085321321
4 84 0.906452187694835
4 85 0.06785821913255918
4 86 -0.5518950941518517
4 87 -0.9286970616599632
4 88 0.102722717341162
4 89 -0.8728698566715993
4 90 -0.28627931832988773
4 91 0.9828105496866106
4 92 -0.4289476740476026
4 93 0.11833999640551252
4 94 0.9983036186288554
5 6 0.08252155593520949
5 7 -0.06714276095788096
5 8 -0.33427207242963886
5 12 -0.06370321765081632
5 13 -0.5603881961658865
5 14 -0.5000293986283828
5 15 0.9728376094932878
5 17 -0.2876661927139079
5 18 0.1796405830352008
5 22 0.34020661531454777
5 23 0.48241961198042604
5 24 -0.3857246629326232
5 25 -0.6162694145466483
5 26 0.6256523690572955
5 27 0.3676128689959568
5 29 -0.14562426200649603
5 30 -0.5651157225835828
5 32 -0.08107408570916652
5 34 -0.07935144060425658
5 35 0.7331886574580857
5 36 -0.2453791354886956
5 39 -0.6279021601467236
5 40 -0.8356151409892527
5 43 0.6178225717532364
5 44 0.15916328878790598
5 45 0.4184015783591746
5 46 -0.36890135353436593
5 47 -0.4634276691466195
5 48 0.45948494609978674
5 49 0.26950197385988695
5 50 -0.14154802867810212
5 51 -0.585655328422982
5 53 -0.9594070455105523
5 54 0.8677940470405783
5 55 0.5942864728765844
5 56 0.8643068489926007
5 57 -0.2951040245158365
5 58 -0.6089098874791039
5 59 0.872107053338194
5 60 -0.3794882029382036
5 61 0.5721638085223568
5 62 -0.058637821912777
5 63 0.08652244455813207
5 64 0.6872611184045103
5 65 0.8873326991479245
5 66 0.35218895230283653
5 67 -0.2254013778276629
5 68 -0.5021088845557968
5 71 -0.23944217220616415
5 72 0.9125273645854519
5 73 0.1846991794927335
5 74 0.6920481433740602
5 76 -0.37280049319218844
5 77 -0.4972771301987611
5 78 0.9663860798306496
5 80 0.13189575967920786
5 82 0.9270031708981306
5 83 0.4221754985804478
5 84 -0.7353989786821176
5 86 0.2198388003507057
5 89 -0.5527496575774775
5 90 -0.7402561191416233
5 91 -0.5780460799220439
5 92 0.16645377485520663
5 93 0.5015005256359231
5 94 -0.9924110529823955
6 7 0.2943901442935135
6 10 0.04801464430398661
6 12 0.8085412885662535
6 13 -0.7719042715495421
6 14 0.16610047216650536
6 15 0.519081850847777
6 16 -0.3055569847748103
6 17 0.28928427494307307
6 18 0.34766622468711694
6 19 0.45282171953765316
6 23 -0.7112957926175227
6 24 -0.2348971557913302
6 25 -0.49809048039847803
6 27 0.8006759337297278
6 28 0.23376623436642596
6 29 -0.0074185269362980755
6 30 0.26580797149487445
6 32 -0.7028283091717176
6 33 0.1902834757672638
6 34 -0.8264812834487194
6 35 -0.05812392793445054
6 36 0.5384790646704394
6 37 -0.5169244868454776
6 39 0.9057989988347628
6 40 0.6335852519640028
6 41 0.38856162063676014
6 43 0.379281572903313
6 45 0.783979603846336
6 46 -0.3762340567315088
6 47 -0.7553252234519503
6 48 0.6521523042063719
6 49 -0.5934607554233997
6 50 0.7301018164477935
6 51 -0.8202042344534555
6 52 -0.5310278164174278
6 53 0.2054786447525374
6 54 0.8335775548931856
6 55 -0.15289727570082023
6 56 0.06731835034429223
6 57 0.5026244593558362
6 58 0.7451825746928393
6 59 -0.5782645668931434
6 60 -0.622946192897986
6 61 -0.7261427219698438
6 62 -0.19946395541123718
6 63 0.5981547912692364
6 64 -0.3258052320600777
6 66 0.42308811903235743
6 67 0.7830404955230805
6 68 0.18518195722275843
6 69 -0.9551497856440632
6 71 -0.015239273738952175
6 72 0.02150545572096174
6 73 0.19283701142564658
6 75 0.07879553275127926
6 76 -0.05170862031004342
6 77 0.35649982217826426
6 78 -0.361623182825201
6 80 0.34845509356786564
6 81 0.3508837665179265
6 82 -0.7837336190640167
6 83 -0.04962374599427055
6 84 0.49461950363918605
6 85 -0.10237953343941197
6 87 -0.07389709587750004
6 89 -0.6212585608564483
6 90 0.37034864170387105
6 91 0.9148625042976812
6 94 0.2804226075295968
7 10 0.5077931329147527
7 11 -0.9625615741350511
7 12 -0.5989380767270034
7 14 -0.6110492673241654
7 15 0.30621296440196666
7 16 -0.8030458919960741
7 18 -0.5925382809467654
7 22 -0.38613695896938993
7 24 0.18806561673636746
7 25 -0.27568457391192047
7 26 -0.287983277375196
7 27 0.5255334791713575
7 28 0.018596813575586513
7 29 0.021987057318040293
7 30 0.34317820814490263
7 31 -0.6587859669596812
7 33 -0.816442754197275
7 35 -0.3643428297690614
7 36 -0.9313668396496111
7 38 -0.75948271588776
7 39 0.5398819332065705
7 40 -0.10695716805728916
7 43 -0.3381254026645797
7 44 -0.3846264291608661
7 45 0.7078347229537956
7 46 -0.37983999865462437
7 47 -0.04988828490207986
7 48 -0.18960207979444665
7 50 -0.4207616958103668
7 51 -0.45046729174728073
7 52 -0.37627200654806137
7 54 -0.6127571997568428
7 55 -0.6773979651648963
7 56 -0.8465887191020842
7 57 0.6624237440482692
7 58 -0.44776609304538284
7 59 0.24559530555667775
7 60 -0.1799020980837247
7 61 0.41294976885665613
7 62 0.7161525580099406
7 63 0.8596792936192024
7 66 -0.8493136192246886
7 67 -0.9164170942058572
7 68 0.2819830881890655
7 69 0.1606995554640882
7 70 0.4099911256604105
7 71 -0.05471569783728558
7 72 0.11028704318069882
7 73 0.34208655647888064
7 74 0.13533477603771438
7 75 -0.7194292765463135
7 76 0.578118916603457
7 77 0.3268793882002421
7 81 0.40775217184396606
7 82 0.2765609856831859
7 83 0.8135122256571095
7 85 0.42631425156746383
7 87 0.27482623870397394
7 88 0.19359627827484172
7 89 -0.11547919526767414
7 90 -0.9695953354224414
7 91 0.3752295612451888
7 92 -0.4969640117720633
7 93 0.7336193280802403
7 94 -0.6826351789151925
8 9 -0.5155557470957564
8 11 -0.4640678442438717
8 12 -0.5179757405165941
8 13 -0.7463947617218916
8 14 -0.8062377198525212
8 15 0.5614164301948346
8 16 -0.8977794639092198
8 19 -0.11699759596862624
8 21 -0.7515861546901752
8 22 -0.7940376149393056
8 23 0.7364441131540003
8 24 -0.7749446206329123
8 25 0.7201078107658663
8 27 -0.17842678984678728
8 28 -0.47177746829475065
8 29 0.07521728832609464
8 30 -0.5247216010227964
8 31 -0.46828495369134227
8 32 0.026313669637798576
8 33 -0.7964565958562753
8 34 0.6899933734309249
8 35 0.0475884935065396
8 36 -0.7309494764936728
8 37 0.8168154781960015
8 38 -0.2894722340917455
8 39 0.0777622301762031
8 40 -0.6384079757757788
8 41 -0.9681685756499703
8 42 -0.6991847716844162
8 43 -0.9302245886406388
8 44 0.42565109839317516
8 45 0.5154857987814294
8 46 -0.7060201990991313
8 47 -0.15751298051941687
8 48 0.07805689674615945
8 49 -0.2946105190319259
8 51 0.0002855675365873722
8 52 -0.3095473875181427
8 53 -0.1488933797442591
8 55 0.569563427757009
8 56 -0.0960365005438919
8 57 -0.9601902380895773
8 58 0.7452813869644441
8 59 0.9637274136649068
8 60 -0.8370160334271741
8 61 -0.2873026046190774
8 63 0.2978998194589293
8 64 -0.8603366169841391
8 66 0.759564056350267
8 68 -0.18467434862328647
8 69 0.04833893805910083
8 70 0.20923514971772783
8 71 -0.8763744288174542
8 72 -0.8366257276506408
8 74 -0.40205702709330193
8 77 0.4393253020539265
8 79 0.34824286401006455
8 81 -0.572185247502009
8 82 0.9960554241429296
8 83 0.12459256955666875
8 84 0.38372722005387283
8 86 -0.7985100781432861
8 88 0.15833576081913536
8 89 0.6873340604509861
8 90 -0.42049439955353973
8 91 0.17846782222018742
8 92 -0.3305717987502934
8 93 0.514946399824207
9 12 -0.5426651922081818
9 13 -0.7163405367017175
9 14 0.7595346340985683
9 15 0.22850235320760448
9 16 0.7614535666419724
9 19 -0.5254983771680493
9 20 -0.6961429788686491
9 21 -0.2627071507295313
9 22 0.9013496704359731
9 23 -0.6372988008234528
9 26 0.5931434052235038
9 27 0.8244688896529533
9 28 -0.5182572753669288
9 33 0.5799242021060165
9 34 -0.8881467665172393
9 35 -0.6107622873317988
9 36 -0.9638989441289618
9 39 -0.06271000187857534
9 40 -0.43421735450002763
9 42 0.8919252294944777
9 44 0.3564905704769965
9 45 0.5979285023623147
9 46 0.8774307360624944
9 47 -0.9494942258222647
9 48 -0.5431279645519731
9 49 -0.4759836518648779
9 50 0.7978666497860574
9 51 -0.34736301648638523
9 52 -0.2684621065929391
9 53 -0.8746702722940729
9 54 -0.7939680750836122
9 55 -0.3503160966141785
9 57 0.4168364784220451
9 58 0.48501249671537927
9 59 -0.20207682648538872
9 60 -0.5368574255158063
9 63 0.17192336661582597
9 64 0.4657970268421352
9 65 -0.4568980848057107
9 67 -0.7967201807954416
9 68 0.7109638401894613
9 69 -0.4235453037286083
9 70 -0.4628672837568806
9 71 -0.9253972075389345
9 72 0.8330282406263143
9 73 0.26875697622583683
9 74 -0.23470192014631075
9 75 0.3419978219928841
9 76 0.277445588493785
9 77 -0.009095802944022013
9 78 -0.11744140768051325
9 79 0.2291576519734979
9 81 -0.8196119840474918
9 83 -0.9253939978945462
9 86 -0.07179855717933759
9 87 0.4870308834678836
9 88 -0.5633641295837049
9 89 -0.8290138111425263
9 90 0.8995574007338512
9 91 -0.19715897236969626
9 92 0.5610090875923193
9 93 0.41062378672336464
9 94 0.6959483210737971
10 11 -0.38297433144463966
10 12 -0.6723730489215161
10 13 -0.7699841372218752
10 14 -0.8797224838949398
10 15 -0.3767132902787538
10 16 -0.08732175003455334
10 17 -0.10153210925121159
10 19 0.4543415071524328
10 21 -0.5681554071256802
10 22 0.25972928392424754
10 23 0.47112553302980387
10 25 -0.37169883444811136
10 27 0.6346115372665573
10 29 0.45111291820458566
10 31 0.4062280542309329
10 35 0.842526699639663
10 36 -0.42400646453326174
10 39 0.679263965022262
10 40 0.6092225956030954
10 42 -0.4215981786958456
10 44 -0.8225246775098547
10 45 -0.8967919335555479
10 46 -0.8124358271431031
10 47 -0.7230847297964142
10 48 0.1290339985976947
10 49 0.07198809744116574
10 50 -0.7254435511502724
10 51 -0.4088339602564537
10 52 0.5477058063542481
10 54 -0.08478238176855801
10 55 0.6523332509882394
10 56 0.37134779516344696
10 57 -0.9444939804775763
10 58 -0.8437420326001495
10 59 0.2134715215133498
10 60 0.007546391336685776
10 61 -0.8601758749358019
10 63 -0.6087697375117418
10 64 -0.6747940597385764
10 65 0.5166027512941982
10 66 -0.031037564337006218
10 67 0.5135214806642143
10 68 0.47496035280345783
10 69 -0.05548556241984226
10 70 0.25626169440867796
10 71 0.05092161650369453
10 72 0.535475130322802
10 74 -0.6787295441065062
10 75 0.5875863806401389
10 76 0.7065661729179451
10 79 0.5377473996218431
10 82 -0.5754269820000559
10 83 -0.16454780052666362
10 84 0.6486559079172889
10 85 0.6336768043105712
10 87 0.6569049147824928
10 89 -0.13369970001699438
10 90 0.6814538837967254
10 91 0.09805353607456668
10 92 -0.49550438217705906
10 94 0.4900446303232542
11 12 0.6164627573680408
11 13 0.5080978422299349
11 16 -0.38929760495341426
11 17 -0.17922172301275818
11 18 -0.7945178576134801
11 20 -0.1505775134140841
11 21 0.0544873999987292
11 22 -0.4367059457372744
11 23 0.7801891059350687
11 26 0.45058923005340756
11 27 0.6119939453000449
11 28 -0.8280033503311985
11 29 -0.1610526094340785
11 30 -0.3666756378083995
11 31 0.45646019992353315
11 32 0.7536154849684793
11 33 -0.37533260457367335
11 34 -0.49351934857304447
11 36 0.48208391892461067
11 38 0.5637785612084658
11 39 0.9522749967286004
11 40 0.30912664090234565
11 41 0.3267212605644729
11 45 -0.13459107428846195
11 48 -0.3022323305034289
11 49 -0.5004866905202647
11 50 0.5406123849047344
11 51 -0.7103099241637696
11 54 0.14272265467081158
11 55 -0.06447513588099474
11 56 0.013006971225224095
11 57 -0.015162028154143137
11 58 0.9656376284676713
11 61 -0.38873328966815635
11 63 0.5677439023846709
11 64 -0.21752030984803605
11 65 0.9254541559790015
11 66 0.44007404861383237
11 67 -0.9229640405778086
11 68 0.9335895379214938
11 70 0.16197822469674028
11 72 0.17841901316202113
11 74 -0.8879102929570553
11 75 -0.6042959208583822
11 76 0.21071183084132517
11 78 0.8035555108069892
11 79 -0.3795162656322062
11 80 0.6594112576265385
11 83 0.11085195920286828
11 84 -0.5607328027115126
11 85 0.8610893100288086
11 87 0.9749235568107786
11 88 -0.12701908415064356
11 90 -0.36567909416850375
11 91 0.4988133331334055
11 94 0.6841762382485372
12 13 0.9700410905180845
12 14 0.3976182290425372
12 16 0.2880782447239898
12 19 -0.7160613486634291
12 20 -0.9744179524135608
12 22 -0.9350605191227694
12 23 -0.40789642807243753
12 25 0.3473944800961839
12 26 0.9170847296621396
12 27 0.11383125575848752
12 28 -0.6372591950458
12 29 0.2218563888137408
12 30 0.8284487504270526
12 32 0.2375055517448339
12 33 -0.23555602605609915
12 34 0.5184613942053453
12 35 0.9780634838992417
12 37 0.696405560998713
12 38 -0.6951845270940689
12 39 0.4232795002539813
12 40 -0.9183217331512428
12 42 -0.7439139900112939
12 43 0.33402809936779776
12 44 -0.008550495196799845
12 45 0.565858881826101
12 46 0.3243005245309467
12 48 -0.2547023456567301
12 49 -0.8973421841767608
12 51 -0.3860147498002364
12 55 0.0417652180286352
12 56 0.5752367996366639
12 57 -0.10147654712513954
12 60 -0.8850154361983325
12 61 -0.40184880188369787
12 64 -0.54954644147891
12 65 0.8843948602682408
12 67 0.47631524333146724
12 68 0.6592806535399358
12 70 0.045364188531748395
12 71 0.46813808069695595
12 74 -0.6159475210186676
12 75 0.7989945124746305
12 76 -0.9445978367484076
12 77 0.6863424904805613
12 78 0.6113794292884871
12 79 0.5846766782489925
12 80 0.9609116684491867
12 81 -0.8338942407080288
12 82 0.003629403743119708
12 83 0.9713263207860934
12 84 -0.860018240309069
12 85 0.8408588323985138
12 86 -0.3495933482447424
12 87 -0.9308782451766815
12 88 -0.11705386828191666
12 89 0.9933693167262054
12 90 0.7929653557129348
12 91 0.8800334434692512
12 93 0.8539152945523538
12 94 0.3919565904689357
13 14 0.5764455993553521
13 15 0.8165631002908276
13 17 0.7249654317864127
13 18 -0.6929116775751119
13 19 -0.9199790384166737
13 20 0.0853280307517954
13 21 -0.47108419762076603
13 22 -0.25434529279510576
13 23 0.35826057680251555
13 24 -0.6845483413828466
13 25 0.3489707272045979
13 26 0.7062854068871112
13 27 -0.3175569446748081
13 30 -0.9810010900976427
13 31 -0.20972705801226366
13 32 0.4772770346947486
13 33 -0.08276361705671187
13 34 0.297758482633127
13 35 0.4253696910344915
13 36 0.09356558485868294
13 37 -0.22457315599560745
13 38 0.7727538850628453
13 39 -0.9964938755915518
13 40 -0.8697946250061457
13 41 0.1798313044203812
13 43 0.3634468266283759
13 44 0.7074125928249815
13 46 -0.6022845455013379
13 47 -0.7648657216550416
13 49 -0.4530058636963594
13 52 -0.2190514099682377
13 53 -0.5693396478730675
13 56 0.09892702392901387
13 58 -0.4966768533623538
13 60 -0.49220768770002965
13 61 -0.6781199728958833
13 62 0.13192448289195235
13 63 0.46632335624385557
13 65 0.4139534029352687
13 66 0.312181854680341
13 67 0.9770335730590116
13 68 0.4874861515420723
13 69 0.2598866697754447
13 71 -0.3718581752673813
13 72 0.3468497807823978
13 73 -0.5268545575418406
13 74 -0.7082839794360463
13 75 0.5214438002979158
13 76 -0.6301436557162461
13 77 -0.5183362535800256
13 80 -0.8225795278341406
13 81 -0.6564796090306464
13 82 -0.3150802721265651
13 83 0.21508329729181908
13 84 0.10581692903730944
13 85 -0.5789998144713047
13 87 0.12368128423465508
13 89 0.774285077693267
13 90 -0.9996648986775167
13 91 -0.8526270461296146
13 92 -0.8107477457785675
13 93 -0.42443052427099826
13 94 -0.44599970523092125
14 15 0.13684916069740938
14 16 -0.8483945341126178
14 18 0.8744942279515655
14 19 0.7638248779531527
14 20 -0.055985542219175066
14 26 0.5396608790664215
14 29 -0.6698752819635769
14 31 0.9194563182062292
14 32 0.1961756521377167
14 33 -0.5035037701079557
14 34 -0.1573098573337386
14 35 -0.18371760967511164
14 36 0.998968894058482
14 37 0.7653485108583074
14 38 -0.0167737744654588
14 39 0.80939257100761
14 40 -0.5288508393251288
14 41 0.20945685282087334
14 43 0.009901706480629047
14 44 0.7208650586513794
14 47 0.889979605794901
14 48 -0.28943059465773646
14 50 0.9647454120794576
14 52 0.6146532272456346
14 53 -0.4610842160375139
14 55 0.7526106784294586
14 56 0.9079600186755172
14 58 0.7932007344620005
14 60 0.8314962199814893
14 61 -0.684951478586356
14 62 0.6136007099771985
14 63 0.9638206515081997
14 64 -0.5423387880407506
14 65 -0.00820730410383641
14 66 0.7002931396759495
14 67 0.5072375264565678
14 68 -0.3244991561720618
14 70 0.4021674406056446
14 71 0.4051170005144604
14 73 0.28395206649592586
14 74 -0.5204383250472842
14 76 -0.1476025807536896
14 77 0.04014124520267459
14 78 -0.1874693370464624
14 79 -0.0666232835346916
14 80 -0.39751362686292446
14 81 -0.035053151326977394
14 84 -0.37819188673532267
14 85 0.0398574141200585
14 86 -0.642440527636309
14 87 -0.8175510559773527
14 88 -0.2779290743648326
14 90 0.5583853490993895
14 91 0.30898298141580693
14 92 -0.2952243464444273
14 93 -0.3502876064413969
14 94 -0.523186661178124
15 16 0.3468614390291527
15 17 -0.38072393226977597
15 18 0.22854604008026835
15 19 0.028686784080097727
15 20 0.14600750025692788
15 21 0.7607679939330909
15 22 -0.7501272581389229
15 24 0.3132121379921957
15 25 -0.8222734785294308
15 26 -0.962907215742284
15 27 0.16311113052279191
15 28 0.22526857149014412
15 29 0.9160548864824432
15 30 0.2921318689286434
15 31 -0.05239397057934281
15 32 -0.6711492795198233
15 34 0.06376456352865811
15 35 -0.9924610985840014
15 36 0.7103680656477656
15 37 -0.8142110816215018
15 39 0.7112708814046176
15 42 0.33448028169694277
15 43 0.4936211245608555
15 44 0.9429125935242706
15 45 -0.46577671895013806
15 46 0.9269962609990723
15 47 0.7015252035684658
15 48 -0.3225237698044645
15 50 0.21175337951623208
15 51 0.8963899570175702
15 52 -0.10952752831498258
15 53 -0.49029330566923224
15 54 0.4750840995149528
15 55 -0.6835496574283588
15 56 0.41244546856413655
15 57 0.5184996543313061
15 58 -0.519272440724704
15 60 -0.07041451178942171
15 61 0.3306665795813071
15 62 -0.7442556636194522
15 63 -0.009889656033960526
15 64 -0.4237438790833641
15 66 -0.3909771564997784
15 67 -0.5993560314936721
15 69 0.9018818071018142
15 70 -0.24800318831303692
15 71 0.12294119043097052
15 73 0.3517668645431735
15 74 0.6806539021357294
15 75 0.6195130554422819
15 76 0.8456310850667832
15 77 -0.37302792869635115
15 78 0.6127306566845323
15 79 0.8789899834525268
15 80 -0.6595740826209724
15 81 0.5407298934896465
15 82 -0.5655749026289354
15 83 0.5707952992054484
15 85 0.6026466406382318
15 86 0.5205007589812762
15 88 -0.9107504070834138
15 90 0.8832767085102411
15 91 -0.41532591847817213
15 92 0.27295633107563977
15 93 -0.8047934660031462
15 94 0.8933299327751956
16 17 -0.8445769069603495
16 18 -0.5317273846386599
16 23 0.7475667269969224
16 24 0.7832583965625124
16 25 0.8349394676770443
16 26 -0.020319140780755696
16 27 0.9204024826788832
16 28 -0.008605299897176844
16 29 0.9901080837149359
16 30 -0.285353638267948
16 31 0.8569726195065615
16 32 0.8235081926676995
16 33 -0.061419225232049124
16 34 -0.177607740506611
16 35 -0.46704064172048554
16 37 0.26295495719654993
16 38 -0.9182599769670716
16 39 0.49310334020367663
16 40 -0.0975779777103829
16 42 0.09265309320526893
16 43 -0.6467371071332275
16 44 0.034383262317863705
16 45 0.3834002630211115
16 46 0.8381205412360959
16 47 0.8368392771955715
16 48 -0.17961255286203204
16 49 0.04045895350401674
16 50 -0.6614940736284314
16 51 0.48737417023408613
16 52 -0.17983919544399107
16 53 -0.6249138173733804
16 54 0.15025866836839508
16 55 0.0715036348897038
16 56 0.202273598136695
16 57 0.43419157720811774
16 59 -0.7932326065460829
16 61 0.055855483239715564
16 66 0.9289536825783304
16 67 -0.2400960879972689
16 68 -0.7127380061959219
16 69 0.6944991557131057
16 70 -0.10005107062104335
16 72 0.25988674960930513
16 75 -0.9140353210688719
16 76 0.7639862801515493
16 78 0.06804194765725669
16 79 0.5019931274933491
16 80 -0.7735078477938986
16 81 -0.9942866057615578
16 83 0.6764044082285416
16 84 -0.799631044712537
16 85 -0.47302601258268995
16 86 0.9341830362363699
16 87 0.48803579215220094
16 88 -0.8249953455363448
16 89 -0.7578434430145635
16 90 0.4786416832135618
16 91 0.8022406466225995
16 93 0.03871398416411109
16 94 0.036795968452492334
17 20 0.6730269147431995
17 21 -0.15426877084056057
17 22 0.48321382785387446
17 23 0.11384811462083833
17 25 0.8585610908969725
17 26 -0.3003256615032939
17 27 0.6976837477377511
17 30 -0.2696383069598822
17 31 0.7732828189374679
17 32 0.6132662558535045
17 33 0.8951853208259155
17 34 0.8334959620737403
17 35 -0.41119095121942384
17 36 -0.8999123927796291
17 37 -0.8369416451564118
17 40 0.3477147318639333
17 41 0.12380632865609242
17 44 -0.640698807715921
17 45 0.5894482287352221
17 47 0.2728207049041884
17 48 -0.27469939104501595
17 49 -0.5838725323872531
17 51 -0.1725791422290781
17 52 0.8265988550666825
17 53 -0.24546088048666537
17 54 -0.6957473533803997
17 55 -0.11509354617847456
17 56 0.6107251522288526
17 57 0.5555674953710772
17 59 -0.25398110024916387
17 60 0.44065358124952114
17 61 0.42276585725427185
17 62 -0.678030344959671
17 63 0.047651647381573126
17 64 0.9706439333303358
17 65 -0.44634066928425686
17 66 0.5545293542733312
17 67 -0.30699581110269114
17 68 0.10175071801232294
17 70 -0.4233274658387771
17 71 -0.13754942451842855
17 72 0.965609886773042
17 73 0.38758208680088835
17 74 0.319390709803441
17 75 -0.37756291695760447
17 76 -0.6396109817257767
17 77 -0.0065216724346022215
17 78 0.8660784397401131
17 79 0.4977322387639065
17 80 0.15847833454309224
17 82 -0.8306829642525928
17 83 -0.043962924187752384
17 84 -0.36648199225828226
17 85 0.7410729100535369
17 86 0.7319407606320374
17 87 -0.8877538930789628
17 88 -0.4248383119919783
17 89 0.4115416541516381
17 90 -0.6695054145009656
17 94 -0.8430901808859159
18 19 -0.9088405917304465
18 20 0.1049291655817366
18 22 0.4763737538689312
18 23 -0.8281088506391276
18 24 0.3998759361727875
18 25 -0.7333726454122045
18 27 0.8649945305789832
18 28 -0.44900495467822377
18 29 -0.394874232404395
18 30 -0.3448214574954165
18 32 0.8144494820977493
18 33 0.23600297296886175
18 34 0.28873723295599696
18 36 0.24595897361134544
18 38 0.20930731004730796
18 39 0.4437591644383918
18 40 -0.43192977331080407
18 41 -0.3352645075791676
18 42 0.44396791954979387
18 44 -0.9690996639926217
18 45 0.44162462371322353
18 46 -0.15441293878774287
18 47 0.06639153033448841
18 48 0.12645939157134478
18 50 -0.08064880780758021
18 51 -0.5445990396885019
18 52 -0.41644871979761056
18 53 0.15569757606285073
18 54 0.22106547250258268
18 55 -0.11414372287247199
18 57 0.7120120679566107
18 59 -0.318054662480002
18 60 -0.7254422150410325
18 61 -0.33411073940949065
18 62 0.6648950502907895
18 63 -0.8356010437836692
18 64 -0.4321626038762434
18 65 0.08631252829624314
18 67 0.8160211759192704
18 68 0.11321587284200385
18 69 0.5463335682877364
18 70 0.43109188525605546
18 71 -0.9864406054579307
18 72 0.3658600188430543
18 73 0.6223581933628637
18 75 0.42525223909665333
18 76 0.766109288117544
18 77 -0.3078915978829224
18 78 0.040597955128060415
18 79 0.9898330712381918
18 81 0.4493029772638957
18 82 -0.5377892742967483
18 83 -0.31616998411929975
18 84 0.30515105419117794
18 85 0.49690901641571195
18 86 -0.6339983237815838
18 87 -0.3660499891269213
18 88 -0.14424638463343187
18 89 -0.8394643981511194
18 90 -0.27578090133157396
18 92 -0.5781535995565803
18 93 0.6008947943990584
18 94 0.019935676007213132
19 21 -0.08829568999171356
19 22 -0.002080057776891575
19 23 -0.6179558547576951
19 24 -0.8886100810396842
19 25 -0.7522891401533649
19 26 -0.5632079852333018
19 27 0.25766563738473325
19 28 -0.5521581078105202
19 29 0.31662783973832664
19 31 -0.5801727855138472
19 32 -0.5738525326729742
19 34 0.8611852032556642
19 35 -0.11410759102525536
19 37 -0.03532644901472759
19 38 -0.6171071177104772
19 39 -0.26731014095782535
19 40 -0.4933914807766566
19 41 0.18653575359778785
19 42 -0.004167681359604991
19 43 0.6928259097696134
19 44 -0.26292355750862884
19 45 -0.935044986771419
19 46 0.8985921463565201
19 48 0.40620979177679106
19 50 -0.5898627083539332
19 52 -0.42699774821225667
19 53 0.41355971970670957
19 55 0.6598910223323815
19 56 0.17481042986868944
19 57 -0.6058388720702672
19 59 0.12340336635394178
19 61 -0.9512521292952003
19 62 -0.24398031606073523
19 63 0.7763240064017929
19 64 -0.5314215940273779
19 67 0.008046820870260651
19 68 -0.5980353078357115
19 70 -0.662243214724832
19 71 -0.700115786286003
19 72 -0.6100529621614885
19 73 0.1548555991383067
19 75 -0.5693416101879356
19 76 0.8648279813482116
19 77 -0.6184706796463175
19 79 -0.717936423874443
19 81 0.5778177538851137
19 82 -0.0004590863236708653
19 83 0.9614844587067772
19 84 -0.13126984867982627
19 85 0.8723180557503951
19 87 -0.6566686761205713
19 89 -0.5448642144145461
19 90 -0.46120539994067555
19 91 0.057243272294531744
19 92 -0.5228636449345319
19 93 -0.9152989426162779
19 94 0.1098240000304096
20 22 0.4381952959547539
20 23 0.5323366680811086
20 25 -0.7013260310599068
20 27 -0.4062354459019757
20 28 -0.691648394779403
20 29 0.1605015881246905
20 31 -0.14308319356304366
20 32 0.42720200541394404
20 33 0.531247898944712
20 34 -0.3992078983434615
20 35 0.5087431993139642
20 37 -0.5473701281339816
20 38 0.2566211971929728
20 39 0.04305880003070106
20 40 -0.2987263531566531
20 42 -0.762523675496126
20 43 -0.8241932462816906
20 44 -0.8425815889538142
20 45 0.5987115034119161
20 46 0.8800568522523107
20 47 -0.8099497978285923
20 48 -0.3675743125950828
20 49 -0.39486349009418253
20 50 -0.8163644311673972
20 52 -0.20052490435810122
20 53 -0.874767348081531
20 55 0.03659152826038481
20 58 -0.8457661241044956
20 59 -0.18105289118349477
20 61 -0.33320920544438515
20 62 0.40209595049313185
20 63 -0.5749938235362861
20 64 0.31801358417714964
20 65 0.7277377078384446
20 66 0.5008733686787588
20 68 -0.5767350560712357
20 69 -0.9760580329139252
20 71 -0.6951257272302269
20 72 -0.007825827749356362
20 75 0.2916865960399191
20 76 -0.4601309104006863
20 77 -0.9872366345891548
20 78 0.42217270479717084
20 79 0.5439238423770283
20 80 -0.4002825926404274
20 81 0.777140987068162
20 82 0.03419331208634069
20 83 -0.05187087937553625
20 84 -0.20263946921048603
20 86 -0.1262917833441941
20 87 0.35991901441830243
20 88 0.4368520975165362
20 89 -0.27926529704870706
20 90 0.5571113970811259
20 91 0.41228645125897745
20 92 -0.2775966806774377
20 93 -0.5233497216565315
20 94 0.5600548091021835
21 23 -0.21395540878458896
21 26 -0.607020985762935
21 27 -0.6774718669765307
21 28 -0.9522939437698954
21 29 -0.19076504753339796
21 30 -0.4085840141432575
21 33 0.5675894355958717
21 34 0.7159085930319404
21 35 -0.5132734430533512
21 36 -0.5541212691756707
21 37 -0.37410189349945355
21 38 -0.12809167308482916
21 39 0.6268551375748557
21 40 0.9617164943359309
21 41 0.6043932636956781
21 42 0.44040361463818756
21 45 0.07107367142721333
21 46 0.7984700741399489
21 49 0.28735759041881725
21 50 -0.13273281378921498
21 51 0.184566720799489
21 53 -0.21513603584813734
21 54 -0.012854738454984416
21 55 -0.9947922404019027
21 56 -0.9546356594527603
21 57 0.8701387793951607
21 58 -0.031410336546848994
21 59 -0.088094536169254
21 61 -0.6377433711527796
21 62 -0.30296475759723185
21 63 0.5500048700501126
21 64 -0.2934685054885131
21 65 0.7871281140728286
21 66 -0.2398168203457156
21 68 0.5197738005242032
21 69 0.8866130569497865
21 70 -0.48926810732925596
21 71 0.11884595037956891
21 72 -0.4513047941838535
21 73 0.010524824700633761
21 74 0.5767921052243372
21 76 0.3952741486072493
21 79 0.06868371274328156
21 82 -0.84535621577233
21 84 0.4277296957767609
21 85 0.21222260901774237
21 87 0.5357936122853968
21 88 -0.08590127693970384
21 89 0.37840418398578546
21 90 0.7196704299046193
21 94 -0.9545780154310515
22 23 0.0539263401081449
22 25 -0.412083010715514
22 28 -0.6389709158283112
22 29 -0.7649926300175462
22 30 -0.13152572871290147
22 31 0.22188276299562104
22 32 0.1363389478145065
22 35 0.06416387043902305
22 36 -0.05161540129844777
22 38 0.7486995405215595
22 42 -0.7252167797969125
22 43 0.056282501252082895
22 44 0.6561543890308741
22 45 -0.13400613800590477
22 47 0.926545405699579
22 48 -0.7155349596559837
22 49 -0.35345786222078934
22 51 -0.5866007126625532
22 52 0.5056600533965836
22 54 -0.36159544182702064
22 55 -0.522256874388481
22 56 -0.49517576107206795
22 57 -0.7636114620533803
22 58 -0.8412797768111528
22 60 -0.5465756658571315
22 61 0.5116239831023031
22 62 -0.8887378912381416
22 63 0.6280457433144031
22 65 -0.7756904226271362
22 66 0.5560956239916228
22 67 0.7213157022137597
22 68 0.715707050434258
22 71 -0.08494091584471053
22 74 -0.6913945496994276
22 75 0.939741637254569
22 76 -0.041322475500588096
22 77 -0.5525959953340227
22 78 0.4775445114415344
22 80 -0.7585722638811916
22 81 -0.1588090518885299
22 82 -0.8031816580323816
22 83 -0.9532889632191219
22 84 0.10213795248523949
22 85 0.11767408393934375
22 86 -0.8704721891698641
22 89 -0.06652838754251178
22 90 -0.4357247267075799
22 91 -0.1432433884609896
22 92 -0.6498347349849232
22 93 0.38049302434921195
22 94 0.5008461994424012
23 25 -0.16757931620329702
23 26 0.6830155359516668
23 28 0.735404027740056
23 30 0.4224210410498592
23 32 0.7962419605206685
23 33 0.03664177622279752
23 36 -0.04637115864763208
23 37 0.6315364738994633
23 38 -0.11197009388063983
23 39 0.22101131429187393
23 42 -0.38487671527875866
23 43 -0.11675498766283576
23 45 0.0564498448972619
23 46 -0.8269942641261769
23 47 -0.470688905253706
23 49 -0.7940397790654534
23 50 -0.6922829242160977
23 53 0.33220318350344225
23 54 0.13998864359430585
23 55 -0.6560435514468304
23 57 -0.7838858121140315
23 60 -0.5535693796032086
23 61 -0.4770172297117068
23 62 -0.9545835650858852
23 63 -0.7415889486539642
23 66 -0.2940604743464108
23 67 0.5400532234803632
23 68 0.380880119849083
23 69 -0.03538989764565503
23 70 0.8430471989647994
23 72 -0.454763276973126
23 75 0.3681171949968358
23 79 -0.9717151556585515
23 80 -0.010147669781993995
23 81 -0.22145061047031134
23 83 -0.3150276705646222
23 84 -0.5360935474508968
23 86 -0.12068252017256564
23 87 -0.4273930167576516
23 88 0.576597265422168
23 89 -0.8069305757036849
23 90 -0.5221648391703417
23 91 -0.8067347121333683
23 92 -0.3240994848102472
23 93 -0.6225479848295501
23 94 -0.4850533109722892
24 25 -0.13695894718341295
24 26 -0.2673595077699973
24 27 -0.8519827708384216
24 28 -0.7711858279425403
24 29 -0.6199138739115913
24 30 -0.007150909396695715
24 31 -0.6913082330543454
24 32 0.07609615413644288
24 33 -0.17384908679413158
24 34 0.4424680259161329
24 35 -0.01580401926996644
24 36 0.8343885229271006
24 37 -0.14408507548494365
24 38 0.649023592916105
24 41 0.5547831682942035
24 42 0.43045858239169554
24 44 -0.004961759190203141
24 46 -0.08302965118542271
24 47 0.3103549534493897
24 49 -0.5062595335022377
24 51 -0.854540677103711
24 52 -0.5041989673135274
24 54 -0.3514821212557977
24 55 -0.22007633567908025
24 56 -0.9436812671436174
24 57 0.3098149915108379
24 58 0.0944183863834327
24 61 0.35759806627386403
24 62 -0.8562402516293526
24 63 0.015680917330113564
24 65 -0.9660833624379661
24 67 -0.6474914334417574
24 69 -0.4194917211867337
24 70 0.8065826049679794
24 71 0.9844268970332697
24 72 -0.7476428337014496
24 73 0.6534782277520659
24 74 -0.6635923596232267
24 75 0.46783606316253823
24 76 0.3709173863440338
24 77 -0.7616378998766129
24 78 0.14815952187174175
24 79 0.6332413640296799
24 82 0.3355320749372106
24 84 -0.45455602213421975
24 85 0.2503718139445248
24 86 -0.10878376997874972
24 87 -0.3251124590486798
24 88 0.2698565493628242
24 89 0.5878097928932744
24 90 -0.8064746431074239
24 93 0.7474533597860487
24 94 -0.27804811765795767
25 26 0.6014578971116693
25 29 -0.46863014819041915
25 31 0.47301549452612845
25 35 0.5583252790174378
25 36 -0.13444909110600034
25 37 0.038936766738808526
25 38 0.7224508147562798
25 39 -0.6849413269811535
25 40 -0.44153012764348953
25 42 -0.043553483151522965
25 43 0.34841711809674347
25 45 -0.5705596803185315
25 46 -0.33867044267544144
25 47 0.6237360353000723
25 48 -0.3302444013288526
25 49 0.12183463415026896
25 50 -0.7063966134897477
25 51 -0.3216694453951048
25 52 -0.7729908804378187
25 55 0.48902774142851535
25 56 -0.1240931503726379
25 58 -0.5050030650458583
25 59 0.5871977922732994
25 60 -0.6594978731282386
25 61 -0.9002443587286495
25 62 0.6868313139291999
25 63 -0.6719077555253472
25 65 0.10352971701856939
25 67 0.3528714522441512
25 68 -0.8730842890327146
25 70 -0.2788145978358003
25 71 -0.21952723937929686
25 72 0.515828426943373
25 73 -0.6238569092780117
25 74 -0.7240839721887131
25 75 -0.44879676543285885
25 76 0.3950774927461702
25 77 0.11036641796142455
25 78 -0.8267667523404383
25 79 -0.3449402456387425
25 80 0.26104472190356454
25 82 0.22118637752963854
25 83 -0.3994822735803585
25 84 0.5895861482891511
25 86 -0.7945469856354466
25 88 0.7896994255663499
25 89 0.028886110953438404
25 90 -0.2345138195562817
25 91 0.20389771629357556
25 92 0.07209242724063936
25 94 0.27043707845457776
26 28 -0.022193706723447226
26 29 0.005466933266180307
26 31 -0.7357683784470852
26 32 0.18269620736363024
26 34 -0.7338768764969614
26 35 -0.8576379206961133
26 36 0.3132557496677648
26 37 -0.15134698114627487
26 38 0.10979710113088248
26 39 0.6167600502965565
26 40 0.6291687143606626
26 41 0.4809253210828426
26 42 -0.9613434223850947
26 43 0.19772014039892594
26 46 0.8524837678484032
26 47 -0.211529592509343
26 48 -0.18804095858006686
26 49 0.3050454942526528
26 50 0.8987964824527341
26 51 0.05921972152854482
26 52 0.8863306563708755
26 53 -0.5443494739985839
26 54 -0.33763090061446
26 56 -0.3661189013505646
26 57 0.49574719672953727
26 58 0.3924879537965804
26 59 0.301139522154799
26 60 -0.010404686906547056
26 61 0.5167500131882745
26 62 -0.6509071351931783
26 64 0.8219259325269339
26 65 -0.48846041940607443
26 66 0.1865979098977586
26 67 0.10015963270550876
26 68 -0.12251488739753968
26 70 0.23430648724462033
26 71 0.2919108841267586
26 72 0.33521407945649084
26 73 -0.12604978241187825
26 75 -0.4563914380743277
26 76 0.7512075681422106
26 78 0.4047927624406378
26 79 -0.16807553275655462
26 80 -0.44425883222705553
26 81 -0.95940999546332
26 82 -0.8301858778725069
26 83 -0.2630359003969558
26 84 0.6115787353671602
26 85 0.5171750868372786
26 87 -0.014793708220217638
26 89 -0.4949639289880463
26 90 0.7274872980793674
26 91 -0.5101227466044562
26 92 0.7336934760041107
26 94 -0.793765249548942
27 30 -0.3223466109326625
27 31 0.27165256089264855
27 32 -0.17682247895414882
27 34 -0.4904920270060822
27 35 0.13897148992757735
27 36 0.5519110515895469
27 37 0.13229755646454766
27 38 0.5975985996653601
27 40 0.2683030401941713
27 41 0.6655078781445407
27 43 0.9599816571245834
27 44 0.9964985993761919
27 45 -0.612241391193276
27 46 -0.12778993183403187
27 47 -0.9391006408652374
27 48 -0.7121211423011438
27 49 0.8531303041297609
27 50 0.09774311560369053
27 53 0.5270779757908888
27 54 -0.6226192447902035
27 55 -0.8670479280760086
27 57 0.27309754913682127
27 58 0.31607768387405133
27 59 0.27315414390215675
27 60 -0.6663389299767963
27 62 0.29492751154320684
27 63 -0.9436820315224843
27 64 0.8055314490169807
27 65 0.4739022944656657
27 66 -0.44922873878662917
27 67 0.4193834219761754
27 70 -0.25517813536362377
27 71 -0.17315958546650978
27 72 0.18820700346438368
27 73 0.13250630228768778
27 75 -0.6530514342964449
27 77 0.7865491394357176
27 78 0.01106450828039085
27 81 0.49160244731112623
27 82 -0.18705357795257793
27 83 0.7509956968684601
27 84 0.7406976919538648
27 85 -0.9942012954835528
27 86 -0.802463427558276
27 87 0.6788696697478742
27 88 -0.38087531000777197
27 90 -0.21954134837237715
27 92 0.31256634364005387
27 93 0.6130839321579338
27 94 -0.8504131559790613
28 29 0.7393545049761778
28 30 -0.20769734399282735
28 31 0.3944811666779673
28 32 0.27754126552982994
28 33 0.48944048476086555
28 34 0.0503001382634769
28 35 0.8780408389831176
28 36 0.7345104538577623
28 39 -0.9122685753990094
28 40 -0.6870020921710798
28 42 -0.26270090969750304
28 43 -0.9000060626958968
28 44 0.8984735471049119
28 45 0.5621319789554848
28 47 -0.7600476812440609
28 48 -0.015075537455341737
28 50 -0.12803490379998772
28 51 0.2500990040077282
28 52 -0.4331071793866761
28 53 -0.21207806495830783
28 54 -0.5998113516899792
28 55 0.9110252785864881
28 56 0.6511161496683209
28 57 -0.8432286820576957
28 58 0.5119429700577467
28 59 0.13452795674671458
28 60 -0.8122126510408112
28 61 0.5831569297677734
28 63 0.27921973298443903
28 66 0.9624430877182104
28 67 0.9326534981250698
28 70 0.6893432745287842
28 73 -0.5342010287644201
28 74 -0.061391299908986285
28 75 0.34053805037302376
28 77 0.03416567911677859
28 78 0.20707568812480304
28 84 -0.5646847738342473
28 85 -0.42923735482898695
28 87 0.7518100182029772
28 88 0.453137327382241
28 91 -0.6542640341909047
28 92 -0.25243144019904507
28 94 0.5445191884082543
29 30 -0.2082310586145164
29 33 0.36253065372421345
29 35 -0.1629771273681444
29 36 0.7960017014858369
29 37 -0.9171661980099912
29 38 -0.701622156113092
29 39 0.2923706903958079
29 40 0.6367056132356901
29 42 0.16214671824002114
29 43 -0.7304519222656922
29 45 -0.41157750682015104
29 46 0.16607282329415063
29 47 0.32561996180319674
29 48 0.21733659099956792
29 49 -0.3412645487827386
29 51 0.16524403736508497
29 52 -0.7163577316089502
29 53 -0.9029103269232008
29 54 0.4528743289872199
29 55 0.40694655899833787
29 56 0.2262697971627632
29 57 -0.6923615073021099
29 58 0.9346778734950532
29 59 0.4515057835399643
29 62 0.5510952173584902
29 63 -0.25779071872930404
29 64 -0.6127643018531979
29 65 0.4399945454095715
29 68 0.8408545221754187
29 70 0.49456597425559545
29 71 -0.3755075059837747
29 74 -0.4762810651685556
29 75 -0.05281059462714022
29 76 0.5702846157032344
29 77 0.9462666048697086
29 78 0.05032583915641853
29 79 0.06201087456212884
29 80 0.8912378482539858
29 81 -0.06791052774558204
29 82 -0.7684600756963835
29 83 -0.7314202762362849
29 84 -0.6108894135124694
29 85 0.6473486239973674
29 86 -0.5242743832225429
29 87 -0.5884163679204029
29 88 0.8823679239352105
29 89 0.9472821414842856
29 90 0.3479172123155676
29 91 -0.6317027820863037
29 92 0.7191388995459189
29 93 0.6438235542121868
30 31 -0.07119219277158217
30 33 0.5606931037797784
30 34 0.7563645082899704
30 35 0.16433689665172801
30 36 -0.7726984725313657
30 37 -0.24256916499906445
30 38 0.8383778302779079
30 39 -0.004323602091118817
30 40 0.43223451384968303
30 41 -0.17762689703045975
30 42 0.7742674168301831
30 43 0.012222953335486508
30 44 0.6118684854095136
30 45 0.709912339836243
30 46 0.6058076942837756
30 47 -0.7797798592861576
30 48 0.26194019094615784
30 49 -0.36814316862842933
30 50 0.3838521132225521
30 51 -0.26518262803870485
30 52 -0.23286315481671438
30 54 0.28038628381496844
30 55 0.4360535272211852
30 56 -0.8876931115769271
30 57 0.2132596645545206
30 58 -0.13054900583701845
30 59 -0.9349376522601149
30 60 -0.9604289213401189
30 61 0.9289261395994579
30 63 -0.30904275483042243
30 64 -0.5202008565455283
30 65 0.9520792855853331
30 66 0.899016660751623
30 67 0.5157696915126737
30 68 -0.1261806669285328
30 69 0.9125019087584392
30 70 0.2103144754221964
30 71 -0.5552295783548777
30 72 0.1718554795456999
30 73 -0.5314527569252554
30 74 0.9245669524663707
30 76 -0.21724002186146918
30 77 -0.12565461030763103
30 78 -0.19597676836978906
30 79 -0.2080351862852301
30 81 0.48723393402941295
30 83 0.4836826423597851
30 85 0.9481801595594617
30 86 0.7216658223961168
30 87 -0.09453343483731391
30 89 0.4795484260206919
30 90 0.012660903565251402
30 91 0.92390179376889
30 92 -0.8907550860006073
30 93 -0.07042186812661222
30 94 0.5829382726021974
31 32 -0.2939406475124333
31 34 -0.0634248433287603
31 35 0.9083313274003015
31 37 0.786564432562844
31 38 0.9853048230162398
31 39 0.5322693087499466
31 40 -0.852633976904343
31 41 0.2448785933128983
31 42 0.5072477028577156
31 43 0.6269101995429216
31 45 0.26093083979768905
31 46 -0.45963450702576103
31 47 0.33479213979347144
31 48 0.1960634793553866
31 51 -0.44044513243090244
31 52 -0.2543236417687391
31 53 0.6269826993965169
31 55 0.4629651132462873
31 57 -0.03133206818501688
31 58 -0.32085285664434626
31 59 0.3414096074279136
31 62 0.3938566266243724
31 64 -0.386529831924479
31 65 0.4075234268353718
31 66 0.6819892736965476
31 67 0.6844177632735666
31 68 -0.92981337973461
31 70 0.8846594044011298
31 71 -0.8168692910237045
31 72 -0.7281188414075133
31 75 0.04801329275724853
31 77 -0.1792162002716251
31 78 0.30314614884267543
31 80 -0.4166261007572003
31 81 0.477437048844094
31 82 0.2773405550946042
31 83 -0.9795872380170012
31 84 0.3068914342450533
31 85 0.11733177250638249
31 86 0.5454498550235136
31 87 -0.537010855259278
31 88 0.18976111851958288
31 90 0.4186735705761768
31 91 -0.5976623566299464
31 92 -0.7837897397338953
31 94 -0.7224854866888129
32 33 -0.06670570959101774
32 34 0.6189935654926546
32 37 0.06802629006238647
32 38 -0.6401276883463147
32 39 -0.8331123726716065
32 40 -0.5199462754438919
32 41 -0.5876274426815415
32 44 0.7915965637548337
32 45 0.34455183938815703
32 46 -0.6588846412252336
32 49 -0.8922875896196558
32 50 0.9659215542400106
32 51 0.20302419379321113
32 52 0.14267498588685168
32 54 0.6137948318983919
32 57 0.6828469328979481
32 58 -0.7433671428394375
32 61 -0.16696416074169296
32 62 0.45601177061999754
32 63 -0.5687314933450618
32 66 0.17117910733604047
32 67 -0.7837115423448389
32 68 -0.6987287718908446
32 70 0.7378953007581068
32 71 0.36831892843836833
32 72 0.7241427797648172
32 73 0.2953525249042317
32 74 0.019392869398243917
32 75 -0.02985709781221213
32 76 0.41460135460199976
32 77 -0.3218148340822933
32 78 0.15202549764042184
32 79 0.628345236639684
32 80 0.19858498554523352
32 81 0.16239078157482756
32 82 0.05152787411558024
32 83 0.26297512614921303
32 84 0.344775976203223
32 87 0.9260242572644806
32 90 0.15059056409297478
32 92 0.844789026171233
32 93 -0.40122903541980204
32 94 -0.8695946967223394
33 34 -0.410861988249029
33 35 -0.8509988162953324
33 36 -0.9140400611318817
33 37 -0.9392497903413541
33 39 -0.22814567284287124
33 40 0.47304842384601375
33 41 -0.3168375043209808
33 42 -0.2884428888222985
33 43 0.2589870231704996
33 45 0.44014698841903965
33 46 0.1922913629205596
33 47 -0.19957682096627005
33 48 0.5377400798195451
33 50 -0.697038944755382
33 51 0.6841746380334415
33 52 0.41853025864898785
33 53 -0.3357134963552071
33 54 -0.48273769543537304
33 55 -0.8500512274116421
33 57 -0.8121258501735575
33 58 -0.39806135455966785
33 59 -0.5218532134156422
33 60 -0.03927323604071398
33 61 -0.29093691753225137
33 62 0.7996840920473123
33 63 0.8412693349279166
33 67 -0.2637337639037811
33 68 0.9114157201050219
33 69 0.16686190635673936
33 70 0.40874795863423974
33 71 0.7678617874659943
33 72 0.8185722100161266
33 73 0.9962804103387024
33 74 0.7170193899381361
33 75 -0.92442732518433
33 76 -0.4345620585038028
33 77 -0.31497704463686027
33 79 0.9709287552978301
33 80 -0.09693391401820439
33 83 0.6619590919928999
33 84 0.47727352496920394
33 85 -0.2702083211540136
33 87 0.6631414952982406
33 88 0.6535418947123419
33 92 0.5526629739321671
33 93 -0.49351742338701765
33 94 0.2666514514556786
34 35 -0.7128709612050641
34 36 -0.4977494269289042
34 37 0.3291296976205764
34 38 -0.7409124350387883
34 39 0.23213465888171303
34 40 -0.8154620958687537
34 41 -0.7449110076104186
34 42 0.25250782174382547
34 43 -0.14037566978047966
34 44 0.46448848278190447
34 45 0.14681835260248222
34 50 0.8837065437774931
34 51 -0.6793612542077552
34 52 0.1581306131798914
34 54 0.5144872867655856
34 55 0.4753945508818831
34 56 -0.3918746320971722
34 59 0.5295273370338898
34 64 -0.3207832371418464
34 65 -0.8929658362379913
34 66 0.27298768562540143
34 67 0.7595150917853548
34 68 -0.3180115447460745
34 71 0.8552661283315812
34 72 -0.19746952927681205
34 74 -0.14558575548188735
34 77 0.4725957016875868
34 78 0.677875924411818
34 79 0.23195781420088402
34 80 0.11274760934900563
34 81 0.32623545593823566
34 82 -0.024906316808385842
34 83 0.9620921766008022
34 84 -0.8369785387001192
34 85 -0.6961257567894821
34 86 -0.389303310443438
34 87 -0.7285370767912436
34 88 0.4592929080392876
34 89 -0.5393114922161077
34 90 -0.6497449356674025
34 92 0.8768737882060094
34 94 -0.33627400905195715
35 36 0.21193563540961669
35 37 0.5427179515562672
35 38 -0.1247061596325365
35 39 0.9719678984048978
35 40 -0.3620881435229706
35 41 0.8859657222183666
35 42 -0.7855956107257778
35 43 -0.24130262349181408
35 44 -0.7972896658134645
35 45 0.2586351275090737
35 46 0.03313642742065248
35 48 0.39715436235927415
35 49 -0.38646742746267115
35 50 -0.19296720594037686
35 51 0.015950568034862833
35 52 -0.42022669892440856
35 54 0.009817190420823518
35 55 -0.6484375913779286
35 57 0.4857033210893127
35 58 -0.24452010216320486
35 60 0.9507019446659959
35 61 -0.32096357200027015
35 62 0.6598484704635175
35 63 0.6330148099186841
35 64 0.7671008493889462
35 65 -0.9727738962415158
35 66 0.8639096454340549
35 67 -0.09548654524684164
35 68 0.6066352691943506
35 69 0.8370628071668378
35 70 -0.5250360284901343
35 71 0.385372462552644
35 72 -0.933292643269398
35 74 0.10988760264248931
35 75 -0.8032246724740211
35 77 0.5925409145750069
35 79 0.009211969482853188
35 80 0.9183590578155965
35 81 -0.07678852265796521
35 82 0.3752063962254133
35 84 -0.9896858660843615
35 85 -0.43921274211253913
35 86 -0.885996299979112
35 87 -0.35317915351796403
35 88 -0.36735224181811565
35 89 -0.870491132163574
35 91 0.11515650502704
35 92 0.19911605273845012
35 93 0.816350866430559
36 37 -0.17016725134934774
36 39 0.03413356104058107
36 43 -0.7231508918037004
36 44 0.05019120668200583
36 46 -0.3278443036343561
36 48 0.8279348384351062
36 49 0.5773470872648141
36 50 0.21208003035009249
36 51 0.5718080050374434
36 53 -0.6484951928250704
36 54 0.6627182750219265
36 55 -0.8204088855443792
36 56 -0.45263184765295983
36 58 0.5344547314808672
36 60 0.1804503801718742
36 61 -0.7483793397225988
36 62 -0.773278674885103
36 63 -0.29827992716507046
36 64 0.6633224788027665
36 65 0.6946722875684777
36 66 0.42311862071044426
36 68 0.5883099518923198
36 69 -0.2821865030382893
36 70 0.22596496375566377
36 71 -0.32854887772414765
36 72 -0.2366102354316626
36 73 0.4433732833441002
36 74 0.9819992416038128
36 75 0.5361100822385609
36 76 0.5252619513028931
36 77 0.7037188383137609
36 78 0.6265785498395986
36 79 -0.04232928045236162
36 80 0.9584813314904159
36 81 0.5615134635839298
36 82 -0.6484325926637222
36 84 -0.2997253995287439
36 85 0.8160368287586832
36 86 0.21704776319813202
36 88 -0.11817104362023922
36 89 -0.7409930119756691
36 90 -0.6556426071825545
36 91 0.8056593027003363
36 92 0.20334910810836337
36 94 0.25673351999028116
37 38 -0.9834267914205006
37 39 0.025109747179150377
37 40 -0.47215355376941903
37 41 -0.3220970519012878
37 42 0.3955353749350994
37 43 0.7561345751537247
37 44 -0.5311149452391863
37 45 0.1595996961280124
37 46 -0.041604996855628906
37 48 -0.9105730016351126
37 50 -0.6569382446798535
37 51 0.1304474097448336
37 52 0.5175462897999079
37 53 -0.523319637697931
37 54 -0.2817624871689641
37 55 0.36208891097269014
37 56 0.2531219718610571
37 58 0.8245825743162505
37 59 0.45006681407389904
37 60 -0.2190758532842887
37 61 -0.7367232150068936
37 62 -0.5233534649398426
37 64 0.3323079982618746
37 65 0.8151798767071818
37 67 -0.8795727193525462
37 68 0.28308759643463266
37 69 0.733349710287299
37 70 -0.7925995876161331
37 71 -0.3284586328008203
37 75 0.771405726880386
37 76 0.48708284698742066
37 77 0.7846869827197716
37 78 -0.45290629972098206
37 80 -0.02833393372993931
37 81 -0.886839494928191
37 83 -0.6819508396837048
37 84 -0.012083836510107693
37 85 0.799905384244469
37 87 0.3798717992963665
37 88 0.8622034903461453
37 90 -0.6712113531232311
37 91 -0.5138383571800516
37 93 0.2762395414136236
37 94 -0.041075056884989136
38 39 -0.8940963937288688
38 40 0.7828538059261401
38 42 -0.5524758217016559
38 43 -0.050084580818545055
38 44 -0.5901108421253636
38 45 0.3523245411507496
38 47 0.026804496386224397
38 48 0.8194121976782223
38 50 0.8069150899965294
38 51 -0.9918964441342404
38 52 0.2618528201604746
38 53 -0.7762648879738063
38 54 0.9180383026998353
38 57 0.4131244130198033
38 58 -0.21702439592520006
38 59 0.9146079053225808
38 60 0.5060721758974074
38 61 0.005980089148803769
38 62 0.6254567820734969
38 63 0.2154271986120615
38 64 0.6636241477008742
38 67 -0.3401651803492838
38 68 -0.1237819673997469
38 69 -0.9215985985390716
38 71 -0.6297963677667127
38 72 0.1242479035966002
38 74 -0.04329402634586099
38 75 0.07636076840118267
38 76 -0.10100079985162003
38 77 0.9489174567424203
38 78 0.3174974469374996
38 79 -0.6263470373995252
38 80 -0.7739105016515906
38 81 -0.16652332898007427
38 82 -0.8325894835554379
38 84 -0.4771789022526012
38 86 -0.0023807456079145695
38 88 0.28668663103725445
38 90 -0.5148026172634186
38 91 -0.46007914373332737
38 92 0.01937788565645926
38 93 0.5214972070710457
39 41 -0.5007126779699631
39 42 -0.051378164308297114
39 43 -0.8875689441970631
39 44 0.8517217451532153
39 45 0.05566201684502614
39 46 0.8087975121456921
39 48 0.334239097072738
39 49 -0.2897317116065983
39 54 -0.7007627297387129
39 58 0.9044028339145622
39 59 -0.1296855770598937
39 60 -0.02238589427874027
39 63 -0.562361048497412
39 64 -0.8185217946289758
39 65 0.31044178697609115
39 66 0.3702464014334921
39 67 0.8027909021186341
39 68 0.41765872728200826
39 69 -0.6962177497330437
39 71 -0.14711547764708754
39 72 0.17440858882807686
39 73 -0.5696530537319278
39 74 0.8277845443839993
39 75 0.05133050189784427
39 76 -0.8583932028509045
39 78 0.46257880940093843
39 79 0.7747800570894574
39 81 -0.7230587503968353
39 82 -0.05592113032255064
39 83 -0.4129565184555952
39 84 -0.30140857953373046
39 85 -0.9593583767185652
39 86 0.4697044883284316
39 88 -0.4373850845324345
39 89 -0.2833863909909806
39 90 0.6841108069915725
39 93 -0.4388464497919655
39 94 0.9806877874418483
40 41 0.851429269605285
40 42 0.11231689834062775
40 43 0.8992544342430198
40 44 0.5394166996508551
40 45 0.11868851697306249
40 46 0.9379835710422797
40 47 0.17096851442094985
40 49 0.5135229670756762
40 50 -0.7868692523543184
40 51 -0.6423276440737054
40 52 0.9570403691819678
40 56 -0.3490609489648868
40 57 0.5163804378174399
40 58 0.4183455827582878
40 59 0.5915106793297085
40 60 0.25837497299712564
40 61 0.6942841015614007
40 62 0.22021195428204177
40 63 0.8906274870722601
40 64 -0.6776662334968613
40 65 -0.5010261394766311
40 67 0.6396552879071271
40 69 -0.5966840470837873
40 70 0.20594645550717683
40 71 0.4679787440649461
40 72 0.9092032691676923
40 73 -0.6838869708621518
40 74 0.5234342940031376
40 75 0.25887694274657846
40 77 -0.45730622220266604
40 78 -0.10410413704982258
40 79 -0.17391147290314501
40 80 0.5138895573175515
40 81 0.48242133755845273
40 82 0.6761770293612839
40 83 -0.8304052831977382
40 84 0.6607473676630611
40 87 -0.5627725120792155
40 88 0.6231897677062992
40 89 0.4465689300170663
40 90 0.9163164719925125
40 93 -0.6790435941572976
40 94 -0.37695415593311576
41 42 -0.15501398899310104
41 43 -0.5487516431394113
41 44 -0.7241366913215164
41 46 0.493473454307245
41 47 -0.1860349126636125
41 48 -0.28195652188641596
41 49 -0.7058318388135447
41 50 -0.7836301264466583
41 51 0.7202367917527825
41 53 0.12042827168170778
41 54 0.15628625275376873
41 55 -0.5935019317913652
41 57 -0.8487134040673894
41 58 -0.9659024569425738
41 61 -0.7558257604171459
41 62 -0.25194521904611267
41 63 0.53822900896683
41 64 -0.45457329916784484
41 65 -0.24392060258469606
41 66 -0.21403942238495732
41 67 -0.38310248970801974
41 71 0.5767092963120608
41 72 -0.8900461008161153
41 73 -0.560030453580749
41 76 -0.6856092434782184
41 78 0.413743558568348
41 79 0.17687441165366224
41 80 0.7461650516189358
41 81 0.3137645762070034
41 82 0.3916369251674181
41 84 -0.6374899821417879
41 87 0.832192022565414
41 88 0.3747264795221317
41 89 -0.3266434736722921
41 90 -0.6558424688418132
41 91 -0.18691584232064606
41 92 -0.16194591528762725
42 44 -0.8518159339434839
42 45 -0.946904201959621
42 47 -0.2992110879731613
42 48 0.7733968837770249
42 49 -0.82153066738117
42 50 0.6624226195815397
42 51 0.2689475673290791
42 52 0.9771008763352445
42 53 -0.8538143756013081
42 54 -0.804229140979414
42 55 -0.5662963803687542
42 56 -0.6477603872896442
42 58 0.5989827120056186
42 59 0.4764143935973739
42 60 -0.616885838071725
42 61 0.9071711456564306
42 62 0.49815805810134006
42 64 0.31171926899999947
42 65 0.6794730174369588
42 66 -0.4008605226853672
42 67 0.5505622810071487
42 68 0.7144915469959425
42 69 0.7937635335011424
42 70 0.9396668698930071
42 71 0.5049479060704769
42 72 0.5751615128345013
42 74 -0.9478840347616728
42 76 0.8529862713208385
42 78 0.1575892606119691
42 81 0.9867916655528246
42 82 0.19050469274307913
42 83 0.24912026181753832
42 84 0.12157405775157137
42 85 -0.18144877641581525
42 86 0.07207076996988726
42 87 0.06454551587807478
42 88 0.7662483659672985
42 89 0.737037566618739
42 90 -0.12839314642553012
42 92 -0.2813370369590751
42 93 -0.9238517570170057
43 45 -0.03412208994059451
43 46 0.6870707987264968
43 47 -0.4053953906337395
43 49 -0.47152209220226804
43 52 -0.6217834399818154
43 53 -0.8414258529042662
43 54 0.637911847744234
43 56 -0.3308986667272831
43 57 -0.5259013501482259
43 58 -0.5809931036891514
43 61 -0.8082147852184605
43 63 0.6789293674496726
43 64 0.9572083396699396
43 65 -0.2593373967920072
43 66 -0.36003019176945705
43 67 -0.6134351571502725
43 68 -0.26158890626867337
43 69 0.64941123781573
43 71 -0.7930584669961558
43 72 -0.617102124560297
43 74 0.8279575270977584
43 76 -0.38691977718419657
43 77 0.47492142140763294
43 79 -0.5172629326124223
43 81 -0.340841676115178
43 83 0.8137292616001794
43 85 -0.198760621996928
43 86 0.0056654166868945754
43 87 0.5822836980391808
43 89 -0.20867877843472726
43 90 -0.23092279589224463
43 91 0.993048767180118
43 93 0.6112053686694279
43 94 0.6199969752883758
44 45 0.3520389772687875
44 46 0.4655688713784001
44 47 0.42425810618518467
44 48 0.30581211015319654
44 49 -0.8418393676696729
44 50 -0.2957195148726903
44 51 0.07675235697690308
44 52 -0.4265410963225409
44 55 0.6404040949470033
44 56 -0.7412961914422993
44 57 -0.7520549724321957
44 58 0.19764112951418644
44 59 0.670102985204553
44 60 0.7833205943489199
44 61 0.34516985783253196
44 62 -0.6262774638400233
44 63 0.25799451358434977
44 65 0.8978631542348852
44 66 0.046300881026694274
44 67 -0.9617320264304632
44 68 -0.6846021082606117
44 70 -0.95230085938853
44 71 0.8732109800874865
44 75 -0.943762705214301
44 76 -0.5918487073356644
44 77 -0.9949218065614178
44 78 0.8349951854922206
44 80 0.9568048119322783
44 81 0.5735896240108733
44 82 -0.32116313704534205
44 83 -0.4023450028339195
44 84 -0.9109939972442891
44 85 0.3632637729194894
44 86 0.6973275962099019
44 87 -0.16113813139506683
44 88 -0.62149325684091
44 89 0.5797181186595195
44 91 0.3102043479771539
44 93 0.5813882514700004
44 94 -0.7642735846410409
45 46 0.14988913126696635
45 47 0.5918170635513269
45 48 -0.5825659258404003
45 49 0.8828633256127603
45 50 -0.2542804727109551
45 51 0.8886402306385535
45 53 0.36531465101581095
45 54 -0.21001942564894227
45 55 -0.18558731595016065
45 58 -0.8040312929031299
45 59 -0.862140965297675
45 60 0.21872557382380187
45 63 0.5461582583478701
45 64 0.5330674064673979
45 67 0.03999738358333116
45 68 -0.46128040582752683
45 69 0.9310880143528131
45 72 -0.7148571925107068
45 73 0.622798854291243
45 74 -0.17715397962450363
45 75 -0.5130339194839104
45 76 -0.5508092903387771
45 77 -0.8638922918917806
45 78 0.3331844636172723
45 79 -0.6418547574075715
45 80 -0.8695219539839565
45 81 0.5747508037091587
45 83 0.07197029228279272
45 84 0.30715840642634107
45 85 -0.07225824257124458
45 86 -0.4133378365231939
45 87 0.2951283838125327
45 88 -0.904224866635585
45 89 -0.03318615231677602
45 90 -0.682913812605676
45 91 0.4844307995911439
45 92 0.710179321207326
45 93 0.20026379463472477
45 94 0.3738643717712855
46 47 0.5242991711961136
46 48 -0.516067869040181
46 49 0.8277749877264629
46 50 0.18243942209060715
46 53 0.5918529612659997
46 57 -0.4447838771988015
46 59 0.9499873787975723
46 60 -0.6005990589062276
46 61 -0.5151158612290119
46 62 -0.063153982347955
46 63 0.4605742338484029
46 64 0.12381026217524016
46 67 0.7706024887057197
46 68 -0.6293876061199781
46 69 0.14941936577720716
46 71 -0.8738614202853277
46 72 0.06057567754469062
46 73 -0.40398955308610596
46 75 -0.03714260355469978
46 76 -0.8276081457885658
46 77 -0.04478035668031222
46 79 0.8340119687443976
46 80 0.5075276103148612
46 81 -0.02175982637028251
46 82 0.979885578264124
46 83 -0.9170076436190957
46 84 -0.026193842208966478
46 85 -0.12743209445623482
46 87 -0.03289486362388794
46 88 0.8170322909144394
46 90 0.8388276402745329
46 91 -0.020400440441739276
46 92 -0.5373767922834989
46 93 -0.35666177771295726
46 94 -0.2851321311086994
47 48 -0.8753313271511187
47 49 0.5627605400596485
47 50 0.7021167891576299
47 52 -0.4195065268782536
47 53 -0.8107947297083926
47 55 -0.0745588200989511
47 56 -0.3076028386043399
47 57 0.7170340933107726
47 59 -0.9821413357577664
47 60 -0.28022958575906465
47 61 0.866154604800109
47 64 -0.6230802533237483
47 65 -0.7896592618395768
47 67 0.7465563990412865
47 68 0.01032880633385136
47 70 0.18571480700891718
47 72 -0.6444077361163738
47 73 0.7140886050964912
47 75 -0.03210337110019079
47 77 -0.5789995870466178
47 78 0.6677786055427435
47 80 0.2529425122528113
47 81 -0.43059845481041337
47 82 0.23179195795450824
47 83 0.4576910032169219
47 84 -0.8062778972320019
47 86 0.4629125568843022
47 90 0.43640377750403503
47 92 0.584841240700839
47 93 0.5820718735193291
47 94 0.437424616229257
48 50 0.9362325296189562
48 51 -0.3190587523121693
48 52 0.640530939443263
48 54 -0.6347751916667015
48 56 -0.08030440993235888
48 57 0.8310906742555446
48 58 0.04010229232893581
48 59 0.010045382541248538
48 61 -0.14359920650987967
48 63 0.17462249740152846
48 64 -0.8692772177786443
48 65 0.3070265359218074
48 66 -0.9994408670973332
48 67 -0.10923902276499264
48 68 0.7838648318038943
48 70 0.142746965383439
48 71 0.044499708254344794
48 72 -0.3886832488575527
48 73 -0.27468110328772477
48 74 -0.575206016589018
48 77 0.8680251974963191
48 79 -0.06185383236401454
48 80 -0.7675420672976911
48 84 -0.2287109737823294
48 85 0.6255911170324182
48 86 0.3196818275847497
48 87 0.6894191042258013
48 88 0.7445393395382216
48 89 0.5790533716372275
48 90 -0.48068202174432395
48 92 0.601382150618267
48 93 -0.317111007134254
48 94 -0.34712117421765853
49 51 -0.21015650322658064
49 53 0.5907232033729202
49 56 0.718330462338352
49 57 -0.22387135135365965
49 58 -0.9201119083077725
49 59 0.48529888740280236
49 62 0.21254406879344212
49 63 0.29797008366471256
49 64 0.1167296216400242
49 65 0.34863967327904843
49 67 -0.010842600949141579
49 68 0.34980547935008577
49 69 -0.4284784304457039
49 70 -0.4105637342930957
49 71 -0.057866932337789834
49 72 0.10264155561171573
49 73 -0.09096360498172507
49 74 -0.5507908276089422
49 75 -0.5217956823560459
49 77 -0.00039453389667998273
49 81 0.8639287329249172
49 83 -0.12703765302506165
49 84 0.9963054458468408
49 86 0.8863925959483125
49 87 -0.9544818003671334
49 88 -0.8803707204162403
49 89 -0.0917572283272603
49 90 0.35149928290716836
49 92 0.42681875111314493
49 94 0.7066379145481325
50 51 0.45256734717247116
50 52 0.1445599307673675
50 53 0.7795045310412059
50 54 -0.14096900053755568
50 55 -0.14393067878250143
50 56 -0.1031238124156042
50 57 -0.1656730390944552
50 58 -0.25340164927418596
50 59 -0.02600195328364663
50 60 -0.12546307844386662
50 62 0.5594768261406222
50 64 0.2799449840225665
50 66 -0.3926313697173802
50 69 0.5539415472311402
50 70 0.5113572728996014
50 71 -0.5249153926385932
50 72 -0.2578483962345677
50 74 -0.6899325450425124
50 75 0.33806215748149726
50 77 -0.2557806266406013
50 79 -0.2118689454821472
50 80 0.004503553227626078
50 81 -0.06411809707331084
50 82 0.2914323225307429
50 83 0.8586667390572442
50 84 0.6744205471463629
50 86 -0.8318926373838726
50 87 0.44342091292150165
50 88 0.009832641160202327
50 94 0.676471788743636
51 52 -0.7265402150037898
51 53 0.21664035206997245
51 54 0.5602957024034108
51 55 0.9398632060111038
51 56 -0.735588102056439
51 57 -0.3676137688221601
51 58 -0.6834915446592118
51 59 -0.7880921419502387
51 60 -0.135825485650793
51 61 -0.6345810417087916
51 62 -0.7308496062241556
51 63 -0.2279502328781533
51 64 -0.6484194072298168
51 66 -0.1926715868769251
51 67 0.6999667602511868
51 68 0.9242308390175786
51 71 -0.6336844810833109
51 72 0.05979674186532247
51 73 0.8743020411362457
51 74 -0.38222389653090305
51 75 0.6425916276827064
51 77 0.2577690750770132
51 80 0.012801555382739416
51 81 0.5024465791207302
51 82 0.3629178336787786
51 84 -0.0458034498459281
51 85 0.022916023017706566
51 86 0.8736008072993213
51 87 0.6283756814272401
51 88 -0.8096079263620433
51 89 -0.30149723002970474
51 91 -0.6451527213989157
51 92 0.10651329558209355
51 93 0.5071767081847292
52 53 -0.46646886130492304
52 54 -0.969389362862574
52 55 -0.8583949895215912
52 56 -0.16646485756517482
52 57 0.3139530342573238
52 58 0.9903170686140235
52 59 -0.5876091222666824
52 60 0.2242382218089083
52 62 -0.42062479662004826
52 63 0.6932595322032788
52 64 0.5608595540779513
52 65 0.54772068058215
52 66 -0.27117709314753036
52 67 -0.16503648578923125
52 68 -0.37981998944569817
52 69 0.7756601236575342
52 70 -0.030080301530594378
52 71 0.9961401882786007
52 72 -0.9417150778398717
52 75 0.0687390101541756
52 76 0.3816045784164983
52 77 -0.7556186770182176
52 81 -0.5027717379576684
52 82 0.07348608068612195
52 83 -0.9668133868166569
52 84 -0.1606361928015061
52 85 0.2667638387669342
52 87 0.9906651402140361
52 89 0.7150434279047237
52 90 0.08267728661076501
52 92 0.9746612997383977
52 93 -0.415430728061718
53 54 0.9415343344122102
53 57 0.5153366575619405
53 58 0.20516778113566647
53 60 -0.34902097439307966
53 61 0.515678320465851
53 62 0.10703361735061123
53 63 -0.7355428224155154
53 64 -0.07562385952117512
53 65 -0.36467246953765864
53 66 0.9899202522274586
53 67 0.36466200156348494
53 68 -0.13694035810136218
53 69 0.9478212351936766
53 70 0.0067885283545410235
53 72 0.4354258841547276
53 74 0.02440323731839711
53 75 -0.9205933630996819
53 76 0.9227700367543303
53 77 0.4372979351131401
53 78 -0.024116658729327112
53 79 -0.8942635523857232
53 80 0.7899766443635563
53 81 -0.06323257944731919
53 82 0.9992160658238798
53 84 -0.26102841581646996
53 86 -0.9486779074337885
53 87 -0.31297333265542404
53 89 0.3292894302662437
53 90 -0.04030155892441312
53 91 -0.613982715055837
53 92 0.8805388247975428
53 93 -0.1906930188764111
53 94 -0.40823109524284185
54 55 -0.8356028490317298
54 57 0.8311991248177393
54 58 -0.010205706405687298
54 59 -0.4006772426576337
54 60 0.6693942207501478
54 63 -0.43782245233660255
54 64 0.4140768303239657
54 66 -0.45451145089551925
54 67 0.44652383770953885
54 68 0.8056476924855627
54 69 0.327308188893938
54 70 -0.5546175012725925
54 73 0.5100478304430562
54 75 0.7711284266919509
54 79 -0.9718871747189923
54 80 0.2689264547222896
54 81 -0.7468083634573681
54 82 -0.16165022015999275
54 83 0.6861727270103342
54 85 -0.7017953569912423
54 86 0.6783024994726263
54 87 -0.6125542173866878
54 88 -0.4429396521650686
54 89 0.9688483451416714
54 91 0.502949067453214
54 92 0.1209042564101166
54 94 -0.9424161959932937
55 56 -0.8328916934267492
55 57 0.3080012842033295
55 58 -0.11862306340670248
55 59 -0.026644098341342737
55 60 0.810914088705067
55 61 0.7209879486479869
55 62 0.9552128605464092
55 64 0.7216749425860636
55 65 -0.6432531552918239
55 66 0.8324138261363239
55 67 0.5048226434196941
55 68 -0.8998325820907
55 69 -0.5648511900053408
55 70 0.3043502827860871
55 72 0.6215532126840562
55 73 -0.4884272520629658
55 74 -0.9095463942951678
55 76 0.4241442422306312
55 77 0.178639103171226
55 78 -0.9613042867924528
55 79 0.9071427649157993
55 80 -0.030442019280584987
55 82 0.5941354449682972
55 84 0.4369049567318841
55 85 0.3142904601609322
55 86 -0.03424987260304535
55 87 0.18221384216911507
55 88 0.23212786734046076
55 89 -0.8499861025709872
55 91 0.5802081515815387
55 93 0.8855564806508229
55 94 -0.6534563666073923
56 57 -0.5699873172435674
56 58 0.371990119651185
56 61 -0.7178856321736506
56 63 0.40752391311038916
56 64 0.16400845281957355
56 65 -0.2599481119345246
56 66 0.9914726032359205
56 67 -0.17132685857348595
56 68 0.019667751254500487
56 71 -0.15556073430650952
56 72 0.36725242055984086
56 73 -0.47411759816269816
56 74 -0.6864066288450921
56 75 0.9675751982222416
56 76 -0.9576500596981803
56 77 0.8959790852025014
56 79 0.5175264508196307
56 80 0.053526639723468605
56 81 0.24342886257387764
56 82 0.9887582770177439
56 83 -0.7351076176734272
56 86 0.8052769939295337
56 87 0.37714319500008786
56 88 -0.5418696824783411
56 89 -0.9791198537270727
56 90 0.4257018996471995
56 91 0.08738900477547129
56 92 -0.04468715079288721
56 94 0.21152651022263425
57 58 0.16414319193001603
57 59 -0.14257639366447816
57 61 0.15325742040982293
57 62 -0.8516723879304104
57 63 -0.6047712262056424
57 64 -0.26409276451164754
57 65 -0.35636794067392197
57 66 0.0073047550754263835
57 67 0.8307088210249494
57 69 -0.33033748262119733
57 70 0.15614229077548503
57 72 -0.6244173615600581
57 74 0.3635570836475983
57 76 -0.7350361237833094
57 78 0.5591374713831037
57 80 -0.2735866329586263
57 81 -0.31456892429800876
57 82 0.06775598028428664
57 83 -0.38758619804476235
57 84 0.7285095702995705
57 85 0.626775617444715
57 86 0.6515071005177289
57 87 -0.3915620459511575
57 91 0.8581031745600594
57 92 0.48184149709156654
57 93 -0.924796347916063
57 94 0.07675306956876171
58 59 -0.99261692551021
58 60 -0.3352206154322639
58 61 -0.5024134206254254
58 62 0.808789386753481
58 64 0.4634432196872065
58 65 0.6822682143421619
58 66 -0.21573035882899805
58 67 0.15570428210886478
58 68 0.8801299681197541
58 69 -0.48284094576476466
58 70 -0.43242107466479074
58 71 -0.9754164299202233
58 72 -0.9175212098514416
58 73 -0.6814026660274399
58 74 -0.07735924898027546
58 76 -0.7792285419530096
58 77 0.39597915445170084
58 79 -0.0950267461446126
58 80 0.30943714732500016
58 81 0.6314715395647692
58 83 0.9484939329363165
58 84 -0.8946781375108892
58 85 -0.4934160851747458
58 86 -0.40447866974362845
58 87 0.11563896944760899
58 88 -0.7978346397750831
58 89 0.7313263664048599
58 90 -0.3642745844190076
58 91 0.16798763262666516
58 94 -0.5289025113646195
59 60 -0.8671280873120779
59 61 -0.5418540380405643
59 62 0.11115256663293627
59 63 0.48634057342933645
59 64 0.9140323213038011
59 65 0.9657959467874246
59 66 -0.5176630489061596
59 67 -0.9865596496646571
59 68 0.5754427935619433
59 71 0.5668691010819396
59 73 0.26069006336142997
59 74 -0.14024828437157844
59 76 0.8028731308041999
59 78 0.1771002215482096
59 79 0.7847476099193478
59 80 0.9051125027248843
59 81 -0.7675844394098021
59 82 -0.03227282605884496
59 83 0.04787654359360527
59 84 0.4727793322326299
59 85 -0.11216584571821753
59 86 -0.5867857298263162
59 88 -0.7774889605155368
59 89 -0.661785912460999
59 91 -0.10222696038134726
59 92 -0.2838391927438366
60 63 -0.7289111429474147
60 64 0.3142190419165236
60 66 0.9253665758051866
60 67 -0.5070980008153763
60 68 0.3114956756447209
60 69 -0.3024475947958565
60 70 -0.6107835014134853
60 71 -0.5584181139836448
60 73 0.4296867820190471
60 74 -0.05103713615038319
60 75 -0.1288549108607706
60 76 -0.3637360006027561
60 78 -0.6507532845083128
60 79 0.7219126039449177
60 80 0.916669775864857
60 81 0.15329353397885548
60 82 -0.944499465296569
60 83 -0.8281909553028188
60 84 -0.6990414894625891
60 85 -0.44472814021738594
60 86 -0.9344233481296629
60 87 -0.6307066881139796
60 88 -0.20442096338199534
60 89 0.06872713439603806
60 91 0.5292321868555436
60 92 -0.02096191235632916
60 93 -0.0026825158555567885
60 94 -0.043663371028223485
61 62 -0.40751076066688907
61 63 -0.5527648751343568
61 65 0.7322876150258009
61 66 0.7185684638571923
61 67 -0.6623377141123381
61 68 0.7273913934334
61 69 0.631764060450624
61 72 0.639498197148596
61 73 0.7037812932392502
61 74 -0.6232278508768272
61 75 -0.38169895809272214
61 76 0.2914363798437358
61 77 0.15278891452382837
61 78 -0.7071693244211694
61 79 0.5570673935532988
61 80 -0.30866433468820675
61 84 -0.47373353811887986
61 85 0.8683595919500071
61 86 -0.6839008873177812
61 88 -0.0860201520894579
61 90 -0.6747439555020085
61 91 0.6174040349935306
61 92 -0.410996712983968
62 63 -0.7390681091109637
62 66 0.6732510085150718
62 67 0.8246590040818598
62 69 -0.6007645518636315
62 70 0.30503553431331376
62 71 0.7031310027101041
62 72 -0.8684271271626618
62 73 0.6231323538081894
62 74 0.48118034315579705
62 75 -0.7468030400415226
62 76 -0.0021475929562904117
62 78 0.8488211521803048
62 80 -0.7227446000587079
62 81 0.09483635879665009
62 82 -0.2829094894983384
62 83 -0.6824890231434213
62 84 0.4936406949611274
62 85 0.8369177824164085
62 86 0.4818734233724853
62 87 0.02834536156320322
62 90 -0.21667968418770145
62 91 0.24653182093492632
62 92 0.7386457901809727
62 94 -0.20039978886471643
63 64 0.4725773050592148
63 66 0.5173025569294074
63 71 0.14570620314267724
63 72 -0.8093789031645044
63 73 -0.5407685867678786
63 74 0.8734925984590751
63 76 -0.20363132942036377
63 79 -0.9699970240351123
63 81 0.8779206721960215
63 83 -0.9547586379376574
63 84 -0.8996170025992978
63 85 -0.07596944993617871
63 86 -0.2846173946853383
63 87 -0.4926594150747019
63 88 0.48735849342244264
63 89 -0.38209862470368305
63 90 -0.9991341257361446
63 91 -0.09678123961326768
63 92 0.46871333608292454
64 66 -0.4992863037518007
64 68 -0.19782248543702496
64 69 0.508184143959755
64 70 0.9319109986969576
64 72 -0.5066360851438365
64 73 -0.6758427935494631
64 74 -0.04300104614514111
64 77 -0.5778950054934195
64 78 0.980940148801597
64 79 0.01587291387051737
64 80 0.06582350618748611
64 82 0.34586340995483833
64 83 0.23645023474060944
64 84 0.17361525625882668
64 85 -0.18991445622534497
64 86 -0.895735944873409
64 87 -0.3565208460490563
64 88 0.4132341100164436
64 91 -0.7524416264475049
64 93 -0.2943799774414162
65 66 0.47085767271577494
65 68 -0.19979377100426676
65 69 -0.9591700138555839
65 70 -0.9830702201954746
65 72 0.7190062706782598
65 73 0.7621756106684203
65 74 0.6503000285991574
65 76 0.7975715281529445
65 80 0.39239898347215796
65 81 0.4620760158512467
65 82 0.539803519268317
65 83 0.31319299899009145
65 84 0.6638219829354401
65 85 -0.8810223467148197
65 86 -0.3992646551147834
65 87 0.3141424880204686
65 88 -0.6262609213391148
65 89 -0.017207005024235666
65 90 -0.6236652187998826
65 91 0.14571716944125912
65 92 0.6948596134533238
65 93 0.15048335261169532
65 94 -0.6727364323202703
66 67 -0.32368267521852667
66 68 0.2805226113384982
66 69 -0.5057503724917849
66 70 -0.9847254765588611
66 71 0.4404252960202202
66 73 -0.34559646046577486
66 74 0.7827003759340556
66 75 0.21144132273455396
66 76 0.3913558560973991
66 78 0.9407628584969792
66 79 0.462097056859349
66 80 0.013989290225598694
66 81 0.09983629254899262
66 83 0.6522516628108159
66 84 -0.9433908653089553
66 85 0.5985431284968099
66 86 0.001018123890264011
66 87 0.8817651966084601
66 88 0.5256154622911977
66 89 -0.03885576943429969
66 91 0.1670640775318757
66 94 -0.8831724565222032
67 68 0.8344151573173306
67 69 -0.4247884263194974
67 70 0.9297237278527746
67 71 0.24478679512489476
67 72 0.4687979301410612
67 73 0.7999234929785553
67 74 -0.6877409714956246
67 75 -0.70941864206109
67 76 -0.29813901547652755
67 77 -0.9410516115891283
67 78 -0.35136716091198417
67 79 -0.36777563695545323
67 80 -0.8492711288360435
67 81 -0.15998142890057432
67 82 0.36632946117647025
67 83 0.6702117713925875
67 84 -0.9593510384665698
67 85 -0.26103461401994066
67 86 -0.35168083094425584
67 87 0.43792418931924937
67 88 -0.15290689324399342
67 90 -0.8285938902503287
67 91 -0.3479103611724761
67 92 -0.9722854314020308
67 93 -0.3137773861712727
67 94 0.2797630772197739
68 69 -0.5752947270775561
68 71 0.5234741481563685
68 73 0.6555179823552986
68 74 0.6286559262675182
68 76 -0.17015805410698404
68 77 -0.7855781407870113
68 78 0.5865813583296753
68 80 0.3298668995307221
68 81 0.3819987677796388
68 82 -0.5478442275737851
68 84 0.7601706876518879
68 85 -0.23847409117360674
68 86 0.8713754042711097
68 87 0.1137960364239341
68 88 0.8696016812947935
68 89 -0.41492324448741646
68 90 0.49571764804853924
68 91 -0.662754004178542
68 92 0.6126710223167888
68 93 0.7239534662136413
68 94 0.07976011663131244
69 70 0.34544888540480767
69 72 -0.655870141690091
69 73 0.9505586050094335
69 74 -0.44826758293211477
69 75 0.2275364056237934
69 76 0.5940518929913112
69 77 0.35937201816493003
69 79 0.1287929409096169
69 80 -0.17378316433570973
69 83 0.03166862998293807
69 84 -0.7940134716833707
69 85 -0.3737902210180446
69 86 -0.3182114008426411
69 90 -0.6401160576368592
69 91 -0.09605896789958068
69 92 -0.05360224040063266
69 93 -0.5038476362926523
69 94 -0.5579261888769453
70 71 0.9520539206342471
70 72 0.7486423050664157
70 73 -0.38196180136891167
70 74 0.9575357566799985
70 75 -0.60638777208636
70 76 -0.03508043615786405
70 77 0.05182633945362758
70 78 -0.47677223281740333
70 79 -0.0702045799267692
70 80 -0.5709693119584909
70 81 0.26325705631425333
70 82 0.11544542350373965
70 83 0.4265058827230197
70 84 0.22194760274221093
70 85 0.4592155227633379
70 86 -0.3000745410923231
70 87 0.1430292549062433
70 88 -0.9642338818640694
70 89 -0.10851313751947456
70 90 0.24443128849969709
70 92 0.16032279117139625
71 72 0.7209821709750013
71 73 -0.42193091489920564
71 74 0.007631941375779494
71 75 0.3511497643590029
71 76 0.7944246028060535
71 78 0.05407044279738327
71 79 0.48995077673057597
71 83 -0.3013649954840292
71 84 0.09856753829241471
71 85 -0.28578487185719204
71 86 -0.49246167109403105
71 87 0.7166096763135894
71 88 -0.7738789917624418
71 90 -0.5980250775794371
71 91 0.6431791181851954
71 92 -0.43168392478649253
71 93 -0.7644222726932615
71 94 0.26046456228251547
72 73 0.9461788032502092
72 74 0.30041857376134584
72 75 0.1501382461962666
72 77 0.7495269759882401
72 80 0.8419491583797689
72 82 -0.6506260924405918
72 83 -0.8957474669775731
72 85 -0.1370853395532463
72 86 -0.8209982677455563
72 87 -0.10332952201275325
72 88 0.30095356704940035
72 89 -0.8563193438540992
72 90 -0.9749961381235175
72 91 -0.337875134905415
72 92 0.8478808253789698
72 93 0.9256857693539857
72 94 -0.17357181914885755
73 74 -0.05591873270017045
73 75 -0.603708378434741
73 77 0.1505032036672087
73 78 -0.7604274154732258
73 79 -0.8106681039944525
73 80 -0.16846101452629858
73 81 -0.719426440397293
73 83 0.8887384224382682
73 84 -0.4598912017930368
73 90 0.8553472756044533
73 92 0.3270142897455435
73 93 -0.5560691090379479
73 94 -0.708405745128518
74 75 0.3325329839513709
74 76 0.3252254434671735
74 79 0.18892625295833354
74 80 -0.05743781774743795
74 81 0.03665056880087936
74 82 -0.5920342451210006
74 84 0.935544193494092
74 85 -0.6258919821208273
74 88 0.20507819636390234
74 89 -0.35783564955528346
74 91 -0.9020964431348448
74 93 0.7185940983903079
74 94 0.025394830704307703
75 76 -0.8459757553914853
75 78 -0.27665484139552676
75 79 0.20695734650990194
75 80 -0.3719545406314744
75 81 0.7298374219231818
75 82 -0.31886366828612234
75 86 0.5733649791249822
75 87 -0.8295437776571388
75 88 -0.1405627112038026
75 89 0.8446000701692562
75 90 0.5824475270315526
75 91 -0.8641563961252052
75 93 -0.4420113498654996
75 94 0.6483450699420139
76 78 -0.7066554322762102
76 79 -0.5602403623782182
76 80 0.0057536714687149715
76 81 -0.7926884404820562
76 82 -0.19959209269679712
76 83 -0.12546159372490084
76 84 -0.5669580705639896
76 85 0.23445846073425636
76 86 -0.49024710913739256
76 87 -0.9806411079024497
76 89 0.0021780653508525205
76 90 0.503729809156658
76 91 -0.6160781416203169
76 94 0.7788448757390876
77 78 0.6066149085277355
77 79 -0.8655209436378093
77 80 0.2758637146493452
77 82 -0.4826369409155207
77 84 -0.0675005045000272
77 85 0.8858121122458322
77 91 0.02563775526746115
77 93 -0.9491542935801882
77 94 -0.9259417098895109
78 79 -0.6879992910500996
78 80 -0.09480808120268325
78 81 -0.6040213722105356
78 83 0.347525732526754
78 85 -0.9332760514659499
78 88 0.17174839796534114
78 89 -0.6023925910035373
78 90 0.40995171438832023
78 92 0.8982240892975999
78 93 -0.08856756124113385
78 94 0.1562642021800913
79 80 -0.23825878108134524
79 81 -0.2287200235276481
79 82 -0.9251559475497282
79 83 -0.1538140768904599
79 84 -0.3927139462138851
79 85 0.3976665511843622
79 86 -0.9864591825313189
79 87 -0.699198208829467
79 88 0.16551789235254666
79 89 0.4215701947613866
79 90 -0.5315378515475089
79 91 0.18989186332608377
79 92 0.5382071917804776
79 94 -0.46119123060177936
80 81 -0.07428040230890609
80 82 0.9956326872558219
80 83 0.8086584413717586
80 84 -0.5028535671845098
80 85 -0.25633560819658574
80 86 -0.9298249365946822
80 87 0.5345253097172753
80 88 0.8849103895654282
80 89 -0.2498971495664375
80 90 -0.6940918777670966
80 91 -0.6756848170854322
80 94 0.06374366002445586
81 82 -0.6487857764605869
81 83 -0.8873943894671468
81 84 0.8249277175883616
81 85 0.2856353718395108
81 87 0.6291453521137842
81 88 0.5311539641286844
81 89 -0.5486653429141153
81 90 -0.9806849549503867
81 91 -0.7040563086143752
81 92 0.7580755385019262
81 93 -0.7734321480075395
81 94 -0.5647413909988137
82 83 -0.9540970024197255
82 86 -0.3136612924436375
82 87 0.6785120128625317
82 88 0.390659949329037
82 89 0.8413923050773628
82 90 -0.9270280057855049
82 92 -0.5759198662821257
82 94 -0.2948670966055742
83 84 -0.08888784593456389
83 85 -0.3156385219641258
83 86 -0.9780118938961238
83 87 -0.9258427399051468
83 88 0.22269176360664678
83 89 -0.4563561638075575
83 90 0.34170607724964763
83 91 -0.04409953508776465
83 92 -0.901533301706203
83 93 -0.6923670042750596
83 94 0.33463141833320686
84 85 -0.6681129955962599
84 86 0.9370904306378967
84 87 -0.2639504117311331
84 88 -0.7372130208790906
84 89 -0.47891300438625817
84 90 0.7978166851473238
84 91 0.3559863961899197
84 92 -0.7793413359988737
84 94 0.013132045805614334
85 86 0.17528565134891094
85 87 0.5803200363364132
85 88 -0.7923060291768824
85 91 -0.7404307896569189
85 92 -0.15917413707716999
85 94 -0.22081551566505664
86 87 0.7323942265409564
86 88 -0.9158808375686542
86 89 0.47626954964220536
86 90 0.8003352508989268
86 92 0.4026041784651786
87 88 -0.4840096904352835
87 90 -0.5784231761707437
87 94 0.8954740658256357
88 89 -0.2986699828073367
88 90 0.27344129719009813
88 93 -0.23926434667189533
88 94 0.34346825681096393
89 91 -0.21291094079485706
89 92 -0.15058918951813838
90 91 -0.4756637083667543
90 92 0.17661765603051127
90 93 -0.4441630693164138
90 94 0.12439295762101299
91 92 0.7285115381049911
91 93 0.5089341695906311
91 94 0.22738556209882899
92 93 0.9940845767528284
92 94 0.9490271010107663
93 94 -0.02729494064096616
