95 1331
0 -0.3284618017276626
1 -0.8736612824751371
2 -0.12473736167406924
3 0.0518167383860233
4 0.44492577160089675
5 0.3587954530759616
6 0.3196970257357217
7 -0.4655359923891833
8 0.939616373408168
9 0.8472457970744505
10 -0.02759140723807918
11 -0.8567750648216108
12 0.3829354671312266
13 -0.344399710975126
14 0.35847729051140376
15 -0.4294039842391413
16 0.7945047965848742
17 -0.47190960284517125
18 0.8463960649755171
19 0.5772629596875944
20 0.8344591433973931
21 0.08020938421978485
22 0.7784060915867943
23 -0.08055839360322192
24 0.09139947361390877
25 -0.7167927932872198
26 -0.48898485595995056
27 0.986780010224082
28 -0.36313265099234826
29 -0.7931832023893532
30 -0.9023814486450317
31 0.06047066406022927
32 0.8675990330123886
33 0.5462123245957404
34 0.43660486164985723
35 0.5031230559096607
36 -0.7151130643905745
37 -0.23113286701802438
38 0.537186655352283
39 -0.439534097331727
40 -0.34848221571514437
41 0.5514470978782489
42 -0.3732079694557846
43 0.8003975600243995
44 0.399063842662398
45 -0.9599984759365823
46 -0.013900011510509014
47 -0.8118286922752669
48 0.8082771320677491
49 -0.43974014979450815
50 -0.27393458579154784
51 0.3574390521595976
52 0.4607080874390612
53 0.9960009697227152
54 -0.15558527707838232
55 -0.46894025999536626
56 0.9208640610721246
57 0.27206016811025435
58 0.6575694379409562
59 0.4092157470252007
60 -0.5625648321655647
61 0.5290226995309073
62 0.7422323730126807
63 -0.6198273749419889
64 0.48066468910518334
65 0.3042950274416647
66 -0.6495004340361492
67 -0.677531027209392
68 0.10131216750555327
69 0.2782331592015912
70 -0.25980640569257973
71 -0.12601459557936878
72 0.3610634841054239
73 0.9822623963612436
74 -0.023387327169209993
75 0.42026883588522335
76 -0.23595647468569725
77 -0.19106011801583733
78 0.24850464089145285
79 0.38543317112299924
80 -0.7646587715122795
81 0.11219808567366663
82 -0.8808475871481212
83 -0.46844087717274663
84 -0.5992547631664624
85 -0.3495651772066579
86 -0.5844039539366428
87 -0.2670373964559012
88 0.6073446393848396
89 -0.7655512389213448
90 0.5474092791737071
91 -0.6183128072440784
92 -0.27667360211870484
93 -0.7480918515162436
94 -0.2044295356240866
0 1 0.863783164788825
0 4 0.6651809267119286
0 7 -0.36213317949971735
0 21 0.8081440610074464
0 23 0.5469228537795259
0 25 -0.21231311041685097
0 27 -0.002746030113539577
0 28 -0.6560883032950513
0 29 -0.7045105773292548
0 31 0.8126148585212127
0 32 -0.673047080956787
0 40 0.46709090106235807
0 41 0.5189462259796329
0 49 0.8124779951253136
0 57 -0.28002631515064325
0 63 0.0606468824174482
0 67 0.29100267619932785
0 68 0.28043335806513325
0 69 0.7477229501657257
0 73 0.3547199920221713
0 75 -0.691625147358172
0 80 0.7196607662507357
0 82 -0.8941155562388434
0 83 0.995517502664444
0 84 -0.9102513976688593
0 88 0.5733051714886377
0 93 0.409359383679897
1 9 -0.9379283017663356
1 15 -0.9586412101972215
1 17 0.4036712809169374
1 19 0.7200923374551151
1 21 -0.5947218683667115
1 23 -0.8565459630169661
1 29 0.15983907046961798
1 31 0.41870820547985743
1 33 -0.20393056202995563
1 38 0.10471443242256151
1 40 0.8578778518336925
1 42 0.2953690593944793
1 47 -0.3728752121904897
1 50 0.4019359448961226
1 52 -0.7571786756270529
1 59 0.4832324084855888
1 62 0.9922912832295416
1 65 -0.7628017389203334
1 68 0.12991784494546943
1 70 0.92692248942428
1 72 -0.2686466325057515
1 73 0.7234256285819303
1 74 0.9048492115852373
1 83 0.03211228865538729
1 85 -0.6342937863563511
1 87 0.8360915317289481
1 88 -0.12186027157937862
1 90 -0.37269162585542603
1 92 -0.22087660815853272
1 94 0.1852026956224786
2 5 -0.024536292425630046
2 10 -0.5766369179255721
2 12 -0.9385357634618003
2 13 0.3974683064376321
2 21 0.5037271283537819
2 23 0.1510348451877861
2 24 0.10977598487493756
2 29 0.7339385846846049
2 31 0.974570025175068
2 35 0.91692859252569
2 39 0.4574406051515125
2 45 0.7010218305401792
2 51 0.46120453886081614
2 52 0.221979599181644
2 59 -0.3134141352145805
2 61 -0.2685485372440588
2 63 0.6161170666912055
2 67 -0.5402787263376403
2 71 0.3513133212738897
2 81 -0.8049954246733337
2 82 0.8621044450733197
2 88 0.49941200791546025
3 6 -0.1966805001359211
3 9 0.29036243947211426
3 11 0.9104120489909402
3 15 -0.048709588811070015
3 20 0.7839405358116425
3 21 -0.27731519040944574
3 22 -0.5879043509709494
3 23 -0.7716682840262452
3 26 0.6912471688521502
3 33 -0.9753669656103832
3 37 0.1886649064378716
3 41 0.8603378326538393
3 43 -0.6880040617979453
3 48 -0.49001595028157396
3 53 0.2171951649951669
3 59 -0.4523010922434876
3 60 -0.5372749630072575
3 67 0.7967396422792445
3 68 -0.9907811875229982
3 69 0.5280788114675303
3 74 -0.09628241133523696
3 76 -0.005078441660826272
3 79 -0.5150472908024635
3 81 -0.3460098976796202
3 84 0.19842543982583005
3 86 0.12375435199573759
3 88 -0.6425658059894963
3 91 0.12614871929930738
3 93 -0.33382337647548543
4 5 -0.967434785863426
4 6 0.7871716685112464
4 9 0.9433699515397562
4 12 -0.3389679983443572
4 13 0.7242788050961182
4 16 -0.3155687553337818
4 17 0.8372528691576275
4 18 -0.3682954781595136
4 20 0.7204347627174421
4 22 0.3555862673969754
4 25 -0.547177147853271
4 26 0.41643476149938885
4 29 -0.1848415801710277
4 30 -0.23773800596440275
4 32 -0.5218037462820486
4 33 -0.7655964077197519
4 41 -0.547810891866765
4 42 0.1584528458550043
4 45 -0.9824719173340783
4 47 -0.18872263161642677
4 50 -0.7911330153700915
4 51 -0.1351460868479677
4 67 0.5360050499884335
4 81 -0.8372887213296747
4 84 -0.1920986731014953
4 85 -0.7318283181604663
4 86 -0.13949607323551239
5 6 -0.3880074305800103
5 10 0.5344006244020703
5 11 0.01079979730950753
5 12 0.05475365243116781
5 14 -0.2525232255864185
5 15 0.6154376500332266
5 31 -0.19178562309051617
5 32 0.4367773799115411
5 33 -0.5739905623592305
5 34 -0.26696239037452796
5 42 -0.7113156194598234
5 43 -0.44820466102292555
5 48 0.5671721356195234
5 54 -0.8166020417225996
5 56 -0.0819993604257383
5 64 -0.3563250316743405
5 70 -0.07314301495898379
5 74 0.6638984300394066
5 75 -0.19317141471029342
5 77 0.7421605554347517
5 79 0.2376099700918448
5 82 -0.8791227082972315
5 85 0.4166576508974269
5 89 0.5517746955309286
5 90 0.3982143161600302
5 92 0.6658972816829789
5 94 0.6349702704211306
6 8 0.773962799372172
6 9 0.5497257327680996
6 10 -0.3889394202354006
6 24 -0.7099484581512194
6 25 0.041231959358099646
6 28 -0.6364740630177759
6 32 0.7881721800798269
6 34 0.25458742669151513
6 38 0.4705291652055321
6 44 0.5259686487231947
6 54 0.2765411912622944
6 55 0.0913963792631074
6 57 -0.9621339217900997
6 60 0.1740788496935286
6 61 -0.19769465985784196
6 63 -0.2774520246233563
6 68 -0.6996526874074669
6 76 -0.7046570534416987
6 79 0.4463239154167842
6 84 0.3791823920183497
6 87 0.82992972763187
6 89 -0.18574311907628993
6 93 -0.24078805388983415
7 9 0.1365229293738761
7 11 -0.21621833576569038
7 13 -0.5273855121111692
7 17 -0.4283988841616817
7 20 -0.17712809548002806
7 22 -0.8682821006146142
7 24 -0.7873860655907097
7 27 -0.6812459093434011
7 31 -0.5155028841275149
7 32 0.8145630342634751
7 33 -0.35011109603804247
7 36 0.6876596123567644
7 40 -0.0386895067459192
7 43 -0.3095151292730651
7 54 -0.7355256241969677
7 57 -0.38410152954655197
7 61 -0.2902486711771377
7 65 0.19941473709417767
7 67 0.3824954324660803
7 68 0.9380747271177914
7 74 0.41263265555752127
7 76 -0.20469568761778167
7 81 -0.13913616857261268
7 86 -0.03875259110318252
7 92 -0.08875680258045704
8 18 -0.23100227439939824
8 31 0.6567504125772139
8 34 0.11768844008006352
8 39 0.048478880042925
8 42 0.6139011058388153
8 51 0.5385310036345261
8 52 0.016141039333701368
8 54 -0.4080407248904925
8 59 -0.9849805543415011
8 69 -0.9010975568248032
8 70 -0.08845839941783029
8 79 -0.500243156386303
8 80 -0.8323967286413911
8 84 0.9621132762950793
8 86 0.5581796053994235
8 90 -0.6226308695220999
8 93 -0.03833019558652495
9 10 0.720076805086356
9 11 -0.18755980518045767
9 17 -0.015227643259729584
9 25 0.3243912453561062
9 27 -0.9795458754435247
9 29 -0.6902901439868825
9 32 0.5597457798731447
9 34 -0.8250079815756051
9 37 -0.1972195305706832
9 38 0.42177695165953377
9 41 -0.8987235975417391
9 46 0.9565096221281
9 58 0.3084189543184652
9 62 0.3020100026911072
9 63 0.8181459335606096
9 65 0.7622970297321592
9 70 -0.8590077959639242
9 71 0.4648501646967709
9 72 0.8068691050038348
9 73 -0.04608391569992154
9 80 -0.9257824629890155
9 83 -0.21418829166285125
9 86 0.8521645831368767
9 88 0.2689517958304124
9 94 -0.07572512922592711
10 12 -0.8583717294924285
10 13 -0.7169654994890511
10 14 0.1284414166367136
10 15 0.1664352978034369
10 23 -0.7961312747715104
10 25 -0.6159759154219739
10 31 -0.5044695105343036
10 34 -0.45585722523435956
10 35 -0.7331548248116766
10 43 -0.8558349761825561
10 49 -0.9375723533089533
10 52 0.79760922439541
10 55 0.6746326062240819
10 58 -0.6201509004409076
10 60 -0.3088136634473042
10 64 -0.302183486686165
10 66 0.9784700573482248
10 72 -0.9345266144171742
10 76 0.5861640474286147
10 77 -0.047963410743564916
10 79 0.7443908005820732
10 80 0.4425172628624219
10 85 0.2950169969896581
10 90 0.7981241866191435
11 12 -0.5486718661481935
11 15 -0.6578517592569368
11 17 -0.8605021233479169
11 19 -0.8285098541953215
11 24 -0.927953307614527
11 29 -0.5876150279070307
11 30 -0.6295353295833799
11 41 -0.5625646807674569
11 43 -0.1799113744625651
11 46 0.734994036569063
11 52 0.10096248015847498
11 54 0.27351258232751796
11 67 0.22720552914009762
11 68 0.39798619058048756
11 72 0.6652780584365792
11 78 -0.8088073060609757
11 79 0.746717705474133
11 80 -0.037806327894436054
11 82 0.10644098325748841
11 87 -0.6973485956857299
12 14 -0.27589303012941757
12 15 -0.8275408801191266
12 18 -0.31870684715376507
12 19 -0.3258622442246224
12 20 -0.44912222639089694
12 22 0.12106023994426174
12 26 -0.8685886616135634
12 32 -0.43979100878425026
12 40 0.0472022984586169
12 43 0.9823366824764703
12 44 -0.819166806264833
12 46 -0.8901665511081889
12 48 0.18726555377494503
12 50 -0.9671802571503507
12 52 0.35118938188764837
12 55 0.01800477842444259
12 59 0.21276835383987702
12 61 -0.22791343147968046
12 72 0.49678452781721205
12 75 0.20218754799992622
12 78 -0.6708083830455078
12 79 0.3483783354516612
12 80 0.45772885752164516
12 82 -0.12926070568105197
12 83 -0.38788282459230095
13 16 -0.17234013594938014
13 22 -0.47670567384533147
13 23 0.0811758698382572
13 25 -0.3874961955088956
13 36 -0.06773051582765865
13 41 0.5959223559246265
13 42 0.7800659000396271
13 49 -0.7085390939837894
13 50 -0.5373869034826215
13 53 -0.7774826006068873
13 54 0.06209079528979178
13 60 0.257902317571574
13 62 0.595947586068899
13 64 -0.267294745508446
13 67 -0.056988980142155254
13 68 -0.370165769100647
13 69 0.01496126111945184
13 71 0.1492073471584383
13 73 -0.9503370472952943
13 83 -0.18535298052336135
13 87 -0.7707268192479897
13 88 0.11956510742039961
13 91 -0.9173276103823993
13 93 0.7236343366163436
14 15 -0.35064851427848165
14 26 0.2728431913376197
14 27 -0.9379186586614474
14 33 -0.522349064651789
14 34 -0.006722670126398267
14 37 -0.6819608126024639
14 40 0.16440452251896787
14 41 0.8115921907026609
14 44 -0.006534944574758228
14 46 -0.023128883271379408
14 51 0.7682527626838556
14 53 0.19392170434718725
14 59 -0.061770849984797094
14 61 0.412236489287537
14 63 -0.055157038760819566
14 67 -0.5075232578495745
14 76 -0.38392002322785035
14 78 0.8103307578077876
14 81 0.973733717679393
14 82 0.42046384527734704
14 85 0.13522052969332599
14 90 -0.528882612877607
14 92 -0.9037968464528505
14 93 0.6572289744123203
15 17 -0.3764933635793559
15 18 -0.8769596416300018
15 20 0.3499682389355592
15 22 0.1337796120078989
15 26 -0.11145552658723124
15 28 -0.26070051266464955
15 30 -0.3585332168240245
15 38 0.2893618314840585
15 43 -0.09170911979760743
15 47 -0.27053020155882446
15 50 -0.5365623342977668
15 51 -0.15282535134060682
15 53 0.6567529971426851
15 54 0.12315526172631297
15 55 0.3427452233989521
15 58 -0.33042807313867995
15 60 -0.6016573334704851
15 62 0.7136364108555184
15 66 0.2660027297704173
15 67 -0.6156771279320647
15 68 -0.8525358964367491
15 70 0.23437839413499906
15 72 -0.19705046475590726
15 79 -0.24948209723361647
15 82 0.4952737677278012
15 84 -0.7174484462001205
15 86 0.6087139031674
15 87 0.7925581487363436
15 90 -0.34266827816262246
15 92 0.7690603294490577
15 94 -0.32212354146861877
16 17 -0.2511574854563279
16 26 -0.8799698538955909
16 32 0.7504304279391774
16 36 -0.35607893517918465
16 39 -0.4358207434598067
16 47 -0.17360623879094628
16 60 -0.6763237259960655
16 61 0.39699312051710356
16 68 0.7186923887617065
16 73 0.3514175760132452
16 76 0.6941250013894478
16 77 0.62829681171952
16 79 0.6348324971339852
16 83 0.45908605683806525
16 84 -0.06053596854362375
16 86 -0.2112751085475466
16 90 0.5524694021490826
16 91 -0.12843134369182985
16 93 -0.8020942217636924
17 24 0.11266000404080367
17 25 0.7038832707004017
17 26 0.7463319740647409
17 27 -0.11660113204874056
17 28 0.9832003166105063
17 31 -0.40894809055966985
17 39 -0.6346195235181915
17 41 -0.9225413226633821
17 44 -0.1071158094710527
17 57 -0.2162817906492267
17 58 -0.8135952490864287
17 61 -0.8850385142547601
17 70 -0.8828368160038957
17 71 0.4370434788809687
17 75 0.6528511642846435
17 76 0.8565019178961846
17 81 -0.07415503311021876
17 84 0.34705033528987994
17 89 -0.18227267629068322
17 91 -0.18558963731362677
17 93 -0.7598348830260453
17 94 -0.7261914964865197
18 23 0.20722538250782385
18 27 -0.6568906065623266
18 28 -0.5140134570379866
18 33 -0.5656540902005678
18 36 0.1247617163799497
18 38 -0.8588364684434531
18 40 0.2805343484710998
18 43 0.36721153150262587
18 46 -0.5289539031591903
18 47 -0.29554537764679956
18 48 -0.6698865724364982
18 54 0.6188458534076708
18 55 0.8191082665065255
18 62 -0.455254982937757
18 65 -0.5707988026815276
18 76 -0.9180303823821212
18 77 0.8472265565618009
18 83 -0.9817574185709064
18 84 -0.5946769795001201
18 86 0.7100457683866106
18 92 -0.9698299684324583
19 28 0.727592431449426
19 29 0.24995679786985514
19 36 -0.4998189053632991
19 49 -0.7807395255968277
19 50 -0.12016134322573069
19 51 0.9941091669945077
19 55 -0.9484310016217266
19 59 0.9013835102572194
19 60 0.5662524530227628
19 61 -0.27180944520666417
19 62 0.18436825079696595
19 63 -0.18564077141538982
19 66 0.04246766852671602
19 68 0.11817904942010515
19 70 -0.28705434089143966
19 72 0.4857322624564213
19 73 -0.15017821235474993
19 80 0.14118795254428518
19 82 0.06136991446545714
19 84 -0.00437486689058475
19 93 0.3833400041921602
20 26 0.46015609682744185
20 29 0.4706769661988428
20 30 -0.9548088814978704
20 46 0.22614276658277999
20 50 -0.7007444314181532
20 59 0.8086421204374064
20 62 0.7610816208891751
20 68 0.44352416108959747
20 79 0.46456069044575155
20 82 -0.9542341821967955
20 89 0.7838133874783733
20 93 -0.9913569264942763
20 94 0.7342183263803796
21 23 0.12734572305557812
21 28 -0.5537460316077925
21 29 0.7116502492353729
21 30 0.19626723479644514
21 31 -0.2809346537001258
21 32 -0.7806574054286728
21 35 -0.8003610537255537
21 38 0.03227597140785199
21 42 -0.34688096315777295
21 43 0.6090466217794919
21 45 -0.17122308554249632
21 55 0.9630055040183629
21 59 0.053110086981972726
21 60 -0.3235321312180639
21 62 0.046990964593426554
21 69 0.3698411217549642
21 78 -0.2922235542954592
21 80 0.637678039415559
21 82 -0.7451010895797578
21 89 0.6307650224733079
21 92 0.49811810759141206
21 94 0.20667112009865773
22 23 -0.9895339114079755
22 26 0.2545018784850317
22 28 0.985572939969394
22 29 -0.7913312666019439
22 30 -0.012519612726595408
22 32 0.3224129434693914
22 34 -0.9923428030825796
22 38 0.1515323259587622
22 39 -0.39439589643231465
22 40 0.8124113762374408
22 43 0.4209423523638498
22 47 0.9786361196123337
22 49 0.2689568706748884
22 52 0.5000966494761394
22 56 0.8623665345879536
22 57 -0.6852224682127126
22 75 0.21772287974897875
22 77 -0.27042310537224723
22 82 -0.27756792501033734
22 88 0.9817106161193958
22 89 0.34895857361154414
22 93 0.6983920557262064
23 37 -0.12630604600691542
23 38 0.6924056631456887
23 44 0.6815889070290571
23 46 0.27362883076677824
23 48 0.1538777329797023
23 52 -0.8169776782827296
23 53 -0.7785763818658396
23 55 -0.024809745893314528
23 57 -0.24392886880191655
23 62 0.8426008907979767
23 63 0.05627259118593786
23 71 -0.37230512210034994
23 73 -0.6226010321039386
23 75 0.3394347258924739
23 82 -0.9485861770368811
23 84 0.9997828540345233
23 87 0.988446327375722
24 26 0.7460815259738212
24 29 -0.8739479782763238
24 34 0.7574112770140695
24 36 0.29742414899610425
24 41 0.6252303314522802
24 46 0.24022060324419736
24 51 0.8187465375246428
24 55 -0.9012479281043579
24 63 0.9388539767788409
24 67 -0.3646838962582637
24 68 -0.587412229075958
24 69 0.9982249273552837
24 75 0.8992604550567589
24 76 0.8793173394510658
24 80 0.23950304639883457
24 81 -0.948137153200457
24 83 0.03137025811887617
24 84 0.6692974176272171
24 86 -0.21439351313053856
24 89 0.10454046200350309
25 32 -0.10014656830936852
25 33 0.03418222968910278
25 36 -0.9479636906862652
25 37 0.13645886950887065
25 40 -0.02474171565042438
25 41 0.28306594895728043
25 46 -0.9628095994246526
25 48 0.44956348541236557
25 51 0.5958040598495398
25 53 -0.4700807509563736
25 59 0.45023574725029913
25 60 -0.04581709981024895
25 65 0.5093531313859501
25 71 0.012149968440789305
25 72 -0.8363362440243647
25 74 0.9508597233828782
25 75 0.8047446835567813
25 78 -0.2320534584126681
25 79 -0.799302243314632
25 83 0.4477595385455324
25 85 -0.39268797757376017
25 87 0.5761613581494829
25 88 -0.9892088621081498
25 89 0.05960528808926324
25 92 0.47540875898247026
26 30 0.48457289262367986
26 31 -0.8761537455247517
26 39 -0.04650520953232884
26 42 0.30780571910803145
26 46 0.026617952739795392
26 48 0.3054965613505487
26 50 -0.9649336818129246
26 51 -0.01971794509362823
26 56 0.5257221346532273
26 63 0.7216362176924631
26 66 0.471102311645764
26 67 0.5008019730739834
26 74 -0.5641323641942593
26 75 0.06988398059492362
26 77 0.4333473435334756
26 78 -0.28947707890645713
26 80 -0.7356501873020884
26 87 -0.97623449687007
26 89 0.7727051025270553
26 94 -0.1465197246233758
27 31 -0.1582895742667474
27 32 0.9515823557992151
27 37 -0.6824972534902973
27 38 -0.37322701708059136
27 41 0.8067565555278975
27 46 0.4519697911195477
27 48 0.616143106509935
27 52 -0.7383701235862894
27 56 -0.8000653408902696
27 57 -0.5576324567128321
27 59 0.9503141026874102
27 61 -0.11782124815920536
27 62 -0.09076239705669176
27 65 0.6966216965272978
27 68 0.4202381269118649
27 70 0.26395340094411357
27 74 0.21354910063114874
27 75 -0.11808059606566479
27 79 0.5905581472326809
27 83 0.18620345353032808
27 84 0.17592997410357647
28 32 0.8049201102918226
28 38 -0.6590854158956339
28 43 -0.8318012107166175
28 44 -0.3952433781174538
28 51 -0.779053379448204
28 53 0.32934281861013903
28 54 -0.36129539259061305
28 57 -0.09374987443879834
28 58 0.5249815072590149
28 59 0.9249031697607839
28 60 0.7881828985200701
28 67 0.2778816052146502
28 77 0.902871102977757
28 80 -0.3370478668311143
28 82 -0.7941985866475203
28 84 -0.8624269677387699
28 85 0.47188181960493414
28 87 -0.6568186145222759
28 91 0.8314023186495925
28 93 -0.4188370541860702
29 32 0.8594899846968231
29 36 -0.12749000615167683
29 37 0.44530860737181044
29 39 0.24148602481138304
29 40 -0.9757697156718321
29 49 0.7112186869245558
29 51 -0.42707877161230035
29 53 -0.1813506343689113
29 56 -0.560224538696563
29 58 -0.7165575999687233
29 60 0.6074521847632497
29 64 -0.5107433287090857
29 67 0.6141426406576216
29 69 0.9379353292468353
29 72 -0.9205623418510664
29 75 0.5851238443437166
29 79 0.834238317533329
29 85 -0.7784497158690957
29 88 -0.6686492203267194
29 89 0.6385330829599318
29 90 0.8609758256017352
29 92 0.5664675489016293
29 93 0.020568237681371615
30 32 -0.6876443180079717
30 35 -0.9864897011275677
30 38 -0.763609793645688
30 39 0.14638198078453102
30 50 0.420784065649475
30 51 0.5994553545608734
30 60 0.6378636805453932
30 70 -0.10034996250347383
30 77 -0.8274337264386893
30 78 -0.37399692120661876
30 79 0.0005442933292030272
30 80 -0.6134342011452156
30 82 -0.08959953094270845
30 88 -0.24299434235745387
31 36 0.9866648408518133
31 39 0.9210138390520994
31 41 0.778789203324028
31 43 -0.297838151947297
31 45 -0.9767687447395534
31 46 0.45602785584564254
31 49 -0.5344550767008749
31 51 -0.23661700528293284
31 52 0.47286577206752534
31 57 0.6583687201614532
31 60 -0.7045837723608723
31 62 -0.6345623939441385
31 70 0.9792579078015717
31 72 -0.6782832854845346
31 77 0.6592361783437586
31 78 -0.4232289950028916
31 80 0.010813033176313436
31 83 -0.5267249904087885
31 86 0.07060419209758795
31 87 -0.7773582679500408
31 92 0.48124439057100155
31 93 -0.4171774632873122
32 41 0.5974930439623791
32 42 0.7773933019152348
32 45 0.5594930809350072
32 47 -0.3529668896263387
32 48 0.7650903192898446
32 51 0.05164569540193953
32 55 -0.8794208729110067
32 64 0.34085660702670895
32 65 0.07359650181813526
32 67 -0.3583840538316938
32 68 -0.26764519346871496
32 69 -0.17152622073970836
32 80 0.1959237616969982
32 82 0.6876102224434919
32 87 -0.4199129166471436
32 88 0.35734946887008534
32 90 -0.6939779276378699
32 91 -0.8286071312433829
32 93 -0.1873442259949556
33 35 -0.6321113001246537
33 36 0.1593771142624747
33 46 0.5517944504029344
33 49 -0.6476981855217583
33 52 -0.6471326392226586
33 54 -0.4863616896767453
33 56 0.7066231111596841
33 58 0.5047602298858198
33 62 -0.8027213002216922
33 64 0.7651632777383659
33 65 -0.7733509644424945
33 67 0.27524047663533313
33 70 -0.18039304217502705
33 72 -0.8006270083185227
33 73 0.24742627652205207
33 77 -0.6307143480636368
33 82 0.8410464068011536
33 89 0.9583059641588207
33 91 -0.23877330159388221
33 92 -0.004970988661967102
34 35 0.9629670288214385
34 37 -0.988663754943399
34 46 -0.8004903473140774
34 49 0.8436615775048013
34 51 0.9266260662238901
34 53 0.5895724055612417
34 55 0.838939954798001
34 59 -0.9857088895539092
34 62 -0.3698346232618175
34 71 0.9303588093746791
34 73 -0.9681846114657591
34 74 -0.652602495379339
34 82 0.11322930379818974
34 88 0.09711760011788173
34 94 0.7478832372366775
35 38 0.5398333373756208
35 39 0.5787406614917441
35 41 0.9937571634111959
35 44 0.6892237204435943
35 45 -0.5935546072187914
35 50 0.054005099114183386
35 51 0.1198694491468395
35 56 0.7179754980174837
35 61 -0.7557782552101662
35 66 -0.7127387028039962
35 67 -0.8266073324554593
35 69 -0.25555695151120816
35 72 0.6576086848266212
35 73 0.06390317056314054
35 76 -0.2175138714731466
35 78 0.7635771884563054
35 82 -0.3257277114797388
35 84 0.5193843951625039
35 91 -0.31140931680332495
35 93 0.16312341205299585
36 37 -0.951373105963276
36 38 -0.3543162238736488
36 39 -0.47286376007132147
36 41 0.19006035653168274
36 42 0.603830544311537
36 50 0.24577979672530126
36 52 0.799119883603669
36 54 0.9872573291363491
36 55 -0.30677628448526706
36 56 0.24282743389332384
36 64 -0.6819004132317259
36 68 0.9830363483282565
36 69 -0.9799945679101769
36 73 -0.0687586446245696
36 78 -0.09345240896753815
36 79 -0.7518385678511645
36 84 -0.4036921585370501
36 85 -0.3482043541695623
36 86 0.3325182225793397
36 88 -0.5509549496475028
36 92 0.4003621558127908
37 42 -0.08726731405871035
37 47 -0.15071553064113186
37 53 0.5000137731009313
37 54 0.26040728110109335
37 60 -0.5940047907720041
37 64 -0.984282483795113
37 67 0.8725835120272338
37 69 0.2553431421346728
37 76 -0.35813045012650835
37 79 0.5236074182771031
37 80 0.2914792280820899
37 83 -0.03733664892248578
37 86 0.9140481658587467
37 89 -0.3516157140303475
38 39 0.225119750193975
38 43 -0.2923915405854929
38 50 -0.871182352145552
38 51 0.23181557016376808
38 58 -0.0035482780140521086
38 59 0.9718084150179336
38 61 -0.9622679295066876
38 62 0.1063192902649428
38 64 0.836002418494054
38 65 0.7341384933549286
38 68 0.36377047294740383
38 71 0.659735737829416
38 72 -0.28816171501874965
38 74 0.8903352716948787
38 75 -0.7998907534260353
38 76 0.6118869157588878
38 78 -0.7275002051605681
38 79 0.9514214904580878
38 80 0.19802422097341332
38 83 -0.12758830585881387
38 89 -0.48573057007645626
38 90 0.18937347980029307
38 93 -0.7889339378976326
39 40 0.21679094885830907
39 47 0.09440434924277663
39 49 -0.0477381120879905
39 50 0.1546809750979239
39 55 0.1335656015782669
39 57 -0.22368068213849424
39 58 0.4940646169324243
39 59 -0.981105673334012
39 60 0.7002053462588143
39 62 0.12088552794043506
39 66 0.9079713975247095
39 81 0.6380706177444813
39 83 -0.5246833727946227
39 84 -0.5889391157902302
39 85 0.7997235672468457
39 89 0.5003314178584888
39 90 -0.7372916977910968
39 93 0.6373504150105562
39 94 -0.5161544932927637
40 41 -0.012238867391787256
40 43 0.7894860447843974
40 48 -0.5786943565166449
40 49 -0.6432493634437975
40 55 -0.1971758818976903
40 56 -0.8398974236424483
40 60 0.9187344505096715
40 65 -0.5210380725225574
40 69 0.34012612707893863
40 72 0.9901402284394172
40 74 0.6863598657178727
40 75 -0.9609568257214256
40 83 0.845489866671504
40 93 0.6827113021969617
41 43 0.3228948725921874
41 48 -0.24681477580523192
41 49 -0.45589003842340214
41 50 0.6770802805473313
41 52 0.4416794219349509
41 56 -0.6971377325567658
41 57 -0.786445143610736
41 58 -0.947094512220731
41 62 0.3272294450113231
41 64 0.8664214280123528
41 66 0.27041633731075554
41 68 0.9934789942223945
41 75 -0.09238893246447
41 78 0.4626396340328156
41 85 -0.7373067237168738
41 87 0.17105388689930212
42 49 -0.12452164296939006
42 52 0.2605282121191195
42 53 -0.19306331986071346
42 56 -0.11900600204954648
42 66 -0.00978261515585932
42 68 -0.44584692880623766
42 69 -0.2336531044455421
42 73 0.24529387269203573
42 75 -0.10733083948261424
42 77 0.17444056105188777
42 79 -0.17934886279744933
42 80 0.5302162778141799
42 82 0.6920129016434728
43 47 0.1869685263958134
43 50 -0.20441821414823713
43 52 -0.9026678382882898
43 53 0.943794565679912
43 58 0.4637664070652465
43 59 0.6070872140351171
43 63 -0.7291539615404792
43 68 0.5143012460213057
43 75 -0.9015349722128041
43 78 -0.39464735600943435
43 80 -0.43789462213284036
43 82 -0.5058857227288998
43 84 0.02985707025634654
43 85 -0.39024568522485414
43 88 0.06850132916354723
43 94 0.6630010389736976
44 45 -0.7065961198617436
44 54 0.5260055247327051
44 55 -0.7650325293515559
44 56 -0.7550042977644338
44 57 -0.43353663038532053
44 64 -0.4368348568397069
44 68 0.6924683288258799
44 69 0.08926356064953311
44 73 -0.9048256957451937
44 75 -0.22414518580027698
44 77 -0.5551829163856872
44 79 0.3830181198530198
44 87 0.5066357731042455
44 93 -0.7510391517136599
44 94 -0.552736720887107
45 47 0.9151812918444984
45 53 -0.2972837564686628
45 54 -0.2635977810493051
45 58 0.5020716100903944
45 60 0.12355303677812834
45 68 -0.8383227154463131
45 70 0.7448433962601944
45 76 -0.3606355977776703
45 79 0.09139079571569941
45 84 -0.8510869476986418
45 91 -0.8334575520488781
45 92 0.43252055984842985
46 47 0.07628241990599816
46 51 0.34875122554915294
46 53 -0.19776767787015093
46 55 0.9935316158165224
46 59 -0.17088903268181665
46 60 0.5348985779400304
46 66 0.6956073521829349
46 67 -0.642715988299984
46 72 0.8199435792170833
46 73 0.3130467076040755
46 79 -0.7025975842725425
46 81 -0.8505553707467632
46 83 0.3768335066603772
46 85 0.5423006426640489
46 86 -0.6583013864389133
46 93 -0.7022500326033116
47 49 0.8923225414171179
47 53 0.7274738667496052
47 57 0.015554335047859302
47 58 -0.0017602215886376449
47 72 -0.4010591758227273
47 77 -0.5570004981243262
47 78 -0.06815364992977124
47 80 0.9102524812448336
47 81 -0.45079610467414977
47 82 0.5738742852601002
47 85 0.5655358777335522
47 93 0.6538608830876478
48 51 -0.9470740083007143
48 55 0.22033202392423368
48 56 -0.1672040079917061
48 57 0.8553141328403042
48 59 -0.789569351799323
48 64 0.1527435290269752
48 65 0.30874601578460625
48 70 -0.3710991103118819
48 75 -0.6889787662116438
48 77 0.7195903606888563
48 78 -0.2636958316468656
48 83 -0.5425059592371213
48 85 0.6187710407311275
48 89 -0.24604802399540548
48 94 -0.5124789249271688
49 50 -0.550783908372845
49 56 -0.30946260134397097
49 58 -0.3377090377621108
49 61 -0.6457010459883157
49 63 0.19897551126525426
49 67 0.4160632871045442
49 73 0.9662288202545792
49 76 -0.20203623323241882
49 80 -0.7812724823063273
49 83 -0.08686242654044318
49 94 -0.5280449682861288
50 53 -0.7070526544401667
50 54 0.39145329836440856
50 55 -0.42455807202017093
50 61 0.64298847331218
50 63 -0.009604730229474612
50 66 -0.46434594071984825
50 67 -0.4740491672421969
50 71 -0.09599987404113208
50 72 -0.5546953879769319
50 73 -0.7087085185148909
50 74 0.16980324890516774
50 81 0.2117109735171423
50 87 -0.312648338833454
50 89 -0.4498908667868995
50 90 -0.18384166474584895
50 91 0.4152928694475049
50 94 0.9033926997500479
51 57 -0.2853337785704715
51 59 -0.03394150455972045
51 64 -0.3268444571071396
51 68 0.4968442444345087
51 71 0.7428530989233217
51 72 -0.8701150530603259
51 73 0.9227868130946151
51 79 0.6626857749711319
51 81 -0.4358753531263606
51 83 -0.4253221946458883
51 84 -0.6953036279528668
51 85 0.23549678670073448
51 91 0.6715069998068219
51 92 0.0009002594151501508
52 53 -0.8865493555282924
52 55 -0.8738760075131304
52 56 0.9963685533126592
52 57 -0.7119515797231359
52 60 -0.19130972891217368
52 63 0.4715906367181948
52 64 -0.20669211263017728
52 66 -0.2390705573238987
52 67 -0.5213877071647901
52 68 -0.30348885087671573
52 70 -0.9608318007046954
52 77 0.9795015071491298
52 78 -0.7198269078564519
52 81 0.17727175503892512
52 84 0.5249357443898419
52 87 -0.6667728290382751
52 90 -0.670594434022707
52 92 -0.9034915904342826
52 93 -0.6671396134166483
52 94 -0.8147093450314631
53 54 0.3623203384237359
53 56 0.805230384380484
53 59 0.25614985378576716
53 67 0.76758370983135
53 69 -0.13164982190448993
53 70 -0.7483230106396856
53 76 -0.7730903326272991
53 78 -0.08845290708931985
53 79 0.8253451277283426
53 80 0.8033399885367827
53 86 0.8541166187134195
53 88 0.17247064442193905
54 55 0.9570660833348519
54 62 0.1533247135934277
54 67 0.8749103185035274
54 70 0.6386428702178522
54 76 0.8246351235213591
54 79 0.7194066398136061
54 80 0.32261375435196626
54 82 0.6689825487847261
54 87 0.4339080965469404
54 89 -0.2661669331178107
54 94 0.4654569286744761
55 56 -0.346221536166583
55 61 -0.12357617583901703
55 64 -0.1320976653436714
55 69 -0.15775172780120572
55 72 0.8322914807773449
55 74 -0.9156715325851823
55 80 -0.09589584414135643
55 82 0.7643765571473617
55 84 -0.216491220514492
55 86 -0.3314290725468534
55 88 -0.08702181819812549
55 93 0.21795005790711297
56 61 -0.6724548846098115
56 62 -0.7991193330522723
56 67 0.8277801554689512
56 68 0.7102501720646754
56 69 0.1612289021117248
56 72 -0.8408844784524154
56 74 0.14776393614178196
56 75 0.8505593970212619
56 80 -0.43337973652796835
56 82 0.11752649268059434
56 83 0.49043992170208495
56 85 -0.13531047517013994
56 87 -0.7702873887620396
56 93 0.5736642825338634
57 64 -0.32353182490342003
57 68 0.09138692248495306
57 69 0.9358588900537517
57 72 0.4060871713321199
57 75 0.22688754115646215
57 76 -0.8221765281629523
57 77 0.645072630481553
57 85 0.46701500081293124
57 89 -0.8463498097128215
57 90 0.8983778566928229
58 59 -0.559263539415537
58 60 -0.1435411638212949
58 64 -0.09623111256580774
58 73 -0.5338761219222676
58 80 0.6238791858709556
58 86 0.7676437087515879
58 89 -0.9093360528264942
58 91 0.7696100090083919
58 92 -0.09495102675021938
58 94 0.17314661736833736
59 60 0.517959439106283
59 63 0.7256087359481029
59 64 -0.7758310354258029
59 65 0.19468472681175442
59 68 -0.32623940290529485
59 70 0.04459277080868018
59 72 0.179051042729512
59 76 0.41863012129602817
59 77 0.05503699411115748
59 79 0.8531010868112252
59 84 0.38371354297238236
59 86 -0.9038448858709349
59 87 -0.8563026183147193
59 89 -0.6530677385657138
59 94 0.8494415006089016
60 64 0.33929800640527863
60 65 0.7863255937279972
60 66 0.18557198157687171
60 67 0.9133909002999319
60 71 0.8338886954685423
60 72 -0.9616112179431195
60 78 -0.7857807592812263
60 80 0.37470805066523694
60 81 0.905934115708614
60 85 0.8046334063424936
61 62 0.2600414718027999
61 69 -0.09589368486163208
61 74 -0.3016124574262484
61 75 -0.5359534021058732
61 76 0.8873262571302152
61 78 0.3703160387306934
61 84 -0.0508695517499933
61 88 -0.6258461334038039
61 89 0.12297174094118479
61 90 0.5840323840035542
61 94 0.4799417058231972
62 64 -0.9583029367222278
62 68 -0.559790878951598
62 70 -0.3431539193947424
62 71 0.9186532130720484
62 73 0.06169943708886394
62 74 0.6840570497942491
62 75 0.5103777941426406
62 76 -0.044459381296914735
62 77 -0.09330169463695448
62 83 0.9612597245807186
62 87 0.45446735315899756
62 89 -0.25477306815256817
63 65 -0.041609428745154275
63 66 -0.10353785803305038
63 67 -0.6290585812702918
63 69 0.7373828544679542
63 74 0.26788913651684587
63 78 0.06199021548070904
63 80 0.3990287101243284
63 81 -0.4226453368616718
63 84 0.12560007297778064
63 88 -0.47648311833996515
63 94 0.8727064382930627
64 68 -0.8651284185568247
64 71 0.050136198294782774
64 78 -0.407777257010874
64 79 0.9548083627241599
64 84 -0.18549286031709555
64 88 -0.7810313018871327
64 90 0.6615325329355264
64 91 -0.2082130445478776
64 92 0.9898958390601205
65 71 0.7132251717126792
65 74 0.7362345716147252
65 75 -0.9469072441229713
65 81 -0.6740596262401004
65 85 0.7096820551527729
65 90 -0.25919143971504455
65 93 0.4813607043084529
66 68 -0.8040360493874315
66 69 0.5718259151710983
66 70 0.7613711545755415
66 74 0.4982273024395736
66 76 -0.7518096219615491
66 77 -0.39974156381807147
66 78 0.29135487904387847
66 79 0.5788726566045295
66 83 0.5106026592653381
66 87 0.9941067912538661
66 91 0.4878023943899672
66 92 0.33635612598867515
66 93 -0.06982644925847548
67 73 0.5015285264164386
67 76 0.4739839097982137
67 84 -0.5317302040382401
67 85 -0.2084461603083596
67 89 -0.30331803450953676
68 70 -0.43237993718124024
68 71 0.25951781562873744
68 74 -0.3751976911004036
68 83 0.6972938798888337
68 84 0.7479109728796645
68 85 0.7287940553097714
68 90 -0.46637361801878074
69 70 -0.009557479975651484
69 74 -0.11176981004706721
69 80 -0.34925362321726783
69 85 -0.32031404879370684
69 88 0.6024617617718115
69 91 -0.8242685223565289
69 94 -0.43724083766408994
70 73 0.1701296144211344
70 81 0.40055529200916573
70 82 -0.08632537462602374
70 84 -0.5456310405379057
70 86 -0.09713047136641761
70 93 -0.8993705926739302
70 94 0.22279859342272013
71 74 0.20182638830718536
71 75 -0.4367044237334867
71 76 -0.8928434388583344
71 80 -0.1986218155285231
71 81 0.5621158503802837
71 89 0.8227172792287416
71 91 0.23520562690023072
71 94 -0.3862618201559802
72 80 0.7327904661803231
72 90 0.7403115032560295
72 91 0.39329557851497254
72 93 -0.7322251508492683
72 94 -0.530617030910445
73 76 0.32276838045908574
73 78 -0.04104081496193035
73 81 -0.3720042613639398
73 87 -0.9032782230201808
73 88 0.39866725115832424
73 89 -0.11555048267791856
73 93 0.5718556558425647
74 75 -0.8336796263170461
74 78 -0.9516403673084148
74 79 0.8739971493106642
74 80 0.9928950566226413
74 82 -0.7883735383724328
74 88 -0.9696244178666387
74 89 0.16463422566131602
74 90 -0.016562153382764233
75 77 -0.10277678024342918
75 81 0.9465646379858352
75 83 0.22549524609571336
75 89 -0.7596853928597138
75 90 -0.768042090603446
76 77 0.5962115857857144
76 85 0.7211412932437691
76 89 0.010344487533162194
76 94 0.736749643235294
77 81 -0.5684296317185573
77 87 0.49684963431976903
77 88 -0.4555452100747097
77 89 0.5698890403070604
77 93 -0.08482642168827037
78 80 -0.9190548928450994
78 86 -0.690101200035961
78 87 0.9104203069862473
78 92 0.9279055278502903
78 94 -0.6796773818798909
79 81 -0.36344986611750896
79 82 0.43862105499814863
79 85 0.7067144152949045
79 86 -0.4756707581391273
79 88 -0.9862596227033649
79 92 -0.6921615376650889
79 93 -0.5778847614936544
80 81 0.05309354658595833
80 82 0.7578794007966645
80 85 -0.18050917915936804
80 89 -0.9693371644333706
80 90 0.6977653954142613
80 91 0.399707922129098
81 85 0.2212355516704736
81 89 -0.3863335821978875
81 90 0.420198954267051
81 91 -0.875545803493869
81 94 -0.023557523755456167
83 87 0.26538565747804577
83 93 0.1944165940561533
84 85 0.466557567383473
84 86 0.4334109477818624
84 89 0.6593344185204888
85 86 0.10958382029353331
85 91 0.2608173067770143
85 92 -0.16782977832392154
85 94 -0.7822499147606246
86 90 0.467747064506429
86 91 0.5577005556311263
86 94 -0.945886690324369
87 91 0.14367001578712735
87 93 -0.6317582677440647
87 94 -0.8656221858830138
88 90 0.5504788536946561
88 94 -0.042755511990427264
90 91 0.613866067644024
90 93 0.0381876114788422
